0 0.03945916875 0.3993819578125 0.057052214062499995 0.392576696875 0.062441817187500005 0.401530103125 0.1174734046875 0.3697065890625 0.071991159375 0.29046480625000004 0.0162159703125 0.31932276875 0.0014873453125 0.459627653125 0.05590405625 0.433661421875 0.03945916875 0.3993819578125
0 0.029712959374999997 0.1907504484375 0.0434996453125 0.22020456249999998 0.0856125203125 0.20090424062499998 0.0892955125 0.195967453125 0.06372155 0.1481602359375 0.032500159375 0.164199575 0.029712959374999997 0.1907504484375
0 0.12443774218749999 0.253118646875 0.1008527765625 0.266757296875 0.13907568125 0.3347584984375 0.2098305765625 0.2938425515625 0.178427815625 0.241265703125 0.13587574375 0.2647497984375 0.12443774218749999 0.253118646875
0 0.22973285156249998 0.6368573750000001 0.17738660625 0.6129529578125 0.1514990203125 0.6686246312499999 0.1517750953125 0.676043878125 0.19224414375 0.692500921875 0.199829725 0.68053545625 0.21473112031250002 0.68932170625 0.2115438 0.6995858562499999 0.216437734375 0.7032119 0.25481745 0.7194736578125001 0.25943530937500003 0.71568045625 0.2717517015625 0.7189440578124999 0.31804955156250003 0.7401707328125 0.335912359375 0.7006482984375 0.30962943906249996 0.68974203125 0.3405176015625 0.616582246875 0.3051620828125 0.6016593625 0.3060404734375 0.593291815625 0.261612359375 0.5743523125000001 0.23506598125 0.636299646875 0.22973285156249998 0.6368573750000001
0 0.21997592500000002 0.1268540375 0.213544809375 0.1378712015625 0.22509576562500003 0.16852462031249998 0.24643458593749998 0.20643012968750002 0.23719886875 0.214016534375 0.28785111875 0.3043036078125 0.33018359375 0.28291140000000004 0.331777253125 0.27777932656250004 0.29613935156250004 0.2153007703125 0.3680487125 0.1734365234375 0.3084869859375 0.0675298109375 0.271487640625 0.088364290625 0.2710484453125 0.0925480640625 0.287217259375 0.1194082828125 0.2874933328125 0.1268275296875 0.2560467140625 0.14501239531250001 0.2433977703125 0.124818409375 0.237349371875 0.12214066406249999 0.21997592500000002 0.1268540375
0 0.4601862875 0.0996643734375 0.436601321875 0.113303021875 0.40987289687499995 0.0664441046875 0.40569423281250006 0.06605353281250001 0.361987696875 0.0904859296875 0.43749863906249997 0.225344746875 0.54013935 0.1620601609375 0.5169307937500001 0.12186747812500001 0.517809184375 0.1134999296875 0.476066409375 0.0388324953125 0.43906706250000005 0.059666975 0.4601862875 0.0996643734375
0 0.3379199796875 0.5307867500000001 0.32522086875 0.5412180546875 0.3409504875 0.5722620468749999 0.3280882546875 0.5942963734375 0.39027884375 0.6349640187500001 0.420571 0.61772745625 0.3793302046875 0.5885238046875 0.41402062187500005 0.5695859265625 0.42336929218749997 0.5810217890625 0.46036863749999996 0.5601873109375 0.42258492812500004 0.48800233437499996 0.41840626406250003 0.4876117609375 0.3379199796875 0.5307867500000001
0 0.450618625 0.7937537640625 0.45133389375000005 0.7969892375 0.5105002828125 0.8363180109374999 0.522484125 0.8226512312500001 0.540190121875 0.8348682421875001 0.5960937890625 0.7545407546875 0.5627711265625 0.7303020234375001 0.5751941625 0.7124514703125 0.5726091609374999 0.7069288234375 0.5381320328125 0.6836383921875 0.558360246875 0.6517304890625 0.5120059234375 0.6209926796875 0.47358234687499995 0.6754926375 0.48941860937500004 0.6854224734375001 0.43488900468749997 0.762709771875 0.460513134375 0.7798917015625 0.450618625 0.7937537640625
0 0.576900171875 0.0229082953125 0.5264864453125 0.05093860625 0.5370460578125 0.07093730468750001 0.5324281984375 0.0747305078125 0.534078334375 0.07910956875 0.5652614984375 0.13377830468750002 0.6099029015624999 0.11048949374999999 0.6156752234375 0.1057479921875 0.6086354828125 0.092415525 0.6534964828125001 0.06703482968749999 0.6241830546875 0.014653265625 0.5839399125 0.0362407609375 0.576900171875 0.0229082953125
0 0.5897314640625 0.5036252171875 0.5778542671875 0.4961778375 0.5743908734375001 0.49902274062499996 0.5495447984374999 0.5347238453125 0.64879751875 0.6042045703125 0.65572430625 0.598514765625 0.6792591031249999 0.6155014078125001 0.7204308046875 0.5549210734375001 0.645867346875 0.5014786921875001 0.688413109375 0.43785817031249996 0.628311853125 0.3973858140625 0.6096772968749999 0.4241616421875 0.6092381015624999 0.4283454171875 0.6150669015625 0.43311504687499996 0.5904404249999999 0.4667242640625 0.593025428125 0.4722469125 0.60583749375 0.480837875 0.5897314640625 0.5036252171875
0 0.6670694078125 0.0070435078125 0.6963811062499999 0.060481115625000005 0.7031447734375 0.066394334375 0.7357458578125 0.047261167187499994 0.723096915625 0.027067184374999997 0.74657208125 0.0144744765625 0.6670694078125 0.0070435078125
0 0.7449383218750001 0.8138698484375 0.7409792562499999 0.8113873875 0.736361396875 0.815180590625 0.66300888125 0.7703010421875 0.6503662453125 0.79024348125 0.6126453234375 0.767706065625 0.5864251859375 0.80644735625 0.6218371796875 0.830881375 0.6011697703125 0.8669730515625 0.6270134953125 0.8820630921875001 0.6192083187499999 0.8961204437499999 0.6220129203125 0.8995512046874999 0.6518157125 0.9171237015625 0.6617102218750001 0.9032616375 0.6875539484375001 0.9183516781250001 0.7050340390625001 0.8925241500000001 0.74066563125 0.9148662796875 0.7457226859375 0.9068893046875001 0.7496817499999999 0.9093717640625 0.791292646875 0.8446076578125 0.7900817046874999 0.8360448234375 0.7976672859375 0.8240793609375 0.7592310921875 0.7983064703125 0.753897965625 0.798864196875 0.7449383218750001 0.8138698484375
0 0.8785924625 0.4250039109375 0.9060235406249999 0.3948254515625 0.8103973359375001 0.3108968078125 0.791267109375 0.332345275 0.783348978125 0.32738035625 0.7777962515625 0.33002997343749996 0.74415365625 0.36913370625 0.7595507234375 0.3832473171875 0.7570221953125 0.3872358046875 0.7616965312499999 0.3929537359375 0.8158058671875 0.440259484375 0.8324075687500001 0.4227995046875 0.8440651671875001 0.43233876875000005 0.8631953953125 0.41089030156249995 0.8785924625 0.4250039109375
0 0.9193441968749999 0.8407333109374999 0.8319374343750001 0.9297345281249999 0.8198406390624999 0.9243790375 0.8214342984374999 0.9192469624999999 0.818629696875 0.9158162031250001 0.7886073078125 0.900335590625 0.7777779312499999 0.91305406875 0.7493053421875 0.9632030968749999 0.7842216640624999 0.9823097546874999 0.7820655000000001 0.99089984375 0.9059538999999999 0.989458271875 0.9563883421874999 0.9300125109374999 0.962158746875 0.8750436328125 0.9193441968749999 0.8407333109374999
0 0.9579681421874999 0.3120155078125 0.9635773437499999 0.3188770265625 0.9677560078124999 0.3192675984375 0.997935209375 0.283008765625 0.9554834734375 0.2452422828125 0.9794511578125 0.21790872499999997 0.9416737562499999 0.1858601734375 0.9179256703125 0.21110184062499998 0.9102271375000001 0.20404503749999997 0.9021458843750001 0.210683140625 0.8445356046875 0.2771204328125 0.9305935421875 0.3517051 0.9508782328125 0.32930833125 0.94526903125 0.3224468125 0.9526350140625001 0.3125732359375 0.9579681421874999 0.3120155078125
0 0.9125865375 0.52323983125 0.93374961875 0.4924755140625 0.88321663125 0.46134713281249995 0.8643624781250001 0.4902148484375 0.9125865375 0.52323983125
0 0.965855334375 0.8197316734375001 0.9679446671875 0.8199269578124999 0.9789340953125001 0.7152416609375 0.956607 0.7470452296875 0.9016192734375 0.7081070281249999 0.8756187359375 0.7447564328125 0.8763340046874999 0.7479919078124999 0.931541328125 0.7848382203125001 0.9343459281250001 0.78826898125 0.930443340625 0.7952976546875 0.965855334375 0.8197316734375001
0 1 0.1392793671875 0.999396990625 0.1384451484375 0.960088715625 0.1611762296875 0.98659754375 0.210127034375 0.9912718796875 0.21584496562500002 0.997759471875 0.2143389375 1 0.21707968906250003 1 0.1392793671875
0 1 0.4784621203125 0.9855938859375 0.47091614843749996 0.9711379921875001 0.49808255 0.9981361828124999 0.5122242890625001 1 0.5087216921875 1 0.4784621203125