0 0.96532971875 0.46471547968750004 0.9999761218750001 0.4806337125 0.99441248125 0.374505503125 0.9273235421875 0.3443976171875 0.8087316953125001 0.6016457859375001 0.88556621875 0.6362551484375001 0.96532971875 0.46471547968750004
0 1 0.62278243125 0.9499941249999999 0.6156029937499999 0.9377814609374999 0.68497358125 1 0.6946038406249999 1 0.62278243125
0 0.8783535125 0.6599137125000001 0.8311068734375 0.7059729734375 0.894849903125 0.7730335921875 0.9420965421874999 0.7269743296875 0.8783535125 0.6599137125000001
0 0.693288771875 0 0.68488636875 0.053242987500000005 0.68200218125 0.05869242031250001 0.6755713265625001 0.0569542609375 0.6727975546875 0.064509865625 0.6469278921875 0.216010734375 0.6457043859375 0.23298277343749998 0.655240253125 0.233483840625 0.6564592796875 0.23658176250000001 0.646578734375 0.2899720609375 0.7189832828125 0.3005444609375 0.7709434328125 0.0017550656250000002 0.770851425 0 0.693288771875 0
0 0.6783822765624999 0.876479346875 0.6191572375 0.9359116578125001 0.6392226921875 0.9558693328125001 0.6292406921875 0.9670135406249999 0.6507924375 0.9889972765625 0.7879593375 0.98101065 0.684592303125 0.8740051640625 0.6783822765624999 0.876479346875
0 0.575993728125 0 0.5309517031250001 0.1805115203125 0.6049065171875 0.2005003546875 0.6165491984375 0.20087875312499998 0.6664356734375 0 0.575993728125 0
0 0.6028742828125 0.3632888734375 0.64921521875 0.40073004375 0.695799378125 0.34203375468749997 0.68571144375 0.33100183125 0.5381509703125 0.21706283593750003 0.49145639843750005 0.273652953125 0.491677225 0.277865296875 0.5423422015625 0.31716729374999997 0.5364634140625 0.3259599890625 0.555199428125 0.34071357343750003 0.5947782703125 0.37009806875 0.6028742828125 0.3632888734375
0 0.4594736859375 0.48994405625 0.46557329843749995 0.48536370156249997 0.4720041515625 0.4871018625 0.47044940625000004 0.4977553859375 0.5072589546875 0.5146255265625 0.5461753140625001 0.531372996875 0.5543817421874999 0.5266699734375 0.5641384359375 0.5313833828125001 0.5621420359375 0.5336122234375 0.5654678750000001 0.5365874765624999 0.578439996875 0.5421699656250001 0.5826536234375 0.5419246249999999 0.5845396093749999 0.5375896124999999 0.6061598109374999 0.5468937625 0.6544180875000001 0.43951019999999996 0.6078518453124999 0.4179266515625 0.6071893640625 0.40528962343749997 0.5271394171875 0.36981118125 0.5211502171875 0.37649770781249997 0.5169365906250001 0.3767430484375 0.47147896093749997 0.356151246875 0.42122428437500004 0.4657636515625 0.4460599125 0.47593688125 0.44539295156250003 0.48336981406249996 0.4594736859375 0.48994405625
0 0.40588577968750006 0.1328659625 0.40932651093750005 0.1178774234375 0.40067843124999997 0.11415576406250001 0.4189862296875 0.060274784375 0.415660390625 0.057299534375 0.3459192 0.037065359375 0.288217553125 0.22633386249999998 0.36117416874999997 0.24743711875000002 0.375378753125 0.19590765000000002 0.378373353125 0.1925643875 0.3859128203125 0.195294296875 0.40588577968750006 0.1328659625
0 0.18997469843749998 0.22677261249999997 0.1776650578125 0.2338271484375 0.1562656859375 0.22873534218749997 0.1347335 0.32188716093749997 0.291958171875 0.35815355625 0.29672834375 0.348369109375 0.31559716875 0.2648790640625 0.2867687421875 0.25916351875 0.28732528749999997 0.2496244140625 0.2733549671875 0.24515634375 0.18997469843749998 0.22677261249999997
0 0.15150895 0.17830990625 0.266933071875 0.203278265625 0.28846525624999997 0.11012644687499999 0.2872462296875 0.1070285234375 0.279817175 0.1064047875 0.27959634843750003 0.1021924453125 0.29169412031249997 0.0507856453125 0.2584312390625 0.0411030984375 0.1901299046875 0.0281791859375 0.1790303328125 0.07847156250000001 0.17614614687500002 0.083920996875 0.16871709375 0.0832972578125 0.148183109375 0.17533465625 0.15150895 0.17830990625
0 0.18751267968750002 0.8247817328125 0.155468825 0.8181971062500001 0.1528099453125 0.8077889218750001 0.0674332765625 0.79163403125 0.06222145 0.7929937921875 0.061444076562500005 0.79832055625 0.040044703125 0.7932287484375 0.02022178125 0.8988298875 0.0204637609375 0.9034457281250001 0.039686587499999995 0.90732999375 0.0402386546875 0.9178608484374999 0.12350850937499999 0.9341384093749999 0.12982894843749998 0.9337703968750001 0.133711334375 0.92720654375 0.1636483765625 0.9339138421875001 0.1684140703125 0.9441993546875 0.2537907390625 0.9603542453125 0.2662107921875 0.9554058796874999 0.27907249843750004 0.9588821984375 0.3018281890625 0.848758340625 0.28142701406250004 0.8425521140625 0.2766613203125 0.8322665984375 0.191284653125 0.8161117078125001 0.1881796390625 0.8173488000000001 0.18751267968750002 0.8247817328125
0 0 0.1014418546875 0.12768048125 0.1268823375 0.1306750796875 0.12353907500000001 0.1492126640625 0.03373051875 0.1289219046875 0.029630459375 0.12445214062500001 0.018271415625000002 0 0.0255177171875 0 0.1014418546875
0 0 0.2698279484375 0.0775227796875 0.2988107921875 0.112027084375 0.21124146093750001 0.0894086828125 0.20305173281250002 0.08453257656249999 0.1906600453125 0 0.15893929843750002 0 0.2698279484375