0 0 0.3552885359375 0.0429510125 0.31957001093750004 0 0.268141671875 0 0.3552885359375
0 0 0.5650376234375 0.001426921875 0.5725964359375 0.006610134375 0.5715599390625 0.014331614062500001 0.5839693515625 0.033502457812500004 0.5715489546875 0.04050331875 0.5744423609375 0.0800769015625 0.5504285703125 0.062170160937499996 0.52395574375 0.07187635625 0.5069879390625001 0.0679713328125 0.48630192499999997 0.095946596875 0.46353412968749996 0.07272177656249999 0.43168469531250003 0.0644286328125 0.4333430921875 0.0387400265625 0.39983965625 0.03011676875 0.39405064843750004 0 0.419594728125 0 0.5650376234375
0 0.18197383281249999 0.9819304859375 0.20697403125 0.9661976921875001 0.21878169375 0.9831567078125 0.257964775 0.957074315625 0.2429123203125 0.9343240937499999 0.2458873859375 0.927289090625 0.230444428125 0.902470265625 0.2233831828125 0.9049556640624999 0.21644270781250002 0.8966834562500001 0.1623923609375 0.8098175718749999 0.078647734375 0.861984553125 0.090845896875 0.8810121734375 0.08372426250000001 0.8888763734375 0.13011351875 0.9579540390625001 0.1551137171875 0.9422212453125001 0.18197383281249999 0.9819304859375
0 0.297872503125 0.8664462859375 0.34405644375 0.8432573 0.2984804015625 0.7385966093749999 0.29478471875 0.7361156078125 0.2494421703125 0.7580629937500001 0.2441240921875 0.7526863875 0.22831881250000002 0.7601403828125 0.22164806874999998 0.76469438125 0.2236609671875 0.7696585859375 0.201184940625 0.7816665781250001 0.24072228906249998 0.8714346546874999 0.2843820578125 0.85197046875 0.29249403749999997 0.8664484828125 0.297872503125 0.8664462859375
0 0.268061475 0.9421751140625 0.28584744375 0.9794055453125001 0.29278791718749997 0.987677753125 0.33689857343749996 0.9649033671874999 0.3117816296875 0.9173321234375 0.268061475 0.9421751140625
0 0.41277679999999994 0.8026815171875 0.4522296078125 0.78942533125 0.41735010937499994 0.6901390515625 0.3853490484375 0.702978440625 0.3796404671875 0.6955332328125 0.3634446859375 0.7009186265625 0.361250628125 0.7120908328125 0.33468841875 0.719549221875 0.330090959375 0.7236886203124999 0.3620557828125 0.8246311000000001 0.3709487671875 0.8432463140625 0.4157800421875 0.829987934375 0.418304215625 0.8262631328125 0.41277679999999994 0.8026815171875
0 0.4224467578125 0.899495578125 0.385067234375 0.9123371656250001 0.398646246875 0.9557755968749999 0.4364162734375 0.9450026140625001 0.4269234453125 0.9061137859375 0.4224467578125 0.899495578125
0 0.2505613640625 0.06875138593749999 0.23935354687500002 0.0720659828125 0.2501386546875 0.1064030078125 0.261736975 0.10515701562499999 0.3722531515625 0.0637366546875 0.3626999375 0.030226631250000004 0.35900425625 0.027745625000000003 0.3369791203125 0.0364434171875 0.333283440625 0.0339624140625 0.3290975046875 0.0219193375 0.25245176406250003 0.037246340625 0.2565718796875 0.049302578125 0.24659595625000003 0.053444175000000003 0.2505613640625 0.06875138593749999
0 0.3387102078125 0.2507663453125 0.397273475 0.23046856718750003 0.37810665625 0.168827321875 0.40803443125000005 0.15640253125 0.397249321875 0.122065503125 0.371919009375 0.13035089375 0.36750271093750003 0.11835388437500001 0.32681800625 0.13078306875 0.318073975 0.13575166562500002 0.32170926875 0.143611471875 0.3191850953125 0.1473362734375 0.2705977515625 0.1634924546875 0.2978161625 0.24499051718749998 0.33143961875 0.23504673125000003 0.3351353 0.2375277359375 0.3387102078125 0.2507663453125
0 0.32879064062499996 0.32359078281250003 0.3531547609375 0.40136624374999996 0.35976511875 0.4021910484375 0.368597715625 0.426185065625 0.3980746 0.41707047812500003 0.40934280625 0.40837707968750003 0.42262390937500005 0.4046478859375 0.3906590859375 0.3037054078125 0.37906076718750004 0.3049514015625 0.32879064062499996 0.32359078281250003
0 0.5652699609375 0.7442801718750001 0.5621459421874999 0.727731359375 0.5895495421875 0.719031371875 0.5659664249999999 0.6453931140625 0.5011833015625 0.6669346890625001 0.4842991125 0.6230838515625 0.4427730171875 0.636754634375 0.479544640625 0.7517627250000001 0.49237485468750003 0.751343734375 0.5006961765625 0.7840267562500001 0.504391859375 0.786507759375 0.5388567046875 0.775322375 0.5341102921875 0.755877959375 0.5366344671875 0.7521531593749999 0.5652699609375 0.7442801718750001
0 0.572021215625 0.916812078125 0.51805540625 0.93297045625 0.5347584375000001 0.9929577015625 0.58373628125 0.9788701218750001 0.5874319640625 0.9813511234375 0.5888738984375 0.9875028515625001 0.66324174375 0.972631365625 0.661679734375 0.9643569578125 0.6564220453125 0.9536015484375 0.617810628125 0.9656161328125 0.5875527375 0.97059351875 0.572021215625 0.916812078125
0 0.4402166515625 0.12742673437500002 0.45671034062500004 0.1692089671875 0.4795768671875 0.159269575 0.4651564640625 0.1170727421875 0.47305910312500005 0.1133457421875 0.45416201406249995 0.0645307046875 0.391391790625 0.0910364828125 0.40866648281250006 0.13695591875 0.4402166515625 0.12742673437500002
0 0.6947436125 0.74629605 0.6855808999999999 0.714854625 0.723801815625 0.7007714390625 0.6929481125 0.6114135671875001 0.6347753453125 0.633779946875 0.6290063796875 0.63171354375 0.6262124765625 0.622612134375 0.591747628125 0.6337975218749999 0.5871501703125 0.637936921875 0.5987162828125 0.6764111515625 0.6024119640625 0.6788921546875 0.6061680328125 0.67599435625 0.6106447171875 0.6826125609375 0.63825363125 0.7661792265625 0.6947436125 0.74629605
0 0.5986478578125001 0.27714031562499997 0.5427295390625 0.2829556859375 0.548405909375 0.3301211171875 0.601860440625 0.3226517453125 0.5986478578125001 0.27714031562499997
0 0.7288220046875 0.1062074890625 0.6890390796875 0.11201627031250001 0.6885278015625 0.12070527499999999 0.617645596875 0.132733040625 0.62326158125 0.185277275 0.5498552 0.2010298421875 0.5592272546875 0.250676275 0.6433905640625001 0.2349193171875 0.6357012937500001 0.18278968125 0.7380732828125 0.16661153125 0.737473440625 0.14633791875 0.7288220046875 0.1062074890625
0 0.7379726125 0.9126067734375001 0.7342769312499999 0.9101257703125001 0.69145855625 0.9283483562500001 0.7048248078125 0.9643159171875 0.753679884375 0.95454626875 0.7379726125 0.9126067734375001
0 0.5224293765625 0 0.5185868453125 0.00120030625 0.5300925703125 0.045053339062499996 0.5778385218750001 0.03013875625 0.5699310125 0 0.5224293765625 0
0 0.6235514328125 0.38056819218750004 0.6828353171875 0.3697864203125 0.67241253125 0.3031765734375 0.661808584375 0.2527031375 0.6323920875 0.256438921875 0.6330523171875 0.27133373125000004 0.6073315 0.2775505203125 0.6235514328125 0.38056819218750004
0 0.859907675 0.9333036859374999 0.8581909578125 0.9282802546875001 0.8461417484375 0.9328364499999999 0.84289695625 0.92704524375 0.814651965625 0.9369868328125 0.802965078125 0.909270209375 0.749780275 0.9295657890625 0.7583946328125 0.9536034515624999 0.859907675 0.9333036859374999
0 0.6400546890625 0 0.6310837109375 0.0044643734375 0.6516313734375 0.0905164359375 0.6572795671875 0.1033404453125 0.6921349171875 0.0942236640625 0.6870583890625 0.06733184375 0.7202309546875 0.0606982578125 0.731048271875 0.05531506093750001 0.7171814375000001 0 0.6400546890625 0
0 0.7579405765625 0.6080770046875 0.780412571875 0.6701306546875 0.7712780390625 0.6730306515625 0.7716081531250001 0.68047805625 0.8133073546875 0.7987941515625 0.9059449671875001 0.765242384375 0.890683171875 0.7242871515625 0.8586821125 0.737126540625 0.847083790625 0.7383725359375 0.8130456828125 0.6378446546875 0.8471200265625001 0.6245906671875 0.8290643296875 0.5745340265625 0.7933675890624999 0.5848924109375 0.7905133 0.581169809375 0.7842934421875001 0.5824136046875 0.7581217375 0.59194059375 0.7555975625 0.5956653968750001 0.7579405765625 0.6080770046875
0 0.8819632921875 0.8376588140625 0.9350877093750001 0.8227420359375 0.9376118828125 0.8190172359375 0.9292905609375 0.7863342125 0.9248138750000001 0.779716003125 0.869165284375 0.7983575828125 0.87748660625 0.83104060625 0.8819632921875 0.8376588140625
0 0.9773907796874999 0.8872701 0.9129981562499999 0.9108802765625 0.910473984375 0.9146050750000001 0.9127899125000001 0.92272871875 0.9841033921875001 0.9084680203125 0.9773907796874999 0.8872701