0 0.5060529046875 0.9573403953125 0.486488075 0.9972035421875001 0.51891079375 0.9970149125000001 0.5755439078125 0.993716409375 0.5060529046875 0.9573403953125
0 0.37448881875 0.983735928125 0.3811953515625 0.9803875078125 0.41552778906250004 0.9976163765624999 0.4388213625 0.997480859375 0.466758459375 0.9428681125 0.26463891875 0.84125751875 0.24947987500000002 0.868760721875 0.2535247484375 0.8704970078125 0.25178846250000003 0.8745418828125 0.2215848328125 0.9315134953124999 0.316000146875 0.978269075 0.32849753125 0.955850578125 0.3600456078125 0.9727459093749999 0.35530428281250004 0.9759798703125 0.3370451203125 0.967183978125 0.321368609375 0.9981641796874999 0.4023626 0.9976929703125 0.37448881875 0.983735928125
0 0.173923265625 0.9934456687500001 0.21292278437499998 0.9182148921875 0.2117684921875 0.9153243109375 0.191544121875 0.906642878125 0.151619228125 0.9829134906249999 0.17103268437500002 0.9945999609375 0.173923265625 0.9934456687500001
0 0.0493237046875 0.970138728125 0.079717490625 0.9841434796874999 0.12300049531249999 0.8978179140625 0.12450786093749999 0.8898426265625 0.0929597828125 0.8729472968750001 0.08404943125 0.8892412515625001 0.0780393515625 0.8876194234374999 0.0434862328125 0.86991318125 0.0475407953125 0.8548879796875 0.022136995312499998 0.8419185125 0.02806101875 0.9436300624999999 0.0514130640625 0.9552279875 0.0462042046875 0.9673626093750001 0.0493237046875 0.970138728125
0 1 0.601473490625 0.9565740109374999 0.685602296875 1 0.708600884375 1 0.601473490625
0 0.141500103125 0.69067966875 0.2064470046875 0.7223906640625 0.2320237671875 0.6706182171874999 0.166962403125 0.6369420156250001 0.1776090421875 0.6166031859375 0.1764547484375 0.61371260625 0.1176323890625 0.58558864375 0.06370274375 0.692253040625 0.10334056875 0.71262094375 0.1123653828125 0.69829219375 0.1327042109375 0.70893883125 0.141500103125 0.69067966875
0 0.815699878125 0.6198620296875 0.8750945390625 0.6578120265625 0.9192932265625 0.5872081140625001 0.8219970249999999 0.5248453421875 0.7705098109375 0.605733128125 0.8084113500000001 0.63014590625 0.815699878125 0.6198620296875
0 0.018188681249999998 0.6387055421875 0.0236264609375 0.630501334375 0.0327560421875 0.6348992796874999 0.030208840625 0.6419491921875 0.0585229578125 0.6541031984375001 0.10192042500000001 0.5697428390625 0.079501928125 0.557245453125 0.0829745015625 0.54915570625 0.0797405390625 0.5444143796875001 0.0029439109375 0.5060151984375 0.0029850874999999997 0.513092959375 0.0100989328125 0.63523296875 0.018188681249999998 0.6387055421875
0 0.661222521875 0.4898422421875 0.678670771875 0.5016431734375 0.693018903125 0.47714500937500004 0.71254681875 0.49079668749999994 0.707109040625 0.499000896875 0.7317216640625 0.5153142328125 0.7310252109375 0.52028448125 0.7780563328125 0.5490952046875 0.8258420515625 0.4723667515625 0.7389441859375 0.4192577125 0.71186975 0.462243959375 0.6855208390625 0.4499754953125 0.661222521875 0.4898422421875
0 0.9084195015625 0.40051346875 0.8960559609375001 0.391374196875 0.9270608109375 0.3481590296875 0.8685915203125001 0.30916920000000003 0.8458005703125 0.34106065937499996 0.8520395703125001 0.3466129 0.8466017921875 0.35481710781250003 0.8346864 0.37030015 0.830527065625 0.3665986578125 0.8277509453125 0.36971815625 0.8041490828125 0.40461465468749996 0.8585734984375 0.44186819843749997 0.8822898203125 0.40893690781250003 0.8946533625 0.4180761796875 0.9012454359375001 0.41276254999999995 0.9084195015625 0.40051346875
0 0.4369230953125 0.3629031875 0.4303310234375 0.36821681562499997 0.39970831875 0.3502816515625 0.37205188906250003 0.40020335156250003 0.3773655171875 0.40679542343749997 0.4588352953125 0.45134718281249997 0.463576621875 0.4481132234375 0.48857139375 0.4032762296875 0.49030767812500003 0.39923135625 0.4862628046875 0.39749506874999996 0.486033884375 0.3935646546875 0.544933775 0.2875967140625 0.4948976140625 0.257975078125 0.4369230953125 0.3629031875
0 0.9939826109375 0.36299407499999997 0.99583335625 0.3609144078125 0.9896525031250001 0.2547932421875 0.9748465312500001 0.27143057812500004 0.939835571875 0.24586350625 0.9023531078125 0.296357509375 0.9939826109375 0.36299407499999997
0 0.3003984546875 0.37184077968749996 0.33847260156250003 0.2976498359375 0.341716253125 0.2856296734375 0.23112144375 0.23192895 0.1898036453125 0.3181400546875 0.3003984546875 0.37184077968749996
0 0.1368109 0.20390006718749998 0.07995374375 0.17566164687500002 0.050675490625 0.2315934265625 0.05402391250000001 0.238299959375 0.1657730140625 0.294891265625 0.2198171171875 0.19019207656249998 0.223289690625 0.182102328125 0.2210955625 0.178286375 0.226533340625 0.1700821671875 0.22329938125 0.1653408390625 0.198915678125 0.15295791718750001 0.191627153125 0.163241790625 0.16516378125 0.1490081203125 0.1368109 0.20390006718749998
0 0.7373435765624999 0.1886417546875 0.76326371875 0.14276492968750001 0.7317156406249999 0.1258696 0.7265164734375 0.12124273125 0.730217965625 0.1170833984375 0.7270984656249999 0.114307278125 0.666081975 0.0823673625 0.634838515625 0.138413603125 0.6889195499999999 0.16977152812500002 0.697009296875 0.17324409999999998 0.700710790625 0.1690847671875 0.7373435765624999 0.1886417546875
0 0.583370684375 0.185778415625 0.6035096671875 0.14221017656249998 0.56999638125 0.12542930624999998 0.5704639140625 0.1165286453125 0.575205240625 0.11329468437500001 0.6096439 0.129035721875 0.633484375 0.081308146875 0.595926215625 0.062790990625 0.5879412375 0.0780451140625 0.5831999109375 0.081279075 0.5486467921875 0.0635728296875 0.54609959375 0.07062274375000001 0.5413582671875 0.07385670625 0.5129296890624999 0.0597374953125 0.47704967031249995 0.1377443921875 0.5084832875 0.152674515625 0.516000734375 0.1463210546875 0.5626884734375001 0.16923615625 0.561992021875 0.174206403125 0.565111521875 0.1769825234375 0.583370684375 0.185778415625
0 0.0010933703125 0.18793440625 0.040401306250000005 0.20754341406250001 0.067943275 0.15565650625 0.003921746875 0.12290567968749999 0.000687784375 0.1181643515625 0.011448884375 0.0997907296875 0.000546078125 0.09386294375000001 0.0010933703125 0.18793440625
0 0.44421262187500005 0 0.4264799734375 0.031250770312499995 0.385687853125 0.0079922859375 0.3817574390625 0.00822120625 0.361275078125 0.045893826562500004 0.3857732390625 0.060241957812500004 0.371768490625 0.0906357421875 0.4441086875 0.13078955625 0.47882472031249995 0.066653565625 0.4684263859375 0.057399834375 0.48994858125 0.0206525875 0.4785104140625 0.01047348125 0.4590380203125 0 0.44421262187500005 0