0 0.129813325 0.1589132515625 0.0761888609375 0.117934596875 0.0295727390625 0.1823373734375 0.025485384374999996 0.2191862671875 0.03216513125 0.22451875000000002 0.02367618125 0.235496834375 0.0097123515625 0.361385496875 0.0212304578125 0.3699218796875 0.16198733125 0.1778877015625 0.13620186875 0.1575063578125 0.133692484375 0.161399984375 0.129813325 0.1589132515625
0 0.0914753359375 0.11122718281249999 0.09466960937499999 0.1105237359375 0.1072165375 0.0910556015625 0.044920946875 0.043968096875 0.04160683125 0.0738459625 0.0914753359375 0.11122718281249999
0 0.2010930703125 0.9210022656250001 0.164992009375 0.9681353749999999 0.28046160000000003 0.98027914375 0.2010930703125 0.9210022656250001
0 0.3479496921875 0 0.323513134375 0.0327312640625 0.3367483078125 0.044517028125000004 0.3221478390625 0.0637691921875 0.3394900953125 0.0759868890625 0.29523284375 0.13785298125 0.3442932609375 0.173154725 0.390604053125 0.1115046 0.40977192812499996 0.1259930625 0.41296619999999995 0.12528961562500002 0.45243260156250004 0.06915598125 0.358187825 0 0.3479496921875 0
0 0.31652480625 0.7418954375 0.2845854421875 0.7769936203125 0.29394145625 0.7862926484375 0.24420735 0.8413464453125 0.30947041249999996 0.899139871875 0.3911438828125 0.8089878921875 0.31652480625 0.7418954375
0 0.39696067031250004 0 0.471597115625 0.055580728125 0.48847905 0.0344897328125 0.49623736718749994 0.0394632 0.501713103125 0.036920923437499996 0.5284785609375 0.00023922343749999998 0.52620389375 0 0.39696067031250004 0
0 0.4753256203125 0.7055877140625 0.49266339531250003 0.6803871234375001 0.45569629999999994 0.6484359875 0.44041094531249997 0.6644979734375001 0.46323005781250004 0.683527965625 0.4456632375 0.70142878125 0.43813284062499996 0.69440051875 0.41691590625 0.7171143734375 0.411896015625 0.7155470546875 0.3737971484375 0.75935190625 0.4447649875 0.8219028328125001 0.515031140625 0.740945 0.4753256203125 0.7055877140625
0 0.4888111125 0.902410115625 0.49314723593750004 0.9101418265625 0.5045567921874999 0.9196568218750001 0.5161920296875 0.908407878125 0.5554417078125 0.9478747593750001 0.6060886234375 0.89395634375 0.57710776875 0.8649238765625 0.5702633796875001 0.8704403640624999 0.562732984375 0.8634121015625 0.548812921875 0.8484361578125 0.5533758484375 0.8447585 0.5506374203125 0.8413523515625 0.5186902171875001 0.8109685328125 0.4705526875 0.8609933203125 0.50044635 0.8911611703125001 0.4888111125 0.902410115625
0 0.685451515625 0.5624243265625 0.7249190375000001 0.5156452640625 0.6265691609374999 0.43774200468749996 0.6222330375 0.43001029375 0.6461872796875 0.4013480125 0.5994083265625 0.3642074421875 0.591651128125 0.3685885484375 0.5311957140625 0.44538124218749997 0.5337062171875 0.4508421875 0.5756932031249999 0.4843606421875 0.5795723625 0.48684737499999997 0.5820817484374999 0.4829537484375 0.5861888296875 0.48338568437499996 0.685451515625 0.5624243265625
0 0.63706925625 1 0.659033796875 0.9785176796874999 0.61339445625 0.9311031203125 0.5432268140625001 1 0.63706925625 1
0 0.7983570703125 0.24689254843750003 0.7164377578125001 0.189426175 0.64138299375 0.2948256078125 0.7114369046875 0.346886578125 0.7233023046875 0.35229197968750003 0.7983570703125 0.24689254843750003
0 0.8763871406250001 0.217681040625 0.895778459375 0.1926964203125 0.8439796125000001 0.15398852968750001 0.88321809375 0.099909690625 0.8305064390625001 0.060066418749999996 0.8229771625 0.0623927265625 0.7447281265625 0.1684956046875 0.843533846875 0.2422892703125 0.8512921656250001 0.2472627359375 0.8556271703125 0.245639875 0.8631575671875 0.2526681375 0.868633303125 0.2501258625 0.8857431578125 0.2269800703125 0.8763871406250001 0.217681040625
0 0.7769682 0.7393897921875 0.7806194375 0.7439313234375 0.7539278859375 0.7785420281250001 0.7968276796875 0.8131958671874999 0.8198691140625 0.783398203125 0.8255727734375 0.7788011296875 0.829224009375 0.7833426609374999 0.8326462046875 0.7805844171875 0.8764476125 0.72282791875 0.8239638781249999 0.6809298484374999 0.7819869703125 0.7316025390625 0.7769682 0.7393897921875
0 0.799768275 0.599392065625 0.7963460796875 0.602150309375 0.784027075 0.6195636453125 0.8255570953125 0.647837125 0.8488264531249999 0.6159846640625 0.8579534265625 0.61798391875 0.8604639296875 0.6234448625 0.8381073828125001 0.65643270625 0.8832886406249999 0.689247715625 0.9090673828125 0.653501628125 0.8946914781249999 0.64263528125 0.8921809734374999 0.6371743359375001 0.9165910609375001 0.6044024609374999 0.9097455515625 0.6005643765625 0.9072350453125001 0.59510343125 0.926854284375 0.5680640140625 0.8524653734375001 0.5176259046875 0.831477478125 0.547639534375 0.8367264109375 0.556506628125 0.8047881671875 0.6009593843750001 0.799768275 0.599392065625
0 0.8698570015625 0.036141496875 0.8572013500000001 0.053519428125000004 0.9060338453125001 0.09087596875000001 0.941166115625 0.0436409734375 0.8698570015625 0.036141496875
0 0.967906065625 0.41335565 0.9487426718749999 0.4362854734375 0.9197629375 0.416607578125 0.8654670250000001 0.4846936046875 0.9257090734375 0.5315651406249999 0.9371163921875001 0.5223709921874999 0.97134505625 0.5509159828125 0.98389310625 0.5408024218749999 0.9969515890625 0.5239772984375 0.9970674765625 0.5040579203125 0.9715651421875 0.48337918281250003 0.9973717093750001 0.45176479374999995 0.99746086875 0.43643968437499997 0.967906065625 0.41335565