0 0.42607960624999996 0.002478859375 0.3081280328125 0.0017926359374999998 0.38468662343750004 0.1390768328125 0.3914516015625 0.1454736484375 0.55856940625 0.05199150625 0.5305810015625 0.0030868296874999998 0.45375760625000006 0.002639884375 0.4519955953125 0.0039690578125 0.45357625312499994 0.008526678125000001 0.46944574687499996 0.0368054546875 0.39836269999999996 0.0750936890625 0.3812919859375 0.0477210546875 0.3818398421875 0.0434744515625 0.42491537187499995 0.020563715625 0.4311954046875 0.01390970625 0.42607960624999996 0.002478859375
0 0.123321753125 0.0889879734375 0.21750192343750002 0.03135974375 0.2671334078125 0.108920025 0.2527187578125 0.11979372656250001 0.2577346609375 0.1313432859375 0.24359393906250001 0.1400936859375 0.26966365937500003 0.181761215625 0.33796482656250004 0.139821503125 0.34211634375 0.1328564765625 0.258382771875 0.0015032265625 0.14299095312500001 0.0008318968750000001 0.066904984375 0.0472127953125 0.123321753125 0.0889879734375
0 0.9822714859375001 0.188537528125 0.9902579921875001 0.1518462828125 0.9810905703125 0.14726175 0.9576769171875 0.1438405546875 0.9496904125000001 0.1805318 0.9822714859375001 0.188537528125
0 0.7995378140625 0.2937995140625 0.822024171875 0.29600355 0.8304530234374999 0.24747863906249998 0.8538666765625 0.2508998359375 0.8685329546875 0.1708364234375 0.8527060656250001 0.1674421375 0.85249504375 0.1522680125 0.778270984375 0.1392590859375 0.75233106875 0.28149335937500003 0.7724149875 0.285509678125 0.7707714203125 0.298249484375 0.794185075 0.3016706828125 0.7995378140625 0.2937995140625
0 0.85793498125 0.303414153125 0.92457228125 0.31639616875 0.94317905625 0.21419360156249997 0.93160919375 0.211421353125 0.9308503171875 0.20049382968749999 0.92140896875 0.1980325984375 0.9234319718749999 0.190756553125 0.9066777890625 0.1861451078125 0.906192840625 0.17309428437500002 0.887036215625 0.170295121875 0.883432553125 0.1730135484375 0.871716571875 0.24701807343749999 0.8658159781249999 0.259135846875 0.85793498125 0.303414153125
0 0.7321193421875 0.202823565625 0.6943539453125 0.1929786421875 0.7002119359375001 0.155976378125 0.634775859375 0.1420882234375 0.6200040703125 0.214564571875 0.6410152828125 0.21979805 0.632038578125 0.272569565625 0.715430059375 0.290163021875 0.7321193421875 0.202823565625
0 0.5521026453125 0.2197861265625 0.5776448125 0.223518340625 0.5838822421875001 0.1919798421875 0.510859403125 0.1780647734375 0.4993118390625 0.24235893437499997 0.546792509375 0.2525417890625 0.5521026453125 0.2197861265625
0 0.05043070937500001 0.3682230359375 0.0565423234375 0.371279390625 0.061347206249999994 0.367654825 0.080714853125 0.3856281125 0.0900506921875 0.3805022796875 0.109144409375 0.40059886875000006 0.23780085 0.26904685 0.1984121921875 0.22975981406249998 0.19442909375 0.227014478125 0.1872217671875 0.23245132812499997 0.16785412187499998 0.21447804062500003 0.17976081875 0.19782956093749998 0.1615943953125 0.1789501296875 0.02439588125 0.3178801625 0.0217691546875 0.33824075468750003 0.05043070937500001 0.3682230359375
0 0.5783447703125 0.47023995156250004 0.5417805953125 0.4594888859375 0.535163728125 0.485563625 0.5312861359375 0.4904053515625 0.5227720812500001 0.4891612796875 0.5278082890625 0.458528921875 0.522897896875 0.454566425 0.4933726296875 0.448088871875 0.46488215781250003 0.559663875 0.46766403749999996 0.5633153546874999 0.5014463328125001 0.570414940625 0.5042282124999999 0.5740664171875001 0.50193128125 0.583465765625 0.55006531875 0.5969890796875 0.55366898125 0.5942706546875 0.562582778125 0.55879656875 0.563130634375 0.5545499656249999 0.559147534375 0.5518046296875 0.561065028125 0.5369415203125001 0.5783447703125 0.47023995156250004
0 0.1871628484375 0.46824541406250003 0.24223028281249998 0.4784551796875 0.251397703125 0.48303971093750003 0.2494802109375 0.4979028203125 0.23856371250000002 0.4984710328125 0.2347916328125 0.5108998203125 0.23205235625 0.532132834375 0.2424209984375 0.5358112234375 0.23727928125000003 0.558856521875 0.3100281921875 0.5748948890625 0.3310374109375 0.4708800390625 0.31854025468749997 0.4668906328125 0.3247776828125 0.4353521296875 0.2647998546875 0.42117986875 0.2604799203125 0.43785526093750005 0.19717235625 0.42427812343750004 0.1930208390625 0.43124314999999996 0.1871628484375 0.46824541406250003
0 0.45552402187499996 0.497723296875 0.4619095640625 0.49865634999999997 0.46568164218749997 0.48622756093749997 0.468968775 0.46074794687500004 0.46405838125 0.45678545000000004 0.4007508203125 0.44320831250000003 0.38220695 0.5281134484375001 0.4464418046875 0.542907746875 0.45552402187499996 0.497723296875
0 0.6363421953125 0.5165727515625 0.6404511109375 0.48472323125 0.6048142296875 0.475189325 0.6006627109375 0.48215435156249997 0.58709214375 0.553724559375 0.58201333125 0.5594724281250001 0.57227775 0.6013164171875001 0.619484496875 0.6136225718749999 0.6229826468749999 0.6033170828125 0.6686087328125 0.6110656171875 0.6748461625 0.5795271171875 0.6708630624999999 0.5767817796875 0.68978636875 0.4973404046875 0.6848759765625 0.4933779078125 0.65322219375 0.4865893375 0.6460574734375 0.516910678125 0.6363421953125 0.5165727515625
0 0.7113454375 0.49832728125000003 0.6918113671875 0.5993126875 0.7517891953125 0.6134849484375 0.7556667859374999 0.6086432234375 0.7741051421875 0.5161510203125 0.7582782531250001 0.5127567359375 0.7551169343749999 0.5036414953125 0.749005321875 0.5005851406249999 0.7152230281249999 0.4934855546875 0.7113454375 0.49832728125000003
0 0.891721265625 0.5290103984375001 0.8104582984375 0.511727959375 0.7850662374999999 0.6497156281249999 0.8666031328124999 0.6648747671875 0.891721265625 0.5290103984375001
0 0.895264015625 0.65283773125 0.9658844125 0.6685650812499999 0.9760623390625 0.6148874265625001 0.983543590625 0.607327275 0.985461084375 0.592464165625 0.9814779843749999 0.5897188296875 0.9868936296875 0.5645502328124999 0.9819832359375 0.5605877359375 0.9564410703125 0.556855521875 0.9548604109375001 0.5522979015625 0.9381062281249999 0.54768645625 0.9186756734375001 0.5470105984375 0.91452415625 0.5539756265625 0.895264015625 0.65283773125
0 0.005411190625 0.46503659375 0.0059561359375 0.5118690375 0.068747240625 0.5288223484375 0.08996747968749999 0.43998162656249995 0.0112620703125 0.4196845515625 0.005411190625 0.46503659375
0 0.0527945359375 0.5600229203125 0.026599003125 0.5529502453124999 0.0255662 0.5441460234375 0.006298953124999999 0.5413306984374999 0.0085139046875 0.731683175 0.028203954687499998 0.7338226062500001 0.0527945359375 0.5600229203125
0 0.4806258375 0.62253750625 0.4714381125 0.66013489375 0.47634850625 0.6640973906250001 0.6510976687500001 0.704774978125 0.65470133125 0.702056553125 0.660559321875 0.6650542890625 0.49672665625 0.623808490625 0.4806258375 0.62253750625
0 0.7067332625 0.6685562218750001 0.6720236734375 0.660239475 0.66403716875 0.696930721875 0.6990206859375 0.703124165625 0.7067332625 0.6685562218750001
0 0.5089092749999999 0.7142850359375 0.497972471875 0.7570351671875 0.5223134203125 0.7616735234374999 0.5250953 0.7653250015624999 0.5241050984375 0.7814052703125001 0.5432617234375 0.78420443125 0.5461065109375001 0.7705584812499999 0.550637465625 0.769057215625 0.553861690625 0.7608750296875 0.560373046875 0.7272132265625 0.5089092749999999 0.7142850359375
0 0.7177572640625 0.784823403125 0.6702765921875 0.77464055 0.6609204484375 0.8219483000000001 0.7084011203125 0.832131153125 0.7177572640625 0.784823403125
0 0.387585975 0.80580535 0.370831790625 0.8011939046875 0.377785490625 0.7556984359375 0.3229919859375 0.7433653703124999 0.31390976875 0.7885498203125 0.322149896875 0.79191719375 0.309127184375 0.8592407984375001 0.3182946078125 0.8638253296875 0.34383677343749997 0.8675575437499999 0.34651314218749996 0.8636219609375001 0.3751111171875 0.8688823515624999 0.387585975 0.80580535
0 0.1840704203125 0.7695777328125 0.091617028125 0.75498680625 0.073158365625 0.8896609265625001 0.16561175781249998 0.904251853125 0.1840704203125 0.7695777328125
0 0.9383455265625 0.9576719812500001 0.9423915359375 0.9431198890625 0.9425599531250001 0.9334095265625001 0.9270069890625001 0.9278919406249999 0.9367425718750001 0.8860479515625 0.8725077140625 0.8712536546875 0.852046353125 0.9710219015625 0.85482823125 0.9746733796875 0.9160072796875 0.9879395000000001 0.9196109421875001 0.9852210749999999 0.9231719999999999 0.9576181578125 0.9383455265625 0.9576719812500001
0 0.0089744890625 0.7712657703125 0.010533418749999999 0.90523975 0.0346137875 0.9110703984375 0.03876530625 0.9041053703124999 0.0628932375 0.7843212703125 0.0089744890625 0.7712657703125
0 0.4540994515625 0.9626305484375001 0.4760359625 0.8598328578125001 0.4689970546875 0.8555593437500001 0.40994652187499997 0.8426042421875 0.3865348609375 0.9484313734375001 0.390517959375 0.9511767109375 0.38887439375 0.96391651875 0.39378478906250003 0.9678790156250001 0.4254385703125 0.9746675843749999 0.42828335624999997 0.961021634375 0.43188701875 0.9583032093750001 0.4540994515625 0.9626305484375001
0 0.8062813296875 1 0.822983734375 0.9105287640625 0.8202018531249999 0.9068772859375 0.7377376671875 0.8905009875 0.726190103125 0.9547951484375 0.7441455046875001 0.958500453125 0.7469273859375 0.9621519296875001 0.7420445953125 1 0.8062813296875 1
0 0.6764802578125 1 0.6976124328125 0.9073528390625001 0.6610482578125 0.8966017734375 0.6594675984375 0.8920441546875001 0.6469704421875 0.8880547453125001 0.6405849015625 0.8871216921875 0.63790853125 0.8910572765625 0.62513745 0.8891911703125001 0.6001451296875 0.9904606812500001 0.5999796796875 1 0.6764802578125 1