0 0 0.4039861 0.007333873437500001 0.39283257968749996 0.01560543125 0.396046175 0.028670812499999997 0.3758940234375 0.02003038125 0.368729084375 0.0216371796875 0.36459330625 0.0441854765625 0.32860922187499997 0.040760878125 0.3239466984375 0.0134172234375 0.3085633375 0.0116259890625 0.31072344687500003 0.0053301015625 0.3073254140625 0 0.30386971093750004 0 0.4039861
0 0 0.5388707265625 0.020113146874999998 0.551070696875 0.0447949859375 0.5059194359375 0.039210278125 0.4994656796875 0.010075390625 0.4862424265625 0 0.5035506625 0 0.5388707265625
0 0 0.4547993015625 0.0200850484375 0.4653790953125 0.0345727921875 0.43911549375 0.010469299999999999 0.42641898593749994 0 0.4453978890625 0 0.4547993015625
0 0.1318823796875 0.4888214796875 0.13654490156250002 0.48539688124999997 0.1760833578125 0.4179333609375 0.1724743234375 0.41129516875 0.1345145671875 0.38893130625 0.1223448 0.4080034046875 0.073768940625 0.3786590421875 0.04692699375 0.42201906874999995 0.0503515921875 0.426681590625 0.065999090625 0.4341888359375 0.055093815625 0.4561322203125 0.08459757812499999 0.473306815625 0.08997128125000001 0.46682649062500003 0.093922621875 0.4664576171875 0.1318823796875 0.4888214796875
0 0.1678945640625 0.597061378125 0.182408875 0.5817561859375 0.210121403125 0.6010908890625 0.2153106703125 0.59263489375 0.22160655624999998 0.596032925 0.271550109375 0.522615825 0.265254221875 0.5192177953125 0.2684678171875 0.5109462375 0.2384107453125 0.48784462812499996 0.27528891718750004 0.43457968124999996 0.2337201234375 0.4055776265625 0.1979220078125 0.459738190625 0.21285832500000001 0.4703011609375 0.1890455375 0.5034139578125 0.18490975781250002 0.5018071609375 0.1815117265625 0.5081030484375 0.177375946875 0.50649625 0.1483738921875 0.5480650421875 0.1451602984375 0.5563366000000001 0.1557764015625 0.5633171015625 0.14342219843749998 0.5804135265625 0.1678945640625 0.597061378125
0 0.2824037828125 0.553488815625 0.328134921875 0.5950560765625 0.3195476234375 0.60980795625 0.3467334078125 0.6341740546875 0.41248233125 0.5592814609375 0.3712558453125 0.5232723406249999 0.3816343765625 0.5063603515625 0.3501283765625 0.478411784375 0.2824037828125 0.553488815625
0 0.47594443750000004 0.72673835625 0.40913896562499996 0.662227359375 0.3627247453125 0.7094074234375001 0.42971465468750003 0.7758940921875 0.47594443750000004 0.72673835625
0 0.47485212812500005 0.127977203125 0.47753897968750003 0.12473704062499999 0.466131996875 0.0879370390625 0.4465597234375 0.0917570765625 0.43570605 0.0608840890625 0.43641723125 0.057828364062500005 0.4567006828125 0.0509526 0.4438447734375 0.0093056390625 0.36163090468750003 0.035913078125 0.37556686875 0.07845565625 0.3369756328125 0.0920227484375 0.3545472 0.152161928125 0.3606852171875 0.1645426984375 0.47485212812500005 0.127977203125
0 0.46561597499999996 0.6161007796875 0.42491623437500003 0.5750602625 0.39122508906250003 0.6090952453125 0.4319248328125 0.6501357609375 0.46561597499999996 0.6161007796875
0 0.5634288062499999 0.7992833421875 0.6023092140624999 0.756792365625 0.57169883125 0.7277637453125 0.5896111734375 0.7061626671875 0.5449600890624999 0.6654910234375 0.5078709140625 0.7058218921875 0.5212004328125001 0.7205206390625001 0.4977299515625 0.7466263703125 0.5042102765625 0.7520000703124999 0.4715991875 0.786930671875 0.4935691390625 0.80879435625 0.516065834375 0.82562664375 0.5484924875 0.788720371875 0.5634288062499999 0.7992833421875
0 0.4283347046875 0.2807900171875 0.4760680828125 0.33313125 0.49722058437500005 0.314217021875 0.49018695156250003 0.30291630625 0.5177932125 0.2784173734375 0.45457020625 0.209586159375 0.42606833125000004 0.23516514531250002 0.4484071546875 0.260980171875 0.4283347046875 0.2807900171875
0 0.629382603125 0.43839205937500003 0.69708369375 0.50182300625 0.7028262703125 0.49929402187500005 0.7526385203125 0.4458180703125 0.7501095390625 0.4400754953125 0.727243971875 0.41929186406249996 0.716496565625 0.43225251093750006 0.6979512125 0.41505134843749997 0.6991891359375 0.406964228125 0.6880197234375001 0.3940567140625 0.7077232984374999 0.3702955296875 0.6717126453125 0.3367888234375 0.5892893046875 0.4251953734375 0.61449941875 0.449745909375 0.6254312609375 0.43876093281250006 0.629382603125 0.43839205937500003
0 0.7771716796875 0.8580487 0.78178106875 0.8327072843750001 0.7391853578124999 0.82472643125 0.737762996875 0.8308378812500001 0.7255400953125 0.827993159375 0.7208775734375 0.8314177578124999 0.711658796875 0.8821005921875 0.7857073765625 0.89611319375 0.7919235625 0.8666359984374999 0.790474634375 0.8617890375 0.7771716796875 0.8580487
0 0.86404194375 0.5290838953125 0.8487367515625 0.514569584375 0.855532815625 0.5019778109375 0.785882621875 0.4496897125 0.7314344140625 0.5175486734375 0.814598565625 0.5865111890625 0.86404194375 0.5290838953125
0 0.909618275 0.7291002765625 0.9135696187500001 0.7287314031250001 0.9545570015625 0.6661148453125 0.9174928625 0.642670928125 0.9069298921875 0.6576072468749999 0.873105915625 0.636850184375 0.8426815 0.6845304265625 0.909618275 0.7291002765625
0 0.9548773359375 0.8723489421874999 0.9829056062499999 0.87371816875 0.9844858343749999 0.8586239828125001 0.9806923624999999 0.8500101171875001 0.954824203125 0.850432125 0.9521373515624999 0.8536722875 0.9516371749999999 0.8696620921875 0.9548773359375 0.8723489421874999
0 0.9930872015625001 0.605720559375 0.9917774796875 0.605842828125 0.97333839375 0.6324753015625 0.9839544953124999 0.6394558015625 0.9823476984375 0.64359158125 0.9488675578124999 0.69056064375 0.9917657015625 0.719289996875 0.9930872015625001 0.605720559375