0 0 0.8216408656249999 0.033577860937499995 0.8088909578125 0.0224561375 0.7744356046875 0.0441139546875 0.7648389109375 0.00550684375 0.6601681625 0 0.6599116781250001 0 0.8216408656249999
0 0.016501125 0.37857600625 0.07190106874999999 0.3504005765625 0.0476628921875 0.301547265625 0.001958228125 0.32649355468749997 0.0009256031249999999 0.34866444375 0.016501125 0.37857600625
0 0 0.89634900625 0.0255989390625 0.8891205390625 0.0486541875 0.9633717671875001 0.067899778125 0.960025975 0.11424228750000001 0.9441551968749999 0.076325215625 0.8246689953124999 0 0.8472954390625 0 0.89634900625
0 0.03570618125 0.239478928125 0.11045029375 0.20584121249999998 0.0806512578125 0.1397602265625 0.0091568890625 0.1719354296875 0.008790921875 0.17979287500000002 0.03570618125 0.239478928125
0 0.1432181625 0.4131125875 0.13049601875 0.3902486578125 0.09877180937499999 0.4110424640625 0.1115925296875 0.43178990156249997 0.1432181625 0.4131125875
0 0.23463918125 0.135266365625 0.2047415671875 0.071301871875 0.127782384375 0.1069575 0.157679996875 0.17092199375 0.23463918125 0.135266365625
0 0.19856590000000002 0.43159858125 0.1171765765625 0.47129004218750004 0.1587873765625 0.5570109296875 0.18910831875 0.5435755609374999 0.193242728125 0.5458892078125 0.20190585625000002 0.5420505312499999 0.25085774375000003 0.5156958625 0.2179332546875 0.44840876406249996 0.2103776640625 0.45123848437499997 0.19856590000000002 0.43159858125
0 0.157227646875 0.317255746875 0.1451433375 0.32623779218750004 0.15412538125 0.33832210156250003 0.1683261828125 0.3294386359375 0.1614606328125 0.317452903125 0.157227646875 0.317255746875
0 0.3839070671875 0.0499514578125 0.32769532031250004 0.072786365625 0.3132509921875 0.0413578859375 0.3083047796875 0.03370371875 0.3040717953125 0.0335065640625 0.25733497656250004 0.057843315625 0.3026858765625 0.1543438234375 0.3330068203125 0.140908453125 0.3456303875 0.1658888765625 0.3507737546875 0.1693100578125 0.423499953125 0.133457275 0.3839070671875 0.0499514578125
0 0.3787867296875 0.4559006359375 0.3469697765625 0.38760457812500004 0.24623628437499998 0.4327583234375 0.27785608125 0.505287365625 0.3787867296875 0.4559006359375
0 0.29602883750000003 0.7299081796875 0.3017868546875 0.7429028703125 0.2627042046875 0.762293409375 0.3271499140625 0.9042260453125 0.3715730828125 0.8840237015625 0.34298015937500004 0.8148172625000001 0.39062735625 0.7937045390625 0.3512316265625 0.7059657359375 0.2993514421875 0.7268813062499999 0.29602883750000003 0.7299081796875
0 0.5175637875 0.0063311359375 0.508727546875 0.00591958125 0.3842074640625 0.004470659375 0.40809887343750006 0.054259834375 0.4111257453125 0.057582440624999995 0.42623692812499997 0.051923003125 0.4437081296875 0.0866740875 0.5358770749999999 0.043242525 0.5175637875 0.0063311359375
0 0.5116851125 0.4260320421875 0.498348321875 0.39359460468749996 0.5008591234375 0.385227209375 0.47096150937500003 0.321262715625 0.42986094531249996 0.33843818593749997 0.42673549375000003 0.3372320734375 0.416228421875 0.312350228125 0.3804683765625 0.3287138953125 0.4208730671875 0.41756023437499995 0.42591785625 0.423097909375 0.471448559375 0.40188660781249996 0.48891976093749995 0.436637690625 0.5116851125 0.4260320421875
0 0.479943396875 0.720444921875 0.4936744984375 0.744416384375 0.5380976671875 0.7242140421875 0.492451034375 0.6340630125 0.48388648749999996 0.635785196875 0.3915203890625 0.68344974375 0.423435915625 0.7496293078125 0.479943396875 0.720444921875
0 0.6285909546874999 0.32966496875 0.59879191875 0.26358398125 0.493628284375 0.3127735578125 0.5215079828125 0.37452298125 0.577916884375 0.34745508593749996 0.5819527156250001 0.351885228125 0.6285909546874999 0.32966496875
0 0.61527166875 0.023608459374999998 0.6402842078125001 0.01204693125 0.5452399921875 0.007620175 0.57379998125 0.0715223671875 0.6235636718750001 0.0505082203125 0.626886278125 0.047481346875000004 0.61527166875 0.023608459374999998
0 0.5614663125 0.1313988234375 0.556717253125 0.11951166875000001 0.534050478125 0.1280008265625 0.5409160296875 0.1399865578125 0.5614663125 0.1313988234375
0 0.6560356515625 0.65122696875 0.6408780984375 0.6123414765625 0.626236615625 0.5851459828125 0.5309422203125 0.6273714296875 0.5254045453125 0.6324162203125 0.5553021578124999 0.6963807140625 0.6560356515625 0.65122696875
0 0.6913493359375 0.3028928046875 0.6946719406249999 0.29986592968750003 0.7499733078124999 0.2738069953125 0.718057778125 0.20762742968749998 0.66809693125 0.23287456406249998 0.6602224234375 0.219781296875 0.6363495359375 0.2313959046875 0.6227170109375 0.2053079484375 0.5935036031250001 0.217734359375 0.65612855 0.3532189375 0.6777863671875 0.3436222453125 0.68120755 0.338478878125 0.6773688734375 0.3298157515625 0.6991252671875 0.318102565625 0.6913493359375 0.3028928046875
0 0.6535306859375 0.5683880046875001 0.670607578125 0.6116050625 0.6852490609374999 0.63880055625 0.7904126953125 0.5896109796875 0.7586943203125001 0.5191984296875 0.6535306859375 0.5683880046875001
0 0.72488279375 0.083861875 0.718312975 0.0655266625 0.6976641156250001 0.076230890625 0.70644900625 0.0925481859375 0.72488279375 0.083861875
0 0.8168255625 0.1135971890625 0.808237828125 0.0930469078125 0.720400446875 0.13455913125000002 0.7638320078125 0.22672807499999997 0.7983859390625 0.2134898609375 0.80798263125 0.235147678125 0.8677141374999999 0.2050529078125 0.8312467046875 0.12275320468749999 0.8242825781249999 0.11288396406250001 0.8168255625 0.1135971890625
0 0.9259204593750001 0.5492584968750001 0.8845068140624999 0.459304625 0.777128109375 0.510512115625 0.8207568249999999 0.5984480750000001 0.9259204593750001 0.5492584968750001
0 0.9913115609375 0.14717701875 0.9580681578125001 0.06396693437499999 0.9212991562499999 0.0792230640625 0.9189855078125 0.083357475 0.8866466484375 0.0945777734375 0.891099975 0.11281440937500001 0.8607790296875001 0.126249778125 0.8845243203125 0.1856855546875 0.9104151234375 0.176286015625 0.9122358859374999 0.1827340703125 0.9490048859375 0.16747794062500002 0.9535336046875 0.161325615625 0.9913115609375 0.14717701875
0 0.8613701812500001 0.8877466078125 0.8524867140625 0.8735458062499999 0.8339543468749999 0.8843486109375001 0.842837815625 0.8985494125000001 0.8613701812500001 0.8877466078125
0 0.9717409937499999 1 0.9735769031249999 0.9605822843749999 0.9585026890625 0.9654480375000001 0.8936625796875 1 0.9717409937499999 1
0 0.9409098796875 0.5234430875 0.9646841890625 0.513944971875 0.9781195593750001 0.5442659171875001 0.9888991796875001 0.5405258140625 0.9928692937499999 0.5463669515625 0.99408041875 0.5203635875 0.9954852734375 0.3996307421875 0.952188221875 0.41791416562499994 0.9567401249999999 0.4340343046875 0.9112094203125001 0.45524560625 0.9409098796875 0.5234430875