0 0.034596371875 0.7874079515625 0.014664081249999999 0.778104875 0.0070015828125 0.7921638859375 0.0050099203125 0.7913232703124999 0.0063159734375 0.8661318515625 0.014309171875000002 0.8710147265625 0.040238393750000004 0.884096515625 0.06984865625 0.82492584375 0.04388494375 0.8098684734375 0.051581931250000004 0.7977850453124999 0.034596371875 0.7874079515625
0 0.09250741875 0.8205388328125001 0.0895951796875 0.8235884328124999 0.055269148437500006 0.8957440984374999 0.1120503078125 0.9207761765625 0.11028127031249998 0.932687153125 0.1401624609375 0.9456539765624999 0.1735177453125 0.8745148421875 0.137639621875 0.8577693078124999 0.1528956359375 0.8257001234375 0.1080738515625 0.8062498890625 0.10044584375000001 0.82228448125 0.09250741875 0.8205388328125001
0 0.2345538703125 0.520452378125 0.147788046875 0.4765267296875 0.1419290796875 0.4806503453125 0.1014041703125 0.48084096875000004 0.10032495 0.5322635890625 0.1651824984375 0.5669436453125 0.1748899625 0.5567783140625 0.20640222656249999 0.54993183125 0.2163511265625 0.553595578125 0.2345538703125 0.520452378125
0 0.1113843171875 0.3730560015625 0.1038597828125 0.3950173390625 0.1944051171875 0.428950109375 0.20290039843750002 0.4059722375 0.114331046875 0.37198198437499996 0.1113843171875 0.3730560015625
0 0.26572804843750003 0.9559143203125 0.28670506875 0.911819190625 0.20191522968750003 0.867836059375 0.162700975 0.9430988078125001 0.185648978125 0.9552790281249999 0.19147345468750002 0.9491798328125001 0.2513048171875 0.979064640625 0.26572804843750003 0.9559143203125
0 0.3804129890625 0.9483224171875 0.38994799687500004 0.9282791749999999 0.3589925875 0.910402140625 0.3474471046875 0.9285272828125001 0.33548772968749996 0.9229454374999999 0.3305995078125 0.92605251875 0.3037980109375 0.9762468453125001 0.29897877031250003 0.9833050921875 0.29405605625 0.9844365921874999 0.287396271875 0.9966558421875 0.3702935078125 0.9956912453125 0.39438283749999997 0.9558223609375001 0.3804129890625 0.9483224171875
0 0.361156540625 0.354918625 0.2877987109375 0.3995492796875 0.2939336078125 0.411230321875 0.2881091296875 0.41732951875 0.3359761171875 0.49796531875000005 0.42108637499999996 0.44706301875000004 0.376269590625 0.3712799484375 0.3682966734375 0.36755871875 0.361156540625 0.354918625
0 0.47409802343749996 0.369422303125 0.530578765625 0.26400847031249997 0.4557723171875 0.22566466875 0.4509185859375 0.23074733281249998 0.44720805625000004 0.24469137500000002 0.435731553125 0.26676768125 0.43281931562500003 0.26981727968749997 0.42883285625 0.2679566640625 0.42207212343749995 0.27704797812500004 0.41635111875 0.289073921875 0.42033757656250004 0.2909345375 0.41270956875 0.306969128125 0.40300210625000005 0.3171344578125 0.3972811 0.329160403125 0.47409802343749996 0.369422303125
0 0.51133578125 0.690522471875 0.5122720375 0.6875303578125 0.5010764625 0.6690784859375001 0.48537206718750003 0.6754651 0.4752507125 0.66192344375 0.45469258593750006 0.6733927234375 0.4760784953125 0.7093374171875 0.51133578125 0.690522471875
0 0.6072322109375 0.9743376546875 0.5994662390625 0.9824699171875 0.543621334375 0.9544457234375001 0.52288741875 0.9935923171875001 0.636697140625 0.9902814640625 0.6072322109375 0.9743376546875
0 0.6839741796875 0.49642993124999996 0.7002699203125 0.46729537656250003 0.7102188218750001 0.4709591234375 0.7169795531250001 0.46186781093749996 0.7188520640625 0.4558835796875 0.7088686734375 0.4502442515625 0.7318216765625001 0.40609164062499997 0.6649536546875 0.3694934859375 0.6571876828125001 0.37762575 0.6472387828125 0.373962003125 0.6041415437500001 0.45329088124999994 0.614124934375 0.45893020937499995 0.612286915625 0.4668900234375 0.607467675 0.47394826874999996 0.601470740625 0.47016955625 0.5947100078124999 0.47926086874999996 0.5967894640625 0.48513013281250006 0.58323350625 0.501337175 0.569850003125 0.5274221296875 0.5661394734375 0.541366171875 0.53347900625 0.5956841140625 0.596360571875 0.630421653125 0.602150559375 0.6223468734375001 0.6160859171874999 0.6278712343749999 0.6276314000000001 0.6097460921875 0.6395907750000001 0.6153279375 0.653979515625 0.5902020328125 0.6509293109375001 0.585349303125 0.639975175 0.58072650625 0.6667766734375 0.53053218125 0.6836587609375 0.534982525 0.6961404984375 0.5138652687499999 0.69797851875 0.50590545625 0.6839741796875 0.49642993124999996
0 0.660120896875 0.7197961046875 0.6830688984375 0.7319763265625 0.68126536875 0.7419117203125001 0.6852518265625 0.7437723359375 0.66028835 0.7860068499999999 0.70122715 0.8095232140625 0.7615563875 0.6980676671875 0.72862499375 0.680248115625 0.7247765 0.68628983125 0.6868534109375 0.6656506125 0.659046678125 0.7148858875 0.660120896875 0.7197961046875
0 0.7254963203125 0.3878044578125 0.73215358125 0.37278639999999996 0.6993256625 0.36089359375 0.692633909375 0.3739360703125 0.7254963203125 0.3878044578125
0 1 0.5190441890625 0.9407305671874999 0.4863020921875 0.9358423453125001 0.48940917656250005 0.927243590625 0.5064603 0.9172602 0.5008209703125 0.9076217203124999 0.5149374640625 0.8098327781249999 0.46243785624999995 0.8001253140625 0.47260318437500004 0.7801585328125 0.461324528125 0.7428167890624999 0.5306030453125 0.7647940453125 0.5437998015625001 0.75903855 0.5538501640625 0.7620542609375 0.5567273109374999 0.941651821875 0.6523084859375 0.9560060703125 0.6252069984374999 0.9629392578125 0.625993596875 0.9658514984375 0.622943996875 1 0.55885324375 1 0.5518498562499999 0.99615658125 0.5469521359375 1 0.5409183890625 1 0.5190441890625
0 0.8832295859375 0.759755384375 0.8928335765625001 0.7436633078125 0.8898178640625 0.7407861609374999 0.8598676921875 0.723868171875 0.8530379781249999 0.7290083218750001 0.8482532265625 0.73804215 0.8183030546875001 0.7211241625 0.815356325 0.7221981796875 0.780857840625 0.784475934375 0.8427341671875 0.8182544249999999 0.8274436625 0.848348028125 0.8723689203125 0.8737250078125 0.9231631484375 0.7823127000000001 0.8832295859375 0.759755384375
0 1 0.88290473125 0.993248828125 0.88997433125 0.9351865046875 0.8481785453124999 0.8917098640625 0.9057760187499999 0.8917788468750001 0.9097271843750001 0.974903121875 0.9715480375000001 1 0.9382053000000001 1 0.88290473125
0 0.9490183890624999 0.8477761609375 0.961569109375 0.8306100671875001 0.9465250421875 0.8181999109375001 0.9319983374999999 0.8354234859374999 0.9490183890624999 0.8477761609375
0 1 0.61033345625 0.9686552640625001 0.6703004875 0.9717054656249999 0.6751532171875 1 0.6900958265625 1 0.61033345625