0 0.185444990625 0.2667564328125 0.0746805015625 0.2266563421875 0.049466796875 0.292362171875 0.030635865625 0.28445685468750004 0.025426840625000002 0.28641085624999996 0.00268984375 0.353909290625 0.1298085578125 0.40012209218750006 0.13873264999999999 0.40085699531249996 0.180124315625 0.2896184 0.185444990625 0.2667564328125
0 0.26849485156249997 0.9984040953125 0.295264703125 0.9282037171875 0.2147319453125 0.8985364515625 0.178082128125 0.9989301015625 0.26849485156249997 0.9984040953125
0 0.1948462875 0.8765112453125001 0.25902482031249996 0.9000657984375 0.27257474843749996 0.9022407390625 0.35229818281249997 0.6813649828125 0.27639126406250003 0.6531377546875 0.1948462875 0.8765112453125001
0 0.383323821875 0.997736040625 0.400348628125 0.9527438828125 0.31056419687500003 0.92019654375 0.2817449171875 0.9983270093750001 0.383323821875 0.997736040625
0 0.2476404578125 0.11142510937500001 0.15323018906250002 0.07743773281250001 0.11482644374999999 0.1793905140625 0.1109997296875 0.197609575 0.19153248437499998 0.2272768390625 0.21401387343749997 0.1653176171875 0.21922290000000003 0.1633636140625 0.226325446875 0.16659625625000002 0.2290577625 0.16284965 0.2476404578125 0.11142510937500001
0 0.2553658671875 0.082671365625 0.2773290265625 0.027393890625 0.1713736515625 0.0447759859375 0.1738503609375 0.0465685890625 0.17359475625 0.0521077984375 0.2553658671875 0.082671365625
0 0.425361134375 0.734246784375 0.44171535625 0.740359496875 0.44634119375000003 0.7417995328125 0.452133409375 0.7364514953125 0.48021601562500005 0.747236884375 0.4845142703125 0.7465317515625001 0.488740546875 0.7381422390625 0.5006922328125001 0.700998984375 0.46583466093750003 0.689126125 0.469988959375 0.6730522328124999 0.45702222031249995 0.6674832546875 0.44347229062500004 0.665308315625 0.43469215468750005 0.67994216875 0.40660955000000004 0.669156778125 0.40140052343750005 0.6711107796875 0.3861333328125 0.7153946796875 0.41975254843750004 0.7263712359375 0.425361134375 0.734246784375
0 0.45065701718750006 0.9071092578125001 0.4473415125 0.9142499015625001 0.46402331874999997 0.922507784375 0.451088884375 0.9532155281250001 0.47115817031249996 0.9620171484375 0.4892296546875 0.9216710234375001 0.510537296875 0.9313689437500001 0.5204838109375001 0.9099470125 0.541791453125 0.9196449328125 0.5640892140625 0.870909296875 0.5403048609375001 0.8594187718749999 0.5442035546875 0.8488840921874999 0.48093579374999995 0.8240806703124999 0.46435826875 0.8597838875000001 0.4501531734375 0.8533186078125 0.44742085625000005 0.8570652125 0.43117091875 0.8949136015624999 0.43554115 0.9018928453124999 0.45065701718750006 0.9071092578125001
0 0.5083354625000001 0.43367693906250004 0.463898634375 0.4167788359375 0.48397528906250004 0.3607113875 0.410217496875 0.3321315921875 0.405008471875 0.33408559375 0.36270603281249997 0.4465730578125 0.3667486828125 0.45140713125 0.483377365625 0.493843559375 0.48975276718750005 0.48510148124999997 0.5083354625000001 0.43367693906250004
0 0.5176001718750001 0.963193928125 0.5035066375 0.9970368374999999 0.5335330234375 0.9968621484375 0.552385434375 0.9937693890625001 0.5553340125 0.9866889406249999 0.5561728078125 0.97775569375 0.5176001718750001 0.963193928125
0 0.46861855312499995 0.23129605 0.44489881093749994 0.2923589703125 0.44107209375 0.31057803281249996 0.5120255921875 0.33522005625 0.530025096875 0.287189553125 0.546962509375 0.289908228125 0.5556706671875 0.2675899953125 0.557164628125 0.2629470890625 0.5404828234375 0.2546892046875 0.5560775953125 0.2125504765625 0.4502665265625 0.1760355921875 0.43591010781249995 0.21907062187499998 0.46861855312499995 0.23129605
0 0.55553408125 0.187352171875 0.5879619828125 0.103971015625 0.5873068171875 0.099680675 0.579293496875 0.0976969046875 0.575250846875 0.09286282812499999 0.5878577 0.0600099140625 0.50732494375 0.030342646875 0.4611238125 0.15336479375 0.55553408125 0.187352171875
0 0.575908846875 0.3929061625 0.5813015 0.377728571875 0.5637089234375 0.37071955624999997 0.55831626875 0.3858971453125 0.575908846875 0.3929061625
0 0.5281446562500001 0 0.5249571937499999 0.0087593203125 0.607639078125 0.0380740203125 0.6216437109374999 0 0.5281446562500001 0
0 0.8091837796875 0.6437938734374999 0.8382242 0.5598689859375 0.8320324234375001 0.5553874765625 0.7626448640625 0.5337869265624999 0.7504375734375001 0.5764693890625 0.741585459375 0.5834188625000001 0.721004959375 0.5856956624999999 0.7177291296874999 0.5642439609375 0.7133588984375 0.557264715625 0.667644040625 0.56806265625 0.6801318734375 0.620986771875 0.7105472374999999 0.618196009375 0.7810938046875 0.6978775500000001 0.8207285375 0.6616901375 0.8091837796875 0.6437938734374999
0 0.758497934375 0.48499174843750004 0.7498617515625 0.5149943593749999 0.8094144484375001 0.537108875 0.8408595999999999 0.44729221093750005 0.8439194999999999 0.4456907765625 0.86737626875 0.45503613125 0.8838818156249999 0.411648534375 0.7944249671875 0.3812463640625 0.7725267687499999 0.43981154843750003 0.7401459078125 0.4297312921875 0.7236403609375001 0.4731188890625 0.758497934375 0.48499174843750004
0 0.881700384375 0.37572437812500004 0.8952503125 0.3778993171875 0.908440353125 0.3416523640625 0.893324484375 0.33643595312499996 0.8892818374999999 0.33160187812499997 0.9030550671875 0.29196088593749997 0.9366742828125 0.302937446875 0.9550013734375 0.2570521125 0.8349852078125 0.2140719484375 0.8268602375 0.23299614375000002 0.8083568890624999 0.227235996875 0.7933453046875 0.265980684375 0.8084611718750001 0.27119709687500004 0.8128314031249999 0.27817634375 0.798730590625 0.3156721640625 0.803356428125 0.3171122 0.7940650812500001 0.342824471875 0.881700384375 0.37572437812500004
0 0.9064969578125 0.13417414375 0.8808910624999999 0.12518135625 0.8632191390624999 0.17535703125 0.8866759078124999 0.184702384375 0.8810276484375 0.20541918125 0.9637095312499999 0.23473388125 0.9410407749999999 0.0862881109375 0.9288270234375 0.1217152296875 0.9064969578125 0.13417414375