0 0 0.1061997921875 0.028532867187499998 0.14683735625 0.1208418609375 0.0803100015625 0.13826257343749998 0.096385259375 0.1853965296875 0.06302439374999999 0.16449781875 0.033446814062500003 0.06697846406249999 0.04312324375 0 0.0908651625 0 0.1061997921875
0 0.165641915625 0.1530146546875 0.0720619015625 0.2167008203125 0.10561714062500001 0.26579369375 0.25113121562499996 0.1672812671875 0.203878721875 0.09976547031250001 0.15459147499999998 0.1313617921875 0.1663298109375 0.1499790921875 0.165641915625 0.1530146546875
0 0.3192135703125 0.2752616 0.2899649171875 0.2296978125 0.27115324375 0.2394772296875 0.14621538125 0.32605694375 0.191508959375 0.393767115625 0.236878371875 0.36255954375 0.2231811171875 0.3441366203125 0.22563355624999998 0.3389477640625 0.3192135703125 0.2752616
0 0.990610740625 0.49251405156250005 0.9971942890625 0.48807855 0.997243534375 0.47961393750000003 0.9797054203125001 0.30286426718750004 0.9594045687499999 0.3175721125 0.9370045390625 0.2812197875 0.9292736421875001 0.273084971875 0.9244735359374999 0.27455036875 0.8952248828125 0.2289865796875 0.8246735218750001 0.2755511765625 0.8184976234375 0.2830877015625 0.84628088125 0.3238513828125 0.844710715625 0.32796359218750004 0.9470362046874999 0.48200123437500003 0.9502661437500001 0.484648046875 0.97437144375 0.46840875000000004 0.990610740625 0.49251405156250005
0 0.384155590625 0.39146635 0.3529480171875 0.3460969375 0.34158326250000004 0.351181021875 0.21664540468750002 0.4377607375 0.25704927031249997 0.49606507187500004 0.2999662453125 0.47004635625 0.30241868437499997 0.4648574984375 0.294299034375 0.45280485 0.384155590625 0.39146635
0 0.828498953125 0.5234362453125 0.8409251843750001 0.5390179796875 0.85562465 0.52766839375 0.8588545875 0.5303152078125 0.9063014578124999 0.5997899203125 0.9619589796874999 0.5626159937499999 0.964411415625 0.5574271375000001 0.8139511625000001 0.3369503453125 0.8019136781249999 0.32528644375 0.729597775 0.374004334375 0.7289098796875 0.377039896875 0.74368378125 0.39634509218749997 0.759459890625 0.3858777765625 0.8404619984374999 0.5044453640625 0.8362450171875 0.5117875125 0.8259569093750001 0.5177538671875 0.828498953125 0.5234362453125
0 0 0.5456226828124999 0.0369626296875 0.5208706359375 0 0.46407064218749994 0 0.5456226828124999
0 0.3130045390625 0.5815102703125 0.4076611984375 0.5187063765625 0.4233173703125 0.536934925 0.47241024375 0.503379684375 0.4283876875 0.43851070156249994 0.42319883125 0.436058265625 0.41771083124999997 0.440559225 0.40166590781249994 0.41841283906250004 0.3655079578125 0.442771784375 0.3793995859375 0.463153625 0.3787116890625 0.4661891890625 0.2794492984375 0.532417396875 0.3130045390625 0.5815102703125
0 0.599934246875 0.4927042265625 0.5905435781249999 0.47781038750000004 0.583395803125 0.47555232500000005 0.5231325515624999 0.5161505656250001 0.6874844359375001 0.7570091984375 0.6837609765625 0.759356865625 0.6965759593749999 0.7788564359375 0.7283225546875001 0.7598807234375 0.72901045 0.756845159375 0.71981415625 0.7439102359375 0.7492130859375 0.7212110625 0.7344391828125 0.7019058671875 0.7234631796875 0.7109077890625 0.7195453453125 0.7112965375 0.7139677390625 0.7049262640625 0.5910963671875 0.5232542390625 0.5815113234375 0.50640148125 0.5992463515625001 0.49573979062499995 0.599934246875 0.4927042265625
0 0.1070039 0.6286565937499999 0.0995721484375 0.6135683796875 0.081179559375 0.5876985359375 0.0704130984375 0.578875825 0.0460541515625 0.542717875 0.0016927828124999999 0.574116334375 0.0078258859375 0.6359259390625 0.033222603125 0.6725743765625001 0.0461575234375 0.6633780812500001 0.0500753578125 0.6629893328125 0.052423026562499996 0.6667127921875 0.1070039 0.6286565937499999
0 0.394006646875 0.7000778578125 0.45515216875000003 0.65840296875 0.46865505 0.674866975 0.5103010015625 0.646007071875 0.4983682890625 0.6254308546875 0.5345262421875 0.6010719109375 0.5350197624999999 0.596077428125 0.49011493437500003 0.53228509375 0.43906314531249996 0.56603470625 0.45041273281249994 0.5807341703125 0.4499192109375 0.5857286515625 0.358103740625 0.6472615234375 0.394006646875 0.7000778578125
0 0.1262787625 0.6534497890625001 0.0743446984375 0.6882760515624999 0.0700381140625 0.684746965625 0.0544563796875 0.6971731984375 0.0871293484375 0.7473427187499999 0.1029054578125 0.7368754015625 0.1306887171875 0.777639084375 0.1854639671875 0.741541803125 0.1780322140625 0.7264535890625 0.1262787625 0.6534497890625001
0 0.48910992656249996 0.8212026515625 0.5963127593750001 0.7452846281250001 0.598959571875 0.7420546890625 0.5964175296875001 0.7363723125 0.6128815375000001 0.722869434375 0.570324378125 0.66280055625 0.5536659953124999 0.6743445203125 0.5363500515624999 0.649356946875 0.5313555703125 0.6488634265625 0.41405900625000003 0.7327067234375 0.477745171875 0.8262867375 0.48910992656249996 0.8212026515625
0 0.58052148125 0.77553549375 0.5895234 0.7865114984375 0.585112046875 0.7918947296875001 0.48957311406250004 0.8557752703125001 0.5209750609375 0.9031036 0.670212596875 0.8022435046874999 0.6276554359375 0.7421746296875 0.5812093765624999 0.7724999312499999 0.58052148125 0.77553549375
0 0.8536781 0.7672242703125 0.8512256624999999 0.772413125 0.9719864734374999 0.958250984375 0.9944718859374999 0.9560198515625 0.9952722749999999 0.818444609375 0.9299118375000001 0.7181176296875 0.8536781 0.7672242703125
0 0.2234153953125 0.8050349921875 0.2182265375 0.8025825546875 0.170898209375 0.8339845015625 0.1920272140625 0.8674956390625 0.1777165 0.8827630609374999 0.19287915312499998 0.905986090625 0.20777299062500001 0.896595421875 0.212961846875 0.899047859375 0.237709540625 0.9391236453125 0.28876133125000003 0.9053740296875 0.2234153953125 0.8050349921875
0 0.11615329218749999 0.8305146859375 0.1337835484375 0.8287653125000001 0.1333051953125 0.81397624375 0.11459829218749999 0.8148433484375 0.11615329218749999 0.8305146859375
0 0.08802398593750001 0.985627575 0.0926297171875 0.9822032609375 0.09273448906250001 0.9732909453125 0.12388279218750001 0.968222028125 0.12486983437500002 0.9582330656250001 0.1473001953125 0.9550182953125 0.14203690468750002 0.921911075 0.12048881250000001 0.9240491984375 0.11649654218750001 0.8937831671875 0.0433287015625 0.90401060625 0.0547223921875 0.9889319499999999 0.08802398593750001 0.985627575
0 0.754339871875 0.9323702234375 0.7242089468749999 0.8878830796875 0.7369494921874999 0.8767278671875 0.7219812171875 0.8554637546875 0.7090462953125 0.86466005 0.7047397109375 0.861130965625 0.665052675 0.8897964953124999 0.6834452640625 0.9156663375 0.6838340140625 0.919584171875 0.6737402796875 0.9275094453125 0.668551425 0.9250570078125 0.64419248125 0.88889905625 0.59509960625 0.922454296875 0.6427672953125 0.9909179984375 0.6751171171875 0.9877080625 0.754339871875 0.9323702234375