0 0.846964428125 0.0362237734375 0.84253886875 0.0399950109375 0.8345490828125 0.0585542296875 0.8306056109375 0.059202951562499995 0.7818537453125 0.034761998437500004 0.7572126796875 0.0864925375 0.8102438734374999 0.11225832499999999 0.7993181796875 0.137386934375 0.88297636875 0.176373671875 0.8869198421875 0.1757249484375 0.9295122140625001 0.0865516140625 0.9317764125 0.07603510937499999 0.846964428125 0.0362237734375
0 0.2147795640625 0.2102154484375 0.22415615781249998 0.21171615625 0.2588294671875 0.20702661249999998 0.26894849375 0.27839900625 0.27240988125 0.2808727984375 0.3930216390625 0.2630603125 0.3877508078125 0.21422163906249997 0.342065021875 0.2197083921875 0.33803476718750003 0.1960257140625 0.361359746875 0.190159821875 0.35180958906250004 0.1399963125 0.20671905625 0.1628500921875 0.2080624734375 0.17074431875 0.20248312031250001 0.173690959375 0.2052133484375 0.2016451109375 0.21343614687499998 0.20232122187499998 0.2147795640625 0.2102154484375
0 0.7411142093749999 0.182465915625 0.743232178125 0.17704548281250002 0.7552088265625 0.17000324218750001 0.7378585046875 0.1454685796875 0.723428034375 0.1559576953125 0.7191487078125001 0.1546328625 0.6738855578125 0.186424571875 0.673403471875 0.1895470890625 0.6919075890624999 0.2149063484375 0.637793321875 0.2542405359375 0.6388008859375 0.26016120625 0.673501528125 0.3092305328125 0.6920056437500001 0.33458979375000003 0.6974387656250001 0.336739225 0.7351508250000001 0.308218515625 0.743373625 0.308894628125 0.7561682140625 0.3007034296875 0.766991065625 0.2928365921875 0.77156285625 0.28396928125 0.7996058578125 0.2641400078125 0.7411142093749999 0.182465915625
0 0.023034289062499998 0.3817462296875 0.0676530625 0.399766278125 0.0857506 0.3572274109375 0.039160090625 0.33953172343750004 0.023034289062499998 0.3817462296875
0 0.601294509375 0.254158371875 0.5271864765625 0.2653351421875 0.5203504875 0.2847189578125 0.478857246875 0.2671991453125 0.45945968125 0.3140094875 0.5052322484375 0.3328541328125 0.499550053125 0.3530625453125 0.5845082703125 0.3877778078125 0.59071594375 0.3766125828125 0.59499526875 0.3779374140625 0.5974490921875 0.3744905390625 0.60952858125 0.3501865265625 0.5769298484375 0.33728993906250004 0.592091478125 0.3013204625 0.606711571875 0.2979009734375 0.5970585734375 0.2649992375 0.6026379265624999 0.262052596875 0.601294509375 0.254158371875
0 0.088860071875 0.3993208203125 0.13545058125 0.41701650625 0.15157638281250002 0.37480199999999997 0.10498587343750002 0.35710631249999997 0.088860071875 0.3993208203125
0 0.19969514531250002 0.54440675625 0.23657320468749998 0.5586281796875 0.253999034375 0.5121421984375 0.24510452656249998 0.507518975 0.257812334375 0.4749963765625 0.20694249999999997 0.4559758546875 0.198763090625 0.46746544375 0.17703060312500002 0.4588677171875 0.1669228484375 0.48284736875 0.158364196875 0.4801977 0.1568745453125 0.47739954687499997 0.1682823265625 0.4491484234375 0.166456821875 0.4443767109375 0.1407808625 0.43642770937500003 0.12807305468750002 0.4689503078125 0.1137454234375 0.46217765312500003 0.12091726875 0.44476739375 0.11793796875 0.43917108593750004 0.1238097859375 0.42603230156249994 0.12001254531250001 0.421584953125 0.0877496671875 0.41066192187499995 0.083324109375 0.41443316093749993 0.08024196875 0.42609862343750005 0.056201890624999994 0.41585170156249995 0.051819721875 0.43178864062500005 0.0460941375 0.43983135312500005 0.038353425000000003 0.43603272656250003 0.049089495312499995 0.40383448906249997 0.0199521484375 0.39341169374999996 0.0050446921875 0.4335397953125 0.005746059374999999 0.4938151015625 0.015391631250000001 0.49763104687500004 0.0232351859375 0.4841679015625 0.036073165625 0.4881424046875 0.10752169375000001 0.514936053125 0.11098307968750001 0.5174098453125 0.10674714375000001 0.5282507125 0.1273258359375 0.536023840625 0.135169390625 0.52256069375 0.1437280421875 0.5252103609375001 0.1732012453125 0.5376067140624999 0.16896530781250002 0.5484475796875 0.170454959375 0.551245734375 0.194159184375 0.559519096875 0.19969514531250002 0.54440675625
0 0.1415554125 0.42311305 0.18814591875 0.4408087375 0.20229998437500002 0.3989185921875 0.1560453328125 0.3831964625 0.1415554125 0.42311305
0 0.9531200859375 0.3443840109375 0.9844782406249999 0.3321246015625 0.9754773390624999 0.2792332890625 0.9727667234374999 0.27521582499999997 0.8965841156250001 0.30397873125 0.8941302921875 0.30742560625 0.9087343265625 0.345599290625 0.91532124375 0.3485733203125 0.9159929531250001 0.3525204328125 0.8715043546875 0.370997484375 0.87054018125 0.377242515625 0.8626532375 0.37853996093750003 0.8601994140624999 0.38198683906249997 0.8675014328125 0.4010736796875 0.879813934375 0.396004996875 0.8912490484375001 0.42151274375 0.8983180515625 0.42136425781250003 0.9710392734375001 0.390127559375 0.9531200859375 0.3443840109375
0 0.20675287656250002 0.4489062265625 0.25137164843750004 0.46692627499999995 0.26716159687499996 0.4227382125 0.22254282343749998 0.40471816406250005 0.20675287656250002 0.4489062265625
0 0.72999410625 0.3374701140625 0.6999793703125 0.35762375 0.721798640625 0.390552875 0.7249241718749999 0.3910531109375 0.75263131875 0.3692502796875 0.72999410625 0.3374701140625
0 0.28768083906249997 0.4599388109375 0.28950634375 0.464710521875 0.3023443234375 0.4686850234375 0.3061415640625 0.4731323734375 0.2856335953125 0.5312838171875 0.283179771875 0.5347306953125 0.2700059375 0.5287826359375 0.2649520609375 0.5407724609375 0.2610519796875 0.553586884375 0.27619755 0.55921058125 0.2600717484375 0.6014250875 0.2492055046875 0.597126225 0.2464158265625 0.5985995453124999 0.2395798375 0.6179833593749999 0.252753671875 0.6239314171875 0.2387458375 0.660725490625 0.28730808125 0.678096815625 0.296495053125 0.6725278968749999 0.32250686875 0.68245045625 0.3428686078125 0.6293950828125 0.3316665078125 0.6231226640624999 0.33980252499999997 0.5994673749999999 0.321531421875 0.5933434421875 0.3180700359375 0.5908696499999999 0.3193700625 0.5865981765625 0.323795621875 0.5828269374999999 0.3540867640625 0.5940743312500001 0.3643407484375 0.5649986078125 0.3375109921875 0.5562250078125001 0.336985515625 0.5471818234375 0.3407393640625 0.539463471875 0.3446828375 0.53881475 0.3664153265625 0.547412475 0.37627400624999996 0.5457906671874999 0.38816387343750003 0.514417028125 0.37465418437500003 0.5064954140625 0.38279019999999997 0.48284012499999995 0.3645190984375 0.4767161921875 0.3584142671875 0.470619646875 0.362503971875 0.464874853125 0.39510270468750003 0.47777144062500004 0.40699257031249997 0.4463978015625 0.310686021875 0.41050619062499993 0.3046679734375 0.42874104687500003 0.29581685625 0.4362835234375 0.28768083906249997 0.4599388109375
0 0.39596403593749996 0.48878818281249997 0.44024695312500006 0.5048346734375 0.45637275468749994 0.46262016875 0.41175398281250003 0.4446001203125 0.39596403593749996 0.48878818281249997
0 0.7174004140625 0.44808298437499994 0.7251411265625001 0.4518816109375 0.7397178296875 0.436296421875 0.7390461203124999 0.432349309375 0.728326109375 0.4229543765625 0.7243826375 0.4236030984375 0.7098059328125 0.43918828750000005 0.7174004140625 0.44808298437499994
0 0.3771353375 0.556807409375 0.42175411093750004 0.5748274578125 0.43951579374999994 0.5303150343749999 0.3948970234375 0.5122949859375 0.3771353375 0.556807409375
0 1 0.4592667265625 0.9949170625000001 0.447063725 0.9901556484375 0.44886140625 0.9866942625 0.4463876125 0.9757412375 0.41775735 0.8984048328125 0.44569565781250003 0.8959510109375 0.44914253437499996 0.8972944296875 0.45703675937500005 0.91521361875 0.5027803093750001 0.9600380718749999 0.4862768125 0.97613175625 0.5272486515625 0.9851724953125001 0.5267758046875 1 0.520233746875 1 0.4592667265625
0 0.51092093125 0.5449429828125 0.5575114390625 0.56263866875 0.5729655328125001 0.51647705 0.5267108781250001 0.5007549203125 0.51092093125 0.5449429828125
0 0.5760750046875 0.5585704578125 0.6203579218749999 0.57461695 0.6345119875 0.5327268046875 0.590564925 0.51865386875 0.5760750046875 0.5585704578125
0 0.40795195624999997 0.5770979875 0.3674662796875 0.5654988453125 0.35364806875 0.6093625453125 0.399902721875 0.6250846765625 0.41372093281250005 0.581220975 0.40795195624999997 0.5770979875
0 0.5950724796875 0.6761592484375 0.5959338125 0.6871759890625 0.6165125046875 0.6949491171875 0.6246919140625 0.683459528125 0.661569971875 0.69768095 0.6650313578125 0.7001547421875001 0.6607954234375 0.7109956093750001 0.6794023796875 0.7190930984375 0.6856100515625 0.7079278703125 0.6895535234375 0.7072791484375001 0.7241239921875 0.719851375 0.74222153125 0.6773125078125 0.741549821875 0.6733653937499999 0.7346270500000001 0.6684178078125 0.7456989765625 0.6381931265625 0.6944932859375 0.6171990515625 0.6859780234375 0.6267150828125 0.666217271875 0.617792996875 0.6544736359375001 0.644070565625 0.6439432484375 0.6417452578125 0.6567972859375 0.6041265874999999 0.6256882046875 0.594028153125 0.6159163046875 0.6199813609375 0.605385915625 0.6176560546875 0.6012528203125 0.61123515 0.610688865625 0.5833083859375 0.5792439265625 0.57123639375 0.5714003734374999 0.5846995390624999 0.5457244140624999 0.5767505374999999 0.5339807796875 0.60302810625 0.5259042109375 0.5972559234375 0.5386120187500001 0.564733325 0.5091388171875 0.552336971875 0.47313336250000004 0.6444843359375 0.49371205625 0.6522574624999999 0.5001093515624999 0.6481618640625 0.5018914640625 0.6407678734375 0.5950724796875 0.6761592484375
0 0.687207328125 0.5565190375 0.6429244109375001 0.5404725453125 0.6251627265625 0.58498496875 0.671753234375 0.60268065625 0.686579009375 0.5647376234375 0.687207328125 0.5565190375
0 0.6919960734374999 0.608480228125 0.736278990625 0.6245267203125 0.7520689375 0.58033865625 0.7058142843749999 0.5646165265625 0.6919960734374999 0.608480228125
0 0.3325117796875 0.6757325765625 0.37645884375 0.6898055125 0.39224879218750003 0.64561745 0.3459941375 0.6298953203125001 0.3325117796875 0.6757325765625
0 0.76664085625 0.7016986843749999 0.75216699375 0.7000221015625 0.7440309765625 0.723677390625 0.7548972218750001 0.727976253125 0.7555689296875 0.7319233656249999 0.7444970046875 0.7621480468749999 0.740071446875 0.765919284375 0.7315127921875 0.76326961875 0.7248230343750001 0.7775573609374999 0.722558834375 0.788073865625 0.7353968140625 0.7920483671875 0.7213889796874999 0.828842440625 0.7788457328125 0.8508369890624999 0.78606096875 0.8455924328125001 0.80779345625 0.8541901562499999 0.825701371875 0.8045816609375 0.8131831859374999 0.8441738890625 0.859437840625 0.85989601875 0.874891934375 0.8137344000000001 0.8204144812499999 0.7973361578125 0.8169530953124999 0.7948623640625 0.8250891125 0.7712070765625 0.7990772984375 0.7612845171875 0.8048028828125 0.753241803125 0.8350940250000001 0.7644891968749999 0.8395195828125 0.7607179609375 0.846983890625 0.7331155578125 0.8209720765625 0.7231929984375001 0.823236275 0.71267649375 0.827661834375 0.7089052546875 0.8579529765625 0.7201526484375 0.8711428703124999 0.6845075328125 0.857969034375 0.6785594765625 0.8572973265625 0.6746123640625 0.8657691968749999 0.6529306296875 0.84172911875 0.6426837109375 0.842693290625 0.636438678125 0.8474547046875 0.6346409984375 0.8797175828125001 0.6455640296875 0.88997156875 0.6164883062500001 0.8022236734374999 0.583246365625 0.7940008749999999 0.582570253125 0.78634694375 0.6031030265624999 0.7978848968750001 0.611349003125 0.76664085625 0.7016986843749999
0 0.09084956875 0.7266457625 0.0883957484375 0.7300926390625 0.06755192343750001 0.786270528125 0.08072575781249999 0.792218584375 0.08043329375 0.8024107296875 0.075861503125 0.8112780390625 0.081966334375 0.8173745828125 0.12312372187500001 0.8329208390625 0.137467409375 0.798100321875 0.1545847171875 0.8033996578125 0.1583819578125 0.8078470062499999 0.1443741234375 0.8446410796875 0.1758190609375 0.8567130703125001 0.1813550234375 0.8416007296875 0.20472339375 0.8479005374999999 0.2144952921875 0.82194733125 0.2222360046875 0.8257459578124999 0.22290771406249998 0.8296930703125 0.2121716421875 0.8618913078125001 0.29333261875 0.892159221875 0.2980940328125 0.890361540625 0.301512028125 0.8806696328125 0.327523840625 0.8905921921875001 0.3420137640625 0.8506756031249999 0.351054503125 0.8502027546875001 0.3499440984375 0.8615438578125 0.3346362375 0.9026094062500001 0.3637735828125 0.9130322 0.395207246875 0.829752146875 0.39468177031249996 0.8207089609375 0.37294928125000004 0.8121112374999999 0.3647698734375 0.8236008265624999 0.33447873125 0.8123534328125 0.32673801875 0.8085548062499999 0.3290022171875 0.7980383015625 0.309241465625 0.789116215625 0.3093876984375 0.7840201421875 0.27909655624999996 0.77277275 0.27385305625 0.7776929453125 0.24784124218749998 0.7677703874999999 0.24196942500000002 0.7809091718750001 0.20739895625 0.76833694375 0.20441965624999997 0.7627406359375 0.183023021875 0.7561164671875 0.1824975453125 0.7470732828125 0.1747568328125 0.74327465625 0.1642264421875 0.74094935 0.1624443296875 0.7483433390625 0.158018771875 0.752114578125 0.1522497953125 0.747991590625 0.1548498484375 0.739448640625 0.150716753125 0.7330277359374999 0.10758763125 0.7178058421875 0.1017158140625 0.730944625 0.09084956875 0.7266457625
0 0.88091476875 0.6585543281249999 0.9291411593750001 0.6739520953125 0.9429593703125001 0.6300883953125 0.8967047156250001 0.6143662640625001 0.88091476875 0.6585543281249999
0 0.6376986734375001 0.873042046875 0.6620633328125 0.7899104796875001 0.6676426875 0.7869638390625 0.670242740625 0.778420890625 0.6636558234375001 0.7754468609375 0.6665917328125001 0.7688774703125001 0.6627944921875 0.7644301203125 0.6173577781249999 0.74755903125 0.61115010625 0.7587242578125 0.5808589640624999 0.747476865625 0.573979584375 0.7546949796875 0.5282070171875 0.735850334375 0.5088094515625 0.7826606765624999 0.5557358140625 0.8023299187499999 0.5603076031249999 0.7934626109375 0.554625409375 0.8136710218750001 0.5483743453125001 0.81267055 0.5513102546875001 0.8061011578124999 0.545541278125 0.8019781703125 0.5020763015624999 0.78478271875 0.483014590625 0.8335666171874999 0.5319126890625 0.8529114999999999 0.5436563234375 0.82663393125 0.5363382484375 0.8491402625 0.552155528125 0.8587110718750001 0.542719484375 0.886637834375 0.5320428625 0.8894086015625 0.536760884375 0.87544521875 0.5332994984375 0.8729714265625 0.48786278593750004 0.8561003359375 0.483437228125 0.8598715734375 0.46976524687500004 0.8986392046875 0.5206350828125 0.917659725 0.5248710187500001 0.906818859375 0.5221247328125 0.9204578781249999 0.5306833859375 0.923107546875 0.53135509375 0.927054659375 0.5292371265625 0.9324750937499999 0.520678475 0.929825425 0.5159170609375 0.93162310625 0.5009450531249999 0.9746622109375 0.511811296875 0.9789610734374999 0.5047114765625 0.997131371875 0.5509869046875 0.9968621484375 0.6085131500000001 0.98739876875 0.5953393140625 0.981450709375 0.59466760625 0.977503596875 0.604921590625 0.9484278749999999 0.6197313062500001 0.9520780156249999 0.6247851828125001 0.9400881906249999 0.6286852656249999 0.9272737671875 0.6135396937500001 0.921650071875 0.622011565625 0.8999683375 0.6244653890625 0.8965214609375 0.6295626546875 0.8966973375 0.627547528125 0.8848559968749999 0.633944821875 0.8807603984375 0.6376986734375001 0.873042046875
0 0.8864346718749999 0.6850351578125 0.8782118734375001 0.684359046875 0.8624219265624999 0.7285471109375 0.90670484375 0.744593603125 0.9244665265625001 0.700081178125 0.8864346718749999 0.6850351578125
0 0.0989647421875 0.8815288625000001 0.11639057187499999 0.8350428828125 0.07013591875 0.8193207515625 0.05915160781249999 0.850060275 0.061963809375 0.8665854078124999 0.0989647421875 0.8815288625000001
0 0.169421765625 0.8608086703125 0.12480299375 0.842788621875 0.10737716562499999 0.8892746031250001 0.1519959359375 0.9072946515625 0.170093475 0.8647557828125001 0.169421765625 0.8608086703125
0 0.8385988015624999 0.7791286890625 0.8828817203125 0.7951751812500001 0.8986716671874999 0.75098711875 0.8543887484375 0.734940628125 0.8385988015624999 0.7791286890625
0 0.20115916562499997 0.8626885171875 0.188657040625 0.860687571875 0.1748388296875 0.9045512734375001 0.21912174687500002 0.9205977656250001 0.23491169374999998 0.876409703125 0.20115916562499997 0.8626885171875
0 0.2951581234375 0.8969309328125 0.252846940625 0.880560078125 0.2354211140625 0.9270460593750001 0.2797040296875 0.9430925515625 0.293229778125 0.9094209937500001 0.2951581234375 0.8969309328125
0 0.29864684218750004 0.9531635968750001 0.3465373765625 0.9665878109375001 0.3619914703125 0.920426190625 0.31376508125 0.9050284203125001 0.29864684218750004 0.9531635968750001
0 0.7055829734375 0.9146236765625 0.70312915 0.9180705515625001 0.69572429375 0.91624548125 0.6867703359374999 0.9410497296875 0.675904090625 0.9367508671874999 0.67345026875 0.94019774375 0.6695501875 0.9530121656249999 0.6804164312500001 0.9573110296875 0.67815223125 0.9678275328125 0.6753625546875 0.9693008546874999 0.6621887203125 0.963352796875 0.657017859375 0.9794194781250001 0.7782184390625 0.9594813234374999 0.7823183921875 0.9486628265625001 0.7671728203125 0.9430391312499999 0.7749729828125 0.9174102843749999 0.752422553125 0.9099615171875 0.75059705 0.9051898078124999 0.75699434375 0.901094209375 0.7872854859375 0.9123416015625001 0.799175353125 0.8809679609375 0.716042640625 0.851024409375 0.704488628125 0.8843716046875001 0.7063141328125 0.889143315625 0.713718990625 0.8909683859375 0.7086651140625 0.9029582109375 0.7015961109375 0.903106696875 0.69899605625 0.911649646875 0.7055829734375 0.9146236765625
0 0.449257278125 0.95679065 0.497819521875 0.9741619734375 0.5113018796875 0.9283247156250001 0.465047225 0.9126025859375 0.449257278125 0.95679065
0 0.8019650296874999 0.8794946421875001 0.7871392546875 0.9174376734375 0.7865109359375 0.9256562609375001 0.8331014453125001 0.9433519484374999 0.8505272749999999 0.8968659671875001 0.8019650296874999 0.8794946421875001
0 0.43929575625000006 0.9756742265625 0.4328615 0.9975493828124999 0.4816841140625 0.997265340625 0.48357867343749994 0.9917207187500001 0.43929575625000006 0.9756742265625