0 0.33070155625000003 0.001923965625 0.3317200390625 0.0037651015625 0.410644528125 0.055011624999999995 0.4440172984375 0.0025832171875 0.33070155625000003 0.001923965625
0 0.5362421609375 0.0041761937499999995 0.5690106171875 0.0258699578125 0.5811604953125 0.009164729687500001 0.5362421609375 0.0041761937499999995
0 0.726070359375 0.0624292828125 0.7482666921875001 0.027723190624999998 0.698573421875 0.0222043609375 0.6872885 0.0400676828125 0.719783615625 0.0617310890625 0.726070359375 0.0624292828125
0 0.98238766875 0.053724171875000004 0.9481715140625001 0.0499241984375 0.935492428125 0.0686947203125 0.9008479296875 0.044668540625 0.8701313 0.0412572171875 0.8464438234375 0.0768597375 0.8561869140624999 0.0843139859375 0.8531115796875 0.09246871250000001 0.8756186671874999 0.1087747375 0.8828851640625001 0.10108547187500001 0.9202518296875001 0.1264760015625 0.912005578125 0.1425527265625 0.9730495890625 0.18331721406249998 0.998366771875 0.14617708437500002 0.9993047171875 0.06557035 0.98238766875 0.053724171875000004
0 0.27116589375 0.0405834546875 0.2502372921875 0.0743683046875 0.36005119531249996 0.142851775 0.4108350359375 0.062467014062500006 0.33308080625 0.010288425 0.317341628125 0.0018462390625 0.298006153125 0.0017337484375 0.2890191625 0.014953331249999998 0.2901349921875 0.0235735203125 0.2797931578125 0.0394175140625 0.27628237968749997 0.042213715624999995 0.27116589375 0.0405834546875
0 0.7611509359374999 0.0801316921875 0.7326020421874999 0.06103061093749999 0.7185044921875 0.0817676671875 0.7449578046875 0.1006360171875 0.7611509359374999 0.0801316921875
0 0.57701191875 0.0936666703125 0.5292217796875 0.0575602296875 0.49517538125 0.103694678125 0.5429655203125 0.1398011203125 0.57701191875 0.0936666703125
0 0.0375988609375 0.10472373593749999 0.072602746875 0.0503924546875 0.0459394890625 0.033321415625 0.0375988609375 0.10472373593749999
0 0.801729009375 0.1143751421875 0.7747858203125 0.099700521875 0.7627838515625001 0.120670309375 0.787631459375 0.1351122 0.801729009375 0.1143751421875
0 0.8034707796875 0.21758582031249998 0.7164089 0.16331150781249998 0.680892871875 0.22202714375000002 0.7728262953125 0.2800285796875 0.7960954171875 0.244379596875 0.819772765625 0.25975355312500004 0.8310399187499999 0.245074359375 0.8064372499999999 0.2285356046875 0.8034707796875 0.21758582031249998
0 0.8969282656249999 0.2534538140625 0.8514242140625001 0.22503549375 0.8269848296875001 0.26161654375 0.8295158562499999 0.2672078015625 0.8462260765625 0.2786219046875 0.83588424375 0.2944658953125 0.8456273359375001 0.30192014375 0.8347956265625 0.321957865625 0.8573027140624999 0.3382638890625 0.87061101875 0.33336968125 0.8843003359375 0.3433862546875 0.8905870796875 0.344084446875 0.9060998281250001 0.32031845937500003 0.9179385 0.3280054375 0.9232999234375001 0.32753883125 0.94164306875 0.2977149828125 0.9412076234375 0.29235645312499997 0.9263480484375 0.283271946875 0.9348392359375 0.265098359375 0.9041947625000001 0.2457645484375 0.8969282656249999 0.2534538140625
0 0.22941753281250002 0.252601784375 0.297673609375 0.2952292640625 0.3301143046875 0.2446683546875 0.33572066562499997 0.2421048859375 0.34570869531250004 0.24746226875000002 0.3551252078125 0.23045347968750002 0.339340309375 0.22020417499999997 0.347341621875 0.20622431406250002 0.34481059687500004 0.20063305781250002 0.2853722890625 0.1642950296875 0.22941753281250002 0.252601784375
0 0.541332584375 0.26281564375 0.586836634375 0.2912339640625 0.613861475 0.250691915625 0.5634858781250001 0.2185464734375 0.5367059765625 0.2569916546875 0.541332584375 0.26281564375
0 0.1689450421875 0.23420347187499999 0.15884814687499998 0.24795060000000002 0.1537316625 0.246320340625 0.1257815 0.2856975890625 0.207237015625 0.3425353703125 0.222504828125 0.3208662484375 0.2403853078125 0.3313482828125 0.254727796875 0.3085143609375 0.237092253125 0.295935459375 0.2443587515625 0.2882461953125 0.2436783703125 0.28498453281249997 0.1689450421875 0.23420347187499999
0 0.8924105015625001 0.39207845625000004 0.8898794750000001 0.38648720000000003 0.7838212890625 0.3131106640625 0.7607971046875 0.34666278125 0.7419913031250001 0.33501594843750004 0.7189671203125 0.368568065625 0.721743084375 0.3720624609375 0.7356773390625 0.37998217031250003 0.738453303125 0.3834765625 0.7358678453125 0.3874375609375 0.7404944546875 0.3932615484375 0.7660224437500001 0.41096510156250005 0.7767452890625 0.410031890625 0.845436809375 0.45801789531250003 0.8924105015625001 0.39207845625000004
0 0.6891663140625 0.405615721875 0.6545756140625001 0.3837195828125 0.640478065625 0.40445664218750005 0.6771643453125 0.426585509375 0.6891663140625 0.405615721875
0 0.767111040625 0.547026275 0.7789497140625 0.554713253125 0.8165613265625 0.49623035 0.806382790625 0.4834175734375 0.7687711859374999 0.4601239078125 0.7661857296875 0.46408490625 0.7522514734375 0.45616519687499996 0.7529862890625 0.44987460468749996 0.7074822375 0.42145628437499993 0.6879688328125 0.45221220312500005 0.7353235265625 0.4829601171875 0.7143949234375 0.5167449656249999 0.7332007265625 0.5283918 0.7345614921875 0.5349151234375 0.7582388390625 0.55028908125 0.767111040625 0.547026275
0 0.45829854687499993 0.4829932765625 0.5411692593749999 0.536802125 0.551021215625 0.5251518625 0.6615155015624999 0.5968969953125 0.6530243140625 0.6150705828125 0.7379906078125 0.6691121640625 0.7699414265625 0.6227449843749999 0.694037840625 0.5728959890625 0.6933574578125 0.5696343265625 0.7008688937499999 0.5598481984375 0.7004334484375 0.5544896703125 0.5741542640625 0.47249523125000004 0.566642828125 0.48228136250000003 0.5624516640625 0.4818159015625 0.48956898125 0.43336443437499994 0.48396262031250004 0.43592790312499996 0.4555225796875 0.47949888281249997 0.45829854687499993 0.4829932765625
0 0.21589148281249998 0.45925815937500003 0.149975925 0.414766546875 0.1260264203125 0.4471538671875 0.1919419765625 0.49164547968749994 0.21589148281249998 0.45925815937500003
0 0.00031874375 0.469302175 0.058586790624999996 0.5065722703125 0.0715140828125 0.48676727968750005 0.07965146875 0.4897950671875 0.086428090625 0.48629953125 0.1101054359375 0.5016734890625 0.1291289671875 0.4751113 0.0237511640625 0.40499642500000005 0.002142175 0.4355196140625 0.0137359125 0.44530345625 0.00031874375 0.469302175
0 0.397962128125 0.48160260781249997 0.359180265625 0.459241009375 0.33400606875 0.502112653125 0.37278793125 0.52447425 0.397962128125 0.48160260781249997
0 0.20212051406249998 0.5044582546874999 0.248304946875 0.5361382359375 0.2753297890625 0.4955961875 0.2349422234375 0.46880812812499995 0.2302611828125 0.472536396875 0.226314959375 0.46997407031250005 0.20212051406249998 0.5044582546874999
0 0.51400834375 0.5603365265625 0.489405675 0.543797771875 0.4626257734375 0.58224295625 0.4893240234375 0.599014440625 0.51400834375 0.5603365265625
0 0 0.61072548125 0.1473632171875 0.7097216734375 0.1896558703125 0.647510503125 0.1889754859375 0.644248840625 0 0.51738006875 0 0.61072548125
0 0.21896679843750003 0.6146565749999999 0.198065415625 0.6027770125 0.1811374703125 0.62957193125 0.20413443281250002 0.6416842265625 0.21896679843750003 0.6146565749999999
0 0.29628558437499997 0.6614766375000001 0.306382478125 0.6477295109375001 0.30570209375 0.6444678500000001 0.2683354296875 0.6190773203125 0.2627290703125 0.6216407875 0.20892432656249998 0.7006280203124999 0.211455353125 0.7062192765625 0.24092956718749997 0.72648515625 0.25829295937499996 0.7050487624999999 0.293564040625 0.7302065625 0.3255148609375 0.68383938125 0.315091384375 0.6731234734375 0.29628558437499997 0.6614766375000001
0 0.3387415109375 0.7341618453125001 0.3382516328125 0.738355571875 0.344048503125 0.74324749375 0.320779378125 0.778896478125 0.3887905171875 0.8236208203125001 0.43625408437499996 0.7534876515625 0.4323078609375 0.7509253234375 0.4452351515625 0.7311203359375 0.400901359375 0.7017699484375 0.38821900781249996 0.7194780749999999 0.3605954359375 0.7015417921875 0.3387415109375 0.7341618453125001
0 0.5702352203125 0.7513747796875 0.5553756453124999 0.742290271875 0.5438635515625 0.75906633125 0.5587231296875 0.7681508390625 0.5702352203125 0.7513747796875
0 0.9392117171875001 1 0.948231475 0.9227837953125 0.9181289390625 0.9078968296875001 0.878802759375 0.9810577859375 0.91553183125 1 0.9392117171875001 1
0 0.6733072828125 1 0.6856554671875 0.9808479234374999 0.5403255421875001 0.8893035156250001 0.49520249375000003 0.9575725515625001 0.560938315625 1 0.6733072828125 1
0 0.0923882046875 0.87141754375 0.089122365625 0.8721168796875001 0.08487676875 0.8812036750000001 0.0669962890625 0.8707216390625 0.054068996875 0.890526628125 0.04827213125 0.88563470625 0.0447613515625 0.8884309078125 0.0050704875 0.9519930625 0.08534892968749999 0.9609086171874999 0.1083908203125 0.9252343984375001 0.107030053125 0.9187110734375 0.12254280312500002 0.894945084375 0.1221073578125 0.8895865593750001 0.0923882046875 0.87141754375
0 0.1755540953125 0.9709266124999999 0.18791405 0.95318268125 0.17120383125 0.941768578125 0.168427865625 0.9382741843750001 0.171013325 0.9343131890624999 0.16058984999999998 0.9235972765625 0.145430903125 0.926161890625 0.12964600312500002 0.9159125859374999 0.09888805625 0.96241224375 0.1755540953125 0.9709266124999999