0 0.7868380765625 0.031464375 0.8192364281250001 0.1104915921875 0.9317805328125001 0.0646821390625 0.9334151171875 0.059742484375 0.9288712406249999 0.0489038546875 0.8505961 0.039292875 0.8484461390625 0.0400569640625 0.8479628140625 0.0389695484375 0.7868380765625 0.031464375
0 0.6822134421875 0.018618084375 0.706512821875 0.07403330625 0.77264623125 0.046170974999999996 0.7649130343749999 0.0287723171875 0.6822134421875 0.018618084375
0 0.6139760484375001 0.12435549531250001 0.6592495828125 0.10729681875 0.660635453125 0.10438276875000001 0.6258861171875 0.011701959375 0.5887475703125 0.007141918749999999 0.5898085109375 0.0113844703125 0.57374598125 0.0166087375 0.5700857921875 0.02129968125 0.5963135390625001 0.0923727453125 0.6023903515625 0.093118884375 0.6139760484375001 0.12435549531250001
0 0.49531793437499994 0.0943650421875 0.5163214125 0.149375578125 0.549583628125 0.138038596875 0.5373582015625 0.103639221875 0.5513951234375 0.0981662421875 0.55732963125 0.09169840781250001 0.5306044578125 0.0246765515625 0.5241366234375 0.0187420453125 0.485437328125 0.0324956515625 0.48913341718750003 0.044258259375 0.47193373125000004 0.0503709734375 0.4859360515625 0.0870446640625 0.49112441875 0.08665364375 0.49531793437499994 0.0943650421875
0 0.4059426265625 0.0854472765625 0.4054452015625 0.08949848593750001 0.4011452796875 0.0910266640625 0.4034554984375 0.1057033203125 0.405872121875 0.1111404015625 0.41536041093750004 0.10922120312500001 0.43639979218749997 0.18068528749999999 0.4863642671875 0.1672868 0.4700517296875 0.11593645156250001 0.47054915625 0.11188524375 0.4771233953125 0.1085801734375 0.45686605468749997 0.0474928234375 0.441940684375 0.051828646874999995 0.4383869015625 0.0472800109375 0.42573584999999997 0.049838943749999996 0.41802445156249995 0.054032457812500004 0.41614115468749996 0.0609977171875 0.400078628125 0.0662219859375 0.4059426265625 0.0854472765625
0 0.605088846875 0.644338084375 0.46890405 0.2965777515625 0.46279133593750005 0.2793780640625 0.467837396875 0.2717730734375 0.463252859375 0.2588733078125 0.3835747671875 0.0537565296875 0.3788838234375 0.0500963421875 0.3313359734375 0.068931909375 0.32995009999999997 0.071845959375 0.3739826640625 0.182115746875 0.37654159531250003 0.1947667984375 0.3217797703125 0.2137446734375 0.28627654687500004 0.12611165468750002 0.22932128125 0.5899750609375001 0.25604645625 0.656996915625 0.2471978984375 0.662078878125 0.2515337203125 0.6770042468749999 0.25903230625 0.6912898843749999 0.2685205953125 0.689370684375 0.28429980781249997 0.72831869375 0.273425646875 0.7331519421875 0.2792896484375 0.752377234375 0.2834831640625 0.76008863125 0.2970226625 0.758666859375 0.31102498125 0.7953405499999999 0.3016789984375 0.8044737187500001 0.33540533125 0.889832421875 0.38067886562500003 0.8727737453125 0.386151846875 0.8868106687499999 0.391091503125 0.888445253125 0.4117026640625 0.8796672031250001 0.40647839531249996 0.863604675 0.5110623890625 0.824014340625 0.4769450359375 0.7334672703125 0.47200538124999997 0.7318326859375001 0.43735729531249995 0.74608371875 0.4275484921875 0.717121425 0.6011799453125 0.65105463125 0.605088846875 0.644338084375
0 1 0.3117699921875 0.9542070812500001 0.19183239531250001 0.941875246875 0.166672596875 0.7390327859375 0.2445738 0.7310726765625 0.25079291875 0.896541578125 0.6782261609375 0.8661934125 0.690949015625 0.8983915671875 0.7720077953125 0.9740614421875 0.7418339125 1 0.530581309375 1 0.3117699921875
0 0.617886246875 0.17623916875 0.638497409375 0.16746111875 0.6253835359375 0.1319245859375 0.6050210859375 0.1386770328125 0.617886246875 0.17623916875
0 0.5655410468750001 0.20065412500000002 0.611951740625 0.182707003125 0.5952840828125 0.142621834375 0.55089899375 0.160817671875 0.5655410468750001 0.20065412500000002
0 0.46664284843750004 0.23580222968750003 0.5128048265625 0.2198807109375 0.496634596875 0.1757443359375 0.45047261718750004 0.1916658546875 0.46664284843750004 0.23580222968750003
0 0.6278066421874999 0.43036276874999996 0.6676430953125 0.415720715625 0.6588650453125 0.395109553125 0.6190285921875 0.40975160624999996 0.6278066421874999 0.43036276874999996
0 0.5143341515625 0.931335471875 0.49713446406250006 0.9374481859375001 0.5107457640625 0.9689335109374999 0.7626642546875 0.8764966609375 0.7660757312500001 0.8738313234374999 0.7520734109375 0.8371576328125 0.8018955796875 0.8165451734375001 0.6912628953125 0.52024159375 0.6568635234375 0.532467021875 0.661839078125 0.5505551546875 0.624028228125 0.5654459203125 0.6203680390625 0.5701368625 0.7133023140625 0.8180041421875 0.50324588125 0.896047653125 0.5143341515625 0.931335471875