0 0.34415584374999997 0.9341449453124999 0.34090909062499997 0.9677136187500001 0.3365800859375 0.96990330625 0.33589378124999997 0.9980458265625 0.4456947171875 0.9974070234375001 0.44805194843749996 0.9400340015624999 0.34415584374999997 0.9341449453124999
0 0.7272727265625 0.890790496875 0.7229437234375 0.8973091875 0.70562770625 0.8952454281250001 0.702380953125 0.8985110703125001 0.702380953125 0.9331431046875001 0.6980519484375 0.9353327921875 0.6958874453125 0.9569904062499999 0.6958874453125 0.9613194109375 0.70021645 0.9634587265624999 0.70021645 0.9959262593749999 0.7828070625 0.9954457624999999 0.7867965375 0.8936909500000001 0.7272727265625 0.890790496875
0 0.8950216453125 0.9796414 0.89935065 0.8757201125 0.8874458875 0.87254261875 0.8203463203125001 0.8707684890625 0.8192640687500001 0.8978310640625 0.8170995671875 0.9065016640625 0.8106060609375 0.9087039453125 0.8084415578125 0.9217035515625 0.8062770562500001 0.97149969375 0.822510821875 0.9724874984375 0.8333333328125001 0.98108254375 0.8549783546875 0.9809566171874999 0.859307359375 0.9895894406249999 0.8917748921875001 0.98940055 0.8950216453125 0.9796414
0 0.5119047625 0.9861993140624999 0.5670995671875 0.989124953125 0.5703463203125 0.9360757609375 0.5151515156250001 0.933150121875 0.5119047625 0.9861993140624999
0 0.021645021875 0.9749822984375 0.103896103125 0.98099728125 0.1352813859375 0.9797324375 0.1352813859375 0.9537584109375 0.1385281390625 0.9483282656249999 0.1482683984375 0.9471893484375 0.14935065 0.904975259375 0.025974026562500002 0.8991995375 0.021645021875 0.9749822984375
0 0.45238095312500004 0.9140347921875 0.490259740625 0.9127321671875 0.4924242421875 0.8737585359375 0.46428571406249997 0.8695932359375 0.46536796562499994 0.8403661625 0.35064934999999997 0.8345400671875 0.3495671 0.8572736375 0.34740259687499997 0.8637797359375 0.34090909062499997 0.86814651875 0.3419913421875 0.9081835140625 0.45238095312500004 0.9140347921875
0 0.7251082249999999 0.8843095828124999 0.7889610390625 0.8850203484374999 0.790043290625 0.8319837484375 0.7272727265625 0.8301844359375 0.7251082249999999 0.8843095828124999
0 0.5303030296875 0.8464818875000001 0.5551948046875 0.8452548203125 0.5541125546875 0.8246983453125001 0.5303030296875 0.8248368656249999 0.5303030296875 0.8464818875000001
0 0.0735930734375 0.8469744453124999 0.075757575 0.8404683453124999 0.0952380953125 0.8403550109375001 0.1450216453125 0.844394384375 0.1482683984375 0.823812725 0.16558441562499998 0.8215474796875 0.1666666671875 0.766346378125 0.1233766234375 0.76443373125 0.121212121875 0.7709398296875001 0.10173160156250001 0.7688886609375001 0.09956709999999999 0.7753947625000001 0.09307359375 0.775432540625 0.09307359375 0.7472940125 0.05627705625 0.745343584375 0.0519480515625 0.7735072984375 0.024891774999999998 0.7725824578125 0.0227272734375 0.8115560875 0.040043290625 0.8136198484375001 0.0389610390625 0.8450114265625001 0.0735930734375 0.8469744453124999
0 0.3318376625 0.7911928015624999 0.45088528125 0.7969937093749999 0.454132034375 0.7785765515625 0.467119046875 0.7785009953124999 0.46928355 0.7503498734375 0.4562965375 0.748260928125 0.4552142859375 0.7277044546875 0.3361666671875 0.7219035468749999 0.3318376625 0.7911928015624999
0 0.028138528125 0.752000796875 0.0270562765625 0.768240859375 0.0303030296875 0.7714687234375 0.0487012984375 0.770279434375 0.047619046875 0.754051965625 0.028138528125 0.752000796875
0 0.8138528140625001 0.7084686046875001 0.8106060609375 0.7117342484375 0.8084415578125 0.7572013875 0.852813853125 0.7601899890625 0.8582251078124999 0.7136217109375 0.8138528140625001 0.7084686046875001
0 0.7370129875 0.6948463828125 0.7348484843749999 0.746807028125 0.7445887453125 0.7499971140625 0.7987012984375 0.7518467984375 0.8041125546875 0.69229150625 0.740259740625 0.6872517375 0.7370129875 0.6948463828125
0 0.46536796562499994 0.7234830453125001 0.50649350625 0.7275727875 0.5108225109375 0.734041109375 0.5173160171875 0.7340033312500001 0.51948051875 0.72749723125 0.5335497828125 0.7284976296875 0.5346320343750001 0.7035995578125 0.46753246718749997 0.697496425 0.46536796562499994 0.7234830453125001
0 0.15584415625 0.7058032812499999 0.15909090937499998 0.6765636140625 0.1731601734375 0.675399509375 0.1764069265625 0.6678048624999999 0.17532467499999999 0.6320968734375 0.0324675328125 0.6242699843749999 0.03138528125 0.6664840734374999 0.0508658015625 0.668535240625 0.0487012984375 0.701015365625 0.05627705625 0.70421804375 0.15584415625 0.7058032812499999
0 0.8452380953124999 0.6509267046875 0.8474025968750001 0.616282078125 0.84415584375 0.6130542125 0.7510822515625 0.6071021921875001 0.7478354984375 0.627683853125 0.7316017312499999 0.6288605484375 0.7283549781249999 0.6342906937499999 0.7294372296875 0.6483536609375 0.7478354984375 0.6514933765625 0.746753246875 0.68504945625 0.8398268390625001 0.691001475 0.84415584375 0.6823182828125 0.8603896109375 0.6833060890625 0.8625541125 0.6529904640625 0.8452380953124999 0.6509267046875
0 0.375541125 0.6450013125 0.3582251078125 0.6451020546875 0.3571428578125 0.685151640625 0.3701298703125 0.685076084375 0.374458875 0.69154440625 0.4112554109375 0.69349483125 0.415584415625 0.6848116375 0.47402597343749997 0.6866361359375001 0.47835497812499994 0.67795294375 0.49891774843750003 0.6789155625000001 0.5 0.6237144609375 0.3766233765625 0.620103240625 0.375541125 0.6450013125
0 0.5822510828125 0.6708549875 0.60606060625 0.6707164671875 0.609307359375 0.665286321875 0.609307359375 0.6068447640625 0.60606060625 0.6036169 0.5519480515625 0.60393171875 0.5487012984375 0.6678034203125 0.553030303125 0.6699427375 0.553030303125 0.6872587546875 0.5800865796875 0.6903480984375 0.5822510828125 0.6708549875
0 1 0.547914253125 0.9913419906250001 0.54726284375 0.9880952375 0.611134546875 1 0.6119810375 1 0.547914253125
0 0.3900933375 0 0.37770995625000003 0.170962721875 0.3506536796875 0.17003787812499999 0.3474069265625 0.192784040625 0.3506536796875 0.19817640625 0.3755454546875 0.1991138421875 0.349571428125 0.560736815625 0.549787878125 0.5736412546875 0.5530346328125 0.5682111109375 0.5945933625000001 0 0.512178121875 0 0.5097445890625 0.005692401562499999 0.5043333328124999 0.013299640625000001 0.47835930781249997 0.01561525625 0.46861904687499994 0.0124251703125 0.4703120453125 0 0.3900933375 0
0 0.1482683984375 0.520782421875 0.14393939375 0.5164786015625 0.1450216453125 0.48725152656250004 0.034632034374999995 0.479235746875 0.0303030296875 0.557183009375 0.1417748921875 0.5619457406249999 0.1417748921875 0.5446297234374999 0.1482683984375 0.520782421875
0 0.9448051953125001 0.47935176874999996 0.9458874453125 0.4522891953125 0.9242424249999999 0.4524151234375 0.925324675 0.44266856718750003 0.9155844156249999 0.43947848125 0.8398268390625001 0.43775472187500003 0.8387445890624999 0.46698179843750004 0.8322510828125 0.46918407812499996 0.8322510828125 0.49299360312499996 0.8365800859375 0.49513291875 0.8354978359375 0.5286889984375 0.9372294374999999 0.532426146875 0.9415584421875 0.523742953125 0.959956709375 0.5225536640625 0.9621212124999999 0.48141552968749995 0.9448051953125001 0.47935176874999996
0 0.077922078125 0.3491137625 0.04437229375 0.3482266984375 0.0378787875 0.4326800609375 0.1666666671875 0.441671053125 0.174242425 0.3561291453125 0.121212121875 0.3531909109375 0.11904761875 0.3358874875 0.0800865796875 0.3339496546875 0.077922078125 0.3491137625
0 0 0.42676767812499994 0.0238095234375 0.4273506578125 0.0270562765625 0.3699724609375 0 0.3676702078125 0 0.42676767812499994
0 1 0.301947321875 0.9761904765624999 0.30059774687499996 0.9729437234375 0.3384954234375 0.9556277062499999 0.33859616406250004 0.953463203125 0.36241828125 0.9729437234375 0.36446945 0.971861471875 0.3893675203125 1 0.389203815625 1 0.301947321875
0 0 0.32932263906250003 0.0129870125 0.3300110234375 0.016233765625 0.30077135625 0 0.299910875 0 0.32932263906250003
0 0.021645021875 0.32563164843750003 0.0790043296875 0.3263801921875 0.077922078125 0.30582371875000003 0.021645021875 0.303986628125 0.021645021875 0.32563164843750003
0 0.1428571421875 0.2231948546875 0.140692640625 0.210220434375 0.0541125546875 0.2063951390625 0.0508658015625 0.211825284375 0.0508658015625 0.2421283140625 0.04437229375 0.2508241015625 0.04329004375 0.295202690625 0.1764069265625 0.302003996875 0.17965367968749998 0.22514528125000002 0.1428571421875 0.2231948546875
0 1 0.149191446875 0.971861471875 0.14694327812500002 0.9696969703124999 0.1642718890625 0.9296536796874999 0.1634226015625 0.9285714281249999 0.20130768593749998 1 0.20382754687500002 1 0.149191446875
0 0.8549783546875 0.19524233124999998 0.8571428578125 0.1800782234375 0.8733766234375 0.178901528125 0.875541125 0.1464214015625 0.872294371875 0.1431935375 0.8603896109375 0.14218054687499998 0.859307359375 0.12595307656250002 0.81818181875 0.1240278359375 0.816017315625 0.1067244109375 0.790043290625 0.104711021875 0.7846320343750001 0.15777280625 0.7705627703125 0.1567724078125 0.7673160171875 0.16436705468749999 0.7673160171875 0.17951857031250001 0.7705627703125 0.182746434375 0.7813852812500001 0.1826834703125 0.7835497828125 0.1913288859375 0.8549783546875 0.19524233124999998
0 0 0.173409090625 0.011482684375 0.1733422859375 0.1889718609375 0.185296696875 0.21602813906249999 0.1840570375 0.2203571421875 0.1385773078125 0.2192748921875 0.10936282343749999 0 0.0964917625 0 0.173409090625
0 0.5313852812500001 0.031540525 0.5259740265625 0.0196672453125 0.4924242421875 0.0209446828125 0.483766234375 0.107575140625 0.51948051875 0.11061411406249999 0.5292207796875 0.0878301734375 0.5270562765625 0.046717226562500005 0.5313852812500001 0.031540525
0 0.8574547109375 0 0.8571428578125 0.013411557812499999 0.878787878125 0.015450131249999999 0.88095238125 0.008944032812499999 0.927489178125 0.011920043750000001 0.9282835390624999 0 0.8574547109375 0