0 0.6928187 0.962162328125 0.682059465625 0.953975615625 0.6764780171875 0.9560636328125 0.6496659171875 0.99237275625 0.7670151546875 0.9910072734375 0.7968605984375 0.9532145703125 0.7223427124999999 0.897089728125 0.6936281421875 0.9322553078125001 0.70757435625 0.9451706140624999 0.6928187 0.962162328125
0 0.1004942421875 0.9232335578124999 0.106868203125 0.9326907453125 0.2105000921875 0.95165031875 0.23203125781249997 0.9369345750000001 0.22127625625 0.9183848046875 0.2288527421875 0.9114798671875001 0.2013660953125 0.8681049765625 0.1750502265625 0.8860908875 0.1682768359375 0.8786333890625 0.1004942421875 0.9232335578124999
0 0.9009511781249999 0.82509165625 0.8061131156249999 0.7465943187499999 0.7530713671875 0.8104734718750001 0.7921224578125 0.8424911093749999 0.778562978125 0.8586652828125001 0.778560859375 0.8638468125 0.84988965 0.9204245875 0.8794030812500001 0.8812596296875 0.8535014593750001 0.8609751515624999 0.8531041453125001 0.8577933124999999 0.8622762375 0.8480711421875 0.87104255 0.8558932499999999 0.87901635 0.852170146875 0.9009511781249999 0.82509165625
0 0.24845447968749998 0.7409536609375 0.25044316875 0.7516813250000001 0.22493039375 0.7553048 0.226511184375 0.7887582656250001 0.2332866921875 0.7910342375 0.25242127187499996 0.7883166312500001 0.2552045890625 0.805407971875 0.3413080859375 0.798360278125 0.34052827343750003 0.7557259015625 0.33335545 0.7502680921875 0.333363915625 0.7295419796875 0.3285813296875 0.7276306171875 0.3030685546875 0.731254090625 0.30187449375000003 0.7268901046875 0.2935033796875 0.727431365625 0.27875407343749997 0.7288784953125 0.2695840953125 0.7334191359375 0.25084894687500003 0.7341370515625 0.24845447968749998 0.7409536609375
0 0.7462725796874999 0.865194315625 0.7610155359374999 0.879291771875 0.7753717640625 0.8642997453125 0.7606288046875 0.850202290625 0.7462725796874999 0.865194315625
0 0.7423248328125001 0.771197590625 0.7666329640625 0.78911776875 0.7957469640625 0.751952503125 0.773831184375 0.7323972390625 0.7423248328125001 0.771197590625
0 0.426274665625 0.647047328125 0.4214941953125 0.6399544374999999 0.42429020937499995 0.62595660625 0.41352886250000004 0.6229514234375 0.3342072234375 0.6167305015625 0.329813484375 0.6387270921875 0.30430282656249996 0.6371690375 0.2999048546875 0.6695286828125 0.33099484375 0.67418025 0.332184671875 0.6889072921875 0.3620784859375 0.6943764015625 0.3764283625 0.6949289609375 0.3832059875 0.692023403125 0.41947799531249996 0.6965866421875 0.426274665625 0.647047328125
0 0 0.5021076890625 0.011766165625 0.5245752796875001 0.02572084375 0.5167644734375 0.029706685937499998 0.5174936890625 0.04524215625 0.5431363484375 0.09268764375 0.5176159124999999 0.03971361875 0.41568615624999994 0.018581884375 0.42840221093749997 0.0122079234375 0.41894502187500005 0.0028976078125 0.42418825625 0 0.43869469375000003 0 0.5021076890625
0 0.9492696015625001 0.6142183453125 0.9766867765624999 0.6372573046875 0.9908537265625 0.5663326046875 0.9492696015625001 0.6142183453125
0 0.4107942234375 0.486684928125 0.408389171875 0.51940918125 0.4358927515625 0.52133184375 0.435884284375 0.5420579578125 0.5235770390625001 0.547737615625 0.52917541875 0.5041973703125 0.5243949484375 0.49710448124999995 0.5259969046874999 0.4787426640625 0.517228475 0.476102084375 0.4231575296875 0.4713282953125 0.42115825781250005 0.4865082734375 0.4107942234375 0.486684928125
0 0.166542121875 0.2461223140625 0.15458459375 0.243934671875 0.1390385421875 0.244199653125 0.1358388640625 0.270560228125 0.117103715625 0.27127814375 0.10909816718750001 0.35272417031250003 0.111088971875 0.35827030625 0.15573209375 0.36229228281250003 0.1569303859375 0.35629321406250003 0.17925194687499998 0.358304203125 0.18483339375000002 0.35621618593750004 0.19484032812500002 0.254408653125 0.16773618125 0.25048630156249996 0.166542121875 0.2461223140625
0 0.61813630625 0.3328875234375 0.5651305375 0.3086806921875 0.5499712156250001 0.3380351546875 0.5455859453125 0.339305628125 0.5396029484375 0.3485748640625 0.532421659375 0.36384316875 0.5324174265625 0.374206228125 0.512471284375 0.4120123828125 0.5583021171875 0.43594293124999994 0.573858753125 0.409770309375 0.5870103375 0.4163219390625 0.590598865625 0.41386931562499996 0.626105875 0.33952747968749997 0.61813630625 0.3328875234375
0 0.89074799375 0.43147215 0.9142572640625 0.4533917109375 0.9306064125000001 0.43876429375 0.9055036515625 0.41448043749999997 0.89074799375 0.43147215
0 0.7317327984374999 0.3536701328125 0.7389077375 0.3539464109375 0.7584586796874999 0.3077768890625 0.7552716984375001 0.30304829375 0.7596633234375 0.286233234375 0.666004503125 0.24837058281250002 0.6600193921875 0.262821346875 0.648856496875 0.26699738125 0.637285703125 0.2938992171875 0.6600024624999999 0.3042735734375 0.6552114062500001 0.32308832656250003 0.672748265625 0.32836948125 0.6739423265625 0.3327334671875 0.691079753125 0.3400143109375 0.7014437874999999 0.3398376578125 0.7317327984374999 0.3536701328125
0 0.3088658828125 0.200650175 0.31325327187499996 0.19419816875 0.3184352890625 0.19410984375 0.31764489375 0.177383109375 0.3076802890625 0.1755600734375 0.304903321875 0.142924146875 0.285768740625 0.1456417515625 0.283780053125 0.1349140875 0.2486999875 0.13989636562500002 0.251479071875 0.1673507625 0.2319450609375 0.1720680578125 0.239880765625 0.2616124703125 0.2757575734375 0.2578123421875 0.2793461015625 0.25535971874999996 0.2793482171875 0.2501781890625 0.3140288515625 0.247195603125 0.3088658828125 0.200650175
0 0.405758240625 0.1292477953125 0.38706118749999996 0.036698196875 0.3850703828125 0.0311520625 0.38108454062499997 0.0304228484375 0.36992164375000003 0.034598881250000005 0.356770059375 0.028047253124999998 0.332850775 0.0340350234375 0.328862815625 0.0384873359375 0.33443368281249997 0.0623069609375 0.3168925921875 0.0673888640625 0.337584684375 0.1551215375 0.3611045375 0.1511334578125 0.361905515625 0.1419525515625 0.36549404218750003 0.139499925 0.405758240625 0.1292477953125
0 0.8274564968749999 0.21572542343749998 0.8390103578125 0.2302758125 0.9187504750000001 0.18786328593749999 0.89524966875 0.1452176125 0.8888714765625 0.14612348125000002 0.8797099671874999 0.1299380078125 0.7860151703125 0.180161340625 0.79159026875 0.193617909375 0.7883990546875 0.199252371875 0.804331840625 0.2280768703125 0.8274564968749999 0.21572542343749998
0 0.4178370328125 0 0.44445222968750003 0.059634551562500006 0.449234815625 0.061545915625 0.4731562171875 0.050376615624999996 0.46996923749999997 0.045648021875 0.47355776406250005 0.0431953984375 0.505053534375 0.0303026890625 0.51143384375 0.0242152921875 0.500542796875 0 0.4178370328125 0
0 0.8673847578125 0.05202712968749999 0.8609917484375 0.0892036953125 0.886500290625 0.09594327968750001 0.89487986875 0.0746759046875 0.9263671734375001 0.08250930937499999 0.930756678125 0.070875778125 0.9514826328125 0.075703996875 0.9532747890625 0.0677408078125 0.8673847578125 0.05202712968749999