0 0.41593989374999996 0.9768134375 0.38138722187499996 0.99774730625 0.42830415000000005 0.9974743515625001 0.41593989374999996 0.9768134375
0 0.619962365625 0.9922727171875 0.6102561718749999 0.9750995296875 0.5779470296875 0.9939840140625 0.619962365625 0.9922727171875
0 0.77461799375 0.9032981343750001 0.8197508625 0.9841352671875001 0.9927087046875 0.9770906374999999 0.9942874953124999 0.976078246875 0.9954532437499999 0.7757032781250001 0.77461799375 0.9032981343750001
0 0.582907834375 0.9235078624999999 0.5763514437499999 0.9113735953125 0.58236699375 0.9049279265625 0.5779960671875 0.8968384140625 0.5683117140625 0.8837981062500001 0.5611132921875 0.8851247421874999 0.551308753125 0.8679555609375 0.5349668234375 0.8748218281250001 0.4628213234375 0.9180645999999999 0.49654577499999997 0.9755972187499999 0.582907834375 0.9235078624999999
0 0.236646596875 0.8197987375 0.23145335625 0.8189768171875 0.22920780000000002 0.812867625 0.1776960734375 0.8190994843749999 0.173325146875 0.8110099734375 0.140340815625 0.8144203203125 0.13957859687500002 0.82375235 0.1355081375 0.8259850265625 0.141741959375 0.8980721031250001 0.1489403796875 0.896745465625 0.15124603125 0.904919096875 0.17602935 0.9039096640625001 0.18836091562499999 0.901340509375 0.18812054218750002 0.8930827593749999 0.23149134999999998 0.8913162531250001 0.23650430781249998 0.8859448609375 0.236083653125 0.8714937984375 0.2422193921875 0.869177003125 0.236646596875 0.8197987375
0 0.338329 0.725747675 0.3338378859375 0.7135292890625 0.30498410625 0.7167713984375 0.3064073515625 0.7301481828124999 0.290005328125 0.7349500124999999 0.2925513515625 0.75138139375 0.2884808921875 0.7536140703124999 0.2894423875 0.786645071875 0.29569830937499997 0.7884571515625 0.299907953125 0.8265230671875001 0.3680019859375 0.8216826906250001 0.3730750375 0.8183757359375001 0.3699881734375 0.783364415625 0.36373225 0.7815523375 0.3600444515625 0.725896640625 0.338329 0.725747675
0 0.504133065625 0.7034927828125 0.49850017500000005 0.6520500828125 0.4778474109375 0.6528912765625 0.47375795312499996 0.6189542343750001 0.4387083453125 0.622448703125 0.44055224531250003 0.65027655 0.41588911250000005 0.6554148578125 0.41921635156250003 0.698683928125 0.42170228125 0.7130508703125 0.425892928125 0.7149470703125 0.4289196984375 0.7478939515625 0.446504596875 0.74821115625 0.45099571093749996 0.7604295421875 0.481914765625 0.7571033140625001 0.48261688906250005 0.7457068484375 0.49695364062499997 0.7409891375 0.49186159218750003 0.708126375 0.504133065625 0.7034927828125
0 0.1453758734375 0.73877393125 0.18561871875 0.7361013843750001 0.182892415625 0.7134766906250001 0.14371225468749999 0.7171393968750001 0.1453758734375 0.73877393125
0 0.23807294687499997 0.7267308078125 0.23440414375000002 0.7072448312499999 0.1932187984375 0.7130560953125 0.1948824171875 0.7346906296875 0.235065171875 0.7299536437499999 0.23807294687499997 0.7267308078125
0 0.33341723125 0.6990782249999999 0.348876759375 0.6974151109375 0.34721314062499997 0.6757805765625 0.32974843125 0.6795922484375 0.33341723125 0.6990782249999999
0 0.1428665125 0.658108465625 0.1471172515625 0.6620691015625 0.14990364843749998 0.6867582343749999 0.225316290625 0.68472009375 0.22720128750000002 0.6784426640625 0.2829036609375 0.6741070031249999 0.27897548906249997 0.6101935562499999 0.1489231578125 0.6175575156249999 0.148040753125 0.62276066875 0.14190501718749998 0.625077465625 0.1428665125 0.658108465625
0 0.6010618796875 0.6592405796875 0.6247224218749999 0.65517655 0.6187890656249999 0.5934116609375 0.5971337078125 0.5953271328125 0.5946477765625 0.580960190625 0.5400681828125 0.5883504484375 0.546422190625 0.6645663984375 0.5497905265624999 0.673730190625 0.5992970703125 0.6696468875 0.6010618796875 0.6592405796875
0 0.341700440625 0.6284667500000001 0.3632957046875 0.6244868421875001 0.359446621875 0.59880755 0.33785135781250003 0.6027874609375 0.341700440625 0.6284667500000001
0 0.2531370234375 0.533896921875 0.2507712796875 0.5236588515625 0.24351276562500002 0.52292105 0.24026461718749997 0.5178861359375 0.2398439640625 0.5034350734374999 0.28209199375 0.4986139703125 0.279185409375 0.4697959640625 0.23793997031249997 0.4735427875 0.23872118437499998 0.5003804765625001 0.20768194218749997 0.4995778296875 0.205796946875 0.5058552625 0.1315070828125 0.5109479984374999 0.12849930781250002 0.5141708328125 0.13260776093749999 0.5842775921875 0.17497597812500001 0.5835853625 0.18730754375 0.581016209375 0.19332309375 0.5745705375 0.24495500781250001 0.5724675546875 0.243051015625 0.5425752687500001 0.2523147125 0.5411645125 0.2531370234375 0.533896921875
0 0.49537531875 0.544699328125 0.49092530312499993 0.4983756625 0.4424213484375 0.5013846859375 0.446931459375 0.5497727890624999 0.47997588437500005 0.5484268796875 0.49537531875 0.544699328125
0 0.6330389265624999 0.5339250328125 0.6347436421875 0.5214542875 0.6471353015625 0.5209495703125 0.6501430765625 0.5177267359375 0.6407211984375001 0.44266918125 0.5315019140625 0.455385259375 0.538918609375 0.5325913703125 0.6203468 0.5241075609375 0.6227125421874999 0.534345628125 0.6330389265624999 0.5339250328125
0 0.2255483109375 0.474047503125 0.21943467499999997 0.4060893046875 0.11428585 0.4165727046875 0.1119991953125 0.444568790625 0.1152062484375 0.4837089859375 0.2255483109375 0.474047503125
0 0.6246906359375 0.3699476875 0.6209016468749999 0.346332834375 0.5560557625 0.3562081265625 0.559202721875 0.3932838828125 0.5561949453125 0.39650671875 0.5438032859375 0.3970114359375 0.5429809734375 0.40427902656250003 0.5389105140625 0.4065117015625 0.5490155203125 0.43400307343750005 0.5634123640625 0.4313497984375 0.5657180140625 0.43952343125000004 0.63268926875 0.4316284578125 0.6299028718749999 0.406939325 0.6442997140625 0.40428605156249997 0.64121285 0.3692747328125 0.6246906359375 0.3699476875
0 0.5117203546875 0.43138834531250003 0.5353808953125 0.42732431562500006 0.5337172765625 0.40568978125 0.507991459375 0.40983793124999995 0.5117203546875 0.43138834531250003
0 0.399635584375 0.3811811375 0.40721356093749994 0.42841084374999994 0.4865163828125 0.417946715625 0.486978134375 0.3982925 0.480583028125 0.356181828125 0.40021752031249996 0.365655796875 0.399635584375 0.3811811375
0 0.7920381328125 0.365198453125 0.7992966484374999 0.3659362546875 0.8026048890625 0.3730356078125 0.8033260109375 0.397808859375 0.8374331203125 0.3974531078125 0.901336509375 0.39071653125 0.899492609375 0.362888684375 0.9035630687499999 0.36065600781249996 0.8995337062500001 0.328783403125 0.8067164468750001 0.33669765156250003 0.7903144203125 0.34149948281250003 0.7920381328125 0.365198453125
0 0.96700470625 0.373573646875 0.96433849375 0.3530133921875 0.941680546875 0.3560031421875 0.941158703125 0.373592921875 0.9443467562500001 0.3765633984375 0.96700470625 0.373573646875
0 0.9327774078125 0.36980052343750003 0.92910860625 0.350314546875 0.905448065625 0.3543785765625 0.9091769609375 0.37592899062499996 0.9297696328124999 0.3730233578125 0.9327774078125 0.36980052343750003
0 0.224327446875 0.396589034375 0.2645702921875 0.39391648749999997 0.2618439890625 0.3712917953125 0.22466901093749997 0.3728059453125 0.224327446875 0.396589034375
0 0.1174359125 0.3472037484375 0.1257571125 0.3489317078125 0.12960619375 0.3746109984375 0.1831832 0.36829501875 0.18825624999999999 0.3649880640625 0.182142615625 0.2970298640625 0.1788343734375 0.2899305109375 0.10366210468749999 0.3002264 0.10662878281249999 0.33110884375 0.1138872984375 0.3318466453125 0.1174359125 0.3472037484375
0 0.9915296890624999 0.292655175 0.9503243140625001 0.29777829375 0.9522883984374999 0.32973501562499996 0.9656826484375 0.3281560203125 0.9669857078125 0.33740393125 0.974244225 0.33814173125 0.9824452375 0.33574081875 0.9842701406250001 0.3273989453125 0.9925012000000001 0.32603024999999997 0.9915296890624999 0.292655175
0 0.90496731875 0.33786307656250003 0.9473355359375001 0.337170846875 0.9461937609375 0.2979465328125 0.904948321875 0.3016933578125 0.90496731875 0.33786307656250003
0 0.34062806874999996 0.27197273125 0.337259734375 0.2628089421875 0.290881153125 0.26779828437500003 0.2980574734375 0.3367466453125 0.34443605625 0.33175730312499996 0.34062806874999996 0.27197273125
0 0.6217227046875 0.2899375 0.6211217703125 0.2692931234375 0.617753434375 0.260129334375 0.599226040625 0.2629508453125 0.596740109375 0.24858390312499998 0.529708759375 0.25441443750000003 0.5346996171875 0.31931804218750004 0.61205735 0.313066909375 0.611456415625 0.292422534375 0.6217227046875 0.2899375
0 0.9677648609375 0.18672726875 0.8605507593749999 0.1972947875 0.8589662312499999 0.213894409375 0.832177728125 0.2170523984375 0.8372887718750001 0.286084878125 0.8404768265625 0.2890553546875 0.976484615625 0.27318128750000004 0.9677648609375 0.18672726875
0 0.319344790625 0.07910838906249999 0.252373534375 0.0870033625 0.26436043124999997 0.214662015625 0.23556674531250002 0.2199685625 0.23735055156249998 0.245731971875 0.303319215625 0.23891127656250002 0.3015354109375 0.21314786562500002 0.291148934375 0.21150402499999998 0.2903677203125 0.18466633906250002 0.2954407703125 0.18135938437500002 0.328485196875 0.18001347343750002 0.3356235234375 0.1766223984375 0.33223619375 0.1312888921875 0.32391499375 0.12956093125 0.319344790625 0.07910838906249999
0 0.6295523796875 0.168228359375 0.619225996875 0.16864895625 0.6159778484375 0.163614040625 0.6117682046875 0.125548125 0.58078905625 0.126809915625 0.5757160046875 0.13011687031250002 0.5772594375 0.14762253125 0.604168128125 0.14859341718750002 0.540204646875 0.15326555625 0.5268704890625 0.15690898749999999 0.5307986609374999 0.2208224328125 0.5342270890624999 0.23205066093750001 0.6125874140625001 0.22472525000000002 0.6197257406250001 0.22133417500000002 0.6191849 0.2027542359375 0.6335216484374999 0.19803652656249998 0.6328005265625001 0.1732632734375 0.6295523796875 0.168228359375
0 0.3898752453125 0.2234619609375 0.4094653265625 0.22163060781250002 0.40768152031250005 0.1958672 0.388091440625 0.1976985515625 0.3898752453125 0.2234619609375
0 0.9221377703125 0.11083978750000001 0.8108532078125 0.12363998437499998 0.8127572015625001 0.15353226874999998 0.8004256359375 0.1561014234375 0.8036326875 0.1952416171875 0.813016571875 0.1979597359375 0.8542019171874999 0.1921484734375 0.8564474734375 0.1982576671875 0.862643303125 0.198005309375 0.8935623578125 0.19467908125 0.8974525375000001 0.1862530921875 0.9284316859375 0.18499130156250002 0.928532878125 0.15295045937500001 0.9254460124999999 0.1179391390625 0.9221377703125 0.11083978750000001
0 0.18115065625 0.19475944843749998 0.18415843125 0.1915366125 0.1775640484375 0.107062909375 0.15378331875 0.10699806406250001 0.1492321140625 0.092715240625 0.0966577015625 0.097956940625 0.107281446875 0.214303246875 0.136135225 0.2110611375 0.137839940625 0.19859039218750002 0.18115065625 0.19475944843749998
0 0.5040884921875 0.1692047734375 0.5011819078124999 0.14038676562500002 0.44140907343749997 0.1469551046875 0.4432529734375 0.1747829515625 0.4670337 0.17484779687500002 0.5040884921875 0.1692047734375
0 0.43089970937500005 0.0728967453125 0.4275313734375 0.0637329546875 0.3812128859375 0.0707867359375 0.3904544828125 0.1396509765625 0.43677297187499997 0.1325971953125 0.43089970937500005 0.0728967453125
0 0.9738898718750001 0.112865678125 0.9862300218750001 0.11059144218750001 0.9853513906250001 0.0804070578125 0.9699206031250001 0.0830575125 0.9738898718750001 0.112865678125
0 0.514602609375 0.0906317359375 0.5291196375 0.0921073375 0.5299008515625 0.118945025 0.6093238609375 0.1126097734375 0.603210225 0.044651571875000004 0.5125183359375 0.0545461375 0.514602609375 0.0906317359375
0 0.7907633828125 0.07278611874999999 0.7980218984375 0.0735239203125 0.7986829265625001 0.09623273437499999 0.911030171875 0.08442269687500001 0.9107898000000001 0.07616494375 0.9293772890625001 0.0754078703125 0.9246869 0.020826454687500003 0.9050968171875 0.0226578078125 0.9027310734375 0.0124197390625 0.78525068125 0.025472293750000003 0.787455140625 0.0656867671875 0.7907633828125 0.07278611874999999
0 0.9708385515625 0 0.9736115062499999 0.0322684921875 0.9839220734375 0.031304621875 0.9830108328125 0 0.9708385515625 0