0 0.0651080515625 0.8179114671875001 0.0661673734375 0.7829476765625001 0.0237944921875 0.78107555 0.016379237499999998 0.8817542843749999 0.059811440625000004 0.88467956875 0.06298940625 0.8560593859375001 0.0862944921875 0.8559238 0.0884131359375 0.8198945265625 0.0651080515625 0.8179114671875001
0 0.3029661015625 0.72665053125 0.31461864375 0.5772183296875 0.2351694921875 0.5702652984375 0.23305084687500002 0.57663355625 0.21716101718749997 0.577785321875 0.2139830515625 0.6148800828125001 0.1355932203125 0.6110988546875 0.1302966109375 0.6079517015625 0.1334745765625 0.5708569421874999 0.11864406718750001 0.5688245796875 0.11652542343750001 0.5624809734375 0.108050846875 0.5604116328125001 0.03813559375 0.5565811 0.0264830515625 0.70813194375 0.03813559375 0.7112421171875 0.11440677968749999 0.7150356734375001 0.11864406718750001 0.7001805109375 0.1334745765625 0.7000942296875 0.144067796875 0.70215124375 0.146186440625 0.7063762078125 0.16525423749999998 0.70838391875 0.186440678125 0.7082606593749999 0.188559321875 0.7040110453125 0.1991525421875 0.703949415625 0.2182203390625 0.7059571265625 0.2182203390625 0.7207876343749999 0.3029661015625 0.72665053125
0 0.1286673734375 0.3846836375 0.1297266953125 0.3899740859375 0.138201271875 0.3920434265625 0.163625 0.391895515625 0.16680296562500002 0.3548007546875 0.1583283890625 0.3527314140625 0.1583283890625 0.32730768593750004 0.16044703437500002 0.31246485156250003 0.17315889843750001 0.3102722515625 0.17315889843750001 0.29544174375 0.16044703437500002 0.2933970546875 0.16150635625 0.2499586875 0.08099788125 0.2440711421875 0.0693453390625 0.3871474078125 0.11065889843750001 0.39008501875 0.1127775421875 0.3815981171875 0.12125211875 0.38154881406249996 0.1286673734375 0.3846836375
0 0.0900423734375 0.914245215625 0.099576271875 0.9173677171874999 0.169491525 0.9190796046875 0.1726694921875 0.8692729796875 0.11864406718750001 0.866409325 0.11652542343750001 0.879133515625 0.0932203390625 0.8771504562500001 0.0900423734375 0.914245215625
0 0.1269633859375 0.9992613484374999 0.3047817140625 0.99822683125 0.3022330515625 0.9566908125 0.2905805078125 0.9535806375 0.1210889828125 0.9439734906249999 0.1269633859375 0.9992613484374999
0 0.1324622125 0 0.128177965625 0.058576317187500004 0.43008474531249996 0.07694699375 0.4349944328125 0 0.1324622125 0
0 0.298322034375 0.8921754296875 0.320567796875 0.8931053296875 0.3237457625 0.8877902296875 0.3279830515625 0.8072571046875 0.30361864375000003 0.8042208859375 0.3015 0.8148264328125 0.284550846875 0.8149250390624999 0.2337033890625 0.8109835734375 0.2315847453125 0.8025213234375 0.1870932203125 0.8006615234375 0.1839152546875 0.8356376390625 0.20298305156250002 0.8376453515625 0.1987457625 0.9139411890625 0.29514406718749997 0.9207956140625001 0.298322034375 0.8921754296875
0 0.353324153125 0.3777558609375 0.35650211875000004 0.37455940625 0.3628580515625 0.2791834453125 0.310951271875 0.2763074640625 0.31201059375 0.26464875781249997 0.30459533906249997 0.2615139328125 0.2812902546875 0.26164951875 0.277052965625 0.272267390625 0.2622224578125 0.27235367187500004 0.2622224578125 0.2659977390625 0.2473919484375 0.2660840203125 0.2442139828125 0.2692804765625 0.2442139828125 0.284110984375 0.2399766953125 0.2862542796875 0.2378580515625 0.2968598265625 0.2378580515625 0.3201649109375 0.22620550781249998 0.31917338125 0.2230275421875 0.32236983750000003 0.2209088984375 0.352043178125 0.23573940625 0.35407554218750004 0.23150211875 0.39859171875 0.274934321875 0.40363564687500003 0.277052965625 0.397267390625 0.310951271875 0.39918882031249997 0.313069915625 0.39493920625 0.33849364375 0.3947912953125 0.339552965625 0.3788953015625 0.353324153125 0.3777558609375
0 0.24046610156249998 0.545211178125 0.2372881359375 0.550526278125 0.22775423749999998 0.5516410656249999 0.22563559375 0.581314409375 0.2563559328125 0.5843136484375 0.2584745765625 0.5927759 0.273305084375 0.5948082625 0.29237288125 0.5946973296875 0.29449152500000003 0.5819731390625 0.3040254234375 0.5850956375 0.3029661015625 0.5903984125 0.33262711875 0.59234449375 0.3347457625 0.581738946875 0.3442796609375 0.5806241578125 0.3400423734375 0.5488691484375 0.3463983046875 0.546713528125 0.34851694843750003 0.538226625 0.3527542375 0.48311722812499996 0.3474576265625 0.47997007500000005 0.24788135625000002 0.4720748171875 0.24470338906250003 0.47950856093749994 0.24046610156249998 0.545211178125
0 0.634697034375 0.839697271875 0.612451271875 0.8387673703124999 0.6092733046875 0.83560789375 0.6092733046875 0.8101841656250001 0.638934321875 0.810011603125 0.6431716109375001 0.7506649171875 0.5467733046875 0.743810490625 0.5266461859375 0.744986909375 0.5266461859375 0.7704106390625001 0.5202902546875 0.7768035484375 0.5160529656249999 0.8276756578125 0.5160529656249999 0.8552180312500001 0.5202902546875 0.8573120234375 0.5192309328125 0.8922758140625 0.6325783890625 0.8969129875 0.634697034375 0.839697271875
0 0.6398305078125001 0.9888623203125 0.686440678125 0.9928284390625001 0.686440678125 0.9589301328125 0.603813559375 0.9551735562499999 0.601694915625 0.9890841859374999 0.5360169484374999 0.985229003125 0.5328389828125 0.9905440999999999 0.5328389828125 0.9969000328125001 0.6917372875 0.9959755906250001 0.6906779656250001 0.99492243125 0.606991525 0.9901126937500001 0.6398305078125001 0.9888623203125
0 0.5927309328125 0.2701066765625 0.5461207625 0.268259203125 0.542942796875 0.27357430312500003 0.540824153125 0.318078153125 0.5365868640625 0.32022145 0.5344682203125 0.3308269953125 0.5344682203125 0.35625072343749997 0.542942796875 0.366794640625 0.542942796875 0.3922183703125 0.5906122875 0.395119003125 0.5937902546875 0.3919225484375 0.5948495765625 0.369670621875 0.62874788125 0.36947340781250004 0.630866525 0.35674921875 0.649934321875 0.358756928125 0.6531122875 0.2983570828125 0.645697034375 0.295222259375 0.6266292375 0.2953331921875 0.62451059375 0.27627772031250003 0.6012055078125 0.2742946625 0.5927309328125 0.2701066765625
0 0.5403347453125 0.5648225265625 0.6007161015625 0.5697678484375001 0.6038940671875 0.5432663078125 0.6176652546875 0.5421268671874999 0.633555084375 0.5452123890625 0.6324957625 0.571701603125 0.691817796875 0.5755937656250001 0.7013516953125001 0.460072196875 0.6685127125 0.4570852828125 0.6663940671875 0.4528603203125 0.649444915625 0.450840284375 0.592241525 0.4469357953125 0.5837669484375 0.4469851 0.5795296609375 0.4512470390625 0.54986864375 0.4493009578125 0.5466906781249999 0.4524974125 0.5403347453125 0.5648225265625
0 0.57392053125 0 0.5709745765625 0.0390510484375 0.5741525421875 0.048566457812500005 0.6355932203125 0.05032765 0.6377118640624999 0.0460780375 0.6493644062499999 0.044950921875 0.6517717421875 0 0.57392053125 0
0 0.6753580515625 0.7468102875 0.6742987281249999 0.79024865625 0.7007817796875 0.793272546875 0.7029004234375 0.7826670015625 0.7272648312500001 0.783584575 0.7336207625 0.7348187828125 0.7262055078125 0.7316839578125001 0.7071377125 0.7317948921874999 0.7029004234375 0.7381754765624999 0.6859512718749999 0.7382740828125 0.6785360171875 0.73513925625 0.6891292375 0.58677254375 0.5990868640625 0.5798811390624999 0.5959088984375 0.5851962390625001 0.585315678125 0.7399188859375 0.6753580515625 0.7468102875
0 0.6722627125 0.9111058390625001 0.67438135625 0.9195680890625001 0.7337033890625 0.9234602531249999 0.757008475 0.9233246671875 0.75912711875 0.919075053125 0.7887881359375 0.921021134375 0.7919661015624999 0.909350103125 0.798322034375 0.8076182109375001 0.740059321875 0.8026605625000001 0.73688135625 0.831280746875 0.71463559375 0.8324694906250001 0.7072203390625 0.829334665625 0.7061610171875 0.8007391328125 0.6489576265625 0.7989532890625 0.6415423734375 0.9081065984375 0.6468389828125 0.91125375 0.6722627125 0.9111058390625001
0 0.68538135625 0.3741142625 0.66737288125 0.371041065625 0.643008475 0.3722421375 0.6398305078125001 0.43264198125000003 0.6811440671875 0.43557959375 0.68538135625 0.3741142625
0 0.6810660484375 0 0.6779661015625 0.056437065625000005 0.7552966109375 0.059165134375 0.759934896875 0 0.6810660484375 0
0 0.8161673734375 0.47415421875 0.704938559375 0.4695047203125 0.7007012718750001 0.5267327609375 0.727184321875 0.529756653125 0.7282436437500001 0.5392843890625 0.725065678125 0.5594299953124999 0.6985826265624999 0.5585247484375 0.6943453390625 0.59456635 0.6954046609375 0.61892459375 0.7907436437500001 0.626844503125 0.8108707624999999 0.6256680859375 0.8214639828125 0.4773013703125 0.8161673734375 0.47415421875
0 0.7198997515625 0.9958117453125 0.7806692796875 0.9954581984375 0.7828389828125 0.9657845593750001 0.7775423734375 0.9626374078125 0.7224576265625 0.9608392374999999 0.7198997515625 0.9958117453125
0 0.8100966312500001 0 0.8061440671875 0.041920159375 0.8072033890625001 0.0662784046875 0.8601694921874999 0.07020754375 0.8622881359375001 0.049008778125 0.893008475 0.0520080171875 0.8974896765624999 0 0.8100966312500001 0
0 1 0.37632411875 0.9872881359375001 0.3751268875 0.9894067796874999 0.33697896875 0.9735169484374999 0.333893446875 0.9692796609375 0.34451131875 0.9205508468750001 0.340557528125 0.91737288125 0.35222855937499997 0.9004237281249999 0.6065644531250001 0.9036016953124999 0.60972393125 1 0.6163570046875 1 0.5211821125 0.99788135625 0.5212517 1 0.49242581406249997 1 0.37632411875
0 0.9419595093750001 0 0.9389661015625 0.0439207296875 0.96862711875 0.0479854546875 0.9675677968749999 0.07871195625 1 0.08059341249999999 1 0 0.9419595093750001 0