0 0 0.9914493140625 0.0217393734375 0.9918288140625 0.017714571874999998 0.93221963125 0.0180377578125 0.9183328578125 0.0220511734375 0.9164182890625 0.019191990625 0.8687372375000001 0.025189029687499996 0.866857296875 0.025650723437500002 0.8470190484375 0.024036456249999998 0.8311138218749999 0.0181317546875 0.8290261140625 0.0163328078125 0.8210561875 0.016933009375 0.7952664640625 0.02293005 0.7933865234375 0.02173130625 0.7596268734375 0.013889151562499999 0.7555207140625 0.013013590624999998 0.707874290625 0.007108890625 0.7057865828125001 0.0053099453125 0.69781665625 0.00282011875 0.6342650062499999 0.0029586250000000003 0.6283135328125 0.006972040625 0.6263989624999999 0.0046668906250000005 0.554912015625 0.0166147984375 0.55313595625 0.014493498437499999 0.5163832562499999 0 0.5161302453125 0 0.9914493140625
0 0.586660528125 1 0.5867827937500001 0.9947464781249999 0.4856852921875 0.9999278437499999 0.4898187 1 0.586660528125 1
0 0.5484507359374999 0.966217075 0.5268708484375 0.4865520296875 0.447433575 0.48913456718750004 0.44531144375 0.49505141249999995 0.43733078125 0.496896728125 0.24265867812500003 0.5054061515625 0.241228259375 0.5242351734375 0.2444567953125 0.5560456265625 0.241273596875 0.5649208953125 0.21548649531250003 0.5644707343750001 0.21368755 0.5565008078125 0.137202628125 0.5601272015625 0.156015671875 0.9881435453125 0.5484507359374999 0.966217075
0 0.6175990390625 0.949637925 0.593795559375 0.949222390625 0.5923189671875 0.9700352375 0.6190747984375 0.9714946250000001 0.6175990390625 0.949637925
0 0.663641215625 0.761901753125 0.65667545 0.7627724671875 0.6636378984375 0.932579940625 0.7480573125000001 0.9290920609375 0.73975678125 0.774145959375 0.745799990625 0.7702821921874999 0.7433093328125 0.7494000921875 0.6698229328124999 0.7520865125 0.66479461875 0.7549756796875 0.663641215625 0.761901753125
0 0.38588860937499997 0.716368140625 0.3940077796875 0.708571353125 0.38132198906250003 0.6994190609375 0.37241877031250004 0.698271321875 0.35350509375 0.7009180953125 0.342387403125 0.7096548546875 0.35013721875 0.7177286656249999 0.351936165625 0.7256985921875 0.3531349109375 0.7594582421875 0.343078284375 0.7652365765625 0.361668775 0.7764765765625 0.3835348015625 0.7748736578125001 0.3986659078125 0.7642223296874999 0.3869026765625 0.7580630875 0.38588860937499997 0.716368140625
0 0.60634864375 0.6656393296875 0.6440836578125 0.66431343125 0.6437613 0.635530659375 0.6736079890625 0.6320824265625 0.6697809078125 0.540722603125 0.6230965078125 0.5428845875 0.6213898999999999 0.530947009375 0.5915893796875 0.53241141875 0.5919117359375 0.5611941921875 0.58194745 0.5630048765625 0.5815780953125 0.5788754765624999 0.5843919375 0.5858708046875 0.5913115359375001 0.5869839140625001 0.5929719718750001 0.6009053140625 0.59181856875 0.6078313875 0.576918309375 0.6085635921875 0.5800998468749999 0.685027415625 0.6059331203125 0.6834937515624999 0.60634864375 0.6656393296875
0 0.7092225296875 0.5513342812500001 0.7153555890625001 0.67151150625 0.7680370296875 0.66746958125 0.7698384640625 0.5474308671875 0.7182180890625001 0.5485143703124999 0.7092225296875 0.5513342812500001
0 0 0.40085172656249995 0.044019490625000005 0.39881315625 0.04332860625 0.3432314359375 0.0404685953125 0.33821993125 0.0007317125 0.3402952828125 0 0.371735796875 0 0.40085172656249995
0 0.1354049359375 0 0.13572076093750002 0.059668746875 0.143562915625 0.0637749078125 0.14457698125000001 0.1054698546875 0.14056356718750002 0.10738442343750002 0.1403327203125 0.11730354843749999 0.1426840390625 0.186806671875 0.15061853125 0.1869451828125 0.1502491765625 0.20281578125 0.1462357625 0.2047303515625 0.14568173125 0.22853624843749998 0.1475268453125 0.23452235 0.1534315453125 0.23661005781250002 0.1531545296875 0.24851300781250002 0.147111321875 0.2523767734375 0.1496934875 0.31196077187500004 0.15559818593750002 0.31404848125 0.155367340625 0.3239676046875 0.15130775624999998 0.3278659984375 0.1536137359375 0.3566834 0.19729961875 0.3554613875 0.1990062265625 0.3673989625 0.232773990625 0.3660038109375 0.23614103593750002 0.3918627875 0.2550547125 0.389216015625 0.2567159796875 0.3604678703125 0.29837206875 0.361195053125 0.300632709375 0.3493267328125 0.3423349671875 0.348070090625 0.3460713671875 0.358058471875 0.36987484843749996 0.3584740046875 0.3719969796875 0.3525571578125 0.3898495890625 0.3528688078125 0.3922017390625 0.379702384375 0.411023075 0.3810232609375 0.41125392187500004 0.37110413593749997 0.4420693375 0.3686651296875 0.4423925234375 0.35477835625 0.4464059390625 0.35286378749999997 0.44571422656250004 0.3399516125 0.49041500625 0.33775499999999997 0.48907775625000005 0.30994682500000004 0.4831730546875 0.3078591171875 0.48345007031250004 0.29595616874999997 0.487463484375 0.2940416 0.48640324843749994 0.25433047656249996 0.4849736578125 0.23048995 0.4790689578125 0.2284022421875 0.4792998046875 0.21848311874999998 0.4833132203125 0.21656855 0.48400576093750003 0.1868111765625 0.478054890625 0.18670729375 0.47630211562499997 0.1767535421875 0.4764867921875 0.16881824375 0.48050020781249997 0.166903675 0.4810542390625 0.1430977765625 0.4783797359375 0.08748142656249999 0.47247503437500005 0.08539371875 0.47090693437500003 0.0675046671875 0.4742756390625 0.0080245515625 0.472617440625 0 0.1354049359375 0
0 0.6245148765625 0.0949940609375 0.6247910625 0.125760659375 0.6366466328125 0.12795225 0.6376607015625 0.1696472 0.7658121671875 0.1629534796875 0.7688568578125 0.160029684375 0.769041534375 0.1520943859375 0.777022196875 0.150249071875 0.7777609062499999 0.118507875 0.7659053359375 0.11631628281249999 0.763645525 0.08551505781249999 0.6245148765625 0.0949940609375
0 0.2851971203125 0.09739021875000001 0.36361949843749997 0.0957822796875 0.3652345953125 0.0690179578125 0.3593760640625 0.064946425 0.332620234375 0.0634870375 0.292855428125 0.06676213125 0.285751153125 0.073584321875 0.2851971203125 0.09739021875000001