0 0.0097444734375 0.403523590625 0.0099888875 0.4119218328125 0.019610901562499998 0.453619771875 0.032210825 0.45317986250000003 0.03816348125 0.4771415125 0.0570022625 0.4743820875 0.0602438984375 0.47742145 0.07137418281249999 0.534829434375 0.1246488890625 0.5235117953125 0.1071993265625 0.42954479843750004 0.1290964328125 0.4235260546875 0.12987146249999998 0.41404137343749997 0.11019970781249999 0.3159485734375 0.044325075000000005 0.32770612187500003 0.041266753125 0.3309654390625 0.041511165625 0.3393636828125 0.046444379687499995 0.364411771875 0.017227870312499997 0.371736909375 0.0222221890625 0.398884559375 0.0097444734375 0.403523590625
0 0.16788685781249998 0.7090529578125 0.1451374609375 0.57744050625 0.1356569671875 0.5767206578125 0.068762896875 0.5895646453125 0.068110075 0.6032484484375 0.08068752500000001 0.674266915625 0.11422621718749999 0.6709942625 0.1230732046875 0.7221768828124999 0.16698962343749998 0.7143385171875 0.16788685781249998 0.7090529578125
0 0.163722359375 0.890994878125 0.1649668984375 0.8615277109375 0.2142249421875 0.8566553906250001 0.2134305984375 0.8293611046875 0.20976123750000003 0.811624815625 0.1813808609375 0.8115648343749999 0.179628178125 0.787456546875 0.0998897703125 0.7923422015625 0.103842175 0.89203466875 0.10708380937499999 0.8950740312500001 0.163722359375 0.890994878125
0 0.29002672500000004 0.2108905375 0.2836656609375 0.20901093125 0.28354345312499996 0.20481181093749998 0.26733527343749997 0.18961499375 0.2600769765625 0.1930209484375 0.24566326562500002 0.167253009375 0.21363284531249999 0.1862357078125 0.22696600937500003 0.210990525 0.22714931875 0.2172892078125 0.2240909921875 0.22054852500000002 0.21112444843749997 0.208391071875 0.196852265625 0.223601221875 0.1904911984375 0.2217216171875 0.1670440359375 0.24670972343750003 0.20588256249999998 0.281082525 0.1934048453125 0.28572155625 0.1941991890625 0.3130158421875 0.202251834375 0.33690417500000003 0.251204359375 0.3215340515625 0.24170455 0.2840352359375 0.271207259375 0.25042893125 0.2860293765625 0.2541148234375 0.2932265734375 0.248609309375 0.298732190625 0.2210950671875 0.290210034375 0.21718922031250001 0.29002672500000004 0.2108905375
0 0.47954986875000005 0.4028836625 0.48566651875 0.39636502500000004 0.4981442359375 0.39172599531249996 0.50114145625 0.38636711562500003 0.46738082500000006 0.30978315 0.46210030625 0.30891666406249996 0.435105990625 0.32036760468750003 0.42723665625 0.3027779546875 0.4219561359375 0.3019114703125 0.377386896875 0.3234336375 0.3842978921875 0.3442092875 0.37392016093749997 0.3487750015625 0.37614235625000003 0.352900803125 0.37308403125 0.356160121875 0.2962399546875 0.3882667453125 0.29534271875 0.39355230625000004 0.3087369859375 0.42040668437499995 0.3056786609375 0.42366600156249995 0.2444317296875 0.4499738375 0.268100834375 0.50484235 0.27835635625 0.49607751718750004 0.305350671875 0.48462657656249997 0.30979505937499996 0.49287818281250007 0.3679225625 0.4677301046875 0.3666587046875 0.46041830156249997 0.370797578125 0.45817210468749997 0.3685753828125 0.4540463015625 0.371633709375 0.450786984375 0.4111057390625 0.43469701250000004 0.4172223921875 0.42817837656249996 0.47954986875000005 0.4028836625
0 0.335287796875 0.9354455515625 0.3356962046875 0.91336350625 0.32990754375 0.8589215687499999 0.284788371875 0.861547690625 0.28227997656250003 0.8837030546875001 0.2866021578125 0.8877555390625 0.290168625 0.9380716734375 0.335287796875 0.9354455515625
0 0.40912164687499997 0.6554441453125001 0.5849706343750001 0.6303893640625 0.592228934375 0.6269834109375 0.5918012109374999 0.6122864859375 0.581201540625 0.536995578125 0.57795990625 0.5339562156250001 0.477466040625 0.5479732953124999 0.4815631234375 0.58040650625 0.4743048234375 0.5838124625 0.4072885453125 0.592457328125 0.4027219515625 0.5800066 0.392222015625 0.5803731921875 0.3284473734375 0.592057421875 0.33741656875000003 0.6474391640625 0.40437174374999996 0.6366947359374999 0.40912164687499997 0.6554441453125001
0 0.47605119374999993 0.8243954421874999 0.44773191875 0.8264350171875 0.441248646875 0.8203562906249999 0.43068760937499995 0.8186233218750001 0.37602684062499997 0.8184300359375 0.37541580625000004 0.79743443125 0.3439159984375 0.7985342046875 0.34305739687500003 0.8773777031250001 0.38842098125 0.8831498234374999 0.47458155468749996 0.8822433328124999 0.48730368437499993 0.8860025453124999 0.5167646078125 0.8870756500000001 0.598725209375 0.8863157984375001 0.601767375 0.738040165625 0.5880869078125001 0.737466953125 0.5858036109375 0.7312415890625 0.571042596875 0.7296552578125 0.43646011093750003 0.7280489453125 0.4349904734375 0.7858968375 0.47711242187499997 0.78862959375 0.47605119374999993 0.8243954421874999
0 0.7453962390625 0 0.6888248078125 0.045645068750000004 0.8034430234375 0.1919144390625 0.9010232406249999 0.1138974234375 0.8606764468750001 0.0638145765625 0.8421431828125 0.0770718046875 0.8083407625 0.035167246875 0.803957478125 0.0290152 0.8224296390625 0.0136584125 0.8110990250000001 0 0.78058540625 0 0.76044946875 0.014771521874999999 0.7486290999999999 0 0.7453962390625 0
0 0.909565090625 0.8407852859375 0.8886263203125001 0.8436180296875 0.8914177609375 0.9034188453124999 0.9817172062499999 0.900266159375 0.9840616078125001 0.9085910859374999 0.9947161359375001 0.908219096875 0.995791490625 0.7233812328125 0.895765571875 0.7277756078125 0.8971709499999999 0.7760654984375 0.9077319890625001 0.77779846875 0.909565090625 0.8407852859375
0 0.909185465625 0.5749342609375 0.9316325031250001 0.5878115625 0.8935658500000001 0.6521914265625 0.9459626359375 0.68293831875 0.9761181671875001 0.6356482125 0.9962382406250001 0.646591378125 0.9967528421875 0.558138890625 0.9371188046875 0.523518353125 0.93291883125 0.5236649890625 0.9058827265625 0.5697953375 0.909185465625 0.5749342609375
0 0.9682196734374999 0.21978858437499998 0.9896728921875001 0.2346327875 0.985952746875 0.10680572343750001 0.9752367156249999 0.099747040625 0.9177395625000001 0.18266969375 0.9200839640625 0.1909946171875 0.8919062125 0.23401228437500002 0.935841946875 0.2629528875 0.963061359375 0.2231212203125 0.9682196734374999 0.21978858437499998