0 0.23831091249999997 0.1113233203125 0.2665741015625 0.0552587921875 0.2642739140625 0.049071925 0.28465004843749997 0.008871459375 0.09632733906249999 0.014352203124999999 0.13769101718750001 0.0350367328125 0.1389138171875 0.040212653125 0.13496781093750002 0.046581304687500005 0.1604615328125 0.060431584375 0.15766561875000001 0.06989366875 0.23831091249999997 0.1113233203125
0 0.4865458359375 0.0280109375 0.47283065 0.02319858125 0.472612528125 0.0169511203125 0.450496378125 0.010298653125 0.45277673281249997 0.003978478125 0.3461750453125 0.0070809015625 0.3504845875 0.0111246875 0.348693353125 0.01951523125 0.34180601718750003 0.031180989062499997 0.334482440625 0.0303518265625 0.3071512234375 0.083262325 0.3146929234375 0.0903389515625 0.3528244453125 0.107990640625 0.353115275 0.11632058906250001 0.3890920234375 0.13195038750000002 0.40465792812499995 0.10022832500000001 0.4254785703125 0.0996223828125 0.4396167765625 0.08670330000000001 0.46920191874999995 0.0983499046875 0.4833269015625 0.055204459375 0.47894465156250005 0.049078185937500005 0.4865458359375 0.0280109375
0 0.8496482359374999 0.004943109375 0.8600945953125001 0.0119280625 0.864113309375 0.0076418984375 0.870504915625 0.0116250921875 0.8745963375000001 0.009421415625 0.9086364375 0.02927678125 0.9229009046875 0.0053692796875 0.8496482359374999 0.004943109375
0 0 0.0654506203125 0.0012199734375 0.0661082828125 0.0096209375 0.06794839531249999 0.0310694984375 0.0256321140625 0.04902151875 0.03240576875 0.057130215625 0.0154929546875 0 0.0171556125 0 0.0654506203125
0 0.8426449359375001 0.1687811390625 0.8700753062500001 0.1784058515625 0.876176084375 0.1740590953125 0.9015243921874999 0.1837444 0.9177314375 0.1405383609375 0.89870203125 0.1327537609375 0.9081671578125 0.10537845625 0.86378944375 0.0879085484375 0.8732545703125 0.06053324375 0.7961322625 0.0304663796875 0.7901768984374999 0.0389781109375 0.769065428125 0.0312541046875 0.7378741359375 0.1228421015625 0.833880434375 0.15652859375 0.843431490625 0.1614621375 0.8426449359375001 0.1687811390625
0 0.932338925 0.051517603125 0.9200051765625 0.0862725046875 0.9464308703125001 0.0969687578125 0.9526770640625 0.096786975 0.965010809375 0.062032075 0.9449040171875 0.0532365265625 0.932338925 0.051517603125
0 0.8232916625 0.24126318750000003 0.8220688624999999 0.23608726562500001 0.8062716125 0.23133550625 0.8150823734375001 0.185217815625 0.7195850234375001 0.1661087359375 0.7131339328124999 0.19026941875 0.70789241875 0.1893796578125 0.7050237984375001 0.19675925625 0.701441328125 0.2135403421875 0.7078329343750001 0.217523534375 0.6970128171875001 0.26578430468750003 0.7002449734375 0.2688171453125 0.811466865625 0.2905955 0.8232916625 0.24126318750000003
0 0.92939100625 0.2058640359375 0.88946825 0.1966028875 0.8754886828125 0.24391330625 0.9270445609375001 0.258047403125 0.9389420640624999 0.210797578125 0.92939100625 0.2058640359375
0 0.788022171875 0.365281221875 0.8120022640625001 0.365625634375 0.8150162999999999 0.3624110125 0.8175808671875 0.31647510625 0.7976194890625 0.3118445296875 0.693080034375 0.3023793171875 0.69013870625 0.3076764265625 0.6890018375 0.3348093546875 0.6787369296875 0.3392773015625 0.677236525 0.3559977921875 0.6857101953125 0.35992039062500003 0.68062731875 0.3934219671875 0.784234803125 0.406041209375 0.788022171875 0.365281221875
0 0.887366371875 0.3154864421875 0.883506296875 0.35416394218749997 0.89090258125 0.35707559375 0.9305345109375001 0.358006790625 0.932312521875 0.3193898859375 0.887366371875 0.3154864421875
0 0 0.44747979375 0.0292452703125 0.45094425937500004 0.032477428125 0.4539771 0.029113078125000004 0.4770056484375 0.0323452359375 0.4800384875 0.06680835625 0.48216241406250004 0.081548034375 0.36708026875 0.0801071125 0.3556568859375 0.04456660625 0.35252201250000004 0.0439254640625 0.364005990625 0.028273628125 0.3634192015625 0.0265551015625 0.373892234375 0 0.37088570625 0 0.44747979375
0 0.11835101249999999 0.46607014687500004 0.13091610468749998 0.46778907031249994 0.12870185 0.4939110515625 0.16424235468749998 0.497045925 0.1693979390625 0.46562683437499996 0.23315537343749998 0.47106741718749995 0.23937511875 0.41043291093749995 0.2258053484375 0.409785528125 0.222573190625 0.40675268906250006 0.22449661718749997 0.3723007578125 0.13977312656250002 0.3633011453125 0.1352719078125 0.41346262031250003 0.1322578734375 0.41667724218749996 0.1238569078125 0.4148371328125 0.12106099374999998 0.42429921562499995 0.11835101249999999 0.46607014687500004
0 0.406753259375 0.458719096875 0.40732169531249995 0.44515263125000004 0.41313164375 0.43247592656249995 0.415200484375 0.4021889703125 0.3900703 0.3987511265625 0.3877701140625 0.392564259375 0.3072834578125 0.38552594375 0.3007728828125 0.4378305 0.30221380625 0.4492538828125 0.406753259375 0.458719096875
0 0.6713605015625 0.5458676953125 0.747683028125 0.5530272 0.7498245765625 0.52482273125 0.7664810906249999 0.5243379765625 0.7675452515625001 0.4951225609375 0.7705592875 0.49190793906249997 0.7903752515625 0.4923735390625 0.79330335625 0.45685006718750004 0.7900712000000001 0.45381722812499997 0.7566854640625 0.4527042484375 0.7541671562500001 0.44026991875 0.6349805453124999 0.4291463765625 0.6312658843750001 0.47198884999999996 0.6773621249999999 0.4789857265625 0.6713605015625 0.5458676953125
0 1 0.4970902953125 0.9999498890625 0.49565501406249995 0.9967177312500001 0.49262217656249996 0.9985320968750001 0.45504651406249996 0.9980927718749999 0.44246335 0.9375342218749999 0.439102603125 0.9342558046875 0.49444 0.989612275 0.498040471875 0.9917075625 0.528206240625 0.988924871875 0.5678946875 1 0.5705680109375 1 0.4970902953125
0 0.1876672359375 0.5411831609375 0.14365305781249998 0.5341256890625 0.1456491921875 0.5017562484375 0.0974708859375 0.4948199640625 0.0862277484375 0.5608121734375 0.1375655046875 0.5686988093750001 0.13935673906249998 0.560308265625 0.18329820937500002 0.56528325 0.1876672359375 0.5411831609375
0 0.6675400953125 0.675224278125 0.7606645515625 0.6860640046875 0.76552930625 0.6463149640625 0.7979103624999999 0.6484994859375 0.804202815625 0.5899474671875 0.717397259375 0.5810084453125001 0.710000975 0.57809679375 0.7119376234375 0.573871225 0.7087054671875 0.5708383859375 0.6690008328125 0.5678247015625 0.6660595046875 0.5731218109375 0.6631313984375 0.6086452828125 0.6725370421875 0.6094138515624999 0.67584190625 0.614529178125 0.6675400953125 0.675224278125
0 0.3168543734375 0.5999615328125001 0.3239862765625 0.6549959578125 0.36856888906249996 0.648486965625 0.36359175781249997 0.595474434375 0.3168543734375 0.5999615328125001
0 0.239540390625 0.62409993125 0.24108046718749998 0.698058525 0.18917427656250002 0.7037383546875 0.19372838750000002 0.7744823234375 0.1854728390625 0.7768071890625 0.188936340625 0.816313853125 0.229572946875 0.8161735078125 0.249243496875 0.8124741328124999 0.2415167109375 0.710553446875 0.29349560937499997 0.70695610625 0.28950993281250004 0.6226456703125 0.239540390625 0.62409993125
0 1 0.6107732312499999 0.9725724124999999 0.60693575 0.9647663296875001 0.6519819 0.9679984859375 0.6550147390625 1 0.6595745703125 1 0.6107732312499999
0 0.0363838078125 0.6852543703125 0.08125725 0.687075325 0.0847537890625 0.637985390625 0.039880348437500004 0.636164434375 0.0363838078125 0.6852543703125
0 0.314825203125 0.7209275749999999 0.3658721296875 0.7204842593749999 0.432425478125 0.7164627578125 0.4293122875 0.65714216875 0.32635916875 0.6632653125 0.32622697968750003 0.6893267 0.3117252359375 0.691833346875 0.314825203125 0.7209275749999999
0 0.0189077 0.7816547234375 0.028200965625 0.6896617218750001 0.026614628125 0.6740733640625 0.0056617921875 0.6708929640625 0.009574765624999999 0.7829686421875001 0.0189077 0.7816547234375
0 1 0.6644612953125 0.98702789375 0.662799340625 0.9795853484375 0.7182579265625 1 0.7220111703125001 1 0.6644612953125
0 0.15623800937500001 0.7453466578125 0.068645896875 0.7437266390625 0.065922690625 0.755271209375 0.0670860078125 0.7885910078125 0.0525842640625 0.791097653125 0.051738225000000006 0.82656053125 0.140407721875 0.8291914953124999 0.143130928125 0.8176469234375 0.1419676125 0.7843271281249999 0.169034446875 0.783539403125 0.1698804859375 0.748076528125 0.15623800937500001 0.7453466578125
0 0.6648565609375 0.7774479359375001 0.663005840625 0.813982353125 0.7153482765625 0.8207974468750001 0.7203584453125 0.7852133828125 0.8249706078125 0.7967610828125 0.8264115296875 0.808184465625 0.821328653125 0.84168604375 0.8642654453124999 0.84773256875 0.8754953609375 0.751513996875 0.75199920625 0.73634666875 0.744748334375 0.7375999921874999 0.7440344859375 0.74700148125 0.6791269578125 0.738467465625 0.666634571875 0.7388310312499999 0.6636205359375 0.742045653125 0.660401603125 0.7692391749999999 0.660619725 0.7754866359375 0.6648565609375 0.7774479359375001
0 0.88990458125 0.8657478234375 0.9232903171875 0.866860803125 0.926304353125 0.86364618125 0.9285780906250001 0.809380325 0.9211818062500001 0.806468675 0.8877960703125 0.8053556937499999 0.882508296875 0.8628361703125 0.88990458125 0.8657478234375