0 0.9504974078125 0.82975935625 0.9676965828125 0.942750703125 0.978603509375 0.9436792796875 0.9944949937500001 0.9404123296875 0.9951979812499999 0.8195789953125001 0.9534909125000001 0.8267658499999999 0.9504974078125 0.82975935625
0 0.9960620328124999 0.67106125625 0.9761936015625 0.675845221875 0.9722599781250001 0.669915928125 0.9682917234374999 0.6699390140625 0.93351755625 0.67906959375 0.9479887218749999 0.7494195265625 0.9956649375 0.7393160671875 0.9960620328124999 0.67106125625
0 0.8982188296875 0.6078488015625 0.90117770625 0.610807678125 0.9746596640625 0.5984758140625 0.97751465 0.61929183125 0.9804735250000001 0.6222507078125 0.9963597343749999 0.6198907874999999 0.9970715718750001 0.4975362890625 0.9573450578125 0.5053257343750001 0.9592022078125 0.5271395890624999 0.8867065421874999 0.54045774375 0.8982188296875 0.6078488015625
0 0.8593558671875 0.46720665156249996 0.8565355109375 0.44043825312499996 0.900232478125 0.4322477921875 0.9061848593749999 0.43221316249999997 0.9091321890625 0.4371561640625 0.9177548640625 0.4896835859375 0.9971917687499999 0.476876175 0.9978240859374999 0.36819010625000004 0.9958515015625 0.36621752343749997 0.9104532375 0.380602775 0.9005210609375001 0.3826446171875 0.898513846875 0.386624415625 0.8707129828125 0.39075427500000004 0.8735333390625 0.41752267343750005 0.8685557046874999 0.4205277234375 0.8526711453125 0.42260419843749997 0.848760609375 0.4127066484375 0.7931473359375001 0.42295049687499997 0.7901538312499999 0.42594400312499997 0.80076063125 0.47845987812499996 0.8563623609375 0.4702001578125 0.8593558671875 0.46720665156249996
0 0.9321068078125 0.0689794046875 0.9221746296875001 0.07102124843749999 0.9182525500000001 0.0631078265625 0.884499303125 0.0672723171875 0.8775375453125 0.070288909375 0.8814249953125 0.0841547109375 0.872479109375 0.087182846875 0.8625584734375 0.0872405640625 0.8586594796875 0.0753588875 0.8040440437499999 0.08460490000000001 0.8250614078125 0.22336681249999998 0.8280202843750001 0.2263256890625 0.8955383171875001 0.21601258125 0.8985318234375 0.21301907656250002 0.8976494203125001 0.1941756421875 0.95028073125 0.184941171875 0.9406717656250001 0.1314274609375 0.9446631062499999 0.12743611875 0.944732365625 0.11553135625 0.9409026328125 0.0917449203125 0.9349848812499999 0.08582716875 0.9321068078125 0.0689794046875
0 0.8105998171875 0 0.8171659625000001 0.0458393921875 0.910489190625 0.033392095312499995 0.9096067890624999 0.0145486609375 0.92748701875 0.0104765171875 0.9256973343749999 0 0.8105998171875 0
0 0.8319461515625 0.74513449375 0.8396287062500001 0.7887391140625 0.8425875812499999 0.7916979890625 0.881330003125 0.7825443234375 0.8736359046875 0.7409238296875 0.8706770296874999 0.7379649546875 0.8319461515625 0.74513449375
0 0.8189281218750001 0.7660428578125 0.818299671875 0.7035486296875 0.7974721109375 0.702677771875 0.7786055890625 0.7057636234375 0.778247746875 0.7672715593749999 0.8189281218750001 0.7660428578125
0 0.7960074328125 0.6134036015625 0.7914222734374999 0.54894833125 0.7884633984375 0.54598945625 0.7517281890625 0.551163325 0.7572996421875 0.6166048843749999 0.7960074328125 0.6134036015625
0 0.6865867546875 0.494004571875 0.67703550625 0.43057022500000003 0.674088175 0.425627221875 0.6423075125000001 0.43176429687500006 0.6421805359375 0.45358969374999997 0.6064316203125 0.4597498546875 0.599492946875 0.45879819218750006 0.5976127109375 0.4409525921875 0.5946538343750001 0.4379937171875 0.5628847171875 0.44214666406249997 0.5598912109375 0.44514016874999995 0.569465546875 0.5046062625000001 0.5783768031250001 0.5075305078125 0.6071755015625 0.5024028125 0.61580971875 0.5529461046875 0.6893032203125 0.5386301140625 0.6942577671875 0.5395933187499999 0.6951978859375 0.5485161187500001 0.70313439375 0.548469946875 0.7637137546874999 0.5372051765625 0.7531069546875 0.4846893 0.6955095546875001 0.49494468906250005 0.6865867546875 0.494004571875
0 0.6496886187500001 0.868214515625 0.6109808265625001 0.8714158015625 0.6107384171875 0.9130824687500001 0.602790365625 0.91511276875 0.6046590593750001 0.9349424953125001 0.5907586296875 0.937007425 0.59256960625 0.9667577859375 0.6044628234375 0.9686726531250001 0.6072947234375 0.9934569249999999 0.7462066984375 0.988680640625 0.7452781234375 0.9777737140625 0.753226175 0.9757434125 0.7533300656249999 0.9578862703125001 0.7454050999999999 0.9559483171875 0.7445226984375 0.9371048828124999 0.6522550218750001 0.9386337093750001 0.6525551484375 0.8870464078125 0.6496886187500001 0.868214515625
0 0.749509409375 0.079962025 0.7429978390625 0.0055976640624999996 0.7042900484375 0.008798948437499999 0.699312415625 0.011803998437500001 0.706821821875 0.0851705234375 0.749509409375 0.079962025
0 0.6750693562500001 0.256976428125 0.7297078796875 0.2437621625 0.7210044015625 0.20512363125 0.666377421875 0.21635377031249997 0.6663197046875 0.22627440468749999 0.6750693562500001 0.256976428125
0 0.6152953812499999 0.8118689046875 0.603379075 0.8139222921875 0.6080912109375001 0.8565521625000001 0.618023390625 0.8545103203125001 0.6219685562499999 0.8584554875 0.7103026109374999 0.8509973656250001 0.708468546875 0.8252152593750001 0.699534203125 0.826259265625 0.6965984140625 0.8193321375 0.6939512078125001 0.7628018328125 0.624483678125 0.767174103125 0.625389165625 0.782049284375 0.6154569875 0.7840911265625 0.6152953812499999 0.8118689046875
0 0.6668083124999999 0.65383645625 0.678713075 0.6537671953124999 0.6807202875 0.649787396875 0.69262505 0.6497181375000001 0.6976026828124999 0.646713090625 0.6928790031250001 0.60606734375 0.6313364359375 0.6123775671875 0.631267175 0.6242823296875 0.584611334375 0.629513915625 0.5920745671875001 0.7108169484375 0.595033440625 0.7137758234375 0.6585601343749999 0.70745405625 0.6625745625 0.6994944624999999 0.6804317046875 0.699390571875 0.6854093375 0.6963855234375 0.68354064375 0.6765557984374999 0.676590428125 0.6775882625 0.6746640171875 0.6676791718749999 0.6647433828125 0.6677368875 0.66381480625 0.6568299609375 0.6668083124999999 0.65383645625
0 0.6284772750000001 0 0.6327345 0.031039904687499998 0.67543363125 0.0238472796875 0.6714567812500001 0 0.6284772750000001 0
0 0.66146905 0.20745405625000002 0.6586602375 0.17870153125 0.6557129046875 0.1737585296875 0.6378326765625 0.17783067187499998 0.6308131984375 0.1907678984375 0.6198716421875 0.19579170625 0.611935134375 0.195837878125 0.592163125 0.18404855 0.5862107437499999 0.18408317968750001 0.48688896093749995 0.204501615625 0.4916819015625 0.23324259687499999 0.479754053125 0.2372801125 0.4835837859375 0.2610665484375 0.49747267500000003 0.2609857453125 0.50420356875 0.2976516921875 0.5677648921875 0.2853775453125 0.5630065828124999 0.2506841828125 0.5551739640625 0.23287321093750002 0.60781681875 0.22165461562500002 0.6078860781250001 0.2097498546875 0.6158225859375 0.20970368125 0.6177720828125 0.21564451718750002 0.6257085906250001 0.21559834375000003 0.66146905 0.20745405625000002
0 0.5769942515625 0.06310915 0.54918184375 0.0692231359375 0.541476203125 0.0295867703125 0.483890346875 0.037858034375 0.48864865625 0.0725513984375 0.48070060468750003 0.0745817 0.4950217046875 0.1707252828125 0.57247191875 0.15837033125 0.567702065625 0.1256610953125 0.5786320796875 0.1226214171875 0.5915231328125 0.123538446875 0.5962929859375 0.156247684375 0.6548882203125 0.1449944578125 0.6472287515625 0.09742158437500001 0.636321825 0.09649300937500001 0.5926248578125 0.1046834703125 0.5859170515625001 0.06404926875 0.5769942515625 0.06310915
0 0.0576711078125 0.31810608125 0.060549179687499996 0.334953846875 0.050593915625 0.34096394218750004 0.063242559375 0.38354764218750004 0.1188904609375 0.3673514140625 0.1228009984375 0.3772489625 0.234096803125 0.3448565046875 0.2681091109375 0.46667830625000006 0.2969193546875 0.4595664828125 0.30664375312500003 0.4932389265625 0.3454092609375 0.48011700625 0.306511665625 0.3454272359375 0.31057226718750003 0.329531134375 0.28819922343750004 0.25327499375 0.0576711078125 0.31810608125
0 0.168814203125 0.9940238718750001 0.1697774078125 0.9989784171875 0.18105560468749998 0.9989128015625001 0.294881296875 0.9803940453125 0.28146568437499997 0.8991256421875 0.2835767890625 0.8772887031250001 0.2787145890625 0.86045248125 0.23899741875 0.8666357281250001 0.23985673593749998 0.8894474171875 0.2180082515625 0.8935426468750001 0.22084015156249998 0.9183269203125001 0.1215529984375 0.9327929734374999 0.10664318749999999 0.9378398671875001 0.117024825 0.999285321875 0.1234811125 0.9992477609374999 0.1549253140625 0.994104675 0.168814203125 0.9940238718750001
0 0.2819569375 0.6441710953124999 0.23033500624999997 0.6504236031249999 0.23124049375000003 0.665298784375 0.2163422265625 0.66836155 0.20443746406250002 0.668430809375 0.2015593921875 0.6515830453125 0.196604846875 0.6506198390625 0.150935296875 0.6568377171875001 0.14891654062499998 0.6628016421875 0.100265028125 0.670028896875 0.10400241406249999 0.70968835 0.1188775953125 0.7105938375 0.1446943328125 0.7064755218750001 0.14942955468750002 0.7451371390625 0.16331844375 0.7450563359375 0.16615034374999998 0.7698406078125 0.2217405296875 0.763565015625 0.22574341250000002 0.757589546875 0.24759189531249998 0.7534943171874999 0.25152552031250003 0.7594236109375 0.29619723593749997 0.75420356875 0.2819569375 0.6441710953124999
0 0 0.26642198437500003 0.0024041359375000003 0.2688261203125 0.036180467187499996 0.260693375 0.043943825 0.29040910625 0.091620590625 0.2802114328125 0.086781478125 0.25940695625 0.0868276515625 0.2514704484375 0.0918052828125 0.2484654 0.133518121875 0.24028648281249998 0.1413045671875 0.2660339609375 0.20587527031250002 0.25077785 0.19624321718749999 0.20123239375000002 0.1843269125 0.2032857796875 0.176598184375 0.16761766718749999 0.176736703125 0.14380814375 0.1689040859375 0.1259971734375 0.16508589375 0.10022660937500001 0.16212701875 0.097267734375 0.0786897953125 0.11560969531250001 0.0746753671875 0.123569290625 0.046862959375 0.129683278125 0.057492846875 0.1782309 0.0415967453125 0.1822915015625 0.0454264796875 0.2060779390625 0.0424329734375 0.20907144375 0 0.2177947578125 0 0.26642198437500003
0 0.10955210312500001 0.4378398671875 0.1173039171875 0.469539725 0.12221229062500001 0.47843943906249997 0.170909975 0.4632756734375 0.1631581609375 0.431575815625 0.1582497890625 0.422676103125 0.10955210312500001 0.4378398671875
0 0.0178971375 0 0.01869914375 0.025683990625000003 0.008766965625000001 0.0277258328125 0.0124581796875 0.07532179375 0.0154055109375 0.0802647953125 0.0789322046875 0.0739430296875 0.0762157390625 0.0293174875 0.1020324765625 0.0251991703125 0.10023988125000001 0 0.0178971375 0
0 0 0.5811944625 0.0085398875 0.57830375625 0.0115449359375 0.5733261234375 0 0.5441059562499999 0 0.5811944625