0 0.535226678125 0 0.5323059531250001 0.0037275921875 0.5462505859375 0.037749035937499995 0.554153390625 0.045686809375 0.56985703125 0.043668725000000005 0.5829094046875001 0.0360224453125 0.5898944640625 0.036119609375 0.631498925 0.13622378125 0.6394017296875 0.14416155625 0.6472535500000001 0.1431525140625 0.7515450828125 0.097915746875 0.76852336875 0.0897649453125 0.7728571640624999 0.0842339140625 0.7361042 0 0.535226678125 0
0 0.4299264171875 0.0725167015625 0.43252669531250004 0.06919808281249999 0.42100389062500004 0.0388446859375 0.4297224703125 0.0367294359375 0.43035979218750003 0.0336630765625 0.416927175 0.0040147171875 0.3008084375 0.0189372046875 0.2934373140625 0.021414503125 0.3251250234375 0.10488634687500001 0.339732465625 0.10201431718750001 0.34411725 0.1054301 0.4299264171875 0.0725167015625
0 0.7768700374999999 0 0.8166305484375 0.09092840468749999 0.8971881749999999 0.055705429687499995 0.8729983875 0 0.7768700374999999 0
0 0.8202937109375 0.1562688890625 0.7889374203124999 0.16925187343749998 0.8179228796875 0.23814870156249998 0.9400594578125 0.1836549265625 0.9292249609375001 0.1591819875 0.9329214359375 0.1567173125 0.9324625640624999 0.15279700937500001 0.9245087703125 0.13591241874999999 0.91839046875 0.13470904687500002 0.9091110421874999 0.115010359375 0.8599097078125 0.13725035000000002 0.8328872125 0.1447023015625 0.8235313109375 0.1498839109375 0.8248569421875 0.152698009375 0.8202937109375 0.1562688890625
0 0.44761851874999997 0.1896213265625 0.41146955781249994 0.2042150390625 0.3805721390625 0.221118325 0.3882964953125 0.236042765625 0.381770309375 0.23986590625 0.38136242343750004 0.2448924171875 0.40101746875 0.2851437421875 0.47372327500000005 0.25092980625 0.470154265625 0.23746099843750001 0.44761851874999997 0.1896213265625
0 0.7968605734375 0.2048887546875 0.789008753125 0.2058977953125 0.74286656875 0.22873947499999997 0.76805358125 0.28220734531249997 0.8198551937499999 0.2566487328125 0.7968605734375 0.2048887546875
0 0.6038171734375 0.285406725 0.6312475546874999 0.2729282609375 0.6164361640625 0.240013028125 0.58900578125 0.25249148906249996 0.6038171734375 0.285406725
0 0.9666069203125 0.2016445 0.8751128312500001 0.245568265625 0.9106754640625001 0.319588771875 0.9768376109375 0.28904870312500003 0.9666069203125 0.2016445
0 0.481833546875 0.29013990624999997 0.4352324890625 0.30906127968749997 0.435283478125 0.3180080953125 0.4441040296875 0.33378647968749997 0.4915718453125 0.3137589 0.481833546875 0.29013990624999997
0 0.8625193390625 0.33373589375 0.8916832390625 0.319045015625 0.8609642609374999 0.2523606015625 0.8318003624999999 0.26705147500000004 0.8625193390625 0.33373589375
0 0.0356564640625 0.436017253125 0.07833161093749999 0.4176004015625 0.06041008437499999 0.3751366640625 0.0160014171875 0.39576593125000004 0.0356564640625 0.436017253125
0 0.555177221875 0.5467906765625 0.5797778890624999 0.535670678125 0.587094359375 0.5556216296875001 0.59430885625 0.5576789453125001 0.6567920015625 0.529752825 0.6671676234375 0.550305459375 0.7089760125 0.5329948140625 0.7089250234375 0.5240479984374999 0.6954392640625 0.4939468609375 0.6856244890625 0.4952081640625 0.63226779375 0.3627904421875 0.623090340625 0.36098538593749996 0.588904334375 0.3753268359375 0.5641252078125001 0.3168324546875 0.46722662187499997 0.357139875 0.4650852171875 0.3643787984375 0.5499256781249999 0.5444810984374999 0.555177221875 0.5467906765625
0 0.9813908625 0.32794864375 0.9529172375 0.340025540625 0.9467479515624999 0.32987535625 0.9417258437499999 0.3295259296875 0.8246113718749999 0.384369128125 0.8244329234375 0.39135579531250003 0.8575737296874999 0.461708253125 0.9902058078125 0.40325765625 0.9813908625 0.32794864375
0 0.502431909375 0.9938141 0.49724887500000003 0.9970732437500001 0.524763484375 0.9969131687499999 0.5412138125 0.9947991265624999 0.5319527109375 0.9651498953125 0.687179096875 0.8954607250000001 0.69110500625 0.8949562046875 0.6946230296875 0.89947819375 0.7256224296875 0.971100665625 0.8189596609375001 0.95910584375 0.8426604281250001 0.947106675 0.8485492906250001 0.9463498937500001 0.850104359375 0.9511241453125001 0.8434965953125 0.9559525859375 0.9945174953125001 0.9365448031250001 0.9959290046874999 0.6939267171875 0.965918671875 0.7064376515624999 0.9635478296875 0.711716425 0.9743823234375 0.7361893625 0.9415219499999999 0.7533449125 0.932930834375 0.73952668125 0.9108029734375 0.6866604953125 0.9713231640625001 0.6589866375 0.9547272687499999 0.6193369984375 0.9516681171875 0.6187353124999999 0.63163000625 0.7613351109375001 0.6800920609375 0.8774699265624999 0.4935093828125 0.9601420828125 0.48894615156250004 0.9637129609375 0.502431909375 0.9938141
0 0.411141746875 0.8692556859374999 0.3730298328125 0.88410165625 0.36477012656249996 0.8901372109375 0.3932967125 0.9551137359374999 0.43966833281250006 0.934232209375 0.411141746875 0.8692556859374999
0 0.35322184375 0.9702119687499999 0.29036715156250004 0.9982768468750001 0.3691894703125 0.997818271875 0.358473384375 0.9725215437499999 0.35322184375 0.9702119687499999
0 0.0296955859375 0.810652403125 0.0419317484375 0.8381124015625 0.23210645312499997 0.747861696875 0.1973803171875 0.6635566984375 0.163582778125 0.7122828828125 0.05975103281250001 0.754706903125 0.0348493875 0.6859736765625 0.016260898437499997 0.69587539375 0.0296955859375 0.810652403125