0 0.55312656875 0.9831662140624999 0.537865096875 0.94305726875 0.435382015625 0.9804043453125001 0.44057773281249996 0.9948057171875 0.5394891359375 0.9936547796875 0.54173288125 0.9884637312500001 0.55312656875 0.9831662140624999
0 0.9118079984374999 0.9428380000000001 0.90763970625 0.9490844296875001 0.8517464 0.9683285890625 0.8445210046874999 0.9673796765624999 0.8333436828125 0.9354871125 0.7753842609375 0.9547553140625 0.774321153125 0.9599326234375001 0.7850791078125 0.99079708125 0.9406697734374999 0.9889866203125001 0.9652986203125 0.9814691218749999 0.949070203125 0.9300085609375 0.9118079984374999 0.9428380000000001
0 0.9715998296875 0.786161084375 0.9878282484375 0.8376216453125 0.9836719765625 0.8418019593749999 0.9948593140625 0.8719727625000001 0.9957259921875 0.7230035625 0.9450047734375 0.7410190765625 0.957149040625 0.7842632578125001 0.9602301828125 0.7873263703125 0.9685186859374999 0.7830979734375 0.9715998296875 0.786161084375
0 0.7375998625 0.87978685625 0.75892745625 0.9425509515625 0.8127546484374999 0.92333083125 0.8272174578125 0.9231625421875 0.87587335 0.9050355859374999 0.8475126843749999 0.808264728125 0.8424014859375 0.799027309375 0.7378522890625 0.8363984265625 0.7500446375 0.8713781453125 0.7375998625 0.87978685625
0 0.3416922875 0.9267461625 0.3261663703125 0.9320917625 0.33125352656249996 0.9454614125 0.3447133296875 0.940139853125 0.3416922875 0.9267461625
0 0.46392436249999996 0.6908356078125 0.4466809171875 0.6362878921874999 0.329735025 0.673803259375 0.38040225156249996 0.8426237109375 0.385549509375 0.8456627796875 0.42281171406249995 0.8328333406249999 0.4390401328125 0.8842939015625 0.51665770625 0.8596320171875 0.48219485625 0.7464043578124999 0.47498148125000006 0.7433893296874999 0.457389446875 0.7487589703124999 0.4452572 0.703448675 0.462861253125 0.6960129171875 0.46392436249999996 0.6908356078125
0 0.8017883703124999 0.6776073109375 0.69725119375 0.7129123125 0.709431521875 0.749958146875 0.7083804328125 0.7530693421875 0.698037834375 0.7552556640625 0.6969747265625 0.7604329734374999 0.718314340625 0.8211309531250001 0.822863540625 0.7837598359375 0.8106711921875001 0.7487801171874999 0.8117222796875 0.7456689234375 0.8220648781250001 0.7434826 0.8231400078125001 0.7362391749999999 0.8017883703124999 0.6776073109375
0 0 0.64946016875 0.022970934374999998 0.6680758906250001 0.03752990625 0.6513786765625 0.06753065625 0.6437986687499999 0.06558474375 0.6231615546875 0.1300670609375 0.5480361046875 0.081771778125 0.504179590625 0.07763954687499999 0.5042276734375 0.07139311875 0.512564259375 0.0652067921875 0.51057026875 0 0.452872221875 0 0.54237226875 0.022544903124999998 0.5637490703125 0.0038296578125 0.5846265984375 0.022316517187500003 0.6030052671874999 0 0.628206084375 0 0.64946016875
0 0.9842195890625 0.570119765625 0.9583390515625 0.579717803125 0.9674622765625 0.6095682953125 0.993342815625 0.5999702578125 0.9842195890625 0.570119765625
0 0.6134419734375001 0.5589393359375 0.607207565625 0.5652098062500001 0.6224690359375 0.6053187515625 0.727006215625 0.57001375 0.69955239375 0.49492508593749995 0.6374607390625 0.5142413718750001 0.6353585625 0.520463759375 0.6053337734375 0.5321759968750001 0.6134419734375001 0.5589393359375
0 0.7304479671874999 0.5110933890625 0.729396878125 0.5142045859375 0.7507244734375 0.576968678125 0.7911038828125 0.561004003125 0.78606480625 0.5393698921875 0.8512736640625 0.516918371875 0.82591 0.43767343593749997 0.7338055765625 0.46663584062499996 0.74390776875 0.5057718312499999 0.7304479671874999 0.5110933890625
0 0.37000092812499996 0.49979275312500004 0.3867943 0.45414587656250005 0.3507154078125 0.44113685 0.34233074218750004 0.46189417187500004 0.28459970625 0.441906175 0.2583585578125 0.513487684375 0.25937358593750004 0.5165748359375 0.29855766250000004 0.5285147453125 0.29540439687500003 0.5378483265625 0.2984615 0.5450436703125 0.339699671875 0.5590256515625 0.34589801875 0.558953528125 0.4111429375 0.530303659375 0.3937913109375 0.4943509875 0.37000092812499996 0.49979275312500004
0 0.9763397765624999 0.504100228125 0.99704521875 0.4962478078125 0.99773906875 0.37698500625000003 0.9387236609375 0.40020615312499996 0.9763397765624999 0.504100228125
0 0.292000084375 0.23522248124999998 0.22265899375 0.25772208281250003 0.24698359062500003 0.3380120984375 0.1931564 0.3572322171875 0.20840585156250002 0.399407278125 0.33157413125 0.3576875578125 0.292000084375 0.23522248124999998
0 0.128320171875 0.31563415 0.1738468390625 0.30270854375 0.183174409375 0.29743506875 0.167949 0.2511277765625 0.1130947609375 0.26932685625 0.128320171875 0.31563415
0 0.610944503125 0.2779956828125 0.5845658109375 0.1956635921875 0.5794065328125 0.1946906390625 0.5649076625 0.201057275 0.5547694078125 0.16811963125 0.5040473999999999 0.18627063125 0.53039003125 0.27480106718749997 0.54159139375 0.3025614 0.610944503125 0.2779956828125
0 0.6451616265625 0.2559047828125 0.7186349453124999 0.23335709843750002 0.681187115625 0.10053740156249999 0.6015154468749999 0.12315721093750001 0.6298761125000001 0.21992806874999998 0.633936221875 0.23227668124999998 0.6401105281249999 0.23633678749999998 0.6451616265625 0.2559047828125
0 0.752558259375 0.0842121046875 0.756642409375 0.092428484375 0.753501165625 0.0996959515625 0.7193561640625 0.10939015625 0.7528160078125 0.2174645453125 0.7766184093749999 0.2099566640625 0.7675192234375 0.1759739421875 0.8182292109375 0.159889059375 0.7908595328125 0.0703375859375 0.7556754640625 0.08107686875 0.752558259375 0.0842121046875
0 0.9568272468749999 0.1293526625 0.9599444515625001 0.126217428125 0.9816807375 0.1187335875 0.977632646875 0.10431886093750001 0.9993727578125 0.0961776203125 0.9993929749999999 0.092702790625 0.9841675640625 0.046395496875 0.9759031 0.046491662499999996 0.9626837046875 0.0104909078125 0.91093465 0.02762086875 0.9119256359374999 0.034840253125 0.9088084328124999 0.0379754890625 0.88292789375 0.0475735265625 0.8869759828125 0.0619882546875 0.8766213640625 0.06624069375 0.9040511453125 0.1454615890625 0.9288926140625 0.136908628125 0.9350308593750001 0.1471670828125 0.9577941937500001 0.1407042796875 0.9568272468749999 0.1293526625
0 0.5554185046875 0.056549384375 0.48813151093749996 0.0810910609375 0.5053749562500001 0.1356387734375 0.574728065625 0.11107305625 0.5554185046875 0.056549384375
0 0.301226171875 0.069837059375 0.27327951875 0.0794591375 0.286474875 0.11959212500000001 0.314421528125 0.10997004531250001 0.301226171875 0.069837059375
0 0 0 0 0.09902472031250001 0.021165321875 0.09065665625 0.0130210609375 0.070091665625 0.0130451015625 0.065959434375 0.0182164015625 0.064866271875 0.021357646875 0.057598804687500005 0.00057633125 0 0 0
0 0.5133852671875 0 0.5092494390625 0.00233825 0.5213816875 0.0476485453125 0.553460571875 0.0379783828125 0.5656409015625 0.07502421718749999 0.5977318046875 0.06328793906249999 0.583617584375 0.0035388734375000003 0.5821740734375 0 0.5133852671875 0
0 0.7995348265625 0 0.819833234375 0.06173654375 0.87262135625 0.043561503125 0.8665672531249999 0.0188402390625 0.88002705625 0.013518681250000001 0.8810901640625 0.0083413703125 0.878123371875 0 0.7995348265625 0