0 0.9024084640625001 0.7466243078125 0.9189361640625 0.7483722359375 0.9191447484375 0.76305049375 0.9158654578125001 0.78832318125 0.90416276875 0.787777953125 0.892280521875 0.9026168765625 0.884895896875 0.9316099078125 0.8799940578125 0.99488034375 0.9744822828125 0.9943306281250001 0.9896070609375001 0.7056446890625 0.9098911609375 0.6970998890625 0.9024084640625001 0.7466243078125
0 0.665173509375 0.9891162843749999 0.6717279453125 0.9199905640624999 0.52205451875 0.903238259375 0.513447415625 0.9742241500000001 0.5308992328125 0.9769930359375 0.5309033796875 0.995573378125 0.5484574140625 0.996391221875 0.5508167375 0.9886779203125 0.5703212203125 0.989586634375 0.6150738734375001 0.9964216046875001 0.6450439640625001 0.9962472437500001 0.6465931421875 0.9892285281250001 0.665173509375 0.9891162843749999
0 0 0.9389378953125 0.0104900359375 0.9397665171874999 0.007828203124999999 0.971913290625 0.0136795484375 0.9721859046875 0.014989056249999999 0.9751806234375 0.2368525515625 0.9855172328125 0.23890521874999998 0.9836570609375 0.23951853125000003 0.9719508015624999 0.2347957390625 0.968797059375 0.20553901406250003 0.9674339906249999 0.203179690625 0.9751472906249999 0.080608103125 0.9635692703125001 0.05535449375 0.9604369 0.05391513906249999 0.9505908156249999 0.03441065625 0.9496821015625001 0.0348195296875 0.9418779296875 0.1078080140625 0.9482121671874999 0.11118952343749999 0.9209884374999999 0.094661821875 0.919240509375 0.09188947812500001 0.9161776390625 0.092502790625 0.9044713796874999 0.12370996249999999 0.9059253203125 0.12390610625000001 0.864862546875 0.11815697968750001 0.8626388890625 0.12133405312500001 0.83931724375 0.046395120312499996 0.8328921359375 0.044240234375 0.83670335 0.024735751562499998 0.8357946374999999 0.020012959375 0.8326408953125 0.01929328125 0.8277178515625 0 0.8268189781249999 0 0.9389378953125
0 0.321948453125 0.96601218125 0.3315818890625 0.894096203125 0.33167996093749996 0.8735648171875001 0.20726014375 0.85994488125 0.20275008125 0.8900497421875 0.2124001046875 0.892455140625 0.211067115625 0.89923835625 0.232419828125 0.9021889828124999 0.23252619375 0.9188182843750001 0.22924275624999998 0.9255106281250001 0.209840490625 0.9226508734375001 0.20748116875 0.9303641718750001 0.19680481249999998 0.928888859375 0.1945518546875 0.9532314609375 0.29361584375 0.9656700703125001 0.321948453125 0.96601218125
0 0 0.7801941218749999 0.0391983453125 0.783661703125 0.037967574999999996 0.788493875 0.0426903671875 0.79164761875 0.060244403125 0.792465459375 0.06250150625 0.7867032015625 0.12183685156249999 0.792401340625 0.123578715625 0.7778139546875 0.10510056718750001 0.7759751546875 0.11493843906250001 0.7001570921875 0.11216609531249999 0.697094221875 0.0032476453125 0.6861523 0 0.69601703125 0 0.7801941218749999
0 0.36520084218750004 0.6629216703125 0.31571995625 0.6557268453125 0.3169465796875 0.6323143296875 0.2527862234375 0.625413490625 0.24971137031250001 0.64678409375 0.2030028296875 0.6426521390625 0.199923828125 0.6454423953124999 0.1919341859375 0.7233023734375 0.20055787500000002 0.726637859375 0.3541321984375 0.7435719062499999 0.36520084218750004 0.6629216703125
0 1 0.23290551406249999 0.932038984375 0.22700758125 0.9315278906250001 0.236762796875 0.9252676718749999 0.244294353125 0.9217922375000001 0.3106298171875 0.913888225 0.3122173734375 0.910608934375 0.3374900625 0.9163580609374999 0.3397137171875 0.9182104359375 0.3603359765625 0.9473649421875001 0.36365008906249996 0.9477779640625 0.37442626093750003 0.9359730562499999 0.3758320765625 0.9320763062499999 0.394230678125 0.9125718234375 0.393321965625 0.9102124999999999 0.401035265625 0.9033348218749999 0.4016927375 0.8995444375 0.43672064062500004 0.9072440109375 0.43903516875 0.9061196062500001 0.46049664218749997 0.891542353125 0.458839584375 0.888361134375 0.4635808859375 0.8832419078125 0.523972346875 0.8860142515625 0.5270352203125 0.9979094828124999 0.5371379265625 1 0.49723631875 1 0.23290551406249999
0 0.7905223984374999 0.5126566343750001 0.7936013984375 0.509866378125 0.8120380796875001 0.32590173437500003 0.4717318125 0.2904888296875 0.4528779625 0.4450969546875 0.45216657812500005 0.4773346015625 0.5844904078125001 0.48936697812499996 0.58603198125 0.49726202031250005 0.654093234375 0.5043446015625 0.6583007875 0.49867321562500005 0.7905223984374999 0.5126566343750001
0 0.4252131515625 0.29404030312499996 0.3299478390625 0.28373448125 0.3273840796875 0.295349865625 0.2874509984375 0.29251148437499996 0.2684990765625 0.4676509984375 0.324959859375 0.4722373078125 0.3373531984375 0.34764316875 0.3404322 0.3448529125 0.3812893953125 0.34871225156249996 0.4055166703125 0.3527747078125 0.3910706640625 0.4792290171875 0.4464028953125 0.4866964578125 0.46638115 0.31062685624999997 0.4245998390625 0.305746559375 0.4252131515625 0.29404030312499996
0 0.722561478125 0.2394405578125 0.696383753125 0.23528723125 0.700272209375 0.179727940625 0.6575667843749999 0.17382668750000002 0.6543855640625 0.1785679875 0.6438363078125 0.2866236953125 0.8393963796874999 0.304535953125 0.8500478546875 0.1945292015625 0.8063160953124999 0.18955803437500002 0.8003749718750001 0.2469774953125 0.722561478125 0.2394405578125
0 0.4274559125 0.261271615625 0.6287651109375 0.2814075296875 0.6348084515625 0.22203702500000003 0.6408642343750001 0.218407553125 0.6461878984375 0.15411400625 0.5830538749999999 0.14628308125 0.575575325 0.21438784375000003 0.43555192187499997 0.20004093906249998 0.4274559125 0.261271615625
0 0.0255804703125 0.0919512453125 0.014417901562499998 0.2117132125 0.152593075 0.22401820312499998 0.15393021093749998 0.23581533281249997 0.1655306828125 0.23831160312500002 0.3464112828125 0.256517846875 0.3708429953125 0.2566782171875 0.3813963984375 0.167202853125 0.3816008359375 0.1633007671875 0.37687804375 0.1601470234375 0.21735015624999998 0.14489140625000002 0.22000784218749997 0.0941642875 0.029375001562500003 0.0755036875 0.0255804703125 0.0919512453125
0 1 0.15025563749999998 0.9972302734375 0.14963190312500002 0.9926138453125001 0.1631074609375 0.9430307421874999 0.157863678125 0.933912546875 0.23860478437500002 0.9922215578125 0.245233009375 0.9946830999999999 0.235568665625 1 0.23607079375 1 0.15025563749999998
0 0.4230953796875 0.1923140765625 0.40656767812499994 0.1905661484375 0.40462137656249997 0.20905562187500001 0.421149078125 0.21080355 0.4230953796875 0.1923140765625
0 0.8735242828124999 0.01628930625 0.8091594875 0.013290554687500001 0.8050624484375 0.0541715859375 0.8682986890625 0.0600514671875 0.8735242828124999 0.01628930625
0 1 0.022181803125 0.9401359921875001 0.0193927421875 0.9378830359375 0.0437353453125 0.9436321609375 0.045959001562500004 0.942196953125 0.054693259375000004 1 0.059987709374999997 1 0.022181803125
0 0.68322055625 0.0372119375 0.7241799703125 0.039120234375 0.72674373125 0.027504846875 0.7570267890625 0.02793783125 0.7570226421874999 0.009357487500000001 0.661450675 0.00490479375 0.6577583625 0.019401309375000002 0.6820878578125 0.021512721874999998 0.68322055625 0.0372119375
0 0.5540884640625 0 0.5525874828124999 0.0115676953125 0.5691151828125001 0.013315621875 0.5694259859375 0.0260428375 0.578049675 0.029378321875000002 0.5936532625 0.03010529375 0.5982696890625 0.016629734375 0.617671953125 0.019489490625 0.6209553921875 0.012797146875000002 0.6205423703124999 0.002020975 0.577164446875 0 0.5540884640625 0
0 0.3698088234375 0 0.368946921875 0.0030118906250000002 0.3690532875 0.0196411921875 0.4002604609375 0.0210951328125 0.40272200312499995 0.011430787500000001 0.42900194531249997 0.013633071875 0.4290670671875 0 0.3698088234375 0
0 0.2821722078125 0 0.281817215625 0.00677574375 0.29239135312500003 0.0102021 0.31774718125 0.011383428125000001 0.320208721875 0.0017190828125000003 0.3435118828125 0.00476058125 0.345376625 0 0.2821722078125 0
0 0.45520822499999997 0 0.45453410937500005 0.012866809375 0.475886821875 0.0158174375 0.4802988109375 0.0062439640625 0.518179225 0.010942518750000001 0.51791200625 0 0.45520822499999997 0
0 0.692587021875 0.7915213203125 0.779860703125 0.8008700281250001 0.79158653125 0.7155877703125 0.6975575421875 0.709225734375 0.692587021875 0.7915213203125
0 0.49831503125000004 0.7210715999999999 0.5082317656249999 0.7585042093750001 0.5600275234375001 0.7648798328125 0.5580571140624999 0.7898751468749999 0.596030146875 0.795604815625 0.59803510625 0.769950046875 0.6074436609375 0.7037071640625 0.5144534625 0.69013161875 0.49831503125000004 0.7210715999999999
0 0.6405929046875001 0.8392751031250001 0.6740279765625 0.8434731796875001 0.681987275 0.8048921828125 0.6433570421875 0.799129940625 0.6405929046875001 0.8392751031250001