0 0.046510640625 0.8756092375 0.009465890624999999 0.8134966796875001 0.010492709375000001 0.9017412734375 0.0452255796875 0.8808957156250001 0.046510640625 0.8756092375
0 0.0057007671875 0.4899227671875 0.051562025 0.5155029343749999 0.0849138296875 0.4582464046875 0.019092884375 0.4198960109375 0.0215760078125 0.41145752968749993 0.00902625625 0.40445761874999997 0.0056656765625 0.48690704374999993 0.0057007671875 0.4899227671875
0 0.049615429687500004 0.720710721875 0.02867924375 0.7357748390625 0.041905059375 0.75242959375 0.0607061203125 0.7372660609375 0.049615429687500004 0.720710721875
0 0.138859221875 0.1581568640625 0.2224372296875 0.2069574171875 0.25356690937500004 0.1517359453125 0.2076381546875 0.12393512656250001 0.219096775 0.10522193124999998 0.21602458750000003 0.101871096875 0.1511407078125 0.0667721234375 0.094784659375 0.1635895234375 0.12295635 0.1809401796875 0.138859221875 0.1581568640625
0 0.071048278125 0.95587718125 0.073412996875 0.9773725390625 0.216647859375 0.9840417765625 0.2062770859375 0.9183338765625001 0.16322658750000002 0.92488348125 0.1645787171875 0.9441931640625001 0.071048278125 0.95587718125
0 0.15211409843749998 0.5939639156250001 0.1929225421875 0.6161800109375 0.23559784218750002 0.5401108703124999 0.2450953390625 0.517029309375 0.13103651562500002 0.45504763437499995 0.0998198375 0.5124035828125 0.17307021875 0.5521691625 0.15211409843749998 0.5939639156250001
0 0.22647908125 0.05531032031250001 0.19249108125 0.049450734375 0.1859787734375 0.078017603125 0.2231259625 0.08509354687500001 0.22645915 0.08204095781250001 0.22955126875 0.058661153125 0.22647908125 0.05531032031250001
0 0.321330909375 0.5622801984375 0.30041465624999997 0.5506136796875001 0.291526159375 0.55875391875 0.2623304046875 0.5402863171875001 0.25686209375 0.543239490625 0.2247083515625 0.59734401875 0.34678567656250003 0.6725302 0.3521669890625 0.6717114984375 0.38440772968750003 0.6154724953125 0.33745491250000004 0.586554734375 0.3411361 0.5749642484375 0.321330909375 0.5622801984375
0 0.3078023640625 0.2643952796875 0.3704641203125 0.3015293125 0.435882665625 0.192302728125 0.32840321875 0.126350346875 0.314635471875 0.149233078125 0.304133846875 0.14446705625 0.29626941093750003 0.153724240625 0.24795179687500002 0.2370155046875 0.30318411562500003 0.27273435 0.3078023640625 0.2643952796875
0 0.32983508125 0.038737484375 0.3194875203125 0.05643315 0.3309262109375 0.064450590625 0.34127376875 0.046754925 0.32983508125 0.038737484375
0 0.343198403125 0 0.35889669999999996 0.0080127609375 0.3623240953125 0 0.343198403125 0
0 0.36110262031249996 0.7148980609375 0.338011375 0.7565934015625 0.374549565625 0.778610665625 0.3776217546875 0.7819615 0.36847225781250004 0.7965051609375 0.40492344999999996 0.8206569 0.45186900156250004 0.7447865874999999 0.4605835 0.740915296875 0.4835007453125 0.7034889062499999 0.40316892343750005 0.6537702375000001 0.36999112031250003 0.7067578218749999 0.36110262031249996 0.7148980609375
0 0.4426287765625 0.079275 0.4438268359375 0.076122996875 0.412495959375 0.0575559796875 0.3952210265625 0.0877602484375 0.423392715625 0.10511090468749999 0.427749965625 0.10317525937500001 0.43825159375 0.10794128124999999 0.4509082765625 0.0860760828125 0.4426287765625 0.079275
0 0.5166168859375 0.38959837343750003 0.5522778125000001 0.32817230625 0.43207461406250003 0.2594889625 0.3987228109375 0.316745496875 0.43842019062500004 0.339979121875 0.435937065625 0.3484176015625 0.44003331562500003 0.35288538125 0.43951131875 0.3656922265625 0.44258350625 0.3690430609375 0.45513325781249997 0.37604297343750004 0.4682920078125 0.368101565625 0.4808417578125 0.375101475 0.4874211328125 0.3711307703125 0.5166168859375 0.38959837343750003
0 0.5695600140625 0.4027561125 0.63862714375 0.44018839062500004 0.6698438234374999 0.3828324421875 0.5788363765625 0.33261670312499997 0.56737775625 0.3513298984375 0.5578131921875 0.34981529375 0.523002328125 0.41662725468749995 0.5491258921875 0.431744021875 0.5640917015625 0.4057092875 0.5695600140625 0.4027561125
0 0.558735725 0.1434905625 0.5460790390625 0.165355765625 0.5763858546875 0.182805834375 0.5890425390625 0.16094063593750002 0.558735725 0.1434905625
0 0.590666659375 0.9608246953125 0.5853723468750001 0.9595089203124999 0.5535865375 0.9783449125000001 0.5650860765625 0.9967801218749999 0.571208034375 0.9967445046875 0.6005592890625 0.9805320375000001 0.590666659375 0.9608246953125
0 0.8134463999999999 0.45474382343749997 0.76751764375 0.42694300468749996 0.758368146875 0.441486665625 0.7187577671875001 0.41611856875 0.70867120625 0.4274108109375 0.6856669609375 0.46697167500000003 0.7994647859375 0.5353567765625 0.804846096875 0.5345380750000001 0.8300724671875 0.49294215 0.8029248390625 0.47670843749999997 0.8143834609375 0.45799524218750004 0.8134463999999999 0.45474382343749997
0 0.8474906609374999 0.9578131421875 0.803582834375 0.8541887765625 0.73942215 0.8800714468749999 0.7832429796875 0.9858302875 0.8288636031250001 0.9687077265624999 0.8474906609374999 0.9578131421875
0 0.8656065296875 0.48711183125 0.820709103125 0.5652160328125 0.8907132984375 0.6058997296874999 0.888056175 0.6186071609375 0.9403033046875 0.648840696875 0.992128103125 0.5582278921875 0.8656065296875 0.48711183125
0 0.9033282515625001 0.2964009421875 0.8884494421875001 0.320301203125 0.9041583796875001 0.3285174734375 0.916902065625 0.3045177984375 0.9033282515625001 0.2964009421875
0 1 0.035987892187499995 0.9995212140625 0.03570270625 0.9905457140625 0.0459774203125 0.9571667109374999 0.025176515625 0.9284331546875 0.0740939796875 0.9335534687499999 0.0796787015625 0.992118975 0.11234495468750001 0.9951041625 0.11783026562500001 0.9812494171875 0.14284746875 1 0.1530785921875 1 0.035987892187499995