0 0.8389902906250001 0.017985353125 0.8194193546875 0.057997335937500005 0.8144310390625 0.05860697031249999 0.7994292 0.0495649484375 0.7840233343749999 0.079024734375 0.8341887359375001 0.10357815781249999 0.8278278890624999 0.1198918671875 0.8571084109375 0.134957021875 0.8737521312500001 0.102627096875 0.8917812749999999 0.1109107359375 0.9085965640625 0.0766178 0.8935947234375 0.067575778125 0.8985461484374999 0.05609521562499999 0.9097606375 0.052005806249999995 0.9774644828125 0.045285178125 0.9796475203125 0.0286545703125 0.8389902906250001 0.017985353125
0 0.625511509375 0.0067324875 0.6286640546875 0.002031559375 0.6156896734374999 0.0010474171875 0.625511509375 0.0067324875
0 0.3465253828125 0.4094276609375 0.3754996640625 0.4392897609375 0.3667977796875 0.44850981875 0.39325945625 0.4732412734375 0.4310943 0.4356026671875 0.4239365109375 0.42715563593750006 0.4788319921875 0.3750029390625 0.5222934125 0.4197960890625 0.6011619671874999 0.341797484375 0.5793454734375 0.3203824140625 0.5878757921875 0.3131253671875 0.587152634375 0.3101064796875 0.5599678 0.28235613593750003 0.5539131937499999 0.2838729015625 0.546583840625 0.27738888125 0.5213600203125 0.24978728437500003 0.5158201124999999 0.24541502187500003 0.507976059375 0.24482003125000001 0.4827522390625 0.2172184359375 0.45805600625 0.24004545312499997 0.4870302875 0.26990755312500003 0.4866871546875 0.27383357343750003 0.4587920546875 0.29938198437499997 0.45844892187499997 0.303308003125 0.48546218906250005 0.3330213546875 0.430566709375 0.3851740546875 0.40159242968750003 0.3553119515625 0.3465253828125 0.4094276609375
0 0.199132040625 0.5148328656250001 0.1865450203125 0.5346263515625 0.21245510781250002 0.5543759109375 0.21974757031249997 0.5499890046875 0.22542215156249998 0.54152733125 0.229344178125 0.5418248265625001 0.231685215625 0.5489184828125 0.2226401984375 0.56206455625 0.2771445421875 0.604731309375 0.2842654375 0.6023074125 0.33324098593749996 0.5388375437499999 0.33089994843750004 0.5317438875 0.277290328125 0.49013301406250004 0.2572392796875 0.5162764171875 0.22024937968749997 0.487782334375 0.21790834218750002 0.48068867656250003 0.23864565624999998 0.4466932375 0.1849013609375 0.4179163015625 0.1607936109375 0.45659614375 0.1556706203125 0.4700397140625 0.1763839328125 0.48149099062499995 0.1691283609375 0.49674882187499997 0.171640965625 0.50187946875 0.199132040625 0.5148328656250001
0 0.2084188515625 0.2053016359375 0.16660108906249999 0.2772185359375 0.22767473749999997 0.3124794921875 0.277814359375 0.22439762968750002 0.299422396875 0.2369047828125 0.30244970000000004 0.23614640156250002 0.34904731875 0.1547119515625 0.2728002640625 0.11237198125 0.2462168015625 0.156792103125 0.24105691875000002 0.159364746875 0.231766553125 0.15273197968750002 0.22856768437500002 0.1554533703125 0.20996294999999998 0.18763455 0.213198709375 0.19578408281249998 0.2084188515625 0.2053016359375
0 0.246819953125 0.38704456875000004 0.234061365625 0.40880106562499996 0.2651313359375 0.425977978125 0.2778899203125 0.40422148125 0.246819953125 0.38704456875000004
0 0.0640821484375 0.7387477390625 0.09800785468749999 0.7571292796875 0.1022730140625 0.75350075625 0.1229863265625 0.7649520328125 0.15912950625 0.70149680625 0.1253753671875 0.6811522578125 0.15601552968750002 0.6241956953125001 0.15938596562500001 0.61951129375 0.16526900625000002 0.6199575359375 0.200984159375 0.6404508328125 0.2302149 0.588327421875 0.1577183046875 0.54824795625 0.135228434375 0.5910025671875 0.12487177812500001 0.585276928125 0.12167291093749999 0.5879983203125 0.1002493296875 0.6298458 0.0950894484375 0.63241844375 0.087588528125 0.6278974328125 0.0826002109375 0.6285070671875 0.058872484375 0.674131815625 0.0626229453125 0.676392321875 0.048626503125 0.7010189578125 0.07112926093750001 0.7145819921875 0.061912678124999995 0.7296910765625 0.0640821484375 0.7387477390625
0 0.1302107828125 0.16281291874999998 0.130762371875 0.1677948171875 0.13451283281249998 0.170055321875 0.0666631984375 0.291374240625 0.0797040265625 0.300267515625 0.0681832953125 0.319153871875 0.10496473749999999 0.3387400375 0.22295399374999997 0.12933925625 0.217585653125 0.1230039828125 0.229106384375 0.104117628125 0.223909609375 0.095819346875 0.2332977609375 0.0787472515625 0.1440098796875 0.0275140078125 0.1211639859375 0.017876995312499998 0.091761678125 0.0719634171875 0.088562809375 0.07468480937500001 0.0798240328125 0.073033940625 0.05413529375 0.1185099390625 0.10591857499999999 0.1471381296875 0.115135159375 0.13202904375 0.131203290625 0.14016393437500002 0.12164357343750001 0.1591990375 0.1302107828125 0.16281291874999998
0 0.1063021578125 0.470247034375 0.11355772812500001 0.4549892015625 0.08069831093749999 0.43570053125 0.0700723046875 0.45564276406250004 0.100970709375 0.47478268906250004 0.1063021578125 0.470247034375
0 0.076971853125 0.3879933109375 0.061909121874999994 0.413527078125 0.10030844375 0.4371880109375 0.1153711765625 0.41165424375 0.076971853125 0.3879933109375
0 0.0849856953125 0.2285432921875 0.1023525734375 0.1992322546875 0.0296844109375 0.1611158015625 0.02755183125 0.1629300609375 0.024682712500000002 0.1957576234375 0.0849856953125 0.2285432921875
0 0 0.6781471484375 0.0176174265625 0.64926625625 0.01689426875 0.64624736875 0 0.6370937578125 0 0.6781471484375