0 0.9762440484375 0.9895201703125001 0.9856705031249999 0.9695454046875 0.9365596578125001 0.9483195343749999 0.917588428125 0.99122756875 0.9762440484375 0.9895201703125001
0 0.8093152625 0.9185328359374999 0.802008659375 0.9325357859375 0.7850094578125 0.92613548125 0.749569165625 0.9961184171875 0.8625569359374999 0.9928294718749999 0.8661701640624999 0.9848441453125 0.854048153125 0.977316853125 0.8575812359375 0.9673638234374999 0.85152023125 0.9636001765625 0.8585863984375001 0.943694115625 0.8093152625 0.9185328359374999
0 0.6842347890625 0.941874159375 0.6953332765625 0.9484462265625 0.69258328125 0.95345136875 0.686522275 0.9496877218750001 0.6818053765625 0.9547501203125 0.66149088125 0.9986822734375 0.7324652687500001 0.9966162921875 0.75819409375 0.9446463812499999 0.7550433734374999 0.939813003125 0.71285676875 0.9193705937500001 0.707979578125 0.9204975843750001 0.7016163546875 0.9334880515625 0.6926450625 0.930794140625 0.6970413828125 0.9178609265625 0.7049891484375 0.9195996125000001 0.7078192890625 0.9165621749999999 0.7368854125000001 0.8566149703124999 0.7036700984375 0.838866475 0.6536275421875 0.93981004375 0.6567782640625001 0.9446434265624999 0.6748811359375 0.9539666578125001 0.679758325 0.9528396703125 0.6842347890625 0.941874159375
0 0.593072575 0.9760483875 0.6051945859375001 0.983575678125 0.6424305484375 0.9066453421875 0.565061725 0.8685116921875 0.5277456171875 0.9434743234375 0.554899925 0.9574591734375 0.561201365625 0.9671259328125 0.5752902828125 0.9745959703124999 0.5873321484375 0.9801555578125001 0.5891387640625 0.9761628953124999 0.593072575 0.9760483875
0 1 0.9035820234375 0.9374479499999999 0.8734322546875 0.9282545859375 0.8894601625 0.9141656671874999 0.881990125 0.9019017296875 0.895152359375 0.8983686453124999 0.9051053890625 0.92355605 0.91914749375 0.9273295687499999 0.9150975750000001 0.9353574796874999 0.918803965625 0.987699190625 0.9468309203124999 1 0.9240311968749999 1 0.9035820234375
0 0.5850764125000001 0.803902871875 0.53187146875 0.7788561031250001 0.5064185718750001 0.8308179796875 0.49036274999999996 0.823405196875 0.48147160468749994 0.8226789890624999 0.44180622812500003 0.9124852859375 0.51909490625 0.9486512312500001 0.5850764125000001 0.803902871875
0 0.402216021875 0.7865702984375 0.3613668296875 0.8714859609375001 0.4026902 0.8949085546875001 0.4063835734375 0.8888909296874999 0.42850040156249997 0.9000673593749999 0.462042990625 0.8291546453124999 0.427884296875 0.8124186296874999 0.4334644296875 0.8043760484375 0.43228061406249996 0.799485415625 0.402216021875 0.7865702984375
0 0.6983120359375 0.8281872359375001 0.6651768671875 0.812406446875 0.6497004265624999 0.8433925265625 0.6848826453125 0.8610837671875 0.6983120359375 0.8281872359375001
0 0.8077374140625 0.807271653125 0.7746022453125 0.7914908609375 0.7575596265625 0.8323727203125 0.8087175203125 0.8555090390625001 0.8168072125 0.8365582015624999 0.7998080125 0.8301578984375 0.7987043421875 0.8272349703125 0.8077374140625 0.807271653125
0 1 0.7259308390625 0.976275146875 0.7146990484375 0.9707751578125 0.724709334375 0.9666810578125 0.7208884328125 0.96180386875 0.7220154203125 0.9517472687499999 0.7410235140625 0.9448230296875 0.7402400515625 0.9213370375000001 0.7921446734375001 0.9866639953125 0.8247187359374999 0.992484565625 0.82257926875 1 0.8260490546874999 1 0.7259308390625
0 0.8327962765624999 0.6489392265625 0.7995809640625 0.63119073125 0.7937603921874999 0.6333302 0.7154481890625 0.596209028125 0.6874857359375001 0.6590791625 0.6795379703125 0.657340475 0.6598255 0.7051951796875 0.7441185640625 0.7441122890625 0.7152928765625 0.8099626078125001 0.75047509375 0.8276538484374999 0.8327962765624999 0.6489392265625
0 0.3433324328125 0.742973471875 0.339398621875 0.74308798125 0.3375920078125 0.74708064375 0.3215361875 0.7396678624999999 0.318385465625 0.73483448125 0.32199869531249997 0.7268491546875 0.31892811875 0.7239834796875 0.2909105765625 0.7129788140625 0.2645143015625 0.7659531703125 0.26569811875 0.7708438046875 0.276716459375 0.7754481671875 0.26210325 0.8034540625 0.33349121406250004 0.8397917734375 0.35077427031249997 0.804813025 0.342666215625 0.79913893125 0.342505925 0.795203521875 0.36245883125 0.7532519296875 0.3433324328125 0.742973471875
0 0.8467365718750001 0.773630815625 0.8586181484375001 0.7752549937500001 0.8608254890625 0.781100853125 0.8908900828125 0.7940159687499999 0.9063665249999999 0.7630298875 0.9040790375000001 0.755216325 0.9294517875 0.7012867421875 0.86617188125 0.67062313125 0.8453557390625001 0.71555490625 0.8465395546875 0.720445540625 0.861571853125 0.7269030984375 0.8525387796875 0.7468664140625 0.8456145390625001 0.746082953125 0.8427843984375001 0.7491203921875 0.8409777843749999 0.7531130546875 0.8450718859374999 0.7569339546875 0.8396520421875 0.7689119453125 0.8467365718750001 0.773630815625
0 0.15623601250000002 0.7425095234375 0.148208103125 0.7388031328125 0.14184487968749998 0.7517936015625 0.16600875625 0.7648804796875 0.1605087671875 0.7748907640625 0.18663955000000002 0.787920390625 0.1829461765625 0.7939380109374999 0.18412999218749998 0.7988286453125 0.20419976874999998 0.8080946234375 0.210883575 0.8029749734375 0.225336490625 0.7710336671875 0.217228434375 0.7653595703125 0.2371011953125 0.721440275 0.256147446875 0.729751028125 0.2589775875 0.7267135890625 0.28607680625 0.666823640625 0.2849731359375 0.6639007109375 0.264903359375 0.65463473125 0.255469559375 0.6647595265625 0.22737187187500002 0.6517871562499999 0.2146454234375 0.6777680953125 0.1915852171875 0.66760414375 0.159066153125 0.739472084375 0.15623601250000002 0.7425095234375
0 0.509175259375 0.7292808109375 0.433693196875 0.6891222015625 0.41091015000000003 0.73411123125 0.4882789734375 0.77224488125 0.509175259375 0.7292808109375
0 0.53875898125 0.7303896984375 0.5197127296875 0.7220789453124999 0.5078495171874999 0.7450797 0.5269759140625 0.7553581578124999 0.53875898125 0.7303896984375
0 0.1281383265625 0.729537153125 0.1309684640625 0.7264997140625 0.15076108125 0.6806127125 0.0754393078125 0.644389515625 0.0634959484375 0.6654225640625 0.0419768640625 0.7172699328125 0.061023117187499996 0.7255806859375 0.06409369375 0.7284463609375 0.062447367187500005 0.7363744343749999 0.077559809375 0.744799696875 0.08313994375 0.7367571140625 0.10722367656250001 0.747876290625 0.1127236671875 0.7378660046875 0.11768100156250001 0.7387067203125001 0.120110415625 0.7258307609375 0.1281383265625 0.729537153125
0 0.5411883953125 0.7175137390625 0.5633052234375 0.7286901671875 0.580588278125 0.693711421875 0.5233693796875001 0.6668114562499999 0.5042797078125 0.705782865625 0.5354479703125 0.7216209109375 0.5411883953125 0.7175137390625
0 0.35604051875 0.6923676000000001 0.4012976984375 0.7156756828125 0.42038736875 0.6767042765625 0.3872522 0.660923484375 0.37994559687499996 0.6749264328125 0.36790373125000003 0.669366846875 0.35604051875 0.6923676000000001
0 0.649109378125 0.683836703125 0.6925482734374999 0.5899804890625 0.67239835 0.5787468046875001 0.675931434375 0.568793775 0.6728608578124999 0.5659281 0.610604478125 0.5362197125 0.5952883265625 0.571141203125 0.580336175 0.5666513484375 0.5667464921875001 0.595612471875 0.58886331875 0.6067889 0.5780236296875 0.6307448796874999 0.5981735546875 0.6419785625000001 0.580187553125 0.6838729 0.6193837281250001 0.7034173375 0.63219031875 0.679404103125 0.6462792375 0.686874140625 0.649109378125 0.683836703125
0 0.5180914609375 0.658099921875 0.47078723125 0.6328813906249999 0.4498108 0.67387775625 0.4971150296875 0.699096290625 0.5180914609375 0.658099921875
0 0.0375688765625 0.6090461859375 0.0064418984375 0.5942218078125 0.0103735265625 0.6907500640625 0.01442183125 0.6934465609375 0.031624740624999995 0.6565001125000001 0.0213894890625 0.6469478609375 0.0375688765625 0.6090461859375
0 0.496166675 0.48241978124999996 0.486893165625 0.49647998437499996 0.47988877968750004 0.4937288171875 0.42890284375 0.5956848671875 0.5024180031250001 0.6359007296875 0.5581208375 0.5288822828125 0.5189246640625 0.509337846875 0.51782099375 0.506414915625 0.52332098125 0.49640463125 0.496166675 0.48241978124999996
0 0.314359840625 0.611824325 0.3278693765625 0.5808954984375 0.3276289421875 0.5749923875 0.29457391875 0.5611792984374999 0.2792577671875 0.5961007890625 0.314359840625 0.611824325
0 0.0178630984375 0.560368865625 0.0048351093749999996 0.5547723171875 0.006015915625 0.583763159375 0.0178630984375 0.560368865625
0 0.4176874875 0.5378952296875 0.42972935312500005 0.5434548171875 0.43452640000000003 0.5403601234375001 0.456125628125 0.49048045937499996 0.44006980625000003 0.483067678125 0.45090949374999995 0.4591116984375 0.4477587734375 0.45427831875 0.38148843593750004 0.4227167359375 0.347865703125 0.4916617453125 0.3489693734375 0.49458467500000003 0.36297814375000004 0.5000870078124999 0.364161959375 0.5049776406250001 0.34601566875 0.5429365703125 0.3891456546875 0.5623665 0.4091787046875 0.5223826109374999 0.41823014062499997 0.5270442281250001 0.4146169125 0.5350295546875 0.4176874875 0.5378952296875
0 0.225152859375 0.5247843375000001 0.182103021875 0.5073221125 0.1649802546875 0.5462362671875 0.2080300953125 0.563698490625 0.225152859375 0.5247843375000001
0 0.2479976875 0.45713807968750003 0.23715800156250003 0.4810940578125 0.2904430921875 0.508108534375 0.3240658234375 0.439163525 0.33177315625000003 0.43499909687500005 0.3407260828125 0.4130680765625 0.2774461765625 0.3824044640625 0.256549890625 0.4253685359375 0.24569183906249997 0.42469958124999996 0.23382862656249997 0.44770033593749997 0.23697934687500002 0.4525337171875 0.2479976875 0.45713807968750003
0 1 0.42691802343749996 0.9971884109375001 0.3578886125 0.9811173296875 0.3501011796875 0.940187990625 0.4330491375 1 0.4646361109375 1 0.42691802343749996
0 0.046491771875 0.44133327343750006 0.0024266765624999997 0.41711016875 0.0027266234375 0.4686667015625 0.02543519375 0.48036193593750004 0.046491771875 0.44133327343750006
0 0.9592225734375001 0.3202029296875 0.9411197031249999 0.3108797 0.9437094046875 0.3019391453125 0.895541940625 0.2797007984375 0.8882353374999999 0.293703746875 0.8773772859375001 0.29303479375 0.8629243687500001 0.3249761 0.8691456640625 0.33267515312499996 0.8438530609375 0.3885724390625 0.9150807343749999 0.4209747390625 0.9592225734375001 0.3202029296875
0 0.13223414375 0.4191370375 0.13711133281250001 0.41801005 0.1912596578125 0.44204433906249996 0.1992692078125 0.421125796875 0.2068963921875 0.4149936671875 0.2284154765625 0.36314630000000003 0.161201759375 0.332597196875 0.144942228125 0.368531165625 0.0988218125 0.3482032671875 0.067165984375 0.41709102343750004 0.12233783437500001 0.4420805375 0.13223414375 0.4191370375
0 0.0562528453125 0.3425472703125 0.06388002968749999 0.3364151390625 0.09639909218750001 0.2645472 0.095295421875 0.2616242703125 0.033119185937500004 0.2338835875 0.0051567328125 0.296753721875 0.001721390625 0.29588194375 0.0020529046875 0.3528643796875 0.0075610890625 0.35578485625 0.002139603125 0.3677664765625 0.00222536875 0.382508484375 0.0319036203125 0.397432078125 0.0562528453125 0.3425472703125
0 0.860396446875 0.311259421875 0.8472509109375 0.3027769046875 0.8262744796874999 0.34377327343749997 0.8294252 0.34860665156250004 0.845481021875 0.3560194359375 0.8519243921875 0.34499666875 0.8476699999999999 0.3372403609375 0.860396446875 0.311259421875
0 0.7812393734375 0.30174336875 0.7830459875 0.29775070625 0.7799754109375 0.29488502968749997 0.7519578671875 0.2838803640625 0.7446512640625 0.2978833140625 0.7225344375 0.2867068859375 0.7166337234375 0.2868786484375 0.7049307984375 0.3138148125 0.7821393328124999 0.3480130515625 0.797375340625 0.3111238578125 0.7812393734375 0.30174336875
0 0.6636875765625 0.292359925 0.713649984375 0.18944865 0.6734302859375 0.1689489875 0.6825435046874999 0.15095337656250002 0.6813596890625 0.14606274218749998 0.647281140625 0.1312944296875 0.6172716359375 0.1922541125 0.627346596875 0.1978709546875 0.620200284375 0.21580931250000002 0.6137569140625 0.226832078125 0.5997481437500001 0.22132974375 0.5898518375 0.24427324375 0.6310149140625 0.263760428125 0.63219873125 0.2686510609375 0.6285053578124999 0.274668684375 0.63157593125 0.27753435937500004 0.6636875765625 0.292359925
0 0.9919797375 0.2300067140625 0.9718939328125 0.22034719374999998 0.9528042609374999 0.2593186 0.9939655593750001 0.27876205781249996 0.9919797375 0.2300067140625
0 0.8706383921875 0.2242796453125 0.83553631875 0.208556109375 0.8203003140625 0.24544530468749998 0.8323421796874999 0.25100488906249996 0.8286488046875 0.2570225140625 0.8317995249999999 0.2618558921875 0.8517891578125001 0.2691541671875 0.8706383921875 0.2242796453125
0 0.49159342031250003 0.1525716375 0.5157572984375001 0.16565851874999998 0.51214406875 0.1736438453125 0.5074271687499999 0.17870624375 0.485310340625 0.1675298125 0.480593440625 0.1725922109375 0.46622067031250003 0.20650122187500003 0.549490209375 0.24446310625 0.5865658812500001 0.1635973609375 0.5413888453125 0.14225698281250002 0.5383182703125 0.13939130625 0.545544728125 0.1234206546875 0.5124095609375 0.10763986406249999 0.49159342031250003 0.1525716375
0 0.762144725 0.12302578906249999 0.7289294109375 0.10527729374999999 0.70606621875 0.14829861875 0.739281534375 0.1660471140625 0.762144725 0.12302578906249999
0 0.45494353125 0.1713688125 0.4895897890625 0.103379028125 0.47652439687500003 0.096864215625 0.47337367812500003 0.0920308359375 0.48979349843750003 0.060032275 0.44453631875 0.03672419375 0.42803635 0.06675504843749999 0.41505110468749995 0.062207940625 0.37859823125 0.1341903890625 0.379782046875 0.1390810234375 0.39686139531250003 0.1474490296875 0.39136140468749997 0.15745931562499998 0.39443198125 0.160324990625 0.42457671875 0.1752078125 0.43196346874999997 0.1631725671875 0.450066340625 0.1724958 0.45494353125 0.1713688125
0 0.8428679796875 0.1226460640625 0.8509760343749999 0.1283201609375 0.8502730921874999 0.1352357546875 0.890492790625 0.15573541562499998 0.91335598125 0.112714090625 0.8680988015625 0.0894060078125 0.864485571875 0.097391334375 0.8555142796874999 0.0946974234375 0.8428679796875 0.1226460640625
0 0.9738675296875 0.12375791249999998 0.973004296875 0.1267380953125 0.9781219218749999 0.131514221875 0.9859895421875 0.1312852046875 0.9880365921875001 0.1331956546875 0.9850391609375 0.0596035078125 0.9567881843749999 0.11538990468749999 0.9738675296875 0.12375791249999998
0 0.34775724218750004 0.029691134375 0.3385638796875 0.045719040625 0.3204610078125 0.0363958078125 0.317550721875 0.037465540625 0.2829846078125 0.10742303125 0.2921963359375 0.11602005625 0.3444579015625 0.14207930625 0.3891607578125 0.055081428125 0.385929890625 0.048280343749999996 0.34775724218750004 0.029691134375
0 0.1700144765625 0.017134684375 0.15907628125 0.014498026562499999 0.1300903015625 0.07641293593750001 0.15024022343750001 0.08764661875 0.1395608265625 0.11553800624999999 0.17064894531250002 0.129408346875 0.1787386390625 0.1104575109375 0.183535684375 0.1073628171875 0.21572747187500002 0.1241560890625 0.2213877515625 0.1180812125 0.2314627125 0.123698053125 0.25950531093749996 0.062795625 0.237388484375 0.051619196874999995 0.2582354390625 0.0096415796875 0.1722727453125 0.01214385625 0.1700144765625 0.017134684375
0 0.7208831375 0.07694596875000001 0.7154632953125 0.088923959375 0.7466315578125 0.10476200468750001 0.7567683 0.08772161875 0.7656410828125 0.06382289218750001 0.7365198703125 0.049895296875 0.7354161984375 0.04697236875 0.7565577625000001 0.004401525 0.6956876249999999 0.0040473921875 0.6725553828125 0.05077221093749999 0.7177324171875 0.0721125890625 0.7208831375 0.07694596875000001
0 0.7952682234374999 0.017649618750000002 0.7935417546875 0.0236099890625 0.7966123296875 0.026475664062499998 0.8327379296874999 0.043154425 0.84028496875 0.0350545890625 0.9045884015625001 0.0666734265625 0.9074986859375 0.06560369375 0.9362566421875 0.00544698125 0.810064025 0.0047128140625 0.8050226046875 0.015395645312500001 0.8021924640625 0.01843308125 0.7952682234374999 0.017649618750000002
0 0.46466787812500004 0.0233329421875 0.47370095156250003 0.0033696265625 0.4301480515625 0.0046374015625 0.42862242500000003 0.0086218859375 0.431693 0.0114875609375 0.45979068749999996 0.0244599296875 0.46466787812500004 0.0233329421875
0 0.3096647375 0.013069625000000001 0.312414734375 0.008064482812499999 0.3020884828125 0.0083650671875 0.3096647375 0.013069625000000001