0 0.2616751890625 0.0397162328125 0.291413003125 0.0035883499999999997 0.2186441609375 0.0069762359375 0.2616751890625 0.0397162328125
0 0.312261634375 0.0095663796875 0.31664650625 0.0024135578125 0.3038172046875 0.0030108484375 0.312261634375 0.0095663796875
0 0.6687028046875 0 0.664748971875 0.0080457125 0.6678964625 0.012862515625000001 0.7607725859375 0.0561865734375 0.7820873765624999 0.012509490625 0.7809920499999999 0.00958248125 0.76587780625 0.0033374750000000003 0.76766043125 0 0.6687028046875 0
0 0.0969356109375 0.1565794875 0.1381488296875 0.113961334375 0.138010340625 0.109997109375 0.08663701093750001 0.0607701421875 0.094222459375 0.0504903046875 0.0685011734375 0.024885765625 0.058932806250000004 0.0352579203125 0.0548284796875 0.031478332812499996 0.013615259375 0.07409648437500001 0.0969356109375 0.1565794875
0 0.2112146390625 0.045043521875 0.19178833281250002 0.029072589062499998 0.17743578437500002 0.044630821875 0.198914253125 0.0624915484375 0.21135312968750003 0.0490077484375 0.2112146390625 0.045043521875
0 0.6298999765625 0.06227958593750001 0.6208729765625 0.05972185 0.574000575 0.1393321984375 0.66428316875 0.193696353125 0.7290584875 0.0864504578125 0.6469153015625 0.037663368749999995 0.6298999765625 0.06227958593750001
0 0.212599540625 0.0846857734375 0.25056456250000003 0.11964696562499999 0.27058888593749997 0.09588332656250001 0.23460678281249997 0.0608298171875 0.212599540625 0.0846857734375
0 0.7757483406250001 0.058467354687499994 0.8313518921874999 0.08665134375 0.8433752968749999 0.061274867187500005 0.789823909375 0.034980671875 0.7757483406250001 0.058467354687499994
0 0.23793054531250002 0.155971221875 0.174798196875 0.11126238749999999 0.1360526109375 0.167663009375 0.189950221875 0.20386776874999998 0.1991849578125 0.21237184375 0.1916687546875 0.2246337921875 0.2232003078125 0.2459971515625 0.2828578109375 0.1628135640625 0.2827193203125 0.15884933750000002 0.2552228484375 0.13928345625 0.2512570125 0.139468090625 0.23793054531250002 0.155971221875
0 0.9700176828125 0.07622483125 0.8911542015625 0.17817061875 0.973782103125 0.24083249218749997 0.990866671875 0.21819838906250003 0.98634635625 0.08880608125 0.9700176828125 0.07622483125
0 0.8075002203125001 0.1145638421875 0.8247358734375 0.12468075625 0.834984096875 0.105342934375 0.8178176890625 0.0972081359375 0.8075002203125001 0.1145638421875
0 0.685566496875 0.23439753125 0.5702550671875 0.17424996406249998 0.5470266015624999 0.22000147656250002 0.5441560921875 0.22311312343749998 0.536085928125 0.21951817187499997 0.525699215625 0.23489176875 0.52016593125 0.2470614 0.5283053390625 0.2526384625 0.51149775 0.283201015625 0.59541611875 0.32594944843749996 0.627048378125 0.264916659375 0.639084378125 0.268326975 0.6613811953125001 0.2811862609375 0.665208540625 0.27703739843749997 0.701662765625 0.29717890625 0.7084298687499999 0.2919005109375 0.7232545390625 0.261430275 0.6837913140625 0.2404361875 0.685566496875 0.23439753125
0 0.9316246390625 0.313274653125 0.9370886796875 0.29912290937499997 0.9348980265625 0.293268890625 0.9514978796875001 0.25676 0.8859104921875 0.2270554890625 0.851823190625 0.3030925984375 0.8488834359374999 0.304222134375 0.8085326203125 0.2862473765625 0.7893392375 0.3337963640625 0.9072441953125001 0.38290383437500003 0.92657606875 0.339319071875 0.9204888234374999 0.3356318015625 0.9316246390625 0.313274653125
0 0 0.37202601875 0.0114813 0.3541282671875 0 0.346380059375 0 0.37202601875
0 0.4482080421875 0.3476930125 0.45738612500000003 0.3830017671875 0.45835555625 0.41075134062499996 0.5149725953125001 0.41109343593750003 0.5155832078125 0.40014565781250006 0.5303386328124999 0.367693309375 0.5399762453125 0.35930326875 0.5185544265625001 0.31463786250000003 0.5095966703125 0.31406223906249997 0.46235285781249996 0.3261884421875 0.4482080421875 0.3476930125
0 0.5633369234375001 0.45946782500000005 0.5755114140625001 0.466842365625 0.5681337015625 0.48306853906249997 0.5853001109375 0.491203340625 0.6480925078124999 0.3840497640625 0.6469279375 0.3791406421875 0.596247059375 0.3497348 0.5784826328125 0.38133456875 0.57369845 0.38652064531249997 0.5676112046874999 0.3828333765625 0.5553800625 0.40226351562499996 0.5615365531250001 0.40793290000000004 0.56167504375 0.41189712187499994 0.5447289640624999 0.438495453125 0.5650428640625 0.45144705781249994 0.5633369234375001 0.45946782500000005
0 0 0.45765393281250005 0.043812328125 0.4836552390625 0.034520940625 0.50195584375 0.0659832484375 0.521337090625 0.12139793437499999 0.430409690625 0.089935628125 0.41102844374999997 0.08043650625 0.42338270937500005 0.0764706703125 0.423567346875 0.013546056249999999 0.3848048546875 0.0095802203125 0.38498948906249997 0 0.40138336093750004 0 0.45765393281250005
0 0.8173267390625 0.5379756718750001 0.8733331671875 0.5492655453124999 0.8983808734375 0.44188390625 0.89714705625 0.434992671875 0.8151549546875 0.4189566 0.7995245328125 0.48321506718749996 0.7594506953125 0.4731687578125 0.74570875625 0.4777792140625 0.724715003125 0.4737932765625 0.7152977203125 0.516916446875 0.7432663125000001 0.5215703281249999 0.7434740468750001 0.527516665625 0.755510046875 0.5309269796875 0.80351555625 0.5406040140624999 0.8173267390625 0.5379756718750001
0 0.5091308671875 0.4997128796875 0.46535557968749997 0.46899286562500003 0.45018468437500003 0.4895525390625 0.43192294999999997 0.47849072968749995 0.422423828125 0.49084499531250003 0.3919183578125 0.47042653437500004 0.369231259375 0.5032481546875001 0.35903968750000004 0.495781296875 0.337309425 0.5275657046875 0.3496224046875 0.5389044671875001 0.3288489796875 0.5696516578125 0.41933930625000004 0.6299621484375 0.42330514375000006 0.6297775109375 0.5091308671875 0.4997128796875
0 0.7243499078125 0.5770477640625 0.76045790625 0.587278709375 0.7481008703125 0.6315314140625 0.7641719515625 0.6367392062499999 0.740886834375 0.709295396875 0.828217078125 0.7360022921875 0.83804983125 0.704771796875 0.837911340625 0.7008075703125 0.8297719328125 0.6952305062499999 0.8582441109375001 0.600594121875 0.8469572124999999 0.5902002546875 0.8289032109375001 0.58508478125 0.8250758656249999 0.58923364375 0.8159796203124999 0.58469379375 0.8238987 0.5555377296875 0.7396467 0.531665525 0.7243499078125 0.5770477640625
0 0.0193878265625 0.608875890625 0.0333941515625 0.5834070953125 0.016227743750000002 0.5752722953125 0.0030905453125 0.5971931984375 0.0031660359375 0.599354090625 0.0193878265625 0.608875890625
0 0.20411399062500002 0.69457910625 0.22046205312499997 0.7077153484375 0.1979826890625 0.74648330625 0.2537247296875 0.7786315218750001 0.2902796640625 0.71637688125 0.299917275 0.7079868390625 0.30155396875 0.69798395625 0.3072257421875 0.6897785515625 0.307087253125 0.6858143265625001 0.303052171875 0.6840168515625 0.34063318593749997 0.6227071046875 0.2889262265625 0.59235636875 0.2561293953125 0.6484800328125 0.2512067203125 0.6497018875 0.23698006875000002 0.6404375531250001 0.20411399062500002 0.69457910625
0 0.3277221890625 0.6511029109375001 0.3551494125 0.66868668125 0.369294228125 0.6471821109375 0.341797759375 0.6276162296875001 0.3277221890625 0.6511029109375001
0 0.4650282671875 0.6586077296874999 0.49635208437499995 0.674024753125 0.5048251234375 0.6607255890625 0.4735013078125 0.6453085671875 0.4650282671875 0.6586077296874999
0 0.7133966828125 0.86046815 0.7479372343749999 0.8826840875 0.7519030703125 0.8824994515625001 0.779305109375 0.8425096390625001 0.7548176390625 0.8237963328125 0.7679363703125001 0.8013468671874999 0.77080688125 0.798235221875 0.7972772703125 0.8168562078124999 0.8227656328125 0.7789408265625 0.7444497953125 0.7260048765625 0.7376134484375 0.7293011593750001 0.7197105328125 0.7569367031249999 0.7156754515625 0.755139228125 0.7061763296875 0.76749349375 0.7022104921875 0.7676781312500001 0.68791459375 0.7564316843750001 0.682991921875 0.7576535359375 0.6584603953125 0.794531703125 0.67480845625 0.80766794375 0.674946946875 0.8116321687499999 0.6644909875 0.8250236515625 0.66045590625 0.823226175 0.6575853953124999 0.826337821875 0.6368119703125 0.8570850125 0.6440637875 0.8656814046875001 0.6887959109375 0.8953642015625001 0.7133966828125 0.86046815
0 0.18801776406249998 0.944488215625 0.1919836 0.944303578125 0.21637663906250001 0.9034611859374999 0.258987353125 0.9292720765625001 0.288095328125 0.8812614968749999 0.2545808578125 0.85999045625 0.2507535109375 0.8641393171875 0.2477445109375 0.8632867390625 0.25150261406249996 0.8571557640625 0.24924271562500003 0.8493196328125 0.269946896875 0.816590328125 0.18780371093749998 0.7678032406249999 0.181036609375 0.7730816359375 0.10785749687499999 0.89560880625 0.18801776406249998 0.944488215625
0 1 0.8058963312499999 0.9787048593750001 0.8649916015624999 1 0.8718180359375 1 0.8058963312499999
0 0.5162946125000001 0.9321826921874999 0.5186930000000001 0.9439830484374999 0.533770690625 0.9929144890625 0.5596575796875001 0.9917092765625 0.5924890406250001 0.9812467343750001 0.588787590625 0.96057303125 0.59856369375 0.9561472140625 0.5963730390624999 0.9502931953125 0.6257705875 0.93899785625 0.612488178125 0.899909515625 0.61337576875 0.8968901875 0.6300574625 0.8911502 0.6200610328125 0.8608428859374999 0.600439584375 0.867712409375 0.596127521875 0.8579864828125 0.59017876875 0.8582634390624999 0.5086839765625 0.8848889453125001 0.5218971406249999 0.9219951734375 0.5221048749999999 0.9279415109375 0.5162946125000001 0.9321826921874999
0 0.0866371375 0.9988415843749999 0.086922875 0.9989885609375 0.10513305312500001 0.9987766656250001 0.11767138125000001 0.9775433640625 0.15207344218750002 0.9957950765625 0.173526725 0.9560822218749999 0.1360464171875 0.934995815625 0.12388452187500001 0.9564080671875 0.11711742031250001 0.9616864640625 0.10993484843750001 0.9550721843750001 0.12113990781249999 0.934697146875 0.0755201921875 0.9080336796875 0.03712083125 0.9743448640624999 0.0372593203125 0.9783090890624999 0.0756658890625 0.9991195484375 0.0864969796875 0.9989935171875001 0.0866371375 0.9988415843749999
0 1 0.9204740749999999 0.9813235765625 0.9115250874999999 0.9622686828125 0.963038303125 0.9810277203125001 0.9720916234375 1 0.9712083343750001 1 0.9204740749999999