0 0.97278216875 0.958718996875 0.981042025 0.95430060625 0.9838985734374999 0.85610745625 0.9188882203125001 0.8896644468750001 0.9554232062500001 0.9614657984375 0.960414021875 0.9646027953124999 0.97278216875 0.958718996875
0 0.98190828125 0.714889178125 0.98810220625 0.7116085765625 0.9927775671875001 0.550894265625 0.9668114859375001 0.5001184828125 0.8883616562500001 0.541446959375 0.9768583453125 0.7137843921875 0.98190828125 0.714889178125
0 0.47800523437500003 0 0.49294210312500003 0.034676815625 0.4043332859375 0.07582792968749999 0.433036678125 0.1373263375 0.3897186078125 0.1589357359375 0.40027274375 0.1804690484375 0.44660895 0.1599289625 0.46000386718749997 0.18862821875 0.459885628125 0.192692640625 0.45268565625 0.1956168046875 0.45152195781250004 0.20067959375000002 0.508001521875 0.320610359375 0.850186890625 0.157825278125 0.8552368265625001 0.158930065625 0.8734451999999999 0.196862953125 0.8940587765625001 0.1870566234375 0.8951633546875 0.18402604218750002 0.8779413203124999 0.147126996875 0.9448911046875 0.11678058281249999 0.9460548015624999 0.1117177921875 0.8966358921875001 0.0068485328125 0.8599038703125 0.0062072421875 0.82976630625 0.021241490625 0.8217372812500001 0.00554090625 0.5043634171875 0 0.47800523437500003 0
0 0.8757806265625 1 0.91216425625 0.9810429859375001 0.8401397390625001 0.8364419140624999 0.79682166875 0.8580513125 0.793626175 0.8630786296874999 0.8050484125 0.88971020625 0.759639425 0.9133163421875 0.8043160796875 1 0.8757806265625 1
0 0.9128645265625 0.64252026875 0.9201827359375001 0.6355316859375 0.878716053125 0.558561125 0.6297756031249999 0.6955253531250001 0.6528565546875 0.7406596578125 0.6577882515625 0.7458288640624999 0.664001884375 0.741870859375 0.6688744609375 0.7490722796875 0.7392810140625 0.8794124046875 0.8395081171875001 0.8232148078125 0.7796557015625 0.71440799375 0.8385374109375 0.681887478125 0.8489919984375 0.6719037859375 0.8634510609375001 0.66402325 0.8694873375000001 0.6661618781249999 0.9128645265625 0.64252026875
0 0.38978695937499996 0.69946845625 0.429221846875 0.77640354375 0.488103559375 0.743883028125 0.448609553125 0.6689801515625 0.38978695937499996 0.69946845625
0 0.2906209515625 0.6143741953124999 0.2913708140625 0.6235368796875 0.3065206203125 0.626851240625 0.30273393125000003 0.652200665625 0.3693694328125 0.667596728125 0.3957797515625 0.56334580625 0.3685573953125 0.5557541921875 0.3677484125 0.5486237171874999 0.362757596875 0.5454867218749999 0.3264217109375 0.5367193765625 0.3136801609375 0.5903778625 0.297425778125 0.5900940828125 0.2906209515625 0.6143741953124999
0 0.31339372656250003 0.9146751046875 0.2962308109375 0.8757438484375 0.264294546875 0.890435609375 0.2794256640625 0.9293313921875 0.2537030328125 0.9400651453125001 0.256425575 0.9512955140624999 0.23993471406250003 0.959140578125 0.2512387125 0.9898365734375 0.27074770937500003 0.9830608234374999 0.2769667765625 0.9963854781249999 0.29711544375 0.996737246875 0.3595151984375 0.9713945015625001 0.33493452343749996 0.907934828125 0.31339372656250003 0.9146751046875
0 0.20594185468749998 0.7999541625 0.19763730468750002 0.80590890625 0.20529154218749998 0.82230848125 0.2051733046875 0.826372903125 0.19680963437500001 0.8343598562500001 0.2265584859375 0.8948598953125 0.3038446171875 0.8585942109375001 0.275141225 0.7970958015625 0.27009129062500004 0.7959910171875 0.25360042968749996 0.8038360812500001 0.23823283437499998 0.773069140625 0.2052511125 0.78875926875 0.20205561562500002 0.7937865859375 0.20594185468749998 0.7999541625
0 0.2213407171875 0.5501341281250001 0.2129583609375 0.5937025078125 0.2735575859375 0.6069599421875 0.3071865671875 0.464203434375 0.2476328015625 0.449947628125 0.2444964234375 0.4529427359375 0.232622975 0.5116994859374999 0.209405096875 0.506211028125 0.2013774546875 0.537586140625 0.204159115625 0.5467842984375 0.2213407171875 0.5501341281250001
0 0.175094534375 0.9519088296874999 0.14585906875000001 0.90870031875 0.16246816875 0.8967908328125 0.1586410515625 0.8885910453125 0.1419915203125 0.8669513171875 0.1275324578125 0.874831853125 0.1021832296875 0.83779091875 0.0856923671875 0.8456359828125001 0.045215078125 0.874411328125 0.12015818125 0.9885647109375 0.175094534375 0.9519088296874999
0 0.10448277343750001 0.5491105734375 0.10227361718750001 0.5551717328125 0.0910691703125 0.555992740625 0.09180034375 0.6007368484375 0.1059638109375 0.603017365625 0.10803603749999999 0.6366020531250001 0.1823444640625 0.63281626875 0.1786729609375 0.549389209375 0.17571394375 0.546287684375 0.1624776953125 0.54707321875 0.1599916328125 0.527714009375 0.1314873421875 0.52924960625 0.1320007265625 0.546541134375 0.1288643515625 0.5495362421875 0.10448277343750001 0.5491105734375
0 0 0.9915500234374999 0.10477189687499999 0.9933791953125001 0.0436188578125 0.92928101875 0.058314396874999994 0.9132716390625 0.0336559140625 0.8874256 0 0.9195655859375 0 0.9915500234374999
0 0 0.45346122187500004 0.052111051562499996 0.414313290625 0.056115528125 0.416416446875 0.08933372656250001 0.3925974734375 0.0945610203125 0.387605628125 0.08678854375 0.375270475 0.1251749171875 0.3484918671875 0.1304613296875 0.3414678109375 0.108939221875 0.31262666562499997 0.10905746093749999 0.30856224375 0.1153302125 0.302572028125 0.11144397343750001 0.2964044515625 0.09868068125 0.2809323 0.09240793124999999 0.28692251406249997 0.08550355312499999 0.279685625 0.009278515625 0.1746594515625 0.0073649562500000005 0.1705595578125 0.013696828125 0.16253713281249998 0.004212187500000001 0.15259571249999998 0 0.29738863437499996 0 0.45346122187500004
0 0 0.673968559375 0.0053819921875 0.671408228125 0.022899621875 0.69814621875 0.079867775 0.6615258109375 0.062350143749999996 0.6347878203125 0.0728047296875 0.624804128125 0.0670049328125 0.61453665625 0.062014115625 0.611399659375 0.0516777671875 0.6173189296875 0.0321874578125 0.58851325625 0 0.610114296875 0 0.673968559375