0 0.56074293125 0 0.5535309015625 0.0110742546875 0.56061389375 0.0164880484375 0.559798446875 0.020455175 0.5434658140625 0.040104371875 0.542650365625 0.0440715 0.5485421921875 0.050296240625 0.6052061453124999 0.0936065921875 0.6354890765625 0.055930096875 0.66027955625 0.074878375 0.6626298859374999 0.078396221875 0.6574574890625 0.0836235765625 0.6598078187499999 0.0871414234375 0.7058472828125 0.1223310828125 0.7349390421875001 0.085465534375 0.7266968874999999 0.075722946875 0.737857125 0.06130110625 0.7355067953125001 0.057783260937500004 0.6857453812500001 0.018824531250000002 0.5829681203125 0 0.56074293125 0
0 0.998666909375 0.10292953906249999 0.998977984375 0.07619575468749999 0.9518749421875 0.0675684296875 0.998666909375 0.10292953906249999
0 0.102882115625 0 0.097699184375 0.005797970312499999 0.099641790625 0.011299376562500001 0.1181327171875 0.026006478125 0.1022078125 0.0436721109375 0.129348621875 0.0661382359375 0.1412923015625 0.0528890109375 0.14684041406249998 0.05081783125 0.17435694375 0.076440134375 0.1818476609375 0.079870365625 0.239999178125 0.0112790109375 0.22742516093749998 0 0.102882115625 0
0 0.979255028125 0.1528547484375 0.9639298765625 0.13769836562499999 0.9774724484374999 0.1216546296875 0.941681759375 0.09142948125 0.8775424 0.1692153203125 0.9314482999999999 0.2109913890625 0.979255028125 0.1528547484375
0 0.25808238437500003 0.027969675 0.19115296406249999 0.109360971875 0.27768377499999997 0.181811471875 0.3446131953125 0.10042017343750001 0.319446996875 0.0783157171875 0.3166569375 0.0819211765625 0.30916621875 0.0784909453125 0.2946245109375 0.0645071796875 0.2970388515625 0.057745540625 0.25808238437500003 0.027969675
0 0.775829771875 0.18557589218749998 0.7762054890625001 0.1887320703125 0.8033462984374999 0.21119819374999999 0.7889882781249999 0.23120905781249998 0.80747920625 0.24591615781249998 0.80268253125 0.2542996921875 0.81919885 0.2686451265625 0.8317979531249999 0.2771274828125 0.8369703453125 0.27190012812500003 0.85665244375 0.28579627812499997 0.8729850750000001 0.26614708125000003 0.878093459375 0.2711992078125 0.8840492953125001 0.26714446718749996 0.9007896515624999 0.24551170937500003 0.8586994109375 0.21104537968749998 0.8686684796874999 0.1974344875 0.8068961437500001 0.149072009375 0.775829771875 0.18557589218749998
0 0.3734002140625 0.23947846562500003 0.365845484375 0.24632771875 0.398094678125 0.2738459703125 0.4618263140625 0.1980436953125 0.41738574375 0.16005952343750002 0.4030917328125 0.1697909015625 0.35943460625 0.1329793453125 0.31482566093750003 0.1855269625 0.373432221875 0.2343387234375 0.3734002140625 0.23947846562500003
0 0.0643298015625 0.1581706828125 0.056544909374999994 0.1511875625 0.05231416875 0.17176995 0.0643298015625 0.1581706828125
0 0.520240840625 0.2776939078125 0.4978326953125 0.25712373125 0.4915011390625 0.25802229374999996 0.4620100015625 0.232038325 0.414610996875 0.288191403125 0.5062501921875 0.36569402968750003 0.5719564390625 0.2902534203125 0.575561946875 0.28268083437499997 0.5452873640625 0.25552425 0.527763565625 0.27598439531249996 0.520240840625 0.2776939078125
0 0.0756653796875 0.24257655625000002 0.043734409375 0.21351015625 0.026072985937499998 0.29943231875 0.0756653796875 0.24257655625000002
0 0.52596429375 0.3744504390625 0.5139886078125 0.3928394046875 0.5462378 0.4203576578125 0.5565825906249999 0.40990294374999997 0.5605318109375 0.41062627812499997 0.61481343125 0.4555585265625 0.684532909375 0.3705617671875 0.64676760625 0.339974953125 0.633225034375 0.35601869062499997 0.5789434171875001 0.31108644218750003 0.52596429375 0.3744504390625
0 0.1885855625 0.3311808234375 0.19777119062499998 0.316397315625 0.1254063671875 0.2547744046875 0.11791564843749999 0.251344171875 0.10199074062499999 0.26900980625000004 0.093340859375 0.2612507828125 0.09017508125 0.2617000625 0.038387125 0.3242531140625 0.07220320625 0.3541165953125 0.0761524265625 0.354839928125 0.0789424859375 0.35123446875000003 0.13322410625 0.39616671718749996 0.1885855625 0.3311808234375
0 0.24106094531250002 0.2852196125 0.229653009375 0.27592630625000003 0.2093391515625 0.2999919125 0.222721696875 0.309646884375 0.24106094531250002 0.2852196125
0 0.7002170859375 0.518540490625 0.7105618734375 0.508085778125 0.73337774375 0.5266723890625 0.7357280734375 0.5301902359375 0.7193954421875 0.54983943125 0.7658106234375001 0.58818526875 0.83274004375 0.506793971875 0.7198518640625 0.4130499625 0.667280465625 0.47443039843749996 0.6608849 0.48560844531249997 0.7002170859375 0.518540490625
0 0.2145825234375 0.4738445734375 0.2381818359375 0.4936038 0.2991234109375 0.4214069859375 0.2491667328125 0.38035425 0.24681640312500003 0.3768364046875 0.2603589765625 0.3607926671875 0.2296766703125 0.335619646875 0.21415948437500001 0.351301715625 0.20905110312500003 0.34624958906250003 0.20547759999999998 0.348682434375 0.1560719796875 0.4096135875 0.220194646875 0.46149391093750003 0.22016264218749998 0.466633653125 0.2145825234375 0.4738445734375
0 0.3802661375 0.47022995312500004 0.3488003890625 0.4438843171875 0.3436599984375 0.44397193437500004 0.3336909296875 0.4575828234375 0.31244194531249997 0.441341440625 0.2594628234375 0.5047054390625 0.314527884375 0.5508103046875 0.323241778125 0.54828984375 0.35470752656250004 0.5746354796875 0.41047670937499997 0.507666021875 0.378227515625 0.480147771875 0.3802661375 0.47022995312500004
0 0.63107370625 0.5110218953125 0.613398225 0.4923476671875 0.5911097562500001 0.51605160625 0.6087852359375 0.534725834375 0.63107370625 0.5110218953125
0 0.397085815625 0.5628441296875 0.4017864765625 0.5698798218750001 0.37429360625 0.6039508578125 0.46123214375000005 0.6744177953125 0.55606215625 0.556971896875 0.48328960781249997 0.49733254687499995 0.4616329 0.4830747296875 0.397085815625 0.5628441296875
0 0.932796734375 0.6928668984375 0.9574730515625 0.712370575 0.9757660953125 0.623375609375 0.93343684375 0.590072059375 0.896382628125 0.635770425 0.9451481390625001 0.6776341078125 0.932796734375 0.6928668984375
0 0.59868814375 0.5688956921874999 0.5806049390625 0.5522050296875001 0.5654634765625 0.571043278125 0.58157206875 0.587372275 0.59868814375 0.5688956921874999
0 0.5389377343749999 0.640281559375 0.540880340625 0.6457829671875001 0.547179890625 0.650024146875 0.54000088125 0.6600295765624999 0.512076628125 0.6363908375 0.472640078125 0.6837111015625 0.503322384375 0.7088841218749999 0.50090804375 0.715645759375 0.5032583734375 0.71916360625 0.5650307125 0.767526084375 0.6076650453125 0.7146167984375 0.6025566609374999 0.709564671875 0.6244694140625 0.68270455625 0.5678374640625 0.6342544625000001 0.56388824375 0.6335311296875 0.5587158484375 0.638758484375 0.5473079140625 0.629465178125 0.5389377343749999 0.640281559375
0 0.9368656328125 0.7378643453125 0.8920173359374999 0.7018637359375 0.8601355156249999 0.7423347437500001 0.9049838109375001 0.778335353125 0.9368656328125 0.7378643453125
0 0 0.6902609859375 0.05403791718749999 0.7315641609375 0.11382033124999999 0.655038553125 0.02252485 0.5858318453125 0 0.6145816765625 0 0.6902609859375
0 0.6850505828125 0.73187798125 0.674426090625 0.7237572906249999 0.6616989671875 0.7358339015625 0.6443992062499999 0.720315853125 0.5890377484375 0.7853017484375 0.670460178125 0.852700121875 0.725821634375 0.7877142265625 0.6971139390625 0.7629028718749999 0.6967382203125 0.75974669375 0.704700675 0.7509138765625 0.6850505828125 0.73187798125
0 0.8042786640624999 0.759890346875 0.7959404921875 0.7655669859375 0.6912054203125 0.8863442921875 0.749811978125 0.9351560531249999 0.785643021875 0.8954083781250001 0.7880893671875 0.8835069984375 0.857369115625 0.8056335453125 0.8042786640624999 0.759890346875
0 0.10365088281249998 0.7643209765625001 0.0928983703125 0.776759253125 0.0928663640625 0.7818989953125 0.12473983749999999 0.8062610687499999 0.13787468593750002 0.7922008953125 0.16069055625 0.810787509375 0.2041403390625 0.7539110953125 0.1765918046875 0.733428534375 0.1742734796875 0.72477095 0.1679739296875 0.7205297703125 0.1771595546875 0.7057462625 0.174809228125 0.7022284171875001 0.1358527578125 0.67245255 0.0808350140625 0.7457343640625 0.10365088281249998 0.7643209765625001
0 0.197832440625 0.814503 0.2344065734375 0.8459007609375 0.2065059796875 0.8819553625 0.2580295453125 0.9253533296875001 0.33292141875 0.8351292140625001 0.2499321046875 0.7653856109375 0.242441384375 0.7619553812500001 0.197832440625 0.814503
0 0.3736924703125 0.89096545625 0.3347360015625 0.8611895890625 0.2657679625 0.9524987046875 0.283193359375 0.965981521875 0.393102909375 0.98611239375 0.43113986875 0.9354484234375 0.41186549531249994 0.9195687078124999 0.41744561406249997 0.9123577890625001 0.4155030109375 0.9068563781250001 0.381654925 0.8821326390625 0.3736924703125 0.89096545625
0 0.41709077343749995 0.9905059765625 0.440219421875 0.9947421859375 0.49354264375 0.9941217140624999 0.4464330125 0.955744546875 0.41709077343749995 0.9905059765625