0 1 0.095107984375 0.777281165625 0.047767634375 0.7745733734375 0.05143415312500001 0.7951071328125 0.0695854875 0.8107340609374999 0.055938784374999995 0.8824183890624999 0.11783860937499999 0.8741098703124999 0.1319803671875 0.892614275 0.14970034999999998 0.89790333125 0.14976405625 0.909839203125 0.1385143515625 1 0.21834183281250003 1 0.095107984375
0 0.9390070046875 0.689821075 0.7872132046875 0.860115490625 0.8544711828124999 0.91789290625 0.9437919125 0.8169903765625 0.9656360203125001 0.7142219296875 0.9390070046875 0.689821075
0 1 0.229756553125 0.980964771875 0.2130216390625 0.9660240140624999 0.2034827671875 0.9491030296874999 0.223217525 0.936622975 0.212080653125 0.93133391875 0.2120169484375 0.8912764875000001 0.26077052031250003 0.9053545421875 0.274368096875 0.8942176703125 0.2868481515625 0.89618331875 0.292568559375 0.9735243499999999 0.357791790625 1 0.325940409375 1 0.229756553125
0 0.7920497296875 0.6067037375 0.7775403234375 0.5951355140625 0.78006473125 0.5882484578125 0.772011028125 0.58123399375 0.7630309171875 0.583567290625 0.7521488609375 0.574891121875 0.7501832140625 0.5691707140625 0.7642121421875 0.5530633078125 0.7537614390625 0.5423577875000001 0.7566534953125 0.5387304375 0.7361197359375 0.5205791 0.7291689765625 0.5233437484375 0.7146595703124999 0.511775525 0.7192133296875001 0.505319821875 0.7168163296875 0.501628765625 0.698679571875 0.487168484375 0.6933268125 0.4923938375 0.679185053125 0.4840853171875 0.618883228125 0.55823035 0.695856615625 0.620193878125 0.6978222625 0.6259142859375 0.683793334375 0.6420216921875 0.7095524453125 0.6655257875 0.7619333671875 0.708475275 0.7672224234375 0.708538978125 0.7734378875 0.6992549234375 0.7816189984374999 0.6956912765625 0.8553326796875 0.7580224515625 0.8692979031249999 0.7472041015625 0.920923559375 0.6839411234375 0.91047285625 0.673235603125 0.9129972640625 0.6663485484375 0.89486050625 0.6518882687499999 0.8870470421875 0.6587116187500001 0.8725376359375 0.6471433953125 0.8685426359375 0.6409916359375 0.8730963953125 0.6345359328125 0.8549596375 0.6200756515625 0.8475775249999999 0.6248696515625001 0.83626411875 0.618222834375 0.8288183015625 0.628305890625 0.8230978953125 0.6302715375 0.8186715437500001 0.6261491296874999 0.8211959515625 0.619262075 0.8030591921875001 0.6048017953125 0.7920497296875 0.6067037375
0 0.7985742890624999 1 0.8369277359374999 0.9555241828125001 0.8435745499999999 0.9442107765625 0.7758852203125 0.8884627125 0.680440028125 1 0.7985742890624999 1
0 0.8011930062499999 0.8143031015625001 0.8078398234374999 0.8029896953125 0.7800513609374999 0.779054246875 0.7276267046875 0.841086875 0.7554151671875 0.8650223218749999 0.8011930062499999 0.8143031015625001
0 0.6160395921874999 0.6955740234375 0.6704498671875 0.7389548640625 0.706384890625 0.6946276421875 0.6536363203125 0.6484184515625 0.6426268578125 0.6503203953125001 0.5761678781249999 0.59377333125 0.48368579218749996 0.7045595296875 0.610579396875 0.8110705453125 0.648975125 0.765145325 0.59296685 0.7193037796875 0.610319184375 0.697539671875 0.6160395921874999 0.6955740234375
0 0.5128523140625 0.33590579531250003 0.5075632578125 0.3358420921875 0.49187262656249997 0.35477785 0.483387571875 0.3497927375 0.46935864374999997 0.36590014531250004 0.4664665875 0.369527496875 0.475319290625 0.3777723125 0.44350667499999996 0.41767318124999997 0.520480059375 0.4796367078125 0.5076177796875 0.5002341703125001 0.5890175156249999 0.56632010625 0.6005220359375001 0.55709975625 0.6525790437500001 0.491807425 0.6416969890625001 0.48313125625 0.64704975 0.47790590625 0.64305475 0.47175414687500006 0.6285453421875 0.46018592187499996 0.6211632296875 0.46497992187500004 0.6171045281249999 0.4641172171875 0.6017961203125 0.451318640625 0.60475188125 0.4424022328125 0.595467825 0.4361867703125 0.5880857140625 0.44098076875 0.5756056593750001 0.42984389843750004 0.5752380109375 0.42658419375 0.5892669374999999 0.41047678750000005 0.5788162359375 0.3997712671875 0.5821396437499999 0.3941145625 0.5797426437500001 0.3904235078125 0.5616058859375 0.375963228125 0.5562531265625 0.381188578125 0.54174371875 0.3696203546875 0.5442681281249999 0.36273330000000004 0.541871128125 0.35904224375 0.5128523140625 0.33590579531250003
0 0.46667366250000003 0.9891586968749999 0.5042066859375 0.9472921796874999 0.45348746718750005 0.9015143406250001 0.4494287625 0.9006516375 0.444076003125 0.9058769874999999 0.37804837812500003 0.8473005734375001 0.28772305 0.9479400124999999 0.3142970765625 0.9716979218749999 0.42463274687499997 0.99515049375 0.3981070515625 0.972463375 0.396141403125 0.9667429671875001 0.41675344374999995 0.9446112078125 0.46667366250000003 0.9891586968749999
0 0.33882162031249996 0.5463441859375 0.415363653125 0.610337065625 0.39881031875 0.6333315265625 0.43545148281249996 0.6655117921875 0.49901300937500004 0.590999109375 0.4986453625 0.58773940625 0.4599748453125 0.5551277890625 0.5053850359375 0.5011488671875 0.428843003125 0.4371559875 0.33882162031249996 0.5463441859375
0 0.3286779375 0.822039890625 0.3357561046875 0.80869713125 0.2583513671875 0.74876295625 0.1748493921875 0.857215859375 0.2522541296875 0.9171500343749999 0.3286779375 0.822039890625
0 0.29131825624999996 0.1634342046875 0.28892125625 0.15974314843749998 0.27078449843749997 0.14528286875000002 0.2654317390625 0.1505082203125 0.2512899796875 0.14219969999999998 0.19677226718750002 0.2090900296875 0.225359728125 0.2342558296875 0.21625220937499998 0.24716723593749998 0.22713426406249998 0.2558434046875 0.2196884484375 0.26592645937500003 0.27409872343749997 0.3093073 0.29311276406250003 0.28471483750000004 0.2988331703125 0.2827491890625 0.36369415 0.33683555 0.3689832046875 0.336899253125 0.426824325 0.2643522203125 0.41637362187500004 0.2536467 0.41969703125 0.2479899953125 0.4173000296875 0.24429894062500002 0.399163271875 0.2298386609375 0.39178116093750004 0.23463266093750001 0.3785021046875 0.22226543593749998 0.3805951609375 0.2174077328125 0.3588310515625 0.20005539687499999 0.35347829062499997 0.20528074843750002 0.3441942359375 0.19906528437499998 0.33551806875 0.209947340625 0.325866365625 0.200472171875 0.32882212499999997 0.1915557640625 0.3106853671875 0.177095484375 0.302871903125 0.1839188359375 0.288362496875 0.1723506125 0.29131825624999996 0.1634342046875
0 0.1470709171875 0.883126940625 0.10663749375 0.9275585156249999 0.22378453281250002 0.9524588875 0.1470709171875 0.883126940625
0 0.24510525625000001 0.36203942499999997 0.21452299218749998 0.40114129375 0.240713453125 0.4226160375 0.2728937171875 0.38597487343750003 0.24510525625000001 0.36203942499999997
0 0.07308684062500001 0.316995871875 0.0677977859375 0.3169321671875 0.016172129687500002 0.3801951453125 0.0148780734375 0.3862832 0.095047459375 0.4531681359375 0.10083157031250001 0.44591343281249995 0.18020195625 0.5115680171875 0.238842075 0.44025133437499997 0.1550453375 0.37047434375 0.1452025234375 0.3768663421875 0.07308684062500001 0.316995871875
0 0.0951079828125 0 0.0745583921875 0.09667822499999999 0.10685633125 0.1224290921875 0.092827403125 0.1385364984375 0.0927636984375 0.143825553125 0.1761927890625 0.210342840625 0.23526426093750002 0.136996809375 0.2332986109375 0.1312764015625 0.2268429078125 0.1267226390625 0.2297349640625 0.1230952890625 0.2273379640625 0.119404234375 0.20920120625 0.104943953125 0.202250446875 0.1077086 0.191368390625 0.0990324328125 0.189035096875 0.0900523203125 0.1817803921875 0.084268209375 0.17439828125 0.0890622078125 0.1562615234375 0.0746019296875 0.17238350625 0.0536368171875 0.1615014515625 0.044960650000000005 0.164824859375 0.039303946875 0.14791845312500002 0.0240446671875 0.1389383421875 0.0263779640625 0.124428934375 0.014809739062499999 0.12203193593749999 0.011118682812499999 0.124124990625 0.0062609796874999995 0.11627217812499999 0 0.0951079828125 0
0 0 0.839269559375 0.008555370312500001 0.8462609171875 0.03249081875 0.8184724546875 0.005133709375 0.79250765625 0 0.7982229421875 0 0.839269559375