0 0.43639431875 0 0.42650074218749995 0.062627328125 0.5393099640625 0.07844689375 0.5415470796874999 0.0611167296875 0.5558563999999999 0.061950831250000005 0.5640901406250001 0.0028594390625 0.5580296078125 0 0.43639431875 0
0 1 0.095065465625 0.9372260375 0.0235827234375 0.88787261875 0.06897920468749999 0.903082578125 0.0862992765625 0.9007525031249999 0.0902718234375 0.9378267812500001 0.13248950312500002 0.9441022921875 0.1308011234375 0.9689614203125 0.156900390625 1 0.12829435625000002 1 0.095065465625
0 0.268083603125 0.156102284375 0.23381121093749999 0.13253558593749998 0.2028554890625 0.1790044828125 0.23727082500000002 0.20052532968749998 0.268083603125 0.156102284375
0 0.2012901140625 0.157344303125 0.12346800312499999 0.1548621765625 0.1195655484375 0.18133909374999999 0.0694114546875 0.179442665625 0.06664554375000001 0.233717321875 0.1647665984375 0.239436871875 0.16576720312499998 0.22511590781250002 0.18430784375 0.22414247187499997 0.1872096953125 0.21198651875 0.19852420312500002 0.21161895625 0.2012901140625 0.157344303125
0 0.7451232421875 0.29072686718749996 0.7277261484374999 0.2753334859375 0.765336228125 0.2364421203125 0.7202281390625 0.1917019625 0.68917945625 0.22481324218749998 0.683332778125 0.22036406562500002 0.6734906828125 0.2290341921875 0.6202847921875 0.28550412187499996 0.696384575 0.3567010234375 0.7352311640625 0.314800459375 0.7296703734375 0.30625958125 0.7451232421875 0.29072686718749996
0 0.26563254999999997 0.323375425 0.2703856609375 0.3287879484375 0.2590211703125 0.3445589765625 0.307031109375 0.3771431828125 0.36989317499999996 0.2852878953125 0.331675346875 0.25943702968750004 0.3232127046875 0.263052103125 0.3036284796875 0.24958541875 0.3007766125 0.24633790625000002 0.30667327499999997 0.2353836125 0.2713073140625 0.2127802625 0.2128195140625 0.3007821625 0.2470919078125 0.3243488609375 0.2537962484375 0.316522925 0.26563254999999997 0.323375425
0 0.8369188031249999 0.313538265625 0.7984650734375001 0.2763756359375 0.72695444375 0.3451307671875 0.8024824531249999 0.42451107656250003 0.87166300625 0.3597284921875 0.8449026312499999 0.33146421406250004 0.849276896875 0.327610825 0.8369188031249999 0.313538265625
0 0.893885159375 0.5263856671875 0.9557466187499999 0.4488513421875 0.9042200765624999 0.40784541250000006 0.9001316984375001 0.4076070984375 0.840314428125 0.4852605796875 0.893885159375 0.5263856671875
0 0.48966460781250004 0.46584802812500004 0.4805372296875 0.46428889531250006 0.441068884375 0.5297763343749999 0.5345227828125 0.5876055296875 0.5982425078125 0.48347513124999997 0.512679478125 0.4302142671875 0.49294530625000005 0.4629579875 0.48966460781250004 0.46584802812500004
0 0.7787028828125 0.485777565625 0.7643006 0.47158584843750007 0.750084240625 0.48410936250000003 0.7644865234375 0.4983010796875 0.7787028828125 0.485777565625
0 0.11285515625 0.5270779796875 0.10724438124999999 0.5339405687500001 0.1053431359375 0.5317755609375 0.10206243906250001 0.5346656015625 0.06463828125 0.6002721984375 0.1385079546875 0.6446347109375 0.18344412968749998 0.574330534375 0.17774039531250002 0.5678355046875 0.200755265625 0.5322017453125001 0.134919403125 0.4903617140625 0.11285515625 0.5270779796875
0 0.410106159375 0.6204097828124999 0.38724123593750004 0.6098331406249999 0.3627039671875 0.6525678046875 0.44840994375000004 0.7037828171875 0.49567619531249996 0.62950609375 0.5099425359375 0.601579109375 0.4438207875 0.563830784375 0.410106159375 0.6204097828124999
0 0.8274495046875 0.669387253125 0.715883796875 0.6063939375 0.7051840390625 0.627339175 0.6987655859374999 0.6310734078125 0.6705187890625 0.6828356703125 0.7861728765625 0.7460672984375 0.8274495046875 0.669387253125
0 0 0.7345528109374999 0.0145561359375 0.74422704375 0.0304808140625 0.7513178578125 0.06623963125 0.6948580171875001 0.06937738593750001 0.6940138250000001 0.088961609375 0.7074805109375 0.11773020000000001 0.6629383078125 0.008637509375000001 0.5939265953125 0 0.6071229953125 0 0.7345528109374999
0 0.6606837 0.6473412421875 0.6458525859375001 0.6392870828125 0.630635621875 0.6661315609375 0.645466734375 0.674185721875 0.6606837 0.6473412421875
0 0.579573884375 0.6919137125 0.5536571640625 0.7397034265625 0.5543218984375 0.7448776374999999 0.572147821875 0.7541334609375 0.6013452421875 0.7034537015625 0.6005375625 0.70032534375 0.5827116390625 0.691069521875 0.579573884375 0.6919137125
0 0.31924020625 0.7311745453125 0.3140582640625 0.7318995796875 0.28595441093749996 0.7816159890625001 0.369759140625 0.8306659906249999 0.4314346765625 0.7264164328125 0.36925836093750003 0.6909522734375 0.33692318593750004 0.742476221875 0.31924020625 0.7311745453125
0 0.70349068125 0.813144140625 0.7251190953125 0.82672998125 0.73044398125 0.8239590968750001 0.7607349671875 0.772315990625 0.6832057484375 0.7215776109375 0.66728106875 0.7144867968749999 0.6153546671875 0.7967086109375 0.6851359625 0.840832809375 0.70349068125 0.813144140625
0 0.9675698640625001 0.83778134375 0.9569200890625 0.8433231140625 0.908560271875 0.9185631828125 0.9683475187499999 0.958844209375 0.9779967265625 0.820741825 0.9675698640625001 0.83778134375
0 0.347637903125 0.9269502781250001 0.3300978671875 0.9136027515625 0.36229009843750004 0.8641246546874999 0.26693495624999997 0.80413045 0.235979234375 0.8505993453125 0.27120225 0.87524855 0.2411971515625 0.9227999515624999 0.3168251265625 0.9713733234375 0.347637903125 0.9269502781250001
0 0.593133465625 0.923799834375 0.595842390625 0.9290932 0.5773447265625 0.9588277203125 0.623596365625 0.9872010671875 0.678281675 0.8948691484375001 0.6162483015625 0.8573591374999999 0.580346540625 0.9158648296875 0.593133465625 0.923799834375
0 0.8777310015625 0.9897866750000001 0.9662575421874999 0.988756575 0.9667388359375 0.9818681625 0.9077955703124999 0.9441959125 0.9046578171874999 0.9450401015625 0.8777310015625 0.9897866750000001
0 0.4237017140625 0.9252215421875001 0.41091479062499997 0.9172865375000001 0.402545109375 0.9342592296875001 0.4154749765625 0.94014838125 0.4237017140625 0.9252215421875001
0 0.1963179625 0.93353610625 0.17658379062500001 0.966279825 0.173303090625 0.9691698671875001 0.16621990312499998 0.9677298890625 0.16118808125 0.97565331875 0.24516001874999999 0.98054810625 0.25236171406249996 0.9686427953125 0.1963179625 0.93353610625