0 1 0.5002181390625 0.9568659765625 0.5148122749999999 0.9772928546875 0.5760992468749999 0.9801895046875 0.5795610453125 0.9887721359375 0.5782948203125 0.999665746875 0.574689834375 1 0.5706013140625 1 0.5002181390625
0 1 0.376780146875 0.9323192578124999 0.4002035609375 0.9623373140625 0.486781015625 1 0.4736215921875 1 0.376780146875
0 1 0.2756395546875 0.9104332171875 0.30490734062499997 0.9139521281249999 0.31372214375 0.9092316984375 0.31960409843750004 0.91768568125 0.34584018437499997 0.9239939203124999 0.3464651671875 0.9322762593749999 0.3748007890625 0.9374473015625 0.3763713796875 1 0.3570387875 1 0.2756395546875
0 1 0.2157056625 0.989479003125 0.21961086718749998 0.9990701828124999 0.244901346875 1 0.244556215625 1 0.2157056625
0 0.925470971875 1 0.9192755734375 0.97461088125 0.9141045296874999 0.9730402953124999 0.8988703687499999 0.97788060625 0.8918325484375 0.9602509984375001 0.8571587359375 0.969514971875 0.842267865625 0.9701562109375 0.7933254390625 0.9854144328125001 0.7983414718749999 1 0.925470971875 1
0 0.8627992859375 0.2134097921875 0.87908499375 0.260528953125 0.9887924203124999 0.228009015625 0.9659838281249999 0.15696163125 0.8703733687499999 0.18558686093750001 0.875930703125 0.20836115 0.8627992859375 0.2134097921875
0 0.6948591125 1 0.686085375 0.9747896984375 0.6873942171875 0.9717445578125 0.69597685 0.9704783328125 0.697457334375 0.965333653125 0.67861826875 0.9105536203125 0.6822015015625 0.90561726875 0.6995384109375 0.9009852828125 0.71361405 0.9362444999999999 0.7528366484375 0.9231981093750001 0.7604967265625 0.9461807234374999 0.7675988703125001 0.9500591796875 0.8883349640624999 0.9122822671874999 0.86677089375 0.8519408984375 0.8210684078125 0.8664618421875 0.813966265625 0.8625833875 0.78718815 0.7752686578125 0.780772590625 0.76299205625 0.6699279687499999 0.7964576015625 0.66651638125 0.7992944140625 0.668104190625 0.8058013531249999 0.661452659375 0.8093754421874999 0.67183774375 0.8379193921875 0.6640490171875 0.8424390859375 0.6381294796875 0.848337296875 0.6306410453125 0.8232551453125 0.623538903125 0.819376690625 0.5494708421875 0.8437865921875 0.5429909578125 0.8452611453125 0.53719765625 0.83833755 0.4859808359375 0.8554869765625 0.49743879375000005 0.8968364781249999 0.5104415609374999 0.91929014375 0.5360799484375 1 0.6948591125 1
0 0.8573919265625 0.12397926875000001 0.8476721015625 0.12619109687500002 0.8463632578125001 0.12923623906249998 0.8577138921874999 0.1589341203125 0.95025605625 0.12894662968749998 0.922945215625 0.045812204687500004 0.826408321875 0.03624788125 0.8366217578124999 0.06689136875 0.8443461609374999 0.076122828125 0.8494528812500001 0.091444571875 0.8468351984375 0.097534853125 0.8573919265625 0.12397926875000001
0 0.753651184375 0.6798763984375 0.7633066875 0.6914157234375 0.8364091984375 0.6658518921875001 0.8046316875 0.5748670359375 0.7415922953125 0.594019965625 0.7438023640625 0.6058799109375 0.73277369375 0.6111368828125 0.7343615046874999 0.6176438203125 0.6993443984375001 0.6311068671875 0.7209084703124999 0.6914482359375 0.753651184375 0.6798763984375
0 0.755130978125 0.46731046718749997 0.7596797609375 0.46352804843750006 0.7582635984375 0.45492157187500004 0.7469129640625 0.42522369062500004 0.6926278484374999 0.44101085937500006 0.6875641265625 0.45109188749999996 0.610427771875 0.474139528125 0.6204695640625 0.50688255 0.611371996875 0.5144473875 0.622550984375 0.54624480625 0.657396446875 0.534881296875 0.6616019390625001 0.535297953125 0.6631897484375 0.5418048921875 0.6717723796875 0.5405386671875 0.695760815625 0.532332590625 0.6951385578125 0.5269795859374999 0.7050300296875001 0.52266821875 0.7669322249999999 0.5044608921875 0.755130978125 0.46731046718749997
0 0.5933687890625 0.1771917140625 0.58785445625 0.1798202 0.5897855578125 0.182128065625 0.58637396875 0.184964878125 0.5419803265625001 0.196440678125 0.56717063125 0.2772484703125 0.581267596875 0.27335376093749997 0.5883697406249999 0.277232215625 0.6085176484375 0.3289671078125 0.6237518125 0.32412679375 0.6363682875000001 0.3253767625 0.6961677374999999 0.306961109375 0.673595115625 0.220063034375 0.6708701109375 0.2145017015625 0.66569906875 0.2129311109375 0.6497566515625001 0.161612875 0.5933687890625 0.1771917140625
0 0.6331713453125001 0.35151680937499996 0.6519030906250001 0.394645228125 0.6815775078125 0.3817111296875 0.6649485078125 0.338791040625 0.6331713453125001 0.35151680937499996
0 0.523443634375 0.7343225578125 0.533936040625 0.7745181265625 0.5781580374999999 0.7651418609375 0.5676656312499999 0.72494629375 0.523443634375 0.7343225578125
0 0.47484276562499994 0.2268285703125 0.3889521296875 0.25324197187499997 0.4125546265625 0.3275428234375 0.417897315625 0.3270138765625 0.42221012968749994 0.33908214999999997 0.4323805703125 0.3443228640625 0.4432162671875 0.38031935781250004 0.4778900828125 0.371055384375 0.48664435937499995 0.367689621875 0.48926204218749997 0.361599340625 0.512113284375 0.35433886875 0.501899846875 0.3236953828125 0.5066202765625001 0.317813428125 0.47484276562499994 0.2268285703125
0 0.3502451625 0.46741100468749996 0.3836104828125 0.5649028015625001 0.443581578125 0.544387609375 0.41021625625 0.4468958140625 0.3502451625 0.46741100468749996
0 0.2542498015625 0.8896750421874999 0.2740544203125 0.9456090093749999 0.3254428828125 0.9263600437499999 0.30546661875000003 0.8725256140625 0.2542498015625 0.8896750421874999
0 0.242211890625 0.6609540546875 0.20067190156249998 0.6504888828125 0.1890209734375 0.650392846875 0.19605879375 0.6680224546875 0.1688304109375 0.6769658078125 0.1590675875 0.6537748624999999 0.1658907640625 0.6481012374999999 0.159196234375 0.6262725546875 0.1529523203125 0.6118964171875 0.14550688437499998 0.612217034375 0.15790871875 0.59016376875 0.1441763703125 0.5507054765625 0.13803977812499998 0.54798095625 0.13555074218750002 0.5265689296875 0.14527056875 0.5243571 0.1503772890625 0.5396788453125 0.20483404843750003 0.5217921390625 0.20841728124999997 0.5168557875 0.2048983734375 0.5080409859375 0.215927040625 0.502784015625 0.19532851874999999 0.4435965765625 0.19522119531249998 0.431944959375 0.20397547343750003 0.4285791984375 0.2110776171875 0.4324576515625 0.22622612812499998 0.48052241875 0.2382203484375 0.47641938125000005 0.24974262656250001 0.5040177265625 0.24519384375 0.5078001453125001 0.25909783750000004 0.5451588984375 0.234937753125 0.5554645125000001 0.24515119218749998 0.5861079984375 0.25015058749999997 0.589778125 0.2764134203125 0.5796808390625 0.285832953125 0.60707085625 0.27690703125 0.6125361546875 0.2829793 0.6290118296875 0.34067600468750003 0.6103878500000001 0.30175335 0.4901217671875 0.2703194765625 0.4986484640625 0.2605566515625 0.47545752031250005 0.25851822812499997 0.4614980390625 0.29222649375 0.45108013125 0.26169350156250004 0.370801290625 0.252939225 0.3741670515625 0.248905378125 0.3716508578125 0.18359159375 0.392694996875 0.1800083609375 0.397631346875 0.18704617968749998 0.4152609546875 0.18539404843750001 0.42250517031249996 0.1768114171875 0.42377139531249997 0.1707391453125 0.4072957203125 0.16767084999999998 0.4059334578125 0.14692235468749998 0.413402259375 0.15072023125 0.43176914375 0.1093948875 0.44460720625 0.101670484375 0.43537574687499997 0.0951906 0.43685029843749995 0.064722275 0.44653092812499995 0.0598302015625 0.4545124203125 0.024984740624999998 0.465875928125 0.02191644375 0.46451366875 0.02050028125 0.4559071921875 0.0153292375 0.45433660312499996 0.0043986531250000006 0.45839383749999996 0.0027819093749999997 0.478169534375 0.0031456093749999995 0.5406844515625 0.032280203125000004 0.53221154375 0.035691790625000004 0.52937473125 0.032001234375 0.5226594640625 0.03558446875 0.5177231140624999 0.066052790625 0.508042484375 0.07122383437499999 0.5096130734375001 0.0761589078125 0.5270343546875 0.06740463125 0.530400115625 0.094869328125 0.6093166984375 0.081566265625 0.6164648781250001 0.081308971875 0.671469496875 0.099783075 0.6658919062499999 0.1023364359375 0.6735527765625 0.0943760625 0.680172009375 0.0357138109375 0.6976420562500001 0.03047844375 0.7098226234375 0.0041801484375000005 0.71850636875 0.004471734375 0.768625765625 0.00447325625 0.768625915625 0.0960498671875 0.73748449375 0.0994614578125 0.7346476796875 0.097873646875 0.7281407390625 0.10338798125 0.72551225625 0.11634775156249999 0.7225631484374999 0.12214105312500001 0.72948674375 0.1678435359375 0.7149658 0.1777350109375 0.7106544359375 0.17938714218750001 0.70341021875 0.2033755796875 0.6952041421875 0.2107566921875 0.7086346781249999 0.2532192328125 0.6948510109375 0.242211890625 0.6609540546875
0 0.00508063125 0.8732863109375 0.00623305625 0.8767439453125 0.054038287500000004 0.8624313296875 0.074636809375 0.921618765625 0.0995907984375 0.9145666234375 0.1169455765625 0.969199603125 0.1502714515625 0.9725013406249999 0.12619691875 0.9002702640625 0.1435338265625 0.895638278125 0.1232785953125 0.8322517671874999 0.17335821875 0.8160479437499999 0.1705258921875 0.7988349890625 0.1540685375 0.753815365625 0.0046602625 0.801030975 0.00508063125 0.8732863109375
0 0.160591765625 0.8814542109374999 0.20112320781249998 0.8653626796875 0.1862536640625 0.8268499921875 0.1415167296875 0.8425248671875 0.1542835265625 0.8808292265625 0.160591765625 0.8814542109374999
0 0.1821981453125 0.7597771 0.19196097031249998 0.7829680421874999 0.208503971875 0.7750825859375 0.1985695 0.7539911796875 0.1821981453125 0.7597771
0 0.18706715937500001 0.2723964015625 0.18854764531249998 0.2672517234375 0.18150982499999999 0.24962211406249998 0.2087382046875 0.24067876250000003 0.2124930859375 0.2336428734375 0.18520003437500002 0.1526267546875 0.1821317375 0.15126449375 0.12557223125 0.16894287187499998 0.1134063671875 0.175145446875 0.1491534015625 0.2823976515625 0.18706715937500001 0.2723964015625
0 0.084633175 0.20298463125000002 0.023753745312499998 0.22164604531249998 0.016226984375 0.3137119484375 0.0196630296875 0.32354032187500004 0.0368282921875 0.32100787343750004 0.1164106859375 0.29396948749999996 0.084633175 0.20298463125000002
0 0.1308285765625 0.0138977515625 0.127019628125 0.0014780078125 0.0513712234375 0.0005977578125 0.0643775984375 0.03588749375 0.1308285765625 0.0138977515625
0 0.0065029828125 0.4326540578125 0.0640570203125 0.41577514843749996 0.0398322671875 0.3361212890625 0.01380063125 0.3433906265625 0.0065029828125 0.4326540578125