0 0.0030359203125 0.5218304640625 0.0274288828125 0.7835249484375 0.0757385109375 0.7776000609375 0.0716313265625 0.744932784375 0.0860040171875 0.73958666875 0.0838377765625 0.716346634375 0.104735921875 0.7126329703125001 0.081921928125 0.559044009375 0.058520412499999994 0.5586923046875001 0.055763378125 0.5291140750000001 0.043106332812499995 0.530074634375 0.041137021875 0.508947328125 0.0374804328125 0.503905640625 0.0029530390625 0.507584259375 0.0030359203125 0.5218304640625
0 0.0072681609375 0.3051331109375 0.00549578125 0.2861185359375 0.0018391921875000002 0.28107685 0.001635446875 0.28110957187499996 0.0020474374999999998 0.35192460937500003 0.0146664390625 0.35031668125 0.0107561859375 0.3197621328125 0.016690846875000002 0.315056390625 0.015706192187500002 0.30449273906249996 0.0072681609375 0.3051331109375
0 0.10319383906249999 1 0.1035041453125 0.995707353125 0.0986376046875 0.9662892171875 0.09534651093749999 0.953772928125 0.0909305640625 0.9519803828125 0.0899459109375 0.94141673125 0.042769709375 0.9481056078125001 0.0476068671875 1 0.10319383906249999 1
0 0.0015274078125 0.26253923281249997 0.025641803125 0.26118519375 0.05593426875 0.2556947484375 0.0492953484375 0.2072620375 0.042769893749999996 0.205629584375 0.019983537500000002 0.0403363078125 0.00024338593749999998 0.0418344125 0.0015274078125 0.26253923281249997
0 0.424710109375 0.8862235984375 0.4322485859375 0.9101197671874999 0.5443896234375 0.8824601609375 0.5472584875 0.8790509249999999 0.5399169406250001 0.8572674859375 0.424710109375 0.8862235984375
0 0.5179269828125 1 0.509597746875 0.93084559375 0.5059411578125 0.92580390625 0.4325022484375 0.935632628125 0.42963338437500004 0.9390418625000001 0.43921356093749997 1 0.5179269828125 1
0 0.6416910140625001 0.0346438390625 0.65223855625 0.033843371875 0.6570483625 0.0398613796875 0.6633768875 0.0393811 0.6842750328125 0.035667437499999996 0.6836842390625 0.029329245312500002 0.70669189375 0.025455490625 0.7095891234375 0.03374631875 0.75369185625 0.028271631250000002 0.756195225 0.0323370015625 0.783618825 0.030255790625 0.797035228125 0.0260460875 0.79419424375 0.0092412859375 0.4781695328125 0.00556400625 0.364161296875 0.014216232812499998 0.376343640625 0.08244116875 0.4603300859375 0.0718119796875 0.47259327031250004 0.06662596093749999 0.5186085765625 0.058878448437499994 0.5590830859375 0.060062140625 0.5757622171875 0.056668665625 0.5753683546875 0.052443203125000004 0.5857189625 0.0495300078125 0.588981690625 0.0503462328125 0.5913164937500001 0.06399893437500001 0.6248716875 0.0593247125 0.6446166156250001 0.05463473437500001 0.6416910140625001 0.0346438390625
0 0.501653959375 0.3442098953125 0.4734710015625 0.3495402484375 0.47527174531250005 0.380254890625 0.450154584375 0.38428873750000003 0.45834058593749993 0.437923228125 0.552874571875 0.426493575 0.5569250234374999 0.4357607234375 0.56046978125 0.4737898734375 0.5888496703125 0.47057225156250004 0.59621958125 0.5040557546875 0.6265120468750001 0.49856530625 0.6235580828125 0.4668743484375 0.6505878218750001 0.4605676765625 0.646874496875 0.432125859375 0.81138773125 0.40793852968750005 0.7969566718750001 0.31009678749999997 0.744612840625 0.3183245796875 0.7024226875 0.32152644218750004 0.6999193171875 0.31746107343749996 0.670583140625 0.321815109375 0.6660820937499999 0.28492236875 0.64594330625 0.2853868890625 0.639754978125 0.26457976875 0.5137753093749999 0.28052355 0.5168978390625 0.30262717656250004 0.49619662499999995 0.3084535671875 0.501653959375 0.3442098953125
0 0.8755774265625 0.6179623640624999 0.8623279515625001 0.5327970078125001 0.6496899015625 0.5648919421875 0.664851953125 0.647784475 0.8755774265625 0.6179623640624999
0 0.686908225 0.884410303125 0.7039013203125 0.9926959875 0.7630706125 0.98820555625 0.7553136625 0.9345385046875 0.9301775046874999 0.9074379765625 0.9194881328125 0.84973811875 0.686908225 0.884410303125
0 0.9008380578124999 0.7522165625 0.886575559375 0.6447874890625 0.8413196109375001 0.6492858578125 0.8378315859375001 0.6346568375 0.8033201046875 0.6404674703125 0.8045016921875 0.653143853125 0.8004796046875 0.65557676875 0.8049806515625001 0.692469509375 0.7524398890625 0.6985845671875001 0.75539385625 0.7302755265624999 0.72068544375 0.7339734296875 0.7276898593750001 0.7749315359375 0.9008380578124999 0.7522165625