0 0.744926165625 1 0.9884646140625 0.9971664609375 0.9888976250000001 0.9599536078125 0.9741336203125 0.9200786750000001 0.9643703531250001 0.901951615625 0.7157796671875001 1 0.744926165625 1
0 0 0.9843615859374999 0.04293065625 0.9609565281249999 0.013640853125 0.90657535625 0 0.9118603953125 0 0.9843615859374999
0 0.44427603906249996 0.962724803125 0.454026821875 0.978706046875 0.464719525 0.9721437625 0.4744952765625 0.992416634375 0.4798666 0.9934271171875 0.58789785625 0.9331563140625001 0.5542785343750001 0.8723876359375 0.446247278125 0.9326584421874999 0.45710228906249994 0.953991734375 0.44427603906249996 0.962724803125
0 0.0751516296875 0.781394059375 0.0034780593749999997 0.8197822562500001 0.06964992812500001 0.9424049999999999 0.1242176703125 0.9149456234375 0.09816564531250001 0.8637457187500001 0.1131129546875 0.850696053125 0.0751516296875 0.781394059375
0 0.61882179375 0.8995341515625 0.5963446453125 0.9094524875 0.606120396875 0.9297253578125 0.6285850609375 0.9176612109375 0.61882179375 0.8995341515625
0 0.5139089875 0.7580485218749999 0.501987203125 0.7378006203125 0.48272285937500004 0.74660859375 0.48055185624999996 0.742341934375 0.4751805359375 0.74133145 0.4654172671875 0.7232043921875 0.4097952375 0.7538949749999999 0.40762423437499995 0.749628315625 0.3808799921875 0.7638882171875 0.3874054828125 0.77883400625 0.3874304546875 0.7831256328125 0.3831508765625 0.785321384375 0.38532187812499996 0.78958804375 0.39073065625000003 0.79703596875 0.3950102359375 0.7948402203125 0.398248009375 0.798021484375 0.40801127656249997 0.81614854375 0.5139089875 0.7580485218749999
0 0.49955401093749996 0.688471871875 0.47066373749999996 0.7027567390625 0.48694001093750006 0.7336837734375 0.513684253125 0.7194238734375 0.49955401093749996 0.688471871875
0 0.43162315468749995 0.632394321875 0.39800383125 0.5716256468750001 0.29423966875 0.6275548859375 0.30508219531249997 0.6467423640625001 0.294401978125 0.6554504640625 0.3084822765625 0.6778192125 0.31702895 0.6712818953124999 0.33001750625000004 0.6904444062499999 0.3728008015625 0.666341078125 0.3857893609375 0.6855035890625001 0.41681318125000005 0.6690479390624999 0.4059706546875 0.6498604578125 0.43058135000000003 0.6377713421875 0.43162315468749995 0.632394321875
0 0.6194376671875 0.452094521875 0.6758337828125 0.5544443968749999 0.6877181109375 0.5682548578125 0.7283678625000001 0.5463223125 0.7358352734375 0.5387245734375 0.71199170625 0.49822876718750003 0.7162338296875 0.4895955734375 0.6967197796875 0.45548727343750006 0.6913609421875 0.456622603125 0.685952165625 0.4491746765625 0.6718468921875 0.4225143 0.6194376671875 0.452094521875
0 0.42088603593749996 0.4468937875 0.3577591375 0.47874466875 0.378377415625 0.5182050203124999 0.4415043140625 0.48635414062500004 0.42088603593749996 0.4468937875
0 0.27819365625 0.451772934375 0.27599768281250003 0.44321465 0.2845443546875 0.43667733125 0.27045156875 0.41216277031250004 0.1944984203125 0.45274671875 0.2162084421875 0.49541330625 0.2215797640625 0.496423790625 0.23013891874999998 0.4920322875 0.24531096562500002 0.517607271875 0.2998787078125 0.4901478953125 0.2933657015625 0.47734791875000004 0.30299162968750004 0.471871025 0.3040334328125 0.46649400625000004 0.296453653125 0.4547794203125 0.2836024328125 0.4592208609375 0.27819365625 0.451772934375
0 0.617621778125 0.32443108593750003 0.60049098125 0.331068278125 0.5374015375 0.3693565984375 0.5775088953124999 0.438633625 0.5946396921875 0.4319964328125 0.6577291375 0.3937081109375 0.617621778125 0.32443108593750003
0 0.9674998562500001 0.333236053125 0.9599949890625 0.3343963515625 0.9524027234375 0.32053595156250003 0.8892883093749999 0.35453264687499997 0.904472840625 0.3822534453125 0.891646590625 0.3909865125 0.907922865625 0.4219135453125 0.9293207546875 0.4109347890625 0.9379922781250001 0.4258556109375 0.9754292250000001 0.40503342499999995 0.9645492421874999 0.37940850312499996 0.9549108281249999 0.3827395828125 0.942976559375 0.3603458671875 0.972921121875 0.34282979375 0.9674998562500001 0.333236053125
0 0.308967771875 0.3924010078125 0.3165600359375 0.40626140624999996 0.3219313578125 0.40727189218750004 0.36150185 0.38427892343750003 0.33656653593749997 0.3405768828125 0.258492328125 0.3854774265625 0.272585115625 0.40999198750000004 0.30467570781250003 0.3924509453125 0.308967771875 0.3924010078125
0 0.28048255312500003 0.291872353125 0.23877851562500002 0.317036103125 0.2702018625 0.36924649375 0.3119059 0.34408274375 0.28048255312500003 0.291872353125
0 0.5677137 0.2305895609375 0.47893430156249994 0.2799065765625 0.512553621875 0.3406752546875 0.5360850593750001 0.3275257140625 0.5468901296875 0.34027575312499997 0.6078585125 0.306304028125 0.5677137 0.2305895609375
0 0.369624021875 0.3047839375 0.3652570484375 0.29195899375 0.33816321875 0.24613610625 0.287900025 0.2756913578125 0.2944005453125 0.286345521875 0.2901459375 0.2928329015625 0.315068765625 0.3343891296875 0.369624021875 0.3047839375
0 0.119168103125 0.23151641406249998 0.10837551875 0.22091218906250001 0.06667148125 0.24607593906249997 0.097040540625 0.301517534375 0.100278315625 0.3046988015625 0.105637153125 0.3035634734375 0.11974242500000001 0.3302238484375 0.229907228125 0.2677822609375 0.1963003921875 0.20915939843750003 0.1555257890625 0.20963380625 0.119168103125 0.23151641406249998
0 0.9443984453125 0.2358636984375 0.942214959375 0.22945122499999998 0.9593207859374999 0.21852240625000002 0.9474114874999999 0.2004203171875 0.8615702187500001 0.2014190703125 0.8380387812500001 0.21456860781249998 0.841338984375 0.22847894531250001 0.8156739999999999 0.24379926875 0.8362673078125 0.2789679921875 0.8619322921875 0.2636476703125 0.8706038140624999 0.2785684921875 0.8802422296874999 0.2752374109375 0.8943350156250001 0.299751971875 0.9488777890625 0.26800096562500003 0.9337182281249999 0.244571796875 0.9443984453125 0.2358636984375
0 0.4473861 0.20623804843750002 0.4528073640625 0.21583178749999998 0.4207292546875 0.23551864375 0.4391515609375 0.266420709375 0.4477232015625 0.26417502187499997 0.466962575 0.25107541875 0.47345061250000003 0.25958376875 0.522647034375 0.23111390625 0.5193842875 0.223641009375 0.543982496875 0.2094060796875 0.546103559375 0.2050894828125 0.4473861 0.20623804843750002
0 0.8250876796875 0.20184353906250002 0.8004145578124999 0.2032035875 0.807981853125 0.212772359375 0.8250876796875 0.20184353906250002