0 0.94806496875 0.3829232953125 0.937343659375 0.37974284062499997 0.9257959078125 0.404856575 0.913633675 0.43525300468749994 0.924693984375 0.442582159375 0.909056828125 0.48166328593749996 0.9836610203125 0.5112835125 0.9971756718749999 0.47964280937500003 0.9972180906249999 0.47235169531250004 0.9874487625 0.3527942421875 0.9657785875 0.34364852031250004 0.9509254125 0.379521296875 0.94806496875 0.3829232953125
0 0.9663499218749999 0.5682870796875 0.9771136921875 0.5463816953125 0.9756517109375 0.541292646875 0.9040774640624999 0.5103447703125 0.869434209375 0.585685971875 0.8596663796874999 0.5813715171875 0.8568059375000001 0.5847735140625 0.84116878125 0.6238546406250001 0.8856855031249999 0.6437398578125 0.8842870421875 0.652230903125 0.923188859375 0.6674143671875 0.9445469 0.621529246875 0.992263065625 0.6421611640625 0.9962846531249999 0.6327960171875 0.9965765703124999 0.5826198515625001 0.9663499218749999 0.5682870796875
0 0.815932609375 0.86553108125 0.7682164453125 0.8448991640625 0.7526642109374999 0.833808609375 0.74755780625 0.8353299062499999 0.7450363624999999 0.8428806015625 0.7408834390625 0.8432678984375 0.7331920734375 0.838759796875 0.73840445625 0.8257327562500001 0.7177458171875 0.8161634984375 0.7135928921875 0.8165507968749999 0.7059650468750001 0.8256227890625001 0.6712161546875001 0.8100520265625001 0.6508115921875001 0.8548031453125 0.6511505921875 0.8589518453125 0.657718978125 0.8625195984375 0.641742821875 0.897452025 0.69058196875 0.91902429375 0.695688375 0.9175029953125 0.7035917031250001 0.8989996078125 0.7208813984375 0.9057478140624999 0.7221738796875 0.9087625125000001 0.709672646875 0.935010246875 0.7432985578125 0.94964065625 0.7501424250000001 0.9437770140625 0.75266386875 0.93622631875 0.7784289125 0.9442742781250001 0.7880697015625 0.9214285421874999 0.7933456078125001 0.9219815953125 0.7989605125 0.9266833468750001 0.78472181875 0.9572734281249999 0.7860142984375 0.9602881265625 0.8081561265625 0.9697190625 0.8158093703124999 0.969005328125 0.819576690625 0.9613384421875001 0.8259755765625 0.9628318468750001 0.8246689437500001 0.9681790937500001 0.9708256765625001 0.9545486578125001 0.98130770625 0.9305793906250001 0.95632664375 0.9193230828125 0.9509447578125 0.9302757749999999 0.9467918328125 0.9306630734375 0.914288903125 0.9169730125 0.9163018453125 0.9031992687500001 0.8958127062499999 0.8957043609375 0.8981646484375 0.8860793156250001 0.873183584375 0.87482300625 0.8665092187500001 0.8827610015625 0.86320379375 0.89352004375 0.8580973890625 0.8950413390625 0.852651984375 0.8924139375 0.8578643687499999 0.8793868968749999 0.8543259265625001 0.874491496875 0.8327138062499999 0.8660562390625 0.8288998828125 0.8705922359375 0.815932609375 0.86553108125
0 0.6904152109374999 0.097608275 0.697937078125 0.10004202656250001 0.6982760781249999 0.104190725 0.6769180359375 0.15007584375 0.7496152640625 0.18196407187500002 0.780783596875 0.1153075640625 0.79133540625 0.11641367031250001 0.8126934468749999 0.07052855 0.8018026375 0.06527374687500001 0.81570233125 0.0305349671875 0.7516499515625 0.0020208453125 0.7304614109374999 0.049980314062499996 0.7109257515625 0.041351407812500005 0.7080653078125 0.0447534046875 0.6868767671875 0.0927128734375 0.6904152109374999 0.097608275
0 0.7090391625 0.2871207578125 0.745356359375 0.19385711249999998 0.6880418671874999 0.17098509374999998 0.657721034375 0.248013346875 0.636447915625 0.2437267875 0.61246245 0.3086683484375 0.7041868375 0.3429624328125 0.724421896875 0.2961369609375 0.7090391625 0.2871207578125
0 0.6457745015625 0 0.6458563703125 0.0003911890625 0.6492253140625001 0.003212240625 0.6654261390625 0 0.6457745015625 0
0 0.7005828171874999 0.938993190625 0.6803467875 0.9816384359375 0.734721115625 0.9765675390625 0.7430230796874999 0.959072053125 0.7005828171874999 0.938993190625
0 0.5685388062500001 0.347252209375 0.5114780484375 0.48111827500000004 0.5170929531249999 0.48582002500000004 0.56879254375 0.5039902953125 0.5969309328125 0.4386614375 0.6551989078125 0.46039945937500004 0.684290778125 0.3939366 0.5685388062500001 0.347252209375
0 0.6904759890625 0.9305300375 0.6696478499999999 0.91888643125 0.645959265625 0.910644821875 0.6257242062499999 0.9574702921875 0.668164465625 0.9775491562499999 0.6904759890625 0.9305300375
0 0.4841733828125 0 0.5289600171875 0.0165182203125 0.533896925 0.012922575 0.538212225 0 0.4841733828125 0
0 0.5578371843750001 0.7924085234375 0.5757203046875 0.755208096875 0.5723513609374999 0.752387046875 0.53103408125 0.733248534375 0.521668771875 0.746662871875 0.49107280312499996 0.7307048125 0.48821236093750003 0.734106809375 0.46494735781249996 0.782259928125 0.48240655312499997 0.7910824843750001 0.47927063125 0.8039158765625001 0.4764101890625 0.8073178734375 0.45462856562500004 0.796808265625 0.43562246718750003 0.8330683421874999 0.43916090937499996 0.837963740625 0.451005203125 0.8420845453125001 0.44024143281250006 0.8639899312500001 0.46426901249999997 0.8763802390625001 0.46270105156249997 0.8827969375 0.45568768437499996 0.8865862312499999 0.42733767812499995 0.8725088703124999 0.4121455046875 0.9042329515624999 0.43185066250000004 0.9149362078125 0.42899021875 0.9183382046874999 0.41153102343750003 0.9095156484375 0.3854055765625 0.9610707625 0.3964658859375 0.9683999171875 0.385702115625 0.9903053015625 0.398509984375 0.9976476890624999 0.48395312968750004 0.9971505953124999 0.49177117656249997 0.9825035609375 0.48806323437500004 0.9755338124999999 0.48054136718749996 0.973100059375 0.48193982812499997 0.9646090125000001 0.49556404218749994 0.93930163125 0.502132428125 0.9428693828125001 0.5072388328125 0.9413480859375 0.5180026046874999 0.9194427 0.50677279375 0.9100391984374999 0.5085102546875 0.90569685 0.533512721875 0.8532013859375001 0.5363731640625 0.8497993875000001 0.5469249734375 0.85090549375 0.5497854156249999 0.847503496875 0.5711434578125 0.8016183765625 0.5578371843750001 0.7924085234375
0 0.45405894375000005 0.060081164062500005 0.4737216421875 0.0958702609375 0.4770905859375 0.0986913109375 0.483150471875 0.0960360140625 0.48359545312499996 0.0886789671875 0.478595028125 0.07869451875 0.486392375 0.0716968765625 0.47397606562499994 0.0477729296875 0.4567498875 0.0546048171875 0.45405894375000005 0.060081164062500005
0 0.4079307734375 0.378951609375 0.44049756562500003 0.3038040578125 0.4478499328125 0.3041634625 0.4559227625 0.2877344234375 0.402761190625 0.264475103125 0.3806405703125 0.24981679843750002 0.33966229062500003 0.23482698281249997 0.323516634375 0.2676850609375 0.27164754687500003 0.247440440625 0.240818215625 0.318245646875 0.358985646875 0.3688850875 0.3624605703125 0.36020039531250003 0.4079307734375 0.378951609375
0 0.47799955 0.737149403125 0.441958175 0.718563940625 0.4334828296875 0.7172641890625 0.4110018046875 0.7622089578125 0.457594990625 0.7819005234375 0.47799955 0.737149403125
0 0.4041579390625 0.7680726 0.3818464171875 0.8150917203124999 0.4263631375 0.8349769359374999 0.4486746609375 0.7879578171875 0.4041579390625 0.7680726
0 0.40462363593750006 0.901799196875 0.42502819531249997 0.8570480765624999 0.380511475 0.8371628609374999 0.36010691562499997 0.88191398125 0.39614828750000003 0.90049944375 0.40462363593750006 0.901799196875
0 0.3426929203125 0.0286639171875 0.312788734375 0.01264134375 0.1928319921875 0.0238283921875 0.3106770875 0.084948678125 0.3426929203125 0.0286639171875
0 0.3537715484375 0.894000675 0.331290525 0.93894544375 0.37805320937500003 0.9607113593750001 0.40053423125 0.9157665890625 0.3537715484375 0.894000675
0 0.35989712812499997 0.9978723328125 0.3663359578125 0.9837507453125 0.31957327343749997 0.9619848281250001 0.3030593625 0.9982030046875 0.35989712812499997 0.9978723328125
0 0.21543497500000003 0.186842834375 0.220477859375 0.1717414453125 0.21054052968749998 0.1653526421875 0.164900828125 0.1445270765625 0.15570501718750002 0.160015765625 0.11646419999999999 0.140683603125 0.11135779531250001 0.1422049 0.08271090625000001 0.2013107109375 0.129473590625 0.22307662499999997 0.133012034375 0.22797202656249999 0.12858362968749998 0.23779072031249998 0.168777928125 0.255988884375 0.15801415624999998 0.27789426875 0.20702280312500002 0.3015408859375 0.21560413125000003 0.29133489375 0.254845290625 0.2082493484375 0.2513068484375 0.2033539484375 0.21543497500000003 0.186842834375
0 0.2529366171875 0.7226058890625 0.282812465625 0.652934684375 0.11900533124999998 0.581469675 0.0862690375 0.6545428796875 0.24799970937500002 0.726201534375 0.2529366171875 0.7226058890625