0 0.6127714015625 1 0.6163663234375 0.9958070953125 0.6372669953125001 0.9847491906249999 0.63739290625 0.9804237015625 0.5847701953125 0.8905853765625 0.528622003125 0.92186071875 0.5451125734375 0.95068139375 0.5417727046875 0.9537933234375 0.528602103125 0.95975280625 0.518224671875 0.9441729703125 0.48625406406250005 0.9634412265625001 0.5084523484375 1 0.6127714015625 1
0 0.6274330078125 0.876083234375 0.673753715625 0.959168953125 0.71116485625 0.9390396375 0.7195675296874999 0.9480431140625001 0.7570416265625 0.9257510546875001 0.7694567703125 0.9457445015625 0.8102077796874999 0.9225032593750001 0.8103336890625 0.9181777703125 0.749560125 0.810684990625 0.740842678125 0.8124952343749999 0.6274330078125 0.876083234375
0 0.0370587796875 0.8791034546875001 0.041386025 0.8792797046875 0.047625075 0.8881950546875 0.080646015625 0.8700522359375 0.090960490625 0.8877948140624999 0.1273213 0.8665400625 0.0625982203125 0.74589456875 0.004514365625 0.7759536359375 0.0052489 0.90220931875 0.021472731249999998 0.8936257875000001 0.0249385078125 0.8861883703125001 0.0370587796875 0.8791034546875001
0 0.2667773046875 0.7639547359375001 0.26282778906250004 0.7508020203125 0.23299765 0.6965369765625 0.1824159046875 0.7226257734375 0.16987485156249998 0.7069578140624999 0.093939278125 0.7482537546875 0.1380963609375 0.8312513484374999 0.2667773046875 0.7639547359375001
0 0.9044133125 0.7000655625000001 0.8465852359375001 0.7518429125 0.8339182734374999 0.7405004421875 0.8194455156249999 0.753985465625 0.8319236140624999 0.7718161703125 0.7918452078125 0.8091593125 0.8391102421875001 0.8598038703125 0.8725089125000001 0.8286845859374999 0.88727654375 0.842277925 0.9062024578125 0.8246436625 0.89359845 0.811138446875 0.9537790140625001 0.7529609890625 0.9044133125 0.7000655625000001
0 0.3300061125 0.78710049375 0.334333359375 0.7872767453125 0.377310946875 0.7619608828125 0.34229209531250004 0.6999059203125 0.40833397812500005 0.663620278125 0.4064221734375 0.6548811765625 0.36825231718749996 0.5894499109375 0.2570692265625 0.650963290625 0.267194834375 0.6751941015625 0.3300061125 0.78710049375
0 0.9685035890625 0.7308249890625 0.9561944546875001 0.7443981390625 0.9656474625 0.75452705 0.9801202203124999 0.7410420249999999 0.9685035890625 0.7308249890625
0 0.56327001875 0.512946021875 0.5280854546875 0.5310007171875 0.52172049375 0.5264108546874999 0.45023807656250003 0.5635575546875 0.4645650234375 0.5922901031250001 0.43049374843750005 0.609307490625 0.42931750468749996 0.6125075453125 0.4714368734375 0.691091525 0.5747639906249999 0.6390020546875 0.58199041875 0.6512055875 0.587368 0.652507271875 0.6258924312499999 0.631340646875 0.56327001875 0.512946021875
0 0.0320524234375 0.6417982828125 0.0545501234375 0.6502932015625 0.06284678906249999 0.62573008125 0.0467770015625 0.6196622828125 0.039172843750000005 0.6204352171874999 0.0320524234375 0.6417982828125
0 0.1900168109375 0.6103393296874999 0.1603357359375 0.625370221875 0.17571301718750001 0.65522820625 0.20539409062499997 0.6401973140624999 0.1900168109375 0.6103393296874999
0 1 0.57061574375 0.9987480078125 0.5848158875 0.9803257328124999 0.585148196875 0.9792554984375 0.6219148484375 0.9986021968750001 0.6270334609375 0.999148890625 0.6454608484375 1 0.6162220031250001 1 0.57061574375
0 0.032844434374999995 0.428547675 0.031668190624999995 0.43174772812500006 0.037844284374999995 0.442825825 0.034504415625 0.44593775312500006 0.00369453125 0.462539234375 0.0028581390625 0.4912724671875 0.0032521531249999997 0.5589975203125 0.1273314453125 0.4941074484375 0.123381928125 0.4809547328125 0.0811996015625 0.4045334953125 0.032844434374999995 0.428547675
0 0.6844495609375 0.3684754296875 0.640295728125 0.39699134687500004 0.62687330625 0.4116018046875 0.6125264578125 0.42076134062500004 0.6228409328125 0.43850391875000005 0.6216646890625 0.4417039734375 0.5564842765625 0.4856032828125 0.6012079546875 0.549136178125 0.6940317296875 0.48579236249999996 0.6984219296874999 0.4838058703125 0.7109629843749999 0.499473828125 0.75406648125 0.469832478125 0.6844495609375 0.3684754296875
0 0.25233784375 0.47862857031250006 0.29747905625 0.4534008328125 0.23689435625000002 0.33941981875 0.1851993203125 0.3665459265625 0.1913124609375 0.37978676562499997 0.1802425265625 0.38799711875 0.18438090625 0.3946616 0.18097808437500001 0.3999362734375 0.12272922500000001 0.4289607484375 0.126678740625 0.44211346406249996 0.15447116562500002 0.4919648953125 0.23145707187500003 0.4517943890625 0.23683465468749998 0.4530960734375 0.24288483749999998 0.46849965937500004 0.25233784375 0.47862857031250006
0 0.4731931109375 0.40750766875 0.4544560625 0.41865369843750005 0.4657579171875 0.43968445625 0.484494965625 0.42853842656249996 0.4731931109375 0.40750766875
0 0.5236489468750001 0.38574436093750003 0.5093020984375001 0.394903896875 0.5091761890625001 0.399229384375 0.518566240625 0.41152103906250004 0.5329130890625 0.402361503125 0.5330389984374999 0.398036015625 0.5236489468750001 0.38574436093750003
0 0.4538663140625 0.3644969703125 0.39741999843750003 0.2571804421875 0.366625634375 0.27324864375 0.357971140625 0.27289614375000004 0.3073893953125 0.298984940625 0.29848308281249997 0.307283415625 0.2622481859375 0.3242126765625 0.26415998749999997 0.332951778125 0.293990125 0.3872168234375 0.3533522734375 0.3571550390625 0.36366675000000004 0.3748976171875 0.39000795625 0.362978653125 0.4065614796875 0.3896365828125 0.4538663140625 0.3644969703125
0 0.607732121875 0.2505893640625 0.6127949265625 0.26270476875000004 0.6202102218750001 0.2684200671875 0.6477276703125 0.25330105 0.6015958296874999 0.1637270984375 0.5840979796875 0.1695103296875 0.426786296875 0.25296326874999997 0.47291813749999995 0.3425372203125 0.504825790625 0.3254317078125 0.4945742703125 0.30552638593750003 0.529758834375 0.2874716890625 0.5153059765625 0.26306462812500003 0.5384332265625 0.24993210625 0.5581576546875 0.24207425625 0.56939655625 0.26526775625 0.5747741359375 0.266569440625 0.607732121875 0.2505893640625
0 1 0.26848071562500003 0.9827744765625 0.27777415625 1 0.3096496703125 1 0.26848071562500003
0 0.89492053125 0.01868945625 0.852089115625 0.041845964062500005 0.8396110171875 0.024015262500000002 0.7900796062500001 0.05122949375 0.8126203593750001 0.09545375 0.8179979390625001 0.0967554359375 0.82461471875 0.092694321875 0.8298034359375001 0.1004842390625 0.8380172421875001 0.11597595000000001 0.8291738843750001 0.12211168125 0.856966309375 0.17196311250000001 0.9009312749999999 0.149935428125 0.904334096875 0.14466075625000002 0.894019621875 0.12691817656249998 0.9446643234375 0.0986666359375 0.902273521875 0.018988946875000003 0.89492053125 0.01868945625
0 0.08381405625 0.017049796875000002 0.108455478125 0.063524925 0.1513701109375 0.040371806249999996 0.130277840625 0.0007579343750000001 0.0171556125 0.00009980781250000001 0.015581324999999998 0.054182554687499995 0.08381405625 0.017049796875000002