0 0.9683038484375001 1 0.974983825 0.9861678156250001 0.9324368562500001 0.9661720562499999 0.9163677781249999 1 0.9683038484375001 1
0 0.1051871078125 0.9939311296875 0.12124714218749999 0.9642962984375 0.0550320375 0.929745628125 0.022493959375 0.9920064249999999 0.1051871078125 0.9939311296875
0 0.6130455593749999 1 0.6459052875 0.9424980671875 0.6212606734375 0.9269201406249999 0.6130300109375 0.9367314468749999 0.57550504375 0.9158522890624999 0.5473251609374999 0.9662110703125 0.5720163140625 0.9797895046875 0.5757826046875001 0.98988004375 0.5876399421875 0.9961577531250001 0.5917320046875 0.9922518468750001 0.6063667171875 1 0.6130455593749999 1
0 0 0.9796267578125001 0.005787678125 0.982614990625 0.0381061609375 0.9263508093749999 0.0074630703125 0.9106332687500001 0.0046267171875 0.9035652359374999 0.00881185625 0.89566034375 0 0.8903100546875 0 0.9796267578125001
0 0.8863089171875 0.9711001421875001 0.89458611875 0.9592893437500001 0.9163478406250001 0.9697987296875 0.9340648765624999 0.939202178125 0.91332616875 0.9277163140625 0.9134657859375 0.9217178374999999 0.87594081875 0.9008386796875 0.86138590625 0.9245068156249999 0.8535275531250001 0.9183221843749999 0.8484124765625 0.9232045671875 0.8379496281250001 0.942966796875 0.8863089171875 0.9711001421875001
0 0.560440715625 0.8324777796875 0.504176534375 0.8001592953125 0.44674721249999993 0.903852828125 0.44763061249999997 0.908874828125 0.46441687343750004 0.918268121875 0.45906910312500004 0.9331479671875 0.49264162499999997 0.95193455625 0.5018487625 0.943146265625 0.518635859375 0.9095272062499999 0.5216583671875 0.9085972671875 0.541420596875 0.919060115625 0.5632762328124999 0.8825581640625 0.560393340625 0.8774896265625 0.5416075874999999 0.86804979375 0.560440715625 0.8324777796875
0 0.6531137703125001 0.8906508843750001 0.6146588656249999 0.8667492171875001 0.5908502765625 0.9012051359375001 0.6312581359375 0.927152834375 0.6531137703125001 0.8906508843750001
0 0.9658714343750001 0.9049324125 0.987590196875 0.9172874875 0.9892021765625 0.8480302500000001 0.9871694390625001 0.849412015625 0.951643965625 0.8285793953124999 0.956898659375 0.817698534375 0.930254553125 0.80207406875 0.8979360703125 0.8583382515625001 0.9621051421875 0.8948418734375 0.9658714343750001 0.9049324125
0 0.3861117375 0.8874372046874999 0.389134246875 0.8865072671875 0.45577070624999994 0.77402544375 0.391648171875 0.7355223265624999 0.3239886953125 0.8489806281250001 0.3861117375 0.8874372046874999
0 0.7011963359375 0.80174411875 0.654883078125 0.771657821875 0.6163799609375 0.8357803562499999 0.662739759375 0.8638671609375 0.7011963359375 0.80174411875
0 0.2601005265625 0.71445534375 0.2550319890625 0.7173382328125 0.22164394999999998 0.776578384375 0.24335913437499998 0.7890872640625 0.2381044390625 0.799968125 0.26377206875 0.8145695734375 0.27395568593749997 0.8068042999999999 0.28971893125000003 0.81717406875 0.34700863437499996 0.7194790140625 0.2867920078125 0.6850679609375 0.271121003125 0.713711559375 0.2660059265625 0.71859394375 0.2601005265625 0.71445534375
0 0.9594109140624999 0.752738303125 0.95145948125 0.75055265625 0.9483904359374999 0.7534820859375 0.9337424484374999 0.7811492078125 0.9900104437499999 0.8133037984374999 0.9917099453124999 0.740286271875 0.97191979375 0.73102311875 0.9594109140624999 0.752738303125
0 0.56653310625 0.7856060578124999 0.6041046109375 0.8044857234375 0.6219612625 0.76789069375 0.5557461578125 0.7333400250000001 0.52961230625 0.7817458515625 0.5562564109375 0.797370315625 0.56653310625 0.7856060578124999
0 0.2586594984375 0.6904148953125 0.23299187031250002 0.675813446875 0.2267606984375 0.6856712921875 0.2149033609375 0.6793935828125 0.2087187296875 0.6872519359375 0.192955484375 0.676882165625 0.1743085109375 0.704456209375 0.1545462828125 0.6939933609375 0.14310695625 0.712732575 0.1459898484375 0.7178011125 0.15882366406249998 0.7251018390625 0.1514764 0.7399351453125 0.20862397968750002 0.7772756281250001 0.2595428984375 0.6954368953125 0.2586594984375 0.6904148953125
0 0.7533709625 0.708931446875 0.735608225 0.6985151375 0.7367708562499999 0.691540184375 0.616244525 0.6267170609375 0.5859255343750001 0.6830277812500001 0.725144540625 0.7612897203125 0.7533709625 0.708931446875
0 0.18509796875 0.627685178125 0.1347857234375 0.5975058046874999 0.0879123296875 0.6774381218750001 0.111533928125 0.6939925234375 0.1032101875 0.707802815625 0.1278548015625 0.7233807421875 0.130877309375 0.7224508046875 0.18509796875 0.627685178125
0 0 0.6704121140625 0.03848265 0.6952931 0.09354016875 0.6075489671875001 0.037369065624999996 0.5712314984375 0 0.6307858765625001 0 0.6704121140625
0 0.9790817374999999 0.681175428125 0.9860101531250001 0.684337553125 0.985917075 0.6883365375 0.977546796875 0.7041463203125 0.9923409124999999 0.713177365625 0.9938310156249999 0.64915646875 0.9781983375 0.676153428125 0.9790817374999999 0.681175428125
0 0.3493347328125 0.662516753125 0.3544498125 0.6576343687499999 0.373329478125 0.6200628640625 0.3288760953125 0.5960215796874999 0.3048813515625 0.63847546875 0.3493347328125 0.662516753125
0 0.315949203125 0.5927198406249999 0.2833066203125 0.576955759375 0.26335739999999996 0.617503234375 0.2959999828125 0.633267315625 0.315949203125 0.5927198406249999
0 0.7889454828125 0.5987275125 0.7950835781250001 0.5928686515625 0.8167987609375 0.60537753125 0.8554414906250001 0.5352565203124999 0.8623699078125 0.53841864375 0.8727396781250001 0.5226553984375 0.8786450765625 0.5267939984375001 0.8921769734374999 0.5041023390625 0.8862715734375 0.49996373906249997 0.8977574374999999 0.4792250328125 0.79908590625 0.4209123109375 0.794017365625 0.42379520312499996 0.7710456375 0.465272615625 0.7868088828124999 0.47564238750000004 0.7785316812499999 0.4874531859375 0.8110811859375 0.5072162515625 0.8129876015624999 0.511261775 0.8070822015625 0.507123175 0.802990140625 0.5110290828124999 0.797038203125 0.508889975 0.611412859375 0.40454071875000003 0.5728632046875 0.470662746875 0.5984842953125 0.48726368750000004 0.5922996640625 0.4951220421875 0.61299183125 0.508607396875 0.61801383125 0.5077239984374999 0.62117595625 0.5007955828124999 0.637032278125 0.5071663703125 0.639961709375 0.510235415625 0.63577656875 0.5181403078125 0.6426584453124999 0.523301925 0.6505633359375 0.5274870640625 0.6526559078124999 0.5235346187500001 0.6634902296875 0.5307888046875 0.6643736296875 0.5358108046875001 0.6762309671875 0.5420885140625 0.6803230296875 0.53818260625 0.6921803671875 0.5444603156250001 0.6942729359375 0.54050786875 0.7179876109375 0.5530632890625 0.7347273328124999 0.5644560734375 0.7326347640625 0.568408521875 0.7374240703125 0.5775225828125 0.757279378125 0.583986446875 0.7591392546875 0.5900314625 0.7709965921874999 0.596309171875 0.7751351921875 0.5904037718749999 0.7889454828125 0.5987275125
0 0.0814983484375 0.5232445203125 0.12190620625 0.5491922171875 0.14785390468749998 0.5087843578125 0.105446553125 0.48279012187500003 0.08368399531250001 0.5152930875 0.0814983484375 0.5232445203125
0 0.4144799828125 0.2968513953125 0.4075050296875 0.2956887625 0.3907644703125 0.3273083296875 0.3797905328125 0.326052621875 0.372536346875 0.33688694375 0.3803481609375 0.3450710671875 0.3698853125 0.3648332984375 0.36379375625 0.36869266562499997 0.35960861875 0.3765975578125 0.35263366406249996 0.3754349265625 0.34751858750000003 0.3803173109375 0.3453329390625 0.388268740625 0.349238846875 0.392360803125 0.3450537078125 0.400265696875 0.34003170781250003 0.40114909374999996 0.332824059375 0.40998392499999997 0.340635875 0.41816804999999996 0.32398839375 0.44578863281250003 0.390110421875 0.48433828593749995 0.3952254984375 0.479455903125 0.4725109609375 0.3392138796875 0.4617231796875 0.32996020000000004 0.42517468750000004 0.3101040578125 0.44610038437500005 0.2705795984375 0.43824203281249996 0.2643949671875 0.438335109375 0.2603959828125 0.4654454375 0.21301316875 0.3696567984375 0.1597689875 0.369842953125 0.15177101875000001 0.32441309375 0.126706721875 0.26907634375 0.22644780781249998 0.2610783734375 0.226261653125 0.1879315109375 0.3605982765625 0.23033886093749997 0.3865925125 0.2580059828125 0.4012405 0.2610284921875 0.40031056249999997 0.321573396875 0.2916881078125 0.3177140296875 0.28559655156249997 0.3322689390625 0.261928415625 0.29869641874999997 0.24314182812500001 0.3101822828125 0.222403121875 0.3200866671875 0.22663479843749998 0.326224759375 0.22077593750000002 0.35482181874999996 0.238446434375 0.35161315625 0.24737434062500002 0.36347049375 0.25365205 0.36756255625 0.24974614375 0.3754674484375 0.2539312828125 0.3792337390625 0.2640218203125 0.38713863125 0.2682069609375 0.393230184375 0.2643475921875 0.40308803125 0.2705787625 0.40913304687499996 0.2687188875 0.42494283125 0.2770891640625 0.42587276875 0.2801116734375 0.417549028125 0.293921965625 0.4144799828125 0.2968513953125
0 0.6795825890625 0.3551127125 0.6214119921875 0.31874870624999996 0.5871405546874999 0.37296685625000003 0.6453111515625001 0.40933086249999995 0.6795825890625 0.3551127125
0 0.88272946875 0.32183007343750003 0.8899836546875 0.31099575 0.8998880390625 0.3152274296875 0.9069560703124999 0.3123910765625 0.9267656750000001 0.277842078125 0.964244103125 0.30072072968749997 0.9724747656250001 0.290909421875 0.9794497203124999 0.292072053125 0.9811251140625 0.22009033125 0.9752197140625001 0.21595172968749998 0.9595952484374999 0.2425958359375 0.9181643734374999 0.217624615625 0.9108636484374999 0.2304584296875 0.9057951109375001 0.233341321875 0.8890553890625 0.221948534375 0.8973791296875 0.20813824374999998 0.8926363609375001 0.1970246875 0.8807790234375 0.1907469796875 0.8676659765625001 0.1954432078125 0.847856371875 0.2299922078125 0.841021034375 0.2228310984375 0.861807115625 0.18930511562500002 0.8588776859375 0.1862360703125 0.7364914765624999 0.11536793125 0.6917106515625 0.191347803125 0.6925940515625 0.1963698046875 0.7034749125 0.201624496875 0.697104125 0.21748081875 0.6803178640625 0.208087525 0.6722733578125 0.2099008625 0.6671582796875 0.214783246875 0.666879046875 0.22678020000000002 0.6747839390625 0.230965340625 0.6497661796875 0.2743957078125 0.723746559375 0.31912999375 0.7318376062499999 0.3153171625 0.74369494375 0.321594871875 0.742485775 0.33056931875 0.753320096875 0.3378235046875 0.7594581890625001 0.33196464375 0.763457175 0.332057721875 0.779266959375 0.340428 0.7841493421875 0.3455430765625 0.782056771875 0.3494955234375 0.7908916015624999 0.356703171875 0.859989596875 0.396322378125 0.8839843421875001 0.3538684890625 0.8950978968750001 0.3491257203125 0.9002595140625 0.34224384531249996 0.8984927140625001 0.33219984375 0.88272946875 0.32183007343750003
0 0.6049988765625 0.25034711718749997 0.6205768046875 0.225702503125 0.607789528125 0.21640228593750002 0.5761234203125001 0.20166122187500002 0.5625449875 0.2263523734375 0.6049988765625 0.25034711718749997
0 0.0607895984375 0.166660075 0.1086860078125 0.0857512796875 0.11714936406250001 0.0659425125 0.008586075 0.002855615625 0.007203140625 0.062272053125000004 0.018058148437499998 0.0686375765625 0.0189415484375 0.0736595765625 0.0064384859375 0.09512482343749999 0.0043016859375 0.1869304625 0.0407938390625 0.2092070421875 0.0626029359375 0.1747045828125 0.06469550625 0.1707521375 0.0607895984375 0.166660075
0 0.6977700265625 0.0464471125 0.7009321500000001 0.039518696874999995 0.69800271875 0.03644965 0.6703355984375 0.0218016625 0.6443413625 0.0642090125 0.6412723140625001 0.06713844375 0.6323444078125 0.06392978125 0.6197889890625 0.08764445781249999 0.6858644765624999 0.128193603125 0.7263670859375 0.0641176078125 0.6977700265625 0.0464471125
0 0.36987877187499996 0.0021518921874999998 0.3258170796875 0.082802759375 0.3801283078125 0.11307521250000001 0.41351634531250003 0.053835062499999996 0.4500648359375 0.07369120625 0.47731478125000004 0.020309915625 0.44711652187500006 0.0026012484375 0.36987877187499996 0.0021518921874999998
0 0.5612460828125 0.0672763875 0.571569315625 0.0535126359375 0.5992829765625001 0.0661611296875 0.631648 0.0078974578125 0.62836205 0.0058204 0.5551479359375 0.0041163234375000005 0.53064953125 0.049559353125 0.5612460828125 0.0672763875
0 0.1505598375 0.04871496875 0.17580980156249998 0.00102283125 0.0553544453125 0.00032204218750000004 0.145491296875 0.0515978609375 0.1505598375 0.04871496875
0 0.1933038765625 0.001124609375 0.18199954375 0.0010588421875 0.173345409375 0.015235525 0.2118933921875 0.0351382078125 0.2213332265625 0.0163524546875 0.1933038765625 0.001124609375