0 0 0.4392506421875 0.0151171546875 0.42913323593749997 0 0.4064377078125 0 0.4392506421875
0 0 0.51557289375 0.0484130890625 0.4843232765625 0.050966037500000005 0.4789070921875 0.0462806125 0.47322162343749996 0.057908795312500004 0.4658225734375 0.037034615625 0.431979046875 0 0.45554429531249996 0 0.51557289375
0 0 0.5570375656250001 0.0023870578125 0.5810797125 0.21003949687499998 0.4416059296875 0.1831567796875 0.39912709999999996 0.17428388749999998 0.40314792187500004 0.15758138593749998 0.38019185 0.1127189671875 0.3849041984375 0.0813058 0.40055908906250004 0.0785505109375 0.4039373171875 0.10787710937499999 0.450277859375 0 0.5234232453125001 0 0.5570375656250001
0 0.11900587656249999 0.56236536875 0.10393789375 0.5351191875 0.09589015625 0.5266980828125 0.0031503609375 0.588767596875 0.008046059375000001 0.6380764421875 0.11900587656249999 0.56236536875
0 0.1790769203125 0.5344338140625 0.026680723437499998 0.6389874812499999 0.011176479687500001 0.6488528828125 0.0089349390625 0.6470291265625 0.017162884375 0.72989994375 0.1080148390625 0.669569109375 0.108730928125 0.6664050796875001 0.10424784218750001 0.662757565625 0.11659211249999998 0.652194484375 0.1204681734375 0.6497281328125 0.125355940625 0.6574515578125 0.1465731015625 0.64286765625 0.1428061078125 0.6360561109375 0.15535271875 0.627530984375 0.16003814375 0.633216453125 0.1908442875 0.611447696875 0.2071421046875 0.630327859375 0.2311145578125 0.6123657296875 0.21604657500000002 0.58511955 0.18223689062499998 0.53513149375 0.1790769203125 0.5344338140625
0 0.1377145421875 0.76117305 0.1444549578125 0.7460505765625001 0.18229713281249998 0.722513153125 0.1554144171875 0.6800343234375 0.15021524375 0.6795508390625 0.0688179734375 0.731344190625 0.046884721875 0.7490921234375 0.060022568750000005 0.7672746078125 0.0677746890625 0.76234190625 0.078873334375 0.7807385859375 0.082235646875 0.7834742218749999 0.0924316515625 0.7824032328125 0.11344647187500001 0.7657813765625 0.1260863609375 0.7685721 0.1377145421875 0.76117305
0 0 0.20605145781249998 0.003417 0.24423858906249998 0.050318621875000004 0.2393120421875 0.042831996875 0.16390771875000001 0.03592081875 0.13580474843749998 0 0.13869529375 0 0.20605145781249998
0 0.03946708125 0.051799548437499995 0.046907796875000005 0.05410678906250001 0.0817765515625 0.052503384374999996 0.0818239125 0.0411727625 0.039286834375 0.04564085625 0.03946708125 0.051799548437499995
0 0.062178120312499995 0.0833909234375 0.051982117187499996 0.0844619109375 0.04351390625 0.0925586421875 0.05039350625 0.161849103125 0.06986708593749999 0.160833203125 0.0737273578125 0.1789605984375 0.09503779531249999 0.1756925453125 0.086337125 0.08806049218749999 0.0750203484375 0.088219603125 0.062178120312499995 0.0833909234375
0 0.52038605625 1 0.550200871875 0.9968682515625 0.479255546875 0.8910638750000001 0.4797692953125 0.8858618890625 0.5155722703125 0.8625386640625001 0.48156024375 0.8105126531250001 0.47595639062500006 0.8059532609375 0.44883975468750004 0.8026239671875001 0.43834813281249996 0.7903411515625 0.40433610781249996 0.7383151390625 0.41780115 0.7286639375 0.3635219703125 0.648908265625 0.3452624390625 0.66215189375 0.34739491562499997 0.673253546875 0.30771588125 0.6990431234375001 0.36087428906249996 0.777886915625 0.1427874046875 0.9264064890625001 0.19245648125 1 0.52038605625 1
0 0.102509478125 0.147182534375 0.11130342499999998 0.24613043750000002 0.155045075 0.24050620937499997 0.150811696875 0.177115415625 0.14625112499999998 0.14155830625000002 0.102509478125 0.147182534375
0 0.14970733281249998 0.12448684843749999 0.1619568703125 0.237486234375 0.20773771718749998 0.23164780937499999 0.2002668828125 0.135649740625 0.19752738281249999 0.118434225 0.14970733281249998 0.12448684843749999
0 0.2140705296875 0.50295876875 0.2218068609375 0.5186198140625 0.25897885781249996 0.5713435046875001 0.29070343125 0.548448671875 0.24803664531249997 0.4818876953125 0.2140705296875 0.50295876875
0 0.20457879218750002 0.11682044218750001 0.2145867875 0.22799607187499998 0.25832843437499997 0.22237184375000002 0.25348803593749997 0.15286718593749998 0.248320440625 0.11119621406249999 0.20457879218750002 0.11682044218750001
0 0.2405070265625 0.0636296515625 0.2357441140625 0.0260345875 0.1960808671875 0.03123041875 0.20064143906249998 0.066787528125 0.2405070265625 0.0636296515625
0 0.335923165625 0.6095934671875 0.3056781375 0.5643790015625 0.26436458281249997 0.5944586859375 0.29440727187500004 0.637635196875 0.335923165625 0.6095934671875
0 0.259228690625 0.09096360625 0.2729878921875 0.22954452500000003 0.300618275 0.227671834375 0.30144342812499997 0.215229909375 0.3166362640625 0.21260445 0.30328174531249996 0.0780994390625 0.28584736718750003 0.0789011421875 0.2846175296875 0.087267159375 0.259228690625 0.09096360625
0 0.313898096875 0.48114723281250005 0.344486109375 0.47793426875 0.34562266875000003 0.45825240312500004 0.33732667968749996 0.374696259375 0.2933826921875 0.37828253125 0.30258132187500003 0.4813063421875 0.31287060312500004 0.4915512046875 0.313898096875 0.48114723281250005
0 0.37004571406250003 0.5174632640625 0.3976760953125 0.5155905734374999 0.40133402656249995 0.5316800125000001 0.4165268609375 0.529054553125 0.409149303125 0.444372334375 0.41699469999999994 0.450755484375 0.4220532296875 0.5017043515624999 0.4639580171875 0.498332275 0.4663086265625 0.4908781390625 0.46165477812500005 0.44400517968750003 0.4526886109375 0.43671015156250004 0.44906225624999996 0.379433221875 0.441216859375 0.3730500734375 0.426942453125 0.37454945624999997 0.42143187343750005 0.3813059125 0.4030790671875 0.38323369218750003 0.4006351828125 0.3793719796875 0.3863607765625 0.3808713640625 0.383309871875 0.37089578749999996 0.358839459375 0.373466159375 0.37004571406250003 0.5174632640625
0 0.41995087187499996 0.5842935265625 0.415499365625 0.5394585234375 0.3735945796875 0.5428305984375 0.37712765625 0.588791678125 0.41995087187499996 0.5842935265625
0 0.467443728125 0.6060745890625 0.462478475 0.566441571875 0.422815228125 0.5716374046875 0.42574128125 0.61148461875 0.467443728125 0.6060745890625
0 0.49613172656250004 0.6874887546874999 0.49076178906249995 0.643779828125 0.44090253749999997 0.65004665 0.44607013437500004 0.691717621875 0.49613172656250004 0.6874887546874999
0 0.48275996093750007 0.708455809375 0.4800046703125 0.7118340375 0.48395821874999995 0.74127728125 0.5279022078125 0.7376910078125001 0.523543978125 0.7041718546875 0.48275996093750007 0.708455809375
0 0.511825434375 0.43049841874999994 0.50530315 0.427065103125 0.5004469609375 0.378154190625 0.49239922343750003 0.369733084375 0.4783271578125 0.3732704234375 0.4728165796875 0.38002688125 0.4565029703125 0.3817404625 0.459226684375 0.41954972343749997 0.4683951921875 0.42888270625 0.4716168640625 0.48208372656250004 0.516276940625 0.475333421875 0.511825434375 0.43049841874999994
0 0.5237477765625 0.5713314921875 0.5214129578125 0.5581918859375 0.48878574375 0.5616190484375 0.48603045468749995 0.5649972765625 0.48783573750000003 0.6039326125 0.5238252625 0.6032410859375 0.5237477765625 0.5713314921875
0 0.5361753625000001 0.053164732812500004 0.53281305 0.0504290984375 0.44696427187500004 0.05738744375 0.4486604890625 0.10560067656250001 0.5358323796875 0.1015921625 0.5383853265625 0.09617597812499999 0.5361753625000001 0.053164732812500004
0 0.5883995515625 0.153728346875 0.608605009375 0.128954671875 0.6153296359375 0.13442594218749998 0.6479568484375 0.1309987796875 0.6543858578124999 0.123116246875 0.6510393328124999 0.09978686718749999 0.4702665453125 0.115686428125 0.4758388203125 0.1614333109375 0.5883995515625 0.153728346875
0 0.56280545625 0.42514347656249996 0.556283171875 0.42171016093749997 0.5514269828125 0.3727992484375 0.5456207859375 0.3662019015625 0.5313463796875 0.367701284375 0.5258358015625 0.3744577421875 0.5095221953125 0.37617132343750004 0.512448246875 0.4160185390625 0.51693133125 0.41966605156250003 0.5225968859375001 0.476728784375 0.5674593046874999 0.4720164359375 0.56280545625 0.42514347656249996
0 0.575723715625 0.59676006875 0.5716768906249999 0.556000975 0.5318113046875 0.5591588515625 0.53473735625 0.599006065625 0.575723715625 0.59676006875
0 0.6073678874999999 0.811712278125 0.608270528125 0.831179946875 0.6837209609375 0.8232546328125 0.6908502671875 0.8328018140625 0.7590623265625001 0.8246072140624999 0.7532877078125 0.776822378125 0.5888285265625 0.7910083578125 0.5908519375 0.8113879046875001 0.6073678874999999 0.811712278125
0 0.613785478125 0.419788534375 0.607060853125 0.4143172640625 0.6022046624999999 0.3654063515625 0.5966008078125 0.360846959375 0.5841632609375 0.3600941890625 0.5768158234375 0.3691028 0.560502215625 0.37081638125 0.56342826875 0.410663596875 0.5701528953125 0.41613486875000005 0.5754137671875 0.4691216890625 0.618236984375 0.4646235390625 0.613785478125 0.419788534375
0 0.7212216078125 0.7132663203125 0.7198052203125 0.6990006375 0.71308059375 0.693529365625 0.711866546875 0.6813016390625 0.708504234375 0.6785660015625 0.6697594171875 0.6826357578125 0.666085696875 0.6871400624999999 0.6037889 0.692654115625 0.60691729375 0.734539284375 0.6580996578125 0.7312222984375001 0.6636102375 0.724465840625 0.7168318 0.7209346562500001 0.7212216078125 0.7132663203125
0 0.6096108859375 0.6786577171875 0.7115709296875 0.6679478328124999 0.7179999390625 0.6600653000000001 0.71698823125 0.6498755265625 0.708022065625 0.6425804984375 0.7052825625 0.6253649828125 0.60424095 0.6349487890625001 0.6096108859375 0.6786577171875
0 0.7726191874999999 0.9611501796875 0.7644164734375 0.8889098859375 0.641145990625 0.902887821875 0.6493487046875 0.975128115625 0.7726191874999999 0.9611501796875
0 0.6778603515625 0.08976235625 0.672490415625 0.0460534296875 0.5675727390625 0.0581035875 0.57314501875 0.10385046875 0.6778603515625 0.08976235625
0 0.6722837015625001 0.448650428125 0.6690462421875 0.41604315312500006 0.662321615625 0.4105718828125 0.6552238859374999 0.3598372109375 0.64962003125 0.3552778203125 0.635345625 0.356777203125 0.631874246875 0.36331946249999997 0.6135214390625 0.36524724218750004 0.6164474921875 0.4050944578125 0.6231721171875 0.41056572812500003 0.6286353296875 0.46559050625 0.67054011875 0.46221843125 0.6722837015625001 0.448650428125
0 0.6840037031249999 0.5874455453125 0.6797545375 0.5446484984375 0.64192815 0.5475921765625 0.645258884375 0.5915153015625 0.6840037031249999 0.5874455453125
0 0.662073365625 0.33543684375 0.6645947359375 0.37120815 0.6790714828125 0.3717467203125 0.678760078125 0.3789866609375 0.66764564375 0.381183725 0.669871396875 0.40360122656249997 0.676191340625 0.40499658906249997 0.686915425 0.5130081890625 0.7297386421875001 0.5085100375 0.71009575625 0.3314221765625 0.662073365625 0.33543684375
0 0.7275745875 0.5385958750000001 0.6838329390625 0.544220103125 0.689405215625 0.5899669828125 0.7351860640625001 0.5841285593750001 0.7313415828125 0.5454074203125 0.7275745875 0.5385958750000001
0 0.8991802515625 0.62432158125 0.9964152640625 0.6161636453125 0.9969834234375 0.51850544375 0.8926278468750001 0.5271974375 0.8991802515625 0.62432158125
0 0.93169226875 0.8216793609374999 0.9194570640625 0.822964546875 0.9256363640625 0.8748252921875 0.994949928125 0.8680337218749999 0.995483184375 0.7763747703125 0.9278477859375001 0.782958221875 0.93169226875 0.8216793609374999
0 0.9930967203125001 0.43202993125000005 0.972637265625 0.4334925890625 0.9718279000000001 0.4253407703125 0.8893414359375 0.43503475312499995 0.8947113718749999 0.47874368125 0.97627940625 0.47017577343749994 0.977913925 0.4658856671875 0.99623586875 0.4636470140625 0.9930967203125001 0.43202993125000005
0 0.9017524203124999 0.635057871875 0.9094255984374999 0.7330938953125 0.938176753125 0.73213308125 0.93979548125 0.7484367187500001 0.9344872421874999 0.75723113125 0.9352966078125 0.7653829515624999 0.9431420046874999 0.7717661 0.9955289687500001 0.7685050125 0.9960285593749999 0.68263275 0.97155163125 0.6843543999999999 0.9608576671875 0.670033628125 0.9961209734375001 0.6667480140625 0.99635118125 0.62717854375 0.9017524203124999 0.635057871875
0 0.910856221875 0.5032636109374999 0.91207026875 0.5154913390625 0.919915665625 0.5218744890625 0.9970156140625 0.5129724437500001 0.997243534375 0.4737961125 0.9970877343750001 0.4722269109375 0.9177057 0.4788632421875 0.9149504109375 0.48224147031250003 0.916569140625 0.498545109375 0.910856221875 0.5032636109374999
0 0.905602034375 0.399271546875 0.9000914546875001 0.40602800625 0.9011031609375 0.41621777968749996 0.9067070156250001 0.4207771703125 0.991321659375 0.4141517375 0.98722821875 0.3729231296875 0.9037809625 0.38092995625000003 0.905602034375 0.399271546875