0 0.055013503124999995 0.329809740625 0.0587729015625 0.31521127187500003 0.0604522265625 0.2900701328125 0.027037462499999998 0.2841660953125 0.0193768625 0.3249219859375 0.055013503124999995 0.329809740625
0 0.0635475234375 0.1115345234375 0.0595774046875 0.111047259375 0.0437406890625 0.195301678125 0.0476282828125 0.19622799062500001 0.0489679265625 0.2107098921875 0.074092928125 0.2120966734375 0.0863100203125 0.1470993609375 0.09058085 0.10817091406249998 0.06699395625 0.1040033578125 0.0635475234375 0.1115345234375
0 0.004511603125 0.409410328125 0.0442505546875 0.4194843265625 0.04849466875 0.4131116171875 0.054788321875000004 0.379628153125 0.013083795312499999 0.36920685937500003 0.004511603125 0.409410328125
0 0 0.6189880750000001 0.006488634375000001 0.6203851078125 0.022953659374999998 0.6192242484375 0.0314991359375 0.611576515625 0.032979996875 0.603698053125 0.050521312500000005 0.4887657609375 0.002549846875 0.47927219374999996 0 0.4946818015625 0 0.6189880750000001
0 0.1499488296875 0.1542736140625 0.1546471234375 0.11847323750000001 0.1522540828125 0.1149978703125 0.128667190625 0.11083031406249999 0.12411011406250001 0.1242703265625 0.10525205 0.12195581874999999 0.0919243140625 0.19286197656249998 0.0906152015625 0.2160335 0.13699130625 0.22321015625 0.1499488296875 0.1542736140625
0 0.09892787812500001 0.6418057234375001 0.10707260625 0.5984741828125 0.11333954531249998 0.59754645625 0.1192629828125 0.5660326078125 0.11373647499999999 0.563021103125 0.12484292187499998 0.5039326390625 0.08276818281250001 0.49548095937500003 0.07974921093750001 0.506140196875 0.0715167 0.5067206265624999 0.048620626562500005 0.633934475 0.09892787812500001 0.6418057234375001
0 0.0945272734375 0.3897021515625 0.08595508125 0.429905621875 0.1260642484375 0.43801000468750007 0.133525796875 0.40371538124999995 0.1322434015625 0.3943311671875 0.0945272734375 0.3897021515625
0 0.1199499828125 0.6272048515625 0.140033190625 0.6338058875 0.14678484375 0.6411039187500001 0.1585782890625 0.643187696875 0.1671237671875 0.6355399640625 0.17563870937499998 0.5902388078125 0.1877413015625 0.515046121875 0.1437009859375 0.506247146875 0.1199499828125 0.6272048515625
0 0.196767675 0.44541498593749995 0.20380175781249998 0.4079922921875 0.1664558453125 0.40139366093750006 0.1602194421875 0.43997481250000003 0.196767675 0.44541498593749995
0 0.2489756140625 0.3081175234375 0.2785928078125 0.1505482828125 0.24321246875 0.14429694843750002 0.21598831562499998 0.30534155625000003 0.2489756140625 0.3081175234375
0 0.173020490625 0.636581853125 0.18598182968750002 0.637854471875 0.1943288421875 0.647469415625 0.2100534359375 0.6502477859375 0.2182287 0.6445696703125 0.21933934375000003 0.6386608234375 0.2328082953125 0.5453943015625 0.190363340625 0.5389122375000001 0.173020490625 0.636581853125
0 0.24075074062500001 0.449116275 0.24778482343750002 0.41169358125000005 0.21633563437499997 0.4061368390625 0.2120648046875 0.44506528593750005 0.24075074062500001 0.449116275
0 0.28172627499999997 0.15008441875 0.2521090828125 0.307653659375 0.28669174062499997 0.3127465375 0.29557690000000003 0.265475765625 0.314343359375 0.15483000156249999 0.28172627499999997 0.15008441875
0 0.237456978125 0.6449145609375 0.24224305625000003 0.6518652968749999 0.2599332265625 0.6549909640625 0.266570378125 0.652093621875 0.2713259234375 0.621390934375 0.278333290625 0.6165239765625 0.28092479375 0.60273666875 0.274913571875 0.5914994046875 0.285649803125 0.5343805546875 0.24160948906250002 0.5255815796875 0.22093470312500002 0.640977734375 0.237456978125 0.6449145609375
0 0.2986073265625 0.4654440125 0.30712226875000004 0.42014285625000003 0.266215421875 0.4108800171875 0.25812794375000003 0.4593092453125 0.2986073265625 0.4654440125
0 0.35155569531249997 0.3242073171875 0.381543103125 0.1646684625 0.3461627640625 0.158417128125 0.3150074625 0.31876714375000004 0.35155569531249997 0.3242073171875
0 0.384676571875 0.1642045984375 0.3535212703125 0.3245546140625 0.3838025640625 0.330922515625 0.38645131875 0.32223289374999997 0.4126220765625 0.17219481875 0.384676571875 0.1642045984375
0 0.450212265625 0.4800208421875 0.456876134375 0.4445677640625 0.45448309374999996 0.4410923953125 0.388451246875 0.43044277500000006 0.3741846140625 0.522550840625 0.3969738265625 0.5255599421875 0.40776731093749996 0.473538778125 0.450212265625 0.4800208421875
0 0.370596965625 0.5524423703125 0.34918174999999996 0.67177775625 0.3719709625 0.67478685625 0.37493268281250003 0.6590299328125 0.40638187343750004 0.664586675 0.410141271875 0.64998820625 0.4244651515625 0.562977828125 0.4220721140625 0.559502459375 0.370596965625 0.5524423703125
0 0.43060231406250005 0.2710180828125 0.42114847656250004 0.337521146875 0.45217020156250004 0.3399498171875 0.4580936390625 0.30843596875 0.4801920359375 0.18006366406250002 0.449910740625 0.17369576250000002 0.43060231406250005 0.2710180828125
0 0.5304458578125 0.2530463875 0.5303313562499999 0.24285101406249998 0.48868408125 0.23752740625 0.46889094218749994 0.32662396718750003 0.5109656828125 0.335075646875 0.5144121171875 0.32754448125 0.5281711375 0.3299755546875 0.5286558515625 0.3382013140625 0.5679673390625 0.345147240625 0.58616511875 0.2537337671875 0.544090378125 0.24528208906249999 0.5402737296875 0.25478286875 0.5304458578125 0.2530463875
0 0.4936839 0.5080521109375 0.504420134375 0.45093326093749997 0.4670742203125 0.44433462968750004 0.45713566875 0.5026119359375001 0.4936839 0.5080521109375
0 0.4724137203125 0.67523629375 0.4905542515625 0.5787251343750001 0.44534604062499994 0.57073731875 0.428003190625 0.668406934375 0.4724137203125 0.67523629375
0 0.544559834375 0.49669106718749995 0.5515939171875 0.4592683734375 0.5142480046875 0.4526697421875 0.5080116015625 0.4912508921875 0.544559834375 0.49669106718749995
0 0.5263925890625 0.6257579640625 0.5367586046875 0.5706087296875 0.5025461609375 0.5635462359375001 0.49397396875000005 0.60374970625 0.487336815625 0.6066470484375001 0.47529147343749995 0.6869374203125 0.4874551359375 0.6870515828125 0.4938365734375 0.6963192312500001 0.5095611671875 0.6990976015625 0.515400640625 0.695041803125 0.5209538640625 0.665497571875 0.52992680625 0.660977909375 0.5339991703125 0.6393121390625 0.5263925890625 0.6257579640625
0 0.9990638781250001 0.080450184375 0.9481022703124999 0.071445803125 0.950296346875 0.08302613125 0.9585288593750001 0.0824457015625 0.9590135734375 0.090671459375 0.9845660390625 0.09518631250000001 0.99886658125 0.09740581875 0.9990638781250001 0.080450184375