0 0.15770645625 0.8371981625 0.1730574859375 0.834361215625 0.17901030625 0.8691539421875 0.288299578125 0.856387675 0.2855542859375 0.8222640390624999 0.2956357265625 0.8189988734375 0.2899128984375 0.776872909375 0.034331215625 0.807767421875 0.0380507828125 0.8412595578125 0.041315525 0.8424438500000001 0.04612288125 0.8763266140624999 0.1574742140625 0.8633194734374999 0.15770645625 0.8371981625
0 0.04071100625 0.1504967890625 0.043230803125 0.154377515625 0.0682044125 0.1535478390625 0.069123259375 0.13360893125 0.059053062499999996 0.0429337296875 0.02076805625 0.0474058671875 0.0310884265625 0.1484895171875 0.04071100625 0.1504967890625
0 0.15180086406249998 0.4078559046875 0.14469920625 0.4003353234375 0.15203198125 0.3911286328125 0.1460814109375 0.33754783125 0.12614852031249998 0.336744925 0.11675593437500001 0.3274044171875 0.10850768749999999 0.328367909375 0.0963630609375 0.3412679828125 0.103229103125 0.40309198281249997 0.1217876578125 0.4009241265625 0.121786534375 0.4103181625 0.1084975671875 0.4129142375 0.1160513375 0.47152659999999996 0.15820917031249998 0.46555830625 0.15180086406249998 0.4078559046875
0 0.07709610312500001 0.0408260921875 0.08470203125 0.1422268203125 0.10028192968750001 0.141450671875 0.111736578125 0.15055030625000002 0.12204688749999999 0.149345940625 0.12662987187500002 0.14359176093749998 0.12022606250000001 0.0483132140625 0.118357959375 0.0360062234375 0.07709610312500001 0.0408260921875
0 0.174471175 0.508540703125 0.1657640671875 0.5147766328125 0.185675590625 0.69406623125 0.237227134375 0.6880444078125 0.2152535484375 0.5089956812499999 0.174471175 0.508540703125
0 0.15158211562499999 0.321248778125 0.15501401406249998 0.3615548125 0.162113421875 0.3878634671875 0.165317575 0.4167146671875 0.15936025781250002 0.4194980859375 0.1641664890625 0.4627748859375 0.213427103125 0.45493313437499994 0.198090690625 0.3356476078125 0.186637165625 0.3171539359375 0.15158211562499999 0.321248778125
0 0.13396866406250002 0.0341827109375 0.1428974984375 0.139603975 0.15435327031249998 0.13930957500000002 0.1614549296875 0.14683015625 0.18001348281250001 0.1446622984375 0.18436760000000002 0.13684731562500002 0.18345437656250002 0.10981604375000001 0.1745285203125 0.029444843749999998 0.13396866406250002 0.0341827109375
0 0.237962090625 0.290283240625 0.21092641875 0.29135378749999996 0.21252737187499998 0.3151734234375 0.2065700546875 0.3179568421875 0.22602159375 0.511912915625 0.26840829374999997 0.5080054203125 0.2693271390625 0.48806651093750003 0.25010221875 0.3149593109375 0.24162510468749998 0.3138620015625 0.237962090625 0.290283240625
0 0.271154709375 0.5327350203125001 0.23197553593750003 0.5373116062500001 0.2415846234375 0.652047315625 0.2869499828125 0.6467481109375 0.2745911046875 0.5354649109375 0.271154709375 0.5327350203125001
0 0.287858709375 0.711355528125 0.282823609375 0.6660179281249999 0.24456103437499999 0.669443678125 0.24867953593749997 0.7159321140625 0.287858709375 0.711355528125
0 0.3385105234375 0.56557399375 0.3488107109375 0.6489159546875001 0.40150772031250004 0.6438040953125 0.3967037390625 0.581739221875 0.3930407265625 0.558160459375 0.3385105234375 0.56557399375
0 0.4667891015625 0.7802183453125 0.47274641875 0.7774349234375 0.4738930078125 0.768950853125 0.472977534375 0.760707653125 0.46610474531249996 0.755247871875 0.46107189687499994 0.691122196875 0.453511378125 0.6888740546875 0.418456328125 0.69296889375 0.41753748125 0.712907803125 0.42714769375 0.8182494765625 0.442727590625 0.8174733296875001 0.451891309375 0.8247530359375 0.46220161875 0.823548671875 0.46861779531250003 0.815492815625 0.4667891015625 0.7802183453125
0 0.3976259578125 0.5336182046875 0.4977503890625 0.5229662640625 0.49180319062500005 0.44120335468749994 0.4860814890625 0.38968335625 0.4507975703125 0.39171739687499996 0.43981415 0.274010925 0.372682709375 0.280808896875 0.3976259578125 0.5336182046875
0 0.55178911875 0.793252225 0.5435521171875 0.700275353125 0.535541734375 0.6281473531249999 0.5158377125 0.6294052453125001 0.5144622562500001 0.6358285203125 0.4938416375 0.6382372484375 0.5027663703125 0.7280024843749999 0.49474699062500005 0.7310267765625 0.5025285046875 0.8010939765625 0.5171918078125 0.801468665625 0.5199393484375 0.8168042281250001 0.5446840890625 0.813913753125 0.5435408734375 0.794215715625 0.55178911875 0.793252225
0 0.6737941000000001 0 0.4409009390625 0.0262731609375 0.44845358593749995 0.094279559375 0.459909359375 0.093985159375 0.46288689375000003 0.1019874875 0.48144545 0.0998196296875 0.48625730312500004 0.096126246875 0.4862584265625 0.0867322109375 0.5011505953125 0.0891677 0.5041281296875 0.0971700265625 0.524519878125 0.09270049687500001 0.52566646875 0.0842164234375 0.5401009015625 0.08253031250000001 0.543307303125 0.0925934390625 0.5657611124999999 0.08788303750000001 0.567136571875 0.081459765625 0.581571003125 0.0797736546875 0.5845485375 0.08777598125 0.60516915625 0.0853672515625 0.6060868765625 0.074822378125 0.618459246875 0.073377140625 0.6237277109375 0.08319939374999999 0.6443483296875 0.08079066406249999 0.64549491875 0.07230659218749999 0.65992935 0.07062048125 0.6651978125 0.0804427359375 0.6734460609374999 0.07947924375 0.683527503125 0.076214078125 0.6846740921875 0.06773000625 0.699108521875 0.0660438953125 0.7023149265625 0.076107021875 0.7114797703125 0.07399269375 0.7022607578125 0 0.6737941000000001 0
0 0.6045292015625 0.27709228124999996 0.58070105625 0.278831921875 0.5738282671875 0.273372140625 0.5637468250000001 0.27663730468750003 0.559163840625 0.2823914875 0.5641989390625 0.32772908749999996 0.5582416218749999 0.33051250625 0.5673974703125 0.40355046874999995 0.6054311796875 0.3980639203125 0.6008538171875 0.3568479203125 0.61139524375 0.33891628281249997 0.6045292015625 0.27709228124999996
0 0.6019604453125 0.682209115625 0.612944990625 0.79052155 0.6528118921875 0.782733328125 0.64732355625 0.69569798125 0.6443471453125 0.6783016187500001 0.6019604453125 0.682209115625
0 0.751488353125 0.79666006875 0.7556136 0.7867842859375 0.7498918984375 0.7352642859375 0.7537871546875 0.732721740625 0.7501275125 0.6809608671875 0.7464644984375 0.6573821046874999 0.65573378125 0.6679805156249999 0.662365334375 0.7747138984374999 0.7036065687499999 0.7698964375 0.6981137359375 0.7204372390625 0.7052165171875 0.7185637828125 0.7120881828125001 0.7334175984375 0.7040688046875 0.736441890625 0.71024824375 0.7920834921875 0.7322431921875 0.792645525 0.7370539203125 0.7983461796875 0.751488353125 0.79666006875
0 0.7262028703125 0.313621071875 0.7278049484375 0.32804667187500003 0.7218476296875 0.3308300921875 0.7277982 0.384410890625 0.7504808796875 0.3817612890625 0.7358333218750001 0.24987009062499999 0.714067240625 0.25136885468750003 0.7197878171875 0.3122828921875 0.7262028703125 0.313621071875
0 0.76329749375 0.4971660875 0.7580335265625 0.44976768749999996 0.73832950625 0.45102558125 0.742676875 0.4995748171875 0.76329749375 0.4971660875
0 0.7939658171875 0.7733132859375 0.785955434375 0.7011852859375 0.768313475 0.7022023078124999 0.7733452 0.775722015625 0.7939658171875 0.7733132859375
0 0.7841244890625 0.6846988875 0.7806914671875 0.6537868859375 0.7651115703125 0.6545630359375 0.769690059375 0.6863849984375 0.7841244890625 0.6846988875
0 0.648542096875 0.5627112109375 0.6552322671875 0.6084880015625 0.69418205 0.61196478125 0.6873173796875001 0.5501531468749999 0.6395883671875 0.5544258328125 0.648542096875 0.5627112109375