0 0.9834176593749999 0.3400877234375 0.9404910859375001 0.3451087046875 0.9525751765624999 0.44359603124999997 0.995618878125 0.43952965624999996 0.9834176593749999 0.3400877234375
0 1 0.63102509375 0.9727025109375 0.6336039109375 0.9735467203124999 0.6664511640625 0.9833168375 0.7460792140625 1 0.74524765 1 0.63102509375
0 0.9544558609375 0.12135550937499999 0.9562927328124999 0.11901510781249999 0.9496079156249999 0.0645327578125 0.9032832656249999 0.0678256515625 0.9028419328125 0.09019552812500001 0.9081312109375 0.124648403125 0.9544558609375 0.12135550937499999
0 0.9051187953125 0.1260635296875 0.8957528984375 0.0410743265625 0.850603790625 0.0452924984375 0.85567173125 0.1212194515625 0.8578757078124999 0.130526625 0.9051187953125 0.1260635296875
0 0.98889899375 0.8261971171875 0.9815886234375 0.8185499953125 0.9792746484375 0.79969071875 0.9866221328125 0.790329115625 0.9773662328125001 0.7148920140625 0.932217125 0.7191101843750001 0.9307473609375 0.7330981609375 0.951573134375 0.9028316390625 0.9946282625 0.8988583953125 0.98889899375 0.8261971171875
0 0.9239565687500001 0.48732887187499996 0.9314127093750001 0.548097646875 0.9086360453125 0.552887309375 0.9152108640625001 0.5978175578125 0.9601028625 0.5915039140625 0.947651665625 0.4813690109375 0.928805853125 0.48357334375 0.9239565687500001 0.48732887187499996
0 0.9212714656250001 0.6385568562499999 0.9271849578125 0.686752784375 0.9707543015625 0.6869704890625 0.9652450296874999 0.6334134140625001 0.9212714656250001 0.6385568562499999
0 0.8870760593749999 0.359858678125 0.898388825 0.4520595796875 0.9417010625 0.4501818125 0.9297640812499999 0.3442378609375 0.9181186421875 0.3445372140625 0.915216225 0.355504440625 0.8870760593749999 0.359858678125
0 0.8597112390625 0.18876450312499998 0.8431463078125001 0.045101999999999996 0.7940663515625 0.051905496875 0.8053420046875001 0.1611151234375 0.8106312812500001 0.1955679984375 0.8597112390625 0.18876450312499998
0 0.9085247078125 0.6039134859375 0.891445559375 0.456060034375 0.8358265578124999 0.4615028328125 0.84658799375 0.5665215109374999 0.852905703125 0.6093562859375 0.9085247078125 0.6039134859375
0 0.9434543265625001 0.9059068171875 0.9209759046875 0.7140483890625 0.871895946875 0.720851884375 0.8908477375 0.9099344890625 0.8922803890625 0.9129552390625 0.9434543265625001 0.9059068171875
0 0.8647340265624999 0.64516985625 0.871565953125 0.69219558125 0.91855193125 0.6856370125 0.9119771140624999 0.6407067625 0.8647340265624999 0.64516985625
0 0.8315299406250001 0.3918623046875 0.8378476499999999 0.43469707968750004 0.8824825421875 0.426287959375 0.876421940625 0.385548659375 0.8315299406250001 0.3918623046875
0 0.6879280375 0.3640224390625 0.6776052515625001 0.3577904421875 0.624080228125 0.362988315625 0.6292223953125 0.40489781562499993 0.636789871875 0.4146404125 0.649865284375 0.5385183671875 0.7054842875 0.5330755671875 0.6879280375 0.3640224390625
0 0.729909578125 0.7321456953125 0.692217953125 0.7365543625 0.6888384328125 0.7263219125 0.671425271875 0.7315469953125 0.6852720078125001 0.8617113734374999 0.6937565828125 0.93086205 0.7493755859375 0.92541925 0.7508453515625 0.911431275 0.729909578125 0.7321456953125
0 0.6720879375 0.667703040625 0.6768629984375 0.697964965625 0.7217549984375 0.691651321875 0.7169799375 0.661389396875 0.6720879375 0.667703040625
0 0.7079069203125 0.622065221875 0.71275620625 0.61830969375 0.7061813875 0.5733794453125001 0.6571014296875 0.5801829421875 0.6639333578125 0.6272086671875 0.7079069203125 0.622065221875
0 0 0.267121875 0.1861483703125 0.24735624375 0.182181746875 0.20637201875 0.1588908671875 0.20697072656249998 0.15261026875 0.147127225 0.301539903125 0.13183296093750002 0.30704917656249997 0.1853900375 0.32468233125 0.19926915625 0.372843853125 0.193635859375 0.37545205 0.197581884375 0.45528036875 0.190370175 0.48669005781249997 0.1866962859375 0.48801271249999995 0.1801649359375 0.54455015 0.1735519359375 0.5507220890625 0.1632650578125 0.5440372734375 0.1087827046875 0.546535471875 0.10317662968750001 0.64194008125 0.0930802390625 0.63293615625 0.0036823140625 0.4694186921875 0.0027309984375 0 0.0576373671875 0 0.1637899171875 0.0027622015625 0.163591690625 0.0097041265625 0.220169515625 0.007463035937499999 0.2278710671875 0 0.228416371875 0 0.267121875
0 0.623849509375 0.828510346875 0.618338896875 0.83553155 0.6275576843749999 0.927977378125 0.6297616609375 0.937284553125 0.683029578125 0.9299912046875001 0.661065371875 0.742323725 0.61407939375 0.7488822953125001 0.623849509375 0.828510346875
0 0.646153090625 0.620786175 0.6362729765624999 0.531606021875 0.59112386875 0.535824190625 0.5917109703125 0.5665759671874999 0.598910003125 0.62524926875 0.646153090625 0.620786175
0 0.6416324578125 0.71377628125 0.6379229421875 0.6748875296875 0.6076887984375 0.67948669375 0.6099656609374999 0.7153546953125 0.6113983140625 0.7183754437500001 0.6416324578125 0.71377628125
0 0.5235321125 0.391753484375 0.5338164453124999 0.4755724859375 0.5496498421875 0.47478327968749995 0.553286471875 0.4871112046875 0.58260218125 0.483682240625 0.5737876125 0.3858752640625 0.5235321125 0.391753484375
0 0.5596359343749999 0.75525036875 0.5659536453125 0.7980851437500001 0.6120211875 0.7926967734375 0.61323384375 0.7766133234375 0.60474926875 0.707462646875 0.557249075 0.7098302671875001 0.5596359343749999 0.75525036875
0 0.594574934375 0.633195746875 0.5906083109375 0.592211521875 0.551741140625 0.5956949109375 0.5533566765625 0.6348285875 0.554789328125 0.6378493390625 0.594574934375 0.633195746875
0 0.48161273437499996 0.5348172875 0.5330437796874999 0.529864340625 0.5175443953125 0.37757501250000003 0.46611335 0.382527959375 0.46824310156250004 0.42585258593750003 0.476067690625 0.43769065781250005 0.48120985625 0.4796001578125 0.47595635156249994 0.4887168359375 0.48161273437499996 0.5348172875
0 0.5753182015625 0.943652625 0.5644467671875 0.8290818468750001 0.5567321781250001 0.8267958765625 0.522310075 0.8318848890625 0.5364510328125001 0.94713601875 0.5753182015625 0.943652625
0 0.49248550937499996 0.5888097875 0.498656109375 0.6391011875 0.5375232796875 0.6356177953125 0.5301771343749999 0.5844011203125 0.49248550937499996 0.5888097875
0 0.44377265781249997 0.607260859375 0.44983325937499996 0.648000159375 0.4926312796875 0.641931440625 0.4865706765625 0.601192140625 0.44377265781249997 0.607260859375
0 0.47485369374999997 0.5143523890624999 0.4592800828125 0.3960805125 0.41648206249999997 0.40214923125 0.425186634375 0.4904041078125 0.42970458593750005 0.5185705578124999 0.47485369374999997 0.5143523890624999
0 0.46599263124999996 0.8576020906249999 0.47704828906249996 0.94770751875 0.5221973953125 0.9434893484375 0.5099661953125 0.852458646875 0.46599263124999996 0.8576020906249999
0 0.44542396562500003 0.6899640890625001 0.4540927625 0.7346494125 0.49453969531249997 0.7267301453125 0.48796487656250004 0.6817998953125 0.44542396562500003 0.6899640890625001
0 0.3633612578125 0.40198595312499996 0.375959565625 0.5046642296875 0.42110867343749997 0.5004460609375 0.40942880156249994 0.396597584375 0.3633612578125 0.40198595312499996
0 0.38646389375 0.6075874328124999 0.3930387125 0.652517684375 0.43793071250000004 0.6462040375 0.4313558921875 0.6012737875 0.38646389375 0.6075874328124999
0 0.41235760781249997 0.8532478640625 0.422641940625 0.9370668656250001 0.4677910484375 0.9328486953124999 0.45842515156249997 0.8478594921875 0.41235760781249997 0.8532478640625
0 0.393074484375 0.6960872359375 0.39939219531250003 0.7389220109375 0.444541303125 0.7347038421875001 0.43796648437499996 0.689773590625 0.393074484375 0.6960872359375
0 0.386095446875 0.6565181359375 0.3764724421875 0.5694334609375 0.331323334375 0.573651628125 0.3371626 0.65586500625 0.3391094703125 0.6630767078125 0.386095446875 0.6565181359375
0 0.36942051875000004 0.50330353125 0.35616088437500004 0.40389093125000003 0.3089177984375 0.40835402812500005 0.31556550156249996 0.47984510468749997 0.3203405625 0.5101070296875 0.36942051875000004 0.50330353125
0 0.392191821875 0.7408269890625 0.3870496546875 0.6989174874999999 0.383523025 0.696141665625 0.3409821125 0.704305859375 0.3472998234375 0.7471406328125 0.392191821875 0.7408269890625
0 0.41426602343749996 0.9380465687499999 0.40306325625 0.8553977671874999 0.3602652359375 0.8614664859375001 0.3656273984375 0.9224801875 0.36937402656249996 0.9443602125 0.41426602343749996 0.9380465687499999
0 0.3221389796875 0.5853536328125 0.3053540546875 0.42258692968749995 0.2604620546875 0.42890057343750004 0.2750430046875 0.582360103125 0.279340959375 0.5914223515625 0.3221389796875 0.5853536328125
0 0.3607410015625 0.9432444421874999 0.34638004843750003 0.8088891125 0.303582028125 0.8149578328124999 0.3099726234375 0.8843534343749999 0.317685871875 0.9472176843750001 0.3607410015625 0.9432444421874999
0 0.227027253125 0.641115053125 0.2312880953125 0.6671860281249999 0.2782740734375 0.6606274578125 0.274564559375 0.62173870625 0.2473428296875 0.6249227421875 0.24679150156250002 0.63774051875 0.227027253125 0.641115053125
0 0.21211497031249998 0.5195775 0.22317062812500002 0.6096829265625 0.2685768421875 0.6075602328125 0.2605336 0.5160396796875 0.21211497031249998 0.5195775
0 0.15418333125 0.4455827453125 0.165496096875 0.537783646875 0.187868540625 0.5383551390625 0.1891911953125 0.5318237875 0.2086983359375 0.5263537781250001 0.1981568953125 0.4404393015625 0.15418333125 0.4455827453125
0 0.2424524109375 0.8274218328125 0.23334362187500002 0.74452810625 0.2277230109375 0.741997209375 0.1870189703125 0.747821003125 0.197303303125 0.831640003125 0.2424524109375 0.8274218328125
0 0.1726209046875 0.6304744015625 0.178938615625 0.673309175 0.22383061406250002 0.6669955296875 0.217512903125 0.6241607546875 0.1726209046875 0.6304744015625
0 0.1064246875 0.5064331703125 0.1118239625 0.5504381453125 0.15513619843749998 0.5485603765625 0.155320421875 0.524095025 0.1456603046875 0.454019075 0.102862284375 0.46008779375 0.1064246875 0.5064331703125
0 0.186760521875 0.8063038062500001 0.17662329999999998 0.7150281796875 0.1314741921875 0.7192463484375 0.129233103125 0.7269479 0.1395174359375 0.8107669015625 0.186760521875 0.8063038062500001
0 0.1500588765625 0.896681378125 0.158066346875 0.9446323765625 0.19902749687500002 0.940904059375 0.1919384609375 0.891782859375 0.1500588765625 0.896681378125
0 0.1418314109375 0.8296261765624999 0.14583514687500002 0.8536016765625 0.18863316562500002 0.8475329593750001 0.18462943125 0.8235574578125 0.1418314109375 0.8296261765624999
0 0.11729478125 0.6815822265625 0.11127129375 0.6238342 0.0724041234375 0.6273175921874999 0.076737853125 0.6799493937500001 0.0784276125 0.68506561875 0.11729478125 0.6815822265625
0 0.087645059375 0.8380897265625 0.0890777109375 0.841110475 0.133969709375 0.8347968296875001 0.12217984062500001 0.721396253125 0.11865320937499998 0.7186204296875001 0.07794916874999999 0.724444221875 0.087645059375 0.8380897265625
0 0.0663833140625 0.44841300625 0.051725459375000005 0.4501274890625 0.047390390625 0.45807396562499997 0.0607600234375 0.56703866875 0.1014640640625 0.5612148734375 0.089269975 0.4531754484375 0.0734365765625 0.45396465625 0.0663833140625 0.44841300625
0 0.0153524671875 0.6297396421875 0.0222943921875 0.6863174671875 0.06534952031249999 0.682344225 0.06167711875 0.626446746875 0.0153524671875 0.6297396421875
0 0.0984422671875 0.9866779546875 0.0890763703125 0.9016887546874999 0.05230318125 0.9049272203125 0.0463518109375 0.9083561796874999 0.056437265625 0.990554290625 0.0984422671875 0.9866779546875
0 0.07295143125 0.796234653125 0.067479271875 0.7256688515625 0.026518123437500003 0.72939716875 0.025881090625 0.741516453125 0.03304056875 0.799867375 0.07295143125 0.796234653125
0 0 0.5121546015625 0.005839459375 0.552207065625 0.0447066296875 0.5487236734375001 0.034055190624999995 0.4532570953125 0 0.45897952656249996 0 0.5121546015625