0 0.0024310499999999997 0.9653200343749999 0.0028335390625000003 0.9998993328125 0.0329768953125 0.9995485828125 0.0334182921875 0.96492658125 0.0024310499999999997 0.9653200343749999
0 0.034374734375 0.9552835359375 0.0350079703125 0.9178725890624999 0.0316414015625 0.9040818625 0.0017399921874999998 0.905948775 0.0023191609375 0.9557072984375001 0.034374734375 0.9552835359375
0 0.0016786640625000003 0.9006799921875001 0.031591675 0.8998098765625 0.032075739062500004 0.8495829703125001 0.001088496875 0.849976425 0.0016786640625000003 0.9006799921875001
0 0.000928415625 0.8362234187500001 0.0201625953125 0.8360408484375 0.0207212453125 0.792221921875 0.00041849687500000005 0.792414475 0.000928415625 0.8362234187500001
0 0 0.6416038281249999 0.029639253124999997 0.6402556796875001 0.028246976562499998 0.520640084375 0 0.52069851875 0 0.6416038281249999
0 0 0.4965718578125 0.0162095203125 0.496417996875 0.017016790625 0.473958996875 0.023376996875 0.46950055781250005 0.02531474375 0.45235046562500003 0.0134761859375 0.445216321875 0 0.44617011875 0 0.4965718578125
0 0 0.4282125375 0.015413934374999999 0.42806622968749997 0.016246067187499998 0.407743221875 0.020469629687499998 0.403346934375 0.0224322375 0.38833283281250003 0.0127054625 0.3790005453125 0 0.3793701234375 0 0.4282125375
0 0 0.3557263421875 0.0060220484375 0.355691078125 0.0079846578125 0.3406769796875 0.019748628125 0.34140314374999997 0.019375696875 0.309363253125 0 0.31027922812500003 0 0.3557263421875
0 0 0.2875157765625 0.0009531734375 0.2874636109375 0.00291578125 0.2724495125 0.01789715 0.274150446875 0.018580109375 0.2410114828125 0 0.241889846875 0 0.2875157765625
0 0 0.22119657187500003 0.0023190921875 0.22118568593750002 0.0010891671875 0.2073328078125 0.016020809375 0.2047617578125 0.015672740625 0.174857859375 0 0.175609534375 0 0.22119657187500003
0 0 0.1512202359375 0.00139919375 0.1421539515625 0.015274946875 0.140681975 0.014976600000000001 0.1150500609375 0.01170948125 0.10980330468749999 0 0.1101439125 0 0.1512202359375
0 0 0.076093625 0.00057874375 0.071666190625 0.014454496875 0.07019421406250001 0.014156153125000001 0.044562298437499995 0.01088903125 0.0393155453125 0 0.0400680671875 0 0.076093625
0 0.3289272265625 0.1860446640625 0.3295853234375 0.15076970625 0.32624361562500004 0.139114971875 0.2130263640625 0.1445449703125 0.21224395624999998 0.1691399640625 0.20158559999999998 0.1715867109375 0.201784496875 0.188674653125 0.3289272265625 0.1860446640625
0 0.20512620468749998 0.20032938437499997 0.20675392499999998 0.2483581484375 0.310343846875 0.2421398328125 0.310902496875 0.19832090625 0.307635375 0.19307415156250002 0.20512620468749998 0.20032938437499997
0 0.215970278125 0.1220238203125 0.217249928125 0.14014868281249998 0.27064115625 0.1364589140625 0.270566571875 0.1300509359375 0.33039259374999996 0.1283107078125 0.33891430625 0.12592610937499998 0.339920471875 0.12055505156249999 0.33630528125 0.0854043984375 0.212429675 0.09328114374999999 0.20285207187499998 0.09676481249999999 0.205262196875 0.1201985828125 0.215970278125 0.1220238203125
0 0.3690627578125 0.0534691609375 0.368888721875 0.038517210937500004 0.331485028125 0.038536859374999996 0.3291992125 0.025783053125 0.29287627031249996 0.0268396203125 0.28659065 0.0377060375 0.276963321875 0.0369177203125 0.275783121875 0.027336828125 0.2117086734375 0.0313373515625 0.2108268171875 0.047388374999999996 0.20230510625 0.0497729703125 0.2026283125 0.077540878125 0.3553859015625 0.07202908125 0.35626775781250003 0.055978059375 0.3690627578125 0.0534691609375
0 0.2143368640625 0.89983594375 0.21488383125000002 0.946827784375 0.33345512187500004 0.9423104062500001 0.33393918437500003 0.8920835015625 0.21750453749999998 0.8965387281250001 0.2143368640625 0.89983594375
0 0.22685838125000002 0.8738311234375 0.22811316874999998 0.8898199953124999 0.277255971875 0.888390521875 0.28359131875 0.8817960890625001 0.3519390515625 0.8776712640625 0.35254742499999997 0.8381243218750001 0.216907846875 0.8452749015625001 0.21615030000000002 0.8720058875 0.22685838125000002 0.8738311234375
0 0.211724846875 0.49179917343749996 0.21204805312500002 0.5195670796875 0.3413025625 0.5147389437500001 0.3417866265625 0.464512040625 0.2210786921875 0.46909157031250004 0.222383203125 0.48935242656250005 0.211724846875 0.49179917343749996
0 0.2131156265625 0.42765723906249997 0.21135191562500003 0.4597592828125 0.31926485 0.45768865 0.3198235 0.4138697234375 0.2247304265625 0.41556745 0.22271809375 0.4263095625 0.2131156265625 0.42765723906249997
0 0.25976401875 0.996909675 0.261381065625 0.993551375 0.274200928125 0.99317846875 0.27543753125000003 0.9967272968750001 0.3252765765625 0.9961473671875 0.3298033875 0.9958345281250001 0.3303371734375 0.9498796078125 0.22031245625 0.9541483828124999 0.21981036562499998 0.9973745781250001 0.25976401875 0.996909675
0 0.3207053546875 0.3978187015625 0.3212888671875 0.3561357671875 0.22192250468750002 0.3579577953125 0.218754834375 0.361255009375 0.21895372968750001 0.378342953125 0.23182331562499997 0.38224203125 0.23310296562500002 0.40036689531249997 0.3207053546875 0.3978187015625
0 0.3200209 0.2472001359375 0.21856761875 0.2533563 0.2175863140625 0.2608633484375 0.21984726875 0.27148116093749997 0.225201309375 0.27239378125 0.2284684296875 0.2776405359375 0.2296983546875 0.2914934125 0.306617528125 0.2892559765625 0.3183317734375 0.28571015625 0.3200209 0.2472001359375
0 0.22906512031249998 0.3289043640625 0.23034477031249997 0.3470292265625 0.320058940625 0.3422828890625 0.3206673140625 0.30273594843749996 0.22132581562500003 0.30669396875 0.22046882031249998 0.32488097968749996 0.22906512031249998 0.3289043640625
0 0.2973685359375 0 0.22037746249999998 0.0022395296875 0.221236553125 0.0235817 0.27146010781249996 0.0231891453125 0.35260284375 0.0165554203125 0.352944034375 0 0.2973685359375 0
0 0.23752842031250002 0.7805736078125001 0.2370194953125 0.828664521875 0.3555907859375 0.8241471421875 0.35647264375 0.8080961203125 0.36926764375 0.805587221875 0.369043884375 0.7863632875000001 0.357304775 0.7877731125 0.355018959375 0.7750193078125001 0.23752842031250002 0.7805736078125001
0 0.2373528875 0.581864128125 0.2368439625 0.6299550421875 0.34257053125 0.6236745765625 0.34337780156250003 0.6012155781249999 0.3398869203125 0.5767448875000001 0.2373528875 0.581864128125
0 0.236706471875 0.52632831875 0.23830933124999998 0.5722210859375 0.3440358984375 0.5659406203125 0.3446442703125 0.5263936796875 0.3413522890625 0.51901093125 0.236706471875 0.52632831875
0 0.3771384484375 0.1963942234375 0.38087795 0.2422248421875 0.4449524 0.23822431718749998 0.4459585640625 0.23285326093749997 0.44226878750000004 0.191294628125 0.3771384484375 0.1963942234375
0 0.396131303125 0.0836641671875 0.3977092984375 0.12742094375 0.44363470781250003 0.1250167015625 0.44441711406250006 0.10042170937499999 0.44097595937499995 0.080223003125 0.396131303125 0.0836641671875
0 0.39459710625 0 0.39538544062500003 0.019584384375 0.44023009531249996 0.0161432203125 0.4412114015625 0.0086361703125 0.44014757187500003 0 0.39459710625 0
0 0.44211961562499996 0.178478671875 0.4427279890625 0.1389317296875 0.398939225 0.14127382187499998 0.4004674953125 0.1807586140625 0.44211961562499996 0.178478671875
0 0.4054764609375 0.519282390625 0.40705445625000003 0.5630391671874999 0.45084321875000005 0.560697075 0.451575903125 0.5318300984375 0.448209334375 0.5180393703124999 0.4054764609375 0.519282390625
0 0.44720166875 0.33965290000000004 0.4467044265625 0.29693304375 0.401859775 0.3003742078125 0.40554955000000004 0.341932840625 0.44720166875 0.33965290000000004
0 0.4444186109375 0.28417923749999996 0.44394623125 0.2435953765625 0.40121335937499997 0.244838396875 0.40279135312500003 0.288595171875 0.4444186109375 0.28417923749999996
0 0.456609728125 0.87248986875 0.45719323906250003 0.8308069359375001 0.41124297031249996 0.8310751859375 0.410659459375 0.872758121875 0.456609728125 0.87248986875
0 0.406419725 0.41669258749999993 0.4058362125 0.458375521875 0.4496498390625 0.4581694234375 0.450332796875 0.425030459375 0.446991090625 0.413375725 0.406419725 0.41669258749999993
0 0.44460582656250003 0.39207795 0.44521419843750004 0.35253100625 0.40567385937499995 0.35261280625 0.40506548750000004 0.392159746875 0.44460582656250003 0.39207795
0 0.4168090875 0.9420225078125 0.4626847703125 0.9353462796875001 0.45683348749999997 0.8917138046875 0.41306958437499997 0.896191890625 0.4168090875 0.9420225078125
0 0.41217455000000003 0.8192961499999999 0.4581496828125 0.8211638921875 0.46131735625000003 0.8178666765625 0.460844975 0.7772828140625 0.4148698421875 0.775415071875 0.41217455000000003 0.8192961499999999
0 0.46225043125000004 0.9898451703125 0.46288366718749996 0.952434221875 0.421206684375 0.9525781703125 0.42059831093750005 0.9921251124999999 0.46225043125000004 0.9898451703125
0 0.5423708265625 0.5281206828125 0.540109871875 0.5175028703125 0.49310371249999996 0.5188701921875001 0.49319147812499997 0.61822493125 0.75491789375 0.6095434328125 0.7550041640625 0.52514064375 0.751513284375 0.500669953125 0.7023704796875 0.502099425 0.7003084234375 0.5085695546875 0.65757555 0.5098125765625 0.6556626640625 0.5290986625 0.623613009375 0.530030928125 0.6215509515625001 0.5365010578125 0.6044826640625 0.539134259375 0.578842940625 0.5398800703125 0.5765571265625 0.527126265625 0.5423708265625 0.5281206828125
0 0.535076046875 0.17684309843749998 0.5345290796875 0.12985125625 0.4896595625 0.131156428125 0.4912872828125 0.179185190625 0.535076046875 0.17684309843749998
0 0.543562709375 0.44689080625 0.544146221875 0.4052078703125 0.49819595000000005 0.40547612187500004 0.49761244062500004 0.44715905625 0.543562709375 0.44689080625
0 0.7662809109375 0.9863432718749999 0.76157794375 0.8144744359375 0.5041496765625 0.8251676265624999 0.5069371703125001 0.9938871046875001 0.7662809109375 0.9863432718749999
0 0.688332375 0.39780868593749996 0.600729984375 0.4003568796875 0.6000718859374999 0.43563183437499997 0.60341359375 0.44728657031249996 0.7508171453125 0.44086215468749995 0.7508288265624999 0.35005138593749996 0.74681584375 0.280724846875 0.6998096828125 0.2820921703125 0.69566070625 0.2928964375 0.661474409375 0.2938908546875 0.6592880390625 0.28968101874999996 0.574927909375 0.295339975 0.5792143750000001 0.388162434375 0.6966800531249999 0.3804721390625 0.704245321875 0.3877305875 0.6968540875 0.395424090625 0.688332375 0.39780868593749996
0 0.7467909796875001 0.27858885624999996 0.7466783546875 0.1770981234375 0.5874859703124999 0.180660378125 0.587598596875 0.2821511109375 0.7467909796875001 0.27858885624999996
0 0.66425596875 0.16560698437500002 0.6664671984375 0.1719528125 0.745547875 0.171789215625 0.745982215625 0.117290325 0.6957586578125 0.117682878125 0.68731153125 0.1264754515625 0.5868644171875 0.127260559375 0.58633063125 0.173215478125 0.6365541890624999 0.1728229265625 0.6386162453125 0.1663527984375 0.66425596875 0.16560698437500002
0 0.943199846875 0.1671082421875 0.9464669671875001 0.1723549953125 0.9923675109375001 0.167814759375 0.991721096875 0.112278946875 0.987907009375 0.060040351562500004 0.937733178125 0.0647048890625 0.943199846875 0.1671082421875
0 0.995314834375 0.3292154453125 0.9440583374999999 0.33267875625 0.9455866078125 0.37216354687500003 0.995786709375 0.3697559078125 0.995314834375 0.3292154453125
0 0.990592115625 0.290727571875 0.9948355703124999 0.288040078125 0.994517334375 0.2606993703125 0.9922066578125 0.24580957187500002 0.9473620015625001 0.2492507375 0.9468033515625001 0.2930696640625 0.990592115625 0.290727571875
0 0.9966917000000001 0.5570123515625001 0.9971164703125 0.4840005234375 0.99669276875 0.4475987375 0.9528915734375 0.4488728328125 0.95526515625 0.5609813781249999 0.9966917000000001 0.5570123515625001
0 0.9828207593749999 0.908464540625 0.9946490125 0.908120478125 0.9954549374999999 0.7695938984375 0.972683009375 0.7720096078124999 0.9706955390625 0.784887715625 0.958956428125 0.7862975421875 0.9624107640625 0.8994430078125 0.9805846656250001 0.8999827203124999 0.9828207593749999 0.908464540625