0 0.5848846546875001 0.9916197562500001 0.5848381125000001 0.9876211765624999 0.5208413609375 0.989482725 0.5167950234375 0.98560049375 0.502795734375 0.9860077078125 0.5014118140625 0.953048521875 0.518399315625 0.9515544031250001 0.5243524703125 0.9473813046874999 0.5863725921875 0.94757721875 0.58572100625 0.8915971203125 0.445728115625 0.8956692578125001 0.4459550265625 0.9947431468750001 0.49854562500000005 0.9941312 0.5848846546875001 0.9916197562500001
0 0.8026590562499999 0.970285353125 0.803774659375 0.8942541875 0.7827408203124999 0.891866075 0.761753521875 0.8934765390624999 0.7609377562499999 0.9864986953124999 0.8088332843750001 0.9851055000000001 0.8086820234375001 0.972110121875 0.8026590562499999 0.970285353125
0 0.9405231703125001 0.89727630625 0.895537090625 0.8995848515624999 0.8946165640625001 0.9826102234375 0.994232503125 0.9797125781249999 0.9946818390625 0.9024781671875 0.9425928796875 0.9032159999999999 0.9405231703125001 0.89727630625
0 0.8233745718750001 0.9594189500000001 0.864407396875 0.9612253281250001 0.864744125 0.9042165000000001 0.8357106906249999 0.9020610796874999 0.824722884375 0.9033806765625 0.8233745718750001 0.9594189500000001
0 0.17146020312500002 0.963646190625 0.174518228125 0.968557153125 0.20550501875 0.966655821875 0.2058882890625 0.913645571875 0.168901803125 0.9157214234375 0.17146020312500002 0.963646190625
0 0.0194679203125 0.9680673671875001 0.0665004390625 0.9696992281249999 0.06881379531250001 0.9106329343749999 0.031780767187499996 0.9087102078125 0.0207929625 0.9100298062500001 0.0194679203125 0.9680673671875001
0 0.1138696875 0.91432225625 0.0728834046875 0.91651445625 0.07440695 0.9614693765625001 0.1153932328125 0.959277178125 0.1138696875 0.91432225625
0 0.4058083203125 0.901830365625 0.3668219359375 0.9039643906249999 0.3662990421875 0.94497890625 0.405308696875 0.944844171875 0.4058083203125 0.901830365625
0 0.217248428125 0.9443146 0.2542581859375 0.9442380375000001 0.257083503125 0.9291561078124999 0.2558159375 0.90619336875 0.2178178671875 0.9072986625 0.217248428125 0.9443146
0 0.7714826218749999 0.8120329109375 0.7594832312500001 0.8123819515624999 0.755553246875 0.8184961671875 0.7295545671875 0.8192524203125 0.7226363703125 0.8264535390625 0.722752725 0.8364499859375 0.730845403125 0.8442144484374999 0.732066425 0.863178609375 0.8220618578125001 0.8605608078125 0.8310264937499999 0.8573000937499999 0.8295494906249999 0.8163437515625 0.7775521296875 0.817856259375 0.7714826218749999 0.8120329109375
0 0.8929142593750001 0.858499840625 0.9529112140624999 0.8567546406250001 0.9523061687500001 0.8047731203125 0.9023087078125 0.8062274546875001 0.9015763734375 0.8292483671875001 0.8795774921874999 0.8298882750000001 0.8798800140624999 0.8558790343749999 0.8929142593750001 0.858499840625
0 0.47000221406250003 0.8729055421874999 0.5569861625 0.8693753546874999 0.5555091578125 0.8284190125 0.485489440625 0.8284557906250001 0.46850193906250004 0.829949909375 0.47000221406250003 0.8729055421874999
0 0.35488002343749997 0.8233131296874999 0.314882053125 0.8244765984375 0.314312615625 0.8614925359375001 0.3553221703125 0.861299625 0.35488002343749997 0.8233131296874999
0 0.4796708109375 0.8178892265625001 0.5636898171875 0.8174452328124999 0.5686313859375 0.8123015765625 0.56830559375 0.7843115265625 0.562282628125 0.782486759375 0.5640265453125 0.760436403125 0.568003071875 0.75832076875 0.5676540078125 0.7283314296875 0.540620471875 0.7261178359375 0.47963520624999995 0.7288917671874999 0.4796708109375 0.8178892265625001
0 0.7442032984375 0.8115624390624999 0.8272107203125 0.8101478890625 0.8256639046875 0.7631936765625 0.7576440859375 0.7631722828124999 0.7426564828125 0.764608228125 0.7442032984375 0.8115624390624999
0 0.9422683984375 0.7562279281250001 0.900270528125 0.7574495671875 0.8997010921875 0.7944655046875 0.9427105453125 0.7942144234375 0.9422683984375 0.7562279281250001
0 0.988638396875 0.78687856875 0.9953575734375001 0.78632925 0.9957949765624999 0.7111461609374999 0.9847658890625001 0.71199248125 0.988638396875 0.78687856875
0 0.3338105765625 0.731927559375 0.3208228703125 0.73330533125 0.319218578125 0.7673514203125 0.3222533328125 0.7702630953125 0.360274675 0.771157090625 0.3628440109375 0.7340829796875 0.3338105765625 0.731927559375
0 0.1469031609375 0.7233645906249999 0.058907628125 0.7259242171875 0.0564313765625 0.7709954875 0.16346085 0.77088214375 0.16407682968749998 0.7378647859374999 0.14906595625000002 0.737301440625 0.1469031609375 0.7233645906249999
0 0.7509145 0.7322645609375 0.7511239375 0.7502581640625 0.8621299375 0.7480291875 0.862652834375 0.7070146703125 0.8476186890624999 0.7044520359375 0.7536234609375 0.7071861859374999 0.7447286375 0.716444765625 0.744844990625 0.7264412140625 0.7509145 0.7322645609375
0 0.15764226875 0.6690531234375 0.063647040625 0.671787271875 0.063217228125 0.72079894375 0.1582240421875 0.719035353125 0.15764226875 0.6690531234375
0 0.57638430625 0.682078259375 0.5663615421875 0.6803698359375 0.566012478125 0.6503804984375 0.5759887 0.6480903421875001 0.57467459375 0.6211290234375 0.43268180312500004 0.625259334375 0.4326941390625 0.7122575015625 0.5736986171875 0.709155925 0.57638430625 0.682078259375
0 0.9024675312499999 0.688386828125 0.905502284375 0.691298503125 0.94448866875 0.689164478125 0.9447788562499999 0.62815706875 0.9017926718749999 0.6304074421875 0.9024675312499999 0.688386828125
0 0.9874515796875001 0.684914815625 0.9959464234375 0.6851145546875 0.9961557765625001 0.6491296984375 0.9860443875 0.649956340625 0.9874515796875001 0.684914815625
0 0.3134625265625 0.7025199546875001 0.35447208125 0.70232704375 0.356053103125 0.6662816640625 0.3350192625 0.6638935515625 0.3120320671875 0.665562190625 0.3134625265625 0.7025199546875001
0 0.7808467453125 0.6397634375 0.7729402359375 0.6479932875000001 0.7489414531249999 0.64869136875 0.743999884375 0.6538350265624999 0.7421396125 0.6658889343750001 0.750255559375 0.6756526875 0.7514533125 0.6926175578125 0.86043614375 0.688447465625 0.85893586875 0.6454918328125 0.8009388140624999 0.6471788609375 0.7908462375 0.6394725703125 0.7808467453125 0.6397634375
0 0.080519659375 0.6640326015625 0.0866124390625 0.6718552375 0.1326101046875 0.67051725 0.1385399859375 0.6643448625 0.1625387671875 0.6636467828125 0.1654571671875 0.656562009375 0.16409651875 0.6256021140625 0.0561252734375 0.6307427640625 0.0555325640625 0.6657594125 0.080519659375 0.6640326015625
0 0.370482203125 0.6168627796874999 0.3244845390625 0.6182007656249999 0.323938371875 0.6572159921875 0.3709476234375 0.6568485640625 0.370482203125 0.6168627796874999
0 0.988846434375 0.6328751234375 0.9962541343750001 0.6322235859374999 0.996469628125 0.5951833734374999 0.9894158703124999 0.5958591859375 0.988846434375 0.6328751234375
0 0.7434805703125 0.6092188859375 0.7495500796875 0.6150422343749999 0.7497362453124999 0.6310365484375 0.7867692734375 0.6329592749999999 0.857754034375 0.6298944750000001 0.8562537593749999 0.5869388437499999 0.7962335359375 0.5866847546875 0.750235871875 0.5880227421875001 0.743317675 0.5952238624999999 0.7434805703125 0.6092188859375
0 0.9469973062499999 0.5660935874999999 0.9080109234375 0.5682276140625 0.9064997124999999 0.6102708609375 0.9095344671875001 0.613182534375 0.95254391875 0.6129314515625001 0.95603175625 0.5688307421875 0.9469973062499999 0.5660935874999999
0 0.5278340609375001 0.5677564562499999 0.447838121875 0.570083390625 0.4472686859375 0.6070993296875 0.470279153125 0.6074299796875 0.47634866249999996 0.613253328125 0.5263461234375 0.61179899375 0.5322760062499999 0.6056266046875 0.5582746859375 0.60487035 0.5590768328125 0.58784730625 0.5650067156249999 0.5816749171875 0.5649136296874999 0.5736777609375 0.5598557078125 0.5688249703125 0.5278340609375001 0.5677564562499999
0 0.79099863125 0.517470203125 0.7850687484375001 0.523642590625 0.75907006875 0.5243988453124999 0.7541285 0.5295425015624999 0.7543146671875001 0.545536815625 0.760384175 0.5513601640625 0.7616051984375 0.5703243234375 0.8685881312499999 0.5662124046875 0.8650879578125 0.5233149453125 0.8090908015625 0.5249438 0.8049979203125 0.5170629890625 0.79099863125 0.517470203125
0 0.42738435625 0.5630464828124999 0.46839390937500003 0.5628535734375 0.4723471640625 0.5587386484375 0.502345640625 0.557866046875 0.51441484375 0.563514875 0.568412103125 0.56194419375 0.5710977921875 0.534866528125 0.5520638515625 0.5324202421875001 0.54990105625 0.5184833921875 0.42790724999999996 0.522031965625 0.42738435625 0.5630464828124999
0 0.20678071718750002 0.5606255875 0.2698124234375 0.561792059375 0.270358590625 0.5227768328125 0.229325765625 0.520970453125 0.20633856874999998 0.5226390921874999 0.20678071718750002 0.5606255875
0 0.0682713328125 0.5307591453125 0.06871348125 0.568745640625 0.1677200890625 0.5668657031250001 0.1672314 0.5248806296875 0.073236171875 0.527614778125 0.0682713328125 0.5307591453125
0 0.17003335 0.47616594843750004 0.072038325 0.47901644374999997 0.0691897390625 0.49209908437500005 0.069538803125 0.5220884234375001 0.076573353125 0.5248837484375 0.17056858125000002 0.5221496015625 0.17003335 0.47616594843750004
0 0.4719773671875 0.5042803265625 0.4830117140625 0.50695930625 0.5570312281249999 0.50680618125 0.55950748125 0.46173491406249995 0.5324739453125 0.4595213203125 0.48647628125000003 0.46085930781249995 0.4845461953125 0.46691534843750004 0.472570075 0.469263678125 0.4719773671875 0.5042803265625
0 0.9927052046875 0.44876599375000004 0.98771709375 0.4499110703125 0.988159240625 0.4878975671875 0.9970918484375 0.4882328 0.9971164703125 0.48400055000000003 0.9967176953125 0.4497401671875 0.9927052046875 0.44876599375000004
0 0.8867660515625 0.40384838125 0.7507729578125 0.4078041703125 0.7438547609375 0.415005290625 0.7420410296875 0.4310577765625 0.7491221218749999 0.4378516828125 0.7601331984375 0.4385313734375 0.7603659078125 0.45852426562500004 0.7513780015625 0.45978569062499997 0.7424831765625 0.469044271875 0.7426460734375 0.483039296875 0.7497504375 0.49183249062499995 0.8877667031250001 0.48981781875 0.8867660515625 0.40384838125
0 0.9564777843750001 0.40382056093749996 0.9154915015625 0.406012759375 0.91738738125 0.482956309375 0.956373765625 0.48082228281250006 0.9564777843750001 0.40382056093749996
0 0.5147862203125 0.4464040546875 0.5197743296875 0.44525897499999995 0.5219138546875 0.4571965390625 0.5619118249999999 0.45603307031250007 0.5613998640625 0.41204870781249997 0.46340483906249996 0.41489920312499995 0.4648818421875 0.4558555453125 0.513890990625 0.4554299421875 0.5147862203125 0.4464040546875
0 0.227616053125 0.46002121718750005 0.2706255046875 0.4597701359375 0.2711949421875 0.42275419843749995 0.2361618125 0.4207732984375 0.22717390625 0.42203472187499996 0.227616053125 0.46002121718750005
0 0.10124405624999999 0.41880190781250004 0.06924568125 0.41973268125 0.0623274859375 0.42693380156250005 0.0677577421875 0.46377521875000005 0.1767638453125 0.4616044140625 0.17726346875000001 0.4185906078125 0.10124405624999999 0.41880190781250004
0 0.477974825 0.4092094765625 0.56298214375 0.40773675468750004 0.5614818703125 0.364781121875 0.507461340625 0.3643525140625 0.47847444843750003 0.366195671875 0.477974825 0.4092094765625
0 0.748906815625 0.3789629421875 0.7549763234375 0.3847862890625 0.75615080625 0.39975187343749996 0.8101713343749999 0.4001804796875 0.8161012171875001 0.3940080921875 0.872098375 0.3923792390625 0.8716562265625001 0.35439274374999996 0.7536854875000001 0.3598242625 0.74874391875 0.3649679171875 0.748906815625 0.3789629421875
0 0.3575971171875 0.36924178125 0.3135993515625 0.3705215953125 0.3130299125 0.40753753281250005 0.3580392640625 0.40722827656250005 0.3575971171875 0.36924178125
0 0.993308846875 0.328750465625 0.9904369890625 0.339833815625 0.9908325953125001 0.37382173281250003 0.9958376296875 0.37413068437499997 0.9953165015625001 0.329358721875 0.993308846875 0.328750465625
0 0.47031961093749997 0.3126997921875 0.46032011875 0.3129906578125 0.45740171875 0.3200754296875 0.45876236718749996 0.3510353265625 0.480784521875 0.352394709375 0.48483086093749994 0.35627694062500004 0.5368282203125 0.35476443281250003 0.5407582046875 0.34865021875 0.577744690625 0.346574365625 0.577558521875 0.330580053125 0.5735354546875 0.3286971109375 0.56833790625 0.3118485859375 0.47031961093749997 0.3126997921875
0 0.8609329640625001 0.3014395640625 0.8149352999999999 0.3027775515625 0.811005315625 0.308891765625 0.7490084640625 0.3106951421875 0.7440668953125 0.3158387984375 0.744229790625 0.329833821875 0.7502760296875 0.3336578796875 0.7504854671875 0.351651484375 0.8034944125000001 0.3511095328125 0.8074476671875 0.3469946078125 0.8594682984375 0.347481390625 0.8624332390625 0.344395196875 0.8609329640625001 0.3014395640625
0 0.31393607968750004 0.3135127640625 0.3143549546875 0.3494999703125 0.36136420468749997 0.349132540625 0.360875515625 0.30714746718749997 0.3168777484375 0.30842728125 0.31393607968750004 0.3135127640625
0 0.9947114578124999 0.2773772 0.9917154890625 0.277797678125 0.9931692203125 0.3167547296875 0.9951665343749999 0.3164744140625 0.9947114578124999 0.2773772
0 0.069077803125 0.3193712640625 0.0702522828125 0.334336846875 0.1762701734375 0.33325294687499996 0.1767930671875 0.29223842968749997 0.145759734375 0.2901411828125 0.06776369531250001 0.292409946875 0.0608455 0.299611065625 0.0610083953125 0.3136060890625 0.069077803125 0.3193712640625
0 0.9534876328124999 0.26964581249999997 0.953231653125 0.2476536296875 0.9441972046875 0.244916475 0.9052108203125 0.24705050156250002 0.9047810078125 0.296062175 0.9697893437499999 0.295171184375 0.9715332625 0.2731208296875 0.9534876328124999 0.26964581249999997
0 0.462363371875 0.30256340000000004 0.477397515625 0.3051260328125 0.5624048375 0.303653309375 0.5629044609375 0.26063950468749997 0.5068840328124999 0.26026906875 0.46888596250000003 0.26137436406250003 0.4679674625 0.2684009625 0.4639909359375 0.27051659843750003 0.462363371875 0.30256340000000004
0 0.3178195203125 0.303399971875 0.3628288703125 0.303090715625 0.3657007296875 0.292007365625 0.36440989375 0.2670453359375 0.3204121265625 0.26832515 0.3178195203125 0.303399971875
0 0.27790229843750003 0.225562428125 0.2339045328125 0.2268422421875 0.23140501093750002 0.2699142203125 0.2764376328125 0.2716042546875 0.27790229843750003 0.225562428125
0 0.0685033828125 0.27002080781250004 0.177509484375 0.2678500046875 0.17697425312499998 0.22186635156249998 0.06700310937500001 0.22706517656249997 0.062061539062500004 0.2322088328125 0.06222443749999999 0.2462038578125 0.0682706734375 0.250027915625 0.0685033828125 0.27002080781250004
0 0.9938737046874999 0.2054027890625 0.9908777359375 0.2058232640625 0.9903082984375 0.2428392015625 0.9943038640624999 0.2423593484375 0.9938737046874999 0.2054027890625
0 0.5589871125 0.2363858640625 0.56691689375 0.2301553046875 0.5667307265625 0.21416098906249997 0.559649634375 0.207367084375 0.4976295109375 0.2071711703125 0.4516318453125 0.2085091578125 0.45115549374999997 0.2535222515625 0.5591500093749999 0.250380890625 0.5589871125 0.2363858640625
0 0.3142262640625 0.2525053578125 0.35721244531249996 0.250254984375 0.3567935703125 0.21426777812500003 0.339759525 0.21176331875 0.31477243125 0.21349012968749997 0.3142262640625 0.2525053578125
0 0.7870790171875 0.18948777187500002 0.781149134375 0.195660159375 0.7541621421875 0.19744514375 0.7502321578125 0.20355935937499997 0.7503717828124999 0.2155550953125 0.7564412921875 0.22137844218749997 0.757662315625 0.240342603125 0.8826443328125 0.23570712187499998 0.881144059375 0.19275149062500002 0.8131475109374999 0.1947293859375 0.805054834375 0.186964921875 0.7870790171875 0.18948777187500002
0 0.0530231140625 0.2152080375 0.1660755546875 0.2169194625 0.1685285359375 0.16984890625 0.129495609375 0.1679843546875 0.055499365625 0.17013676875 0.0530231140625 0.2152080375
0 0.2316951953125 0.20890681249999998 0.272681478125 0.20671461406249997 0.272262603125 0.1707274078125 0.26922784843750003 0.1678157328125 0.23024146406249998 0.169949759375 0.2316951953125 0.20890681249999998
0 0.5550447921874999 0.15550191093750002 0.475048853125 0.157828846875 0.47452595937500003 0.1988433625 0.55553348125 0.197486984375 0.5550447921874999 0.15550191093750002
0 0.3186326015625 0.201378046875 0.3776412421875 0.200661578125 0.3782572203125 0.16764421875 0.3751991953125 0.16273325624999999 0.3192020390625 0.164362109375 0.3186326015625 0.201378046875
0 0.782942878125 0.132343053125 0.7770129953125 0.1385154421875 0.7490144171875001 0.13932986875 0.746049475 0.1424160625 0.7442357453125 0.15846854999999999 0.750305253125 0.164291896875 0.751526275 0.183256059375 0.860532378125 0.18108525312499998 0.8590088328125001 0.1361303328125 0.8050115734375 0.1377010140625 0.798942065625 0.131877665625 0.782942878125 0.132343053125
0 0.46446758906249996 0.10813748281249999 0.4639679640625 0.1511512875 0.5109772140625 0.1507838578125 0.5129073 0.1447278171875 0.5249066906250001 0.1443787765625 0.5269764 0.1503184703125 0.55895150625 0.1473884078125 0.559753653125 0.1303653609375 0.5676601609375 0.1221355109375 0.5655206390624999 0.11019794999999999 0.560462715625 0.10534516093749999 0.46446758906249996 0.10813748281249999
0 0.138795415625 0.116346709375 0.058799478125000006 0.11867364375 0.058323124999999996 0.1636867390625 0.155329834375 0.1618649734375 0.155969084375 0.1308469046875 0.1409582109375 0.1302835609375 0.138795415625 0.116346709375
0 0.3665945578125 0.110984428125 0.31859699531249996 0.11238059062500001 0.3156785953125 0.11946536249999999 0.3160742015625 0.1534532796875 0.3650833484375 0.1530276765625 0.3679319359375 0.13994503593750002 0.3665945578125 0.110984428125
0 0.7821578328125 0.06489703125 0.7762512218750001 0.0730687078125 0.7502292703125 0.0718256734375 0.7433110734375 0.0790267921875 0.7434507 0.091022528125 0.7495202078125 0.096845875 0.7507645015625 0.117809325 0.8617472312500001 0.113581059375 0.8602469562499999 0.07062542656250001 0.8042498 0.07225428125 0.796157121875 0.06448981718749999 0.7821578328125 0.06489703125
0 0.0625472703125 0.11082875781249998 0.171553371875 0.10865795468749999 0.1720529953125 0.06564415 0.1610186484375 0.06296516875 0.0650235234375 0.065757490625 0.0625472703125 0.11082875781249998
0 0.355990021875 0.05929377500000001 0.3150037390625 0.061485975000000005 0.3165040125 0.10444160625000001 0.355490396875 0.10230758124999999 0.355990021875 0.05929377500000001
0 0.452731459375 0.09947901718749999 0.51973969375 0.098529853125 0.5256928484375 0.0943567546875 0.555691325 0.0934841546875 0.5586562671874999 0.0903979609375 0.558516640625 0.0784022234375 0.5683997781250001 0.0681149125 0.5683066953125 0.060117754687500004 0.5612256015625 0.05332384999999999 0.45325435625 0.058464499999999996 0.452731459375 0.09947901718749999
0 0.8327157484375001 0.0027954203125 0.8007173734374999 0.0037261953124999997 0.7907411515625 0.006016351562499999 0.7867878968750001 0.010131274999999999 0.7487898265624999 0.0112365703125 0.748034221875 0.032258193750000004 0.7421043390625 0.0384305828125 0.742243965625 0.0504263171875 0.7473018890625001 0.05527910625 0.8632960000000001 0.051905049999999994 0.8637956234375 0.0088912453125 0.8367853578125001 0.008676940625 0.8327157484375001 0.0027954203125
0 0.4735167921875 0.0208757296875 0.4748774421875 0.0518356265625 0.551861896875 0.0485963078125 0.551326665625 0.0026126546875 0.5162935359375 0.0006317546875 0.4813069484375 0.0026494328125 0.481423303125 0.0126458796875 0.47643519218749997 0.013790957812499999 0.4735167921875 0.0208757296875
0 0.3555478734375 0.0213072796875 0.3175730734375 0.0244118640625 0.3168640109375 0.049432065625 0.3558736671875 0.0492973296875 0.3555478734375 0.0213072796875
0 0.32097643593749997 0.56104378125 0.3694341109375 0.558958246875 0.36899421875 0.5211656812500001 0.32309855 0.522500703125 0.32097643593749997 0.56104378125
0 0.231171271875 0.571757909375 0.233674340625 0.612866403125 0.2822640296875 0.6107790296875 0.2804349046875 0.5696489328125 0.231171271875 0.571757909375
0 0.0818257578125 0.618633378125 0.19050010625 0.6161482296874999 0.19006019375 0.5783536640625 0.08069419531250001 0.5795109546874999 0.0818257578125 0.618633378125
0 0.21873119375 0.10833562031249999 0.2858157875 0.103462303125 0.28591004531249997 0.061372271874999995 0.221627309375 0.06324213906250001 0.21873119375 0.10833562031249999