0 1 0.0196998875 0.8255496546875 0.011572253125 0.8230522953125 0.05923922968749999 0.8254542875 0.072855121875 0.9083281078125 0.076716209375 1 0.0789468265625 1 0.0196998875
0 0.6430100875 0.007222817187499999 0.5320034812500001 0.0051673281250000005 0.5305963359375 0.05184633125 0.5626556515625001 0.054378740625 0.6416029421875 0.053901815625 0.6430100875 0.007222817187499999
0 0.158559309375 0 0.157229821875 0.042761346875 0.1934328265625 0.045486809375 0.261912309375 0.0465997296875 0.2634016140625 0 0.158559309375 0
0 0.3370416515625 0.039712321875 0.3743348703125 0.0414498109375 0.37639790624999997 0.0020727453125 0.3359426296875 0.001226703125 0.3370416515625 0.039712321875
0 0.4227517890625 0.0488993921875 0.44445187500000005 0.0509491671875 0.446193575 0.037526328125 0.45764301406249996 0.037020990625 0.4610222359375 0.0319845890625 0.46221662500000005 0.0091873375 0.42601361875 0.0064618734375 0.4227517890625 0.0488993921875
0 0.6534999203125 0.10431696093750001 0.6588424046875 0.10144956406250001 0.658399271875 0.070265878125 0.5369248578125 0.06980023125 0.5355177125 0.11647923125 0.56550518125 0.11891511562499998 0.6382369359375 0.1181486125 0.6389970015624999 0.10364127031249999 0.6534999203125 0.10431696093750001
0 0.26126082500000003 0.059034593749999996 0.1565783375 0.055196209375000006 0.1567001328125 0.11233412499999999 0.21678365156249998 0.1151334125 0.25941935625 0.114003503125 0.26126082500000003 0.059034593749999996
0 0.41698819531250003 0.1192670921875 0.455263046875 0.12208908437499999 0.4587420390625 0.075506609375 0.4204671859375 0.07268461875 0.41698819531250003 0.1192670921875
0 0.6382413421875001 0.1378854078125 0.5356306984375 0.1341435515625 0.534223553125 0.180822553125 0.5455644125 0.1823896890625 0.6369427765625 0.1824919328125 0.6382413421875001 0.1378854078125
0 0.1685883015625 0.12327567187499999 0.1528865890625 0.12566043437500002 0.15387703125000002 0.16621853125 0.2512537703125 0.17075530781249998 0.2535339671875 0.12723328750000001 0.1685883015625 0.12327567187499999
0 0.417327153125 0.1722600515625 0.46083590937499996 0.174287121875 0.46257320156250004 0.14112748749999998 0.4178656515625 0.1421608671875 0.417327153125 0.1722600515625
0 0.8153474609375 0.22612190937499999 0.8609280640625 0.2282455078125 0.86343423125 0.220052125 0.8717216140625 0.220438234375 0.8733591359374999 0.2288246703125 0.92722711875 0.2313343765625 0.9293987359375 0.18988483125 0.8164288656249999 0.185660340625 0.8153474609375 0.22612190937499999
0 0.33576511249999996 0.18300283125 0.32213524375 0.1854841203125 0.3237771734375 0.213607353125 0.3548548546875 0.2150552625 0.3664128765625 0.2124774453125 0.3647709484375 0.1843542125 0.33576511249999996 0.18300283125
0 0.53335490625 0.19740237031250002 0.5312918703125 0.2367794359375 0.5340196046875 0.244177896875 0.61482158125 0.24794245781250002 0.6325951390625 0.2456542234375 0.633893703125 0.20104769843749998 0.53335490625 0.19740237031250002
0 0.2452598 0.18605756874999999 0.132289928125 0.1818330765625 0.130665621875 0.23265703124999998 0.16894047343750002 0.2354790234375 0.2436354921875 0.23688152499999998 0.2452598 0.18605756874999999
0 0.46509699062500004 0.21188129375 0.46335088593749996 0.20556733437500002 0.4166800734375 0.2044317125 0.41515994218749996 0.2334463921875 0.41767051562499996 0.2449898078125 0.47982588125000003 0.24788562343749998 0.4820019015625 0.2261728765625 0.47959990937499997 0.21255698281250002 0.46509699062500004 0.21188129375
0 0.8192739906250001 0.23045991875 0.81393150625 0.23332731562500003 0.8112257953125 0.324612840625 0.8598598734375 0.3279174671875 0.9377169515625001 0.3284285203125 0.9414042953124999 0.2382274984375 0.8874277312500001 0.23779026874999998 0.8850301437500001 0.2439111734375 0.8560243062499999 0.24255979375 0.8544953640624999 0.2321008796875 0.8192739906250001 0.23045991875
0 0.629654646875 0.2621375140625 0.5310791125 0.2606611890625 0.5316352328125 0.3095091921875 0.55955085625 0.31184855 0.6281389203125001 0.3108889921875 0.629654646875 0.2621375140625
0 0.246037484375 0.25049741718749996 0.14757053281250002 0.24694861562499998 0.1439829625 0.295603565625 0.1698267390625 0.2978463953125 0.24452175937499998 0.299248896875 0.246037484375 0.25049741718749996
0 0.3680592078125 0.260337475 0.32149697499999996 0.257129375 0.320198409375 0.3017358984375 0.34604218750000004 0.30397872812500004 0.3658875921875 0.30178701874999997 0.3680592078125 0.260337475
0 1 0.3489893421875 0.8756745734375 0.3431970265625 0.869676196875 0.3387624890625 0.8105743109375 0.337047703125 0.80840269375 0.37849724687499997 0.817237384375 0.3882577671875 1 0.39677266875 1 0.3489893421875
0 0.2444175828125 0.3210581703125 0.1437702046875 0.3194853171875 0.1401826328125 0.3681402671875 0.16809825625000002 0.370479625 0.2407214296875 0.3717855984375 0.2444175828125 0.3210581703125
0 0.32686588906249997 0.37268276093749997 0.3630688953125 0.37540822500000004 0.36643930625 0.330898228125 0.33023630000000004 0.32817276562500003 0.32686588906249997 0.37268276093749997
0 0.9984224171875 0.5373863953125 0.9600083984375001 0.5372206765625 0.9561171078124999 0.6907770453125 0.9902513703125001 0.6933467703125 0.9984224171875 0.5373863953125
0 0.6241522640625 0.5257282296875 0.5215416203125 0.521986371875 0.5180626296875 0.5685688453125 0.55633748125 0.5713908375 0.6206732734375 0.5723107015625 0.6241522640625 0.5257282296875
0 0.1982251421875 0.5090006078125 0.1379244609375 0.5103462765625 0.13640873281250002 0.5590977546875 0.1456777484375 0.560568365625 0.2330210015625 0.5584050734375 0.23442814687500002 0.511726075 0.1982251421875 0.5090006078125
0 0.3192740421875 0.5572297578125001 0.35754889218749997 0.56005175 0.358738878125 0.5175177046874999 0.3225358703125 0.5147922390625 0.3192740421875 0.5572297578125001
0 0.51589541875 0.6297551875 0.6174158484375 0.63448501875 0.61773278125 0.5887939921875 0.517193984375 0.5851486640625 0.51589541875 0.6297551875
0 0.1290076171875 0.621079015625 0.1424203234375 0.6227426828125 0.2358705328125 0.62294145 0.23727767812499997 0.57626245 0.23433277968750002 0.5730089421875 0.2198298625 0.5723332515624999 0.13052334375000002 0.5723275375 0.1290076171875 0.621079015625
0 0.3974744828125 0.6304705687500001 0.4430550828125 0.6325941671875001 0.4452267 0.5911446234375 0.4006277296875 0.5901055265624999 0.3974744828125 0.6304705687500001
0 0.3505776953125 0.5940063062500001 0.2977999265625 0.590508625 0.2948638390625 0.6267287140625 0.297591575 0.6341271749999999 0.34742444687499996 0.63437135 0.3505776953125 0.5940063062500001
0 0.6176374140625 0.6500768609375001 0.5191704625 0.646528059375 0.515582890625 0.6951830109375 0.560073278125 0.6982945828125 0.6161216890625 0.6988283390625 0.6176374140625 0.6500768609375001
0 0.130875515625 0.6845308890624999 0.1495221265625 0.6853996343750001 0.23043268125 0.687091715625 0.2340202546875 0.6384367640625 0.11483484687500001 0.6339226921875001 0.1124416640625 0.6597803921875001 0.1309796921875 0.6627216140625001 0.130875515625 0.6845308890624999
0 0.4441497015625 0.651342990625 0.401622578125 0.6504004203125 0.3994509609375 0.691849965625 0.41493551249999994 0.6936101578125 0.44514014375000005 0.6919010859375 0.4441497015625 0.651342990625
0 0.30480195781249997 0.69471165 0.34623886875 0.6966421921875 0.348410484375 0.6551926484374999 0.30588336250000003 0.654250078125 0.30480195781249997 0.69471165
0 0.5137326125 0.710678325 0.5111266718749999 0.760417778125 0.6149361078125 0.7610991828125 0.6164518359375 0.7123477046875 0.5137326125 0.710678325
0 0.126527878125 0.7476931812500001 0.133725046875 0.7490672640625 0.24593044687500001 0.7480623 0.24744617343750003 0.6993108203125 0.1155039515625 0.700435015625 0.11321934843749999 0.724220240625 0.1276136859375 0.726968409375 0.126527878125 0.7476931812500001
0 0.4428555421875 0.715686309375 0.4002198375 0.7168162203125 0.4000114859375 0.7604347671875 0.40928050000000005 0.7619053765625 0.44362882187499997 0.7603893609375 0.4428555421875 0.715686309375
0 0.3441714265625 0.7162824609375 0.30371614999999996 0.715436421875 0.3006714828125 0.753728984375 0.3348026421875 0.7563579234375 0.3463606640625 0.75378010625 0.3441714265625 0.7162824609375
0 0.50994109375 0.8226886234374999 0.5493061578125 0.8245226375 0.611570103125 0.8253459765625 0.6130858296875 0.7765944984375001 0.5269413703125 0.7756973375 0.524218040625 0.7880356734375 0.508624909375 0.78834795625 0.50994109375 0.8226886234374999
0 0.1144269515625 0.76063338125 0.11246809218750001 0.7782011765625 0.115304409375 0.783527159375 0.122501578125 0.7849012421875 0.12109002656250001 0.811843446875 0.1324308875 0.8134105843749999 0.2424558609375 0.814381571875 0.2440801671875 0.7635576140625 0.1144269515625 0.76063338125
0 0.27582255 0.8117810515624999 0.29239731562500004 0.81255326875 0.29414341718750003 0.8188672265625 0.33972401875 0.820990825 0.34713835 0.8182199546875 0.3466908109375 0.7672994734375 0.29271424687500003 0.76686224375 0.290316659375 0.7729831468749999 0.274832109375 0.7712229546875 0.27309481562500004 0.804382590625 0.27582255 0.8117810515624999
0 0.8887674828125001 0.8663073234375 0.885605425 0.8671987734375 0.8743731453124999 0.86355915625 0.8741515796874999 0.8479673140624999 0.81821175 0.8453610796875 0.816144309375 0.86500135 0.8097116124999999 0.8688567234375 0.8110233906250001 0.8834605921875 0.8180033984374999 0.8889796296875 0.9298830562499999 0.8941920968750001 0.9321632531249999 0.850670075 0.8907263421874999 0.84873953125 0.8887674828125001 0.8663073234375
0 0.5272935421875 0.8879006875 0.562514915625 0.88954165 0.6092943109375 0.8886047953125 0.61091861875 0.837780840625 0.5424391359375 0.8366679203125 0.5267374234375 0.8390526828124999 0.5243486453124999 0.8846471796875001 0.5272935421875 0.8879006875
0 0.1277442921875 0.823579915625 0.1242653015625 0.8701623890624999 0.1272101984375 0.8734158953125 0.15207234375 0.8745742218749999 0.22469551718749997 0.8758801953124999 0.2281745078125 0.829297725 0.1277442921875 0.823579915625
0 0.441466015625 0.8413125015625 0.388579665625 0.8398872953125001 0.3873896796875 0.8824213421874999 0.392515003125 0.8836988968749999 0.43820418437499997 0.8837500203124999 0.441466015625 0.8413125015625
0 0.3459439609375 0.841017203125 0.29730988125 0.8377125765625 0.293830890625 0.8842950515625001 0.33417758750000004 0.88721356875 0.3457356078125 0.884635753125 0.3459439609375 0.841017203125
0 0.7905265015625 0.8980871625000001 0.7844403203125 0.995436259375 0.9744822828125 0.9943306281250001 0.9791663078124999 0.9049268515625 0.7905265015625 0.8980871625000001
0 0.5182460953125 0.90202191875 0.5066880734375 0.9045997359375001 0.5053895093749999 0.9492062578124999 0.5841196375 0.9528742906250001 0.6081087328125 0.9508756375 0.60744403125 0.9041001109375 0.5182460953125 0.90202191875
0 0.22600729843749998 0.8904840640625 0.12121622812499999 0.8887181562500001 0.121880928125 0.9354936859375 0.21304213125000002 0.9397408828125 0.22460015156250002 0.937163065625 0.22600729843749998 0.8904840640625
0 0.2987522671875 0.9489279515625 0.3100931265625 0.9504950921875001 0.3329920078125 0.9494844125 0.33833449375 0.946617015625 0.33766979375 0.8998414875 0.30233983750000004 0.9002730015625 0.296997353125 0.9031404000000001 0.2987522671875 0.9489279515625
0 0.48903631093750005 0.9640258859375 0.48807171250000003 0.9971604812500001 0.604680878125 0.9964820703124999 0.606149871875 0.9684434312500001 0.48903631093750005 0.9640258859375
0 0.219479234375 0.9556223062500001 0.1439111625 0.9510628265625 0.10432893593749999 0.9533737625 0.1041488609375 0.9793345734375001 0.21863365468749998 0.9846684140624999 0.219479234375 0.9556223062500001
0 0.3333980828125 0.9900152828125 0.3351768390625 0.967245259375 0.2491409609375 0.9642756203125 0.24853145781250002 0.9860613515625 0.3333980828125 0.9900152828125