0 0.0225887828125 0.3181606015625 0.05771236875 0.3249052578125 0.079421640625 0.18796460625 0.04414705625 0.182172440625 0.0225887828125 0.3181606015625
0 0.0459139625 0.17102691406249998 0.073274403125 0.17455768437500002 0.0871024921875 0.1003768375 0.05787497968750001 0.09557761406250001 0.0459139625 0.17102691406249998
0 0.0820319375 0.0540866234375 0.084576590625 0.057603843749999994 0.21358078281249998 0.07878662656249999 0.21666377812499998 0.06586220000000001 0.218907934375 0.0321374828125 0.088736271875 0.0117961296875 0.0820319375 0.0540866234375
0 0.06601339687499999 0.9378798921874999 0.06293977656250001 0.9311764312499999 0.068786515625 0.9073414124999999 0.060833296875 0.898803584375 0.040995646875 0.8934799421875 0.036006503125 0.8988594796875 0.0166978171875 0.8967220765624999 0.012416396875000001 0.9290791421875 0.06601339687499999 0.9378798921874999
0 0.2205042046875 0.0220683171875 0.22472910937499999 0.0013074359375 0.178959953125 0.0010411578125 0.17700723125 0.0159591453125 0.2205042046875 0.0220683171875
0 0.196375590625 0.33734279843750004 0.21116144218750002 0.2571204546875 0.1547221078125 0.2478529875 0.140784475 0.32924773749999997 0.196375590625 0.33734279843750004
0 0.1805629296875 0.1239882765625 0.1760933734375 0.1521819390625 0.2229832171875 0.1629807421875 0.23085502343750003 0.11984881875 0.185661615625 0.1113948328125 0.1805629296875 0.1239882765625
0 0.142418678125 0.906001321875 0.11016763125 0.9007056265625 0.10942895781249999 0.8923193156250001 0.08810457968749999 0.88985093125 0.08277602187500001 0.940632353125 0.14059394375 0.9501261875000001 0.14506349999999998 0.9219325234375001 0.142418678125 0.906001321875
0 0.20225088593749999 0.9199584171874999 0.188141053125 0.9176415499999999 0.18804088593749999 0.9052275734374999 0.167564728125 0.90393159375 0.1588451046875 0.9531230703125001 0.20022855 0.959918325 0.2064919765625 0.9258204531249999 0.20225088593749999 0.9199584171874999
0 0.25232389375 0.9302467765625 0.23619836875 0.927598928125 0.2377946390625 0.9175297609375 0.2176377359375 0.9142199515625 0.20924151562499999 0.961398275 0.2489503078125 0.9679185484374999 0.2568842390625 0.9340949765625 0.25232389375 0.9302467765625
0 0.36824123124999997 0.140341690625 0.3627043703125 0.1817907609375 0.40704956093750005 0.1890723421875 0.4085362859375 0.1862170828125 0.412057459375 0.14443703125000001 0.36824123124999997 0.140341690625
0 0.37884566406250003 0.3735035625 0.39512761875 0.27079807499999997 0.35279811875 0.2638474734375 0.336196909375 0.368566796875 0.3421344375 0.3767736453125 0.352212890625 0.37842855000000003 0.3575212875 0.3710351796875 0.37884566406250003 0.3735035625
0 0.3053703546875 0.9348246124999999 0.287229140625 0.931845784375 0.2868097203125 0.9214456375 0.270684196875 0.9187977921874999 0.2616414625 0.9700024656249999 0.30337395312500004 0.976855034375 0.3113078828125 0.9430314609374999 0.3053703546875 0.9348246124999999
0 0.49811239687500003 0.12344110781249999 0.5063034562500001 0.078295353125 0.41071778437499995 0.061566840624999994 0.402526725 0.10671259375 0.49811239687500003 0.12344110781249999
0 0.5278656765624999 0.027080151562499998 0.5322428218749999 0.0030964984375000002 0.4212590453125 0.0024508140625 0.4201858625 0.008365753125 0.5278656765624999 0.027080151562499998
0 0.4623840796875 0.290106759375 0.46558599687499996 0.2503405421875 0.41201057187499995 0.24257646406250002 0.393913259375 0.36977893125 0.40685562031250005 0.3729372234375 0.406746078125 0.38015113125 0.41469929531250005 0.3886889609375 0.4348562 0.39199876875 0.44801765 0.38072925 0.4623840796875 0.290106759375
0 0.45167948124999996 0.04453090625 0.45050263125 0.0650002203125 0.5763236593750001 0.086693446875 0.5848339734375 0.0395338578125 0.46707570781249996 0.01916455625 0.4620771875 0.0441719796875 0.45167948124999996 0.04453090625
0 0.5605612921875001 0.2122130625 0.5677945890625 0.17310880625 0.439957871875 0.15108459999999999 0.434421009375 0.19253366875 0.5605612921875001 0.2122130625
0 0.3537469265625 0.94276815625 0.3393178390625 0.942465121875 0.33889841875000004 0.9320649765625 0.32277289374999996 0.929417128125 0.314053271875 0.9786086015625 0.3560712578125 0.9855080515625 0.3600037078125 0.9489611734375 0.3537469265625 0.94276815625
0 0.39469924375 0.945360109375 0.394599078125 0.9329461296874999 0.37125901093749997 0.9301467640625001 0.3632156453125 0.9866811765625 0.41010310156249996 0.9943802015625 0.412292740625 0.9844084703125 0.409219121875 0.9777050078125 0.41273091562499997 0.9555528437499999 0.4101862609375 0.9520356234375 0.404777696875 0.9470150140625 0.39469924375 0.945360109375
0 0.4812827234375 0.262216128125 0.463075865625 0.396632503125 0.5206826718750001 0.40505854531249996 0.5356876109375001 0.3104083875 0.538889528125 0.27064216874999997 0.4812827234375 0.262216128125
0 0.4573887109375 1 0.46312317812500003 0.9638273671875 0.45888208593749996 0.9579653328125 0.4450915078125 0.953634634375 0.44435283124999997 0.94524831875 0.4250441453125 0.9431109171875001 0.4176326671875 0.995616575 0.444327946875 1 0.4573887109375 1
0 0.561005859375 0.3920502765625 0.560257809375 0.40329185 0.5648181531249999 0.4071400515625 0.584655803125 0.41246369375 0.5958015624999999 0.4008631921875 0.61527605625 0.2780193734375 0.5588367234375 0.26875190625 0.5379850453125 0.3872370796875 0.561005859375 0.3920502765625
0 0.5878888390625 0.0854930921875 0.5810749609375 0.13499749375 0.6257394046875 0.1402652421875 0.629460909375 0.1233131515625 0.6313858109375 0.091602265625 0.5878888390625 0.0854930921875
0 0.629689375 0.08925745 0.63564565625 0.058208529687499996 0.594483628125 0.05041650156250001 0.5888466 0.0794515921875 0.629689375 0.08925745
0 0.6556179984375 0.22575533281250001 0.662851296875 0.18665107812499998 0.5854068406249999 0.17290139375 0.5778542890625 0.2140194828125 0.6556179984375 0.22575533281250001
0 0.5090927375 1 0.5135154390625 0.9721018906250001 0.5092743484375 0.96623985625 0.4931488234375 0.963592009375 0.48815968125 0.968971546875 0.4708666859375 0.967165125 0.46644197812500005 1 0.5090927375 1
0 0.5732057312500001 1 0.576640353125 0.9783346359375 0.574095696875 0.9748174140625 0.5666714453125 0.969465825 0.5545773015625 0.9674799374999999 0.5495881578125 0.9728594749999999 0.52826378125 0.9703910921875 0.5241886109375 1 0.5732057312500001 1
0 0.67915200625 0.044689815625000004 0.6816966609375 0.0482070375 0.722010471875 0.0548266578125 0.7258548421875 0.0337622296875 0.6824677609375 0.026637971875 0.67915200625 0.044689815625000004
0 0.6735056015625001 0.0933527921875 0.6800816359375 0.0975319734375 0.712332684375 0.10282766875 0.7195659828125 0.063723415625 0.6827545890625 0.0545795171875 0.6735056015625001 0.0933527921875
0 0.704351334375 0.15317350000000002 0.7139195765624999 0.11238639218749999 0.67509249375 0.10291151406250001 0.667539940625 0.1440296015625 0.704351334375 0.15317350000000002
0 0.7362988984375 0.34954798125000003 0.75385786875 0.2387871609375 0.7095126781250001 0.2315055796875 0.6947174484375 0.3313558109375 0.6887799218749999 0.323148959375 0.694316784375 0.281699890625 0.6548511921875 0.276252678125 0.6458119124999999 0.320226025 0.65227840625 0.331619115625 0.647170340625 0.36384044531250004 0.6398462546875 0.3709028359375 0.6352671546875001 0.40631040625 0.6755809640625 0.412930025 0.693330890625 0.3466250484375 0.7362988984375 0.34954798125000003
0 0.6598590890625 0.23161736875 0.6624037453125 0.2351345890625 0.6998536453125 0.240250821875 0.7078349953124999 0.18990499375 0.6675211859375 0.183285375 0.6598590890625 0.23161736875
0 0.7496167781249999 0.2329251234375 0.7562115671874999 0.1978485375 0.7170652296875 0.190387490625 0.710470440625 0.22546407968749999 0.7496167781249999 0.2329251234375
0 0.7275912359375 0.1435588828125 0.728858875 0.1551314359375 0.9062396375 0.1842577609375 0.9137921890625 0.143139671875 0.7335475171875 0.11250996093750001 0.7275912359375 0.1435588828125
0 0.6696062265625 1 0.6700006234375 0.98953209375 0.66745596875 0.986014871875 0.66035096875 0.9786494484375 0.650272515625 0.97699454375 0.6426291749999999 0.9860707671875 0.6270326140625 0.9866091593749999 0.6251895890625 1 0.6696062265625 1
0 0.764593584375 0.1971586265625 0.7584182140625 0.2426353625 0.79788380625 0.2480825734375 0.8045881406250001 0.205792078125 0.7879336515625 0.199957990625 0.764593584375 0.1971586265625
0 0.7332879359375 0.43377004531249996 0.7684028921875 0.44056912812500004 0.773921 0.43837583125 0.7764750312500001 0.4222651671875 0.7938336687499999 0.286676384375 0.7567030234375001 0.27954631874999997 0.7332879359375 0.43377004531249996
0 0.8960797734374999 0.130933103125 0.9039515796875 0.08780118125 0.8184443609375001 0.072727575 0.8105725546875 0.11585949843750001 0.8960797734374999 0.130933103125
0 0.8207793062500001 0.071044725 0.903422615625 0.08461494375 0.9055478484374999 0.0777320171875 0.9067502015625 0.06346565937500001 0.8236611453125 0.049822246875 0.8207793062500001 0.071044725
0 0.7194161890624999 1 0.7214601921875 0.9845512109375001 0.679978909375 0.9787730171875 0.6769481093749999 1 0.7194161890624999 1
0 0.8178497546875001 0.2069365375 0.810297203125 0.248054628125 0.8437157234375 0.2525088953125 0.849033496875 0.22548763906249997 0.8484043671875 0.20988741875 0.8178497546875001 0.2069365375
0 0.80241601875 0.310814434375 0.7828319796875001 0.44087216093750003 0.8243132624999999 0.4466503546875 0.845064771875 0.31575120156250003 0.8099498171875 0.30895211875 0.80241601875 0.310814434375
0 0.8991158828125 0.216148109375 0.8961424296875 0.22185862968749998 0.8707866718749999 0.21872828437499997 0.8466235328125 0.3841935796875 0.8396186999999999 0.38924213750000003 0.8284448093749999 0.459726296875 0.8306702093749999 0.4652573515625 0.845947515625 0.46673279062499995 0.8493497671875 0.45179453281250004 0.8584704562500001 0.45949093750000003 0.8665332187500001 0.4608148609375 0.8750247796874999 0.4529110453125 0.91205824375 0.2193064046875 0.8991158828125 0.216148109375