0 1 0.7789553109375 0.939237684375 0.8187160625000001 0.9788494906249999 0.8851583312500001 1 0.8724570296874999 1 0.7789553109375
0 1 0.533346278125 0.9151770406249999 0.5873288750000001 0.9159545828125 0.5841604515625 0.8888252046874999 0.543720778125 0.8148755937500001 0.5897498890625 0.8399455640625 0.6303456781250001 0.90822128125 0.590965646875 0.898428578125 0.597926959375 0.9008241968749999 0.6018913328125 0.8979872515625 0.605215871875 0.8249832890625 0.6501368046875 0.8202550437499999 0.6556777046875 0.8392519078125 0.685332440625 0.8468800968749999 0.6899366453125 1 0.5913748812499999 1 0.533346278125
0 1 0.47039494531250003 0.9603791953125 0.49372729218750006 0.9852810578125 0.5322628375 1 0.5236537296875 1 0.47039494531250003
0 0.9044631578125 0 0.8190382156249999 0.056676448437500006 0.99330628125 0.32587411718750003 0.9667162375 0 0.9044631578125 0
0 1 0.45052997031249997 0.9804901562499999 0.42275765937500004 0.9422649859375 0.44949473125 0.9671668453125 0.48803027656250003 1 0.46611151250000005 1 0.45052997031249997
0 0.876027784375 0.45036995468749996 0.888174 0.472252059375 0.8913471625 0.47304800937499997 0.9190020875 0.45644067499999996 0.9257897375 0.45074365937499994 0.9263991718750001 0.445514990625 0.9679656124999999 0.4216341109375 0.9687431546875 0.4184656875 0.9495781843750001 0.3867507078125 0.9441775078125 0.38405062968750003 0.9027791734375 0.4099917546875 0.913475415625 0.4268013078125 0.876027784375 0.45036995468749996
0 0.8799367171875 0.3713000921875 0.9022748500000001 0.40381101875000003 0.9406681296875 0.37913419375 0.9202212937500001 0.3444069046875 0.8799367171875 0.3713000921875
0 0.8535848828124999 0.32769199375 0.875923015625 0.36020292187499997 0.9162075921874999 0.3333097359375 0.89353324375 0.29667832031249997 0.8535848828124999 0.32769199375
0 0.7864643546875 0.5462979078125 0.8113662156249999 0.584833453125 0.8813651234375 0.5411768171875 0.858690775 0.5045454 0.7864643546875 0.5462979078125
0 0.7958376375 0.280244903125 0.8012383156249999 0.282944978125 0.8503699484375 0.2501986609375 0.8571575984375001 0.24450164375 0.8568213828125 0.24038115468750001 0.8379926281250001 0.21278666406250002 0.8325919515625 0.21008658750000003 0.799095025 0.23128275625 0.79848559375 0.2365114265625 0.8077318625000001 0.248248428125 0.7860870453125 0.26232716875 0.7958376375 0.280244903125
0 0.8745987 0.48364609375 0.85081059375 0.4460626125 0.8476374312500001 0.4452666625 0.76011251875 0.502689809375 0.7850143828125 0.5412253546875 0.8745987 0.48364609375
0 0.76767873125 0.1890950703125 0.7922443765625 0.22351012812499998 0.8306376562500001 0.1988333015625 0.8077951999999999 0.160141640625 0.76767873125 0.1890950703125
0 0.5184689859375 0.9970513328124999 0.5290964453125 0.9969895031249999 0.8603753125000001 0.97187646875 0.643629590625 0.6369357203125 0.390679453125 0.8001835984375001 0.5184689859375 0.9970513328124999
0 0.8071008624999999 0.41828126875000005 0.7994726734375 0.41367706406250004 0.7298099796875 0.4614541890625 0.753429978125 0.49697742343750007 0.758662546875 0.49761725625000003 0.8254882921875 0.4531646734375 0.8260977265625 0.44793600468749994 0.8071008624999999 0.41828126875000005
0 0.7801395953125 0.3799018390625 0.7708933265625 0.3681648375 0.7012306328125 0.4159419609375 0.7261324953125 0.45447750625000005 0.8108204609375 0.4003789015625 0.8115980015625001 0.397210478125 0.793883003125 0.3705680484375 0.7801395953125 0.3799018390625
0 0.6759305765625 0.055086984375 0.6984368171875001 0.0896581578125 0.7388895015625 0.064825215625 0.7163832625000001 0.030254042187500003 0.6759305765625 0.055086984375
0 0.6440719374999999 0.32491750937499997 0.6658006359375 0.36265710625 0.671033203125 0.3632969390625 0.7566668187500001 0.308090153125 0.7330468203125 0.272566915625 0.727814253125 0.271927084375 0.6440719374999999 0.32491750937499997
0 0.7536405375 0.37258218906249996 0.7442261609374999 0.3587849421875 0.7559101625 0.3496072703125 0.7405907875 0.32692921406250003 0.670591878125 0.3705858515625 0.6873612296875 0.398336459375 0.6975531484374999 0.40896527968749996 0.7508035921875 0.3759067296875 0.7536405375 0.37258218906249996
0 0.7194085218749999 0.2704913046875 0.72001795625 0.2652626359375 0.698793578125 0.2337037703125 0.6935610109375 0.2330639390625 0.615828803125 0.283525771875 0.63516188125 0.317300996875 0.6405625578125 0.32000107187500004 0.7096158171875 0.2774526171875 0.7194085218749999 0.2704913046875
0 0.5851900484375 0.2381696625 0.60897815625 0.2757531421875 0.6142107234374999 0.276392975 0.703795040625 0.2188137140625 0.6800069359375 0.1812302328125 0.676833775 0.180434284375 0.5851900484375 0.2381696625
0 0.62318445625 0.0943262703125 0.617783778125 0.0916261921875 0.52836756875 0.15126569843749998 0.54290940625 0.1771121765625 0.5531013234375 0.1877409984375 0.643631290625 0.12905355624999998 0.64440883125 0.1258851328125 0.62318445625 0.0943262703125
0 0.52021213125 0.7115906625 0.5233852921875 0.712386609375 0.5843690375 0.6725228624999999 0.57461844375 0.6546051281249999 0.5864705546875 0.6474877 0.598112446875 0.663189071875 0.6374513734375 0.6374040671875 0.6401202140625 0.6320192828125 0.6188958375 0.60046041875 0.61366326875 0.5998205859375 0.4965921328125 0.676067425 0.52021213125 0.7115906625
0 0.49995632968750003 0.107813715625 0.5234082171875001 0.14127670781249999 0.5286407875 0.1419165421875 0.5922933703125 0.096668009375 0.5710689921875 0.06510914375 0.5656683171875 0.06240906875 0.49995632968750003 0.107813715625
0 0.4736044953125 0.06420561875 0.4961107359375 0.09877678906250001 0.575734240625 0.046098596874999995 0.5532279984375 0.011527424999999999 0.4736044953125 0.06420561875
0 0.46820211875 0.5693877046875 0.30071748593750003 0.675368553125 0.29149210000000003 0.70198024375 0.29708177343750003 0.7450892578125 0.3190836890625 0.773479696875 0.49619291875 0.6584772906249999 0.5159464390624999 0.6466149109375 0.5243521671875 0.648050690625 0.591346021875 0.6056583515625 0.6129908375 0.591579609375 0.6136002687500001 0.5863509390625 0.5661921671875 0.513244221875 0.5560002484375001 0.5026154 0.46547028125 0.561302840625 0.46820211875 0.5693877046875
0 0.47630578593750006 0 0.44708455156250004 0.018537275 0.46753138749999995 0.0532645640625 0.55297975625 0 0.47630578593750006 0
0 0.4455066515625 0 0.4000455703125 0.0034462375 0.41558403281249995 0.026107684375000002 0.45521895625 0 0.4455066515625 0
0 0.2912829015625 0.42006975 0.30107526562500003 0.5146848687500001 0.31154040312500003 0.515964534375 0.31591120625 0.5695308828125001 0.32637634375 0.570810546875 0.32849874687499997 0.584124078125 0.36762745625000004 0.5811578749999999 0.36851010624999997 0.566580046875 0.394000515625 0.5615382328125 0.389251384375 0.528730440625 0.3993803046875 0.5258896156249999 0.3879068609375 0.41067205468749995 0.2912829015625 0.42006975
0 0.3911207765625 0.7928946859375 0.394735265625 0.7864017203125 0.404696078125 0.7815006515625 0.4113156203125 0.7737433890625 0.389313703125 0.7453529515625 0.371619590625 0.757059215625 0.36733267187499996 0.755311203125 0.35943126406250003 0.76005615625 0.3291075 0.7820482734375 0.35178185 0.818679690625 0.3911207765625 0.7928946859375
0 0.400938028125 0.9737773828125 0.37004694374999997 0.9761191218749999 0.3695005078125 0.994817434375 0.3251993734375 0.9981757421875 0.41221218125 0.9976695156250001 0.41163427031250005 0.9905869359375 0.400938028125 0.9737773828125
0 0.084575303125 0.26121256875 0.055743625 0.26339819375 0.0542936515625 0.2583256390625 0.095481765625 0.25520331875 0.0906696375 0.20892588281250002 0.0024668484375 0.2120003875 0.003709234375 0.3187708234375 0.0910055109375 0.314622803125 0.09762505625 0.30686554374999997 0.09409479062500001 0.2636004140625 0.084575303125 0.26121256875
0 0.1029767953125 0.439852471875 0.00519604375 0.4465468640625 0.006021196875 0.5174603765625 0.01183904375 0.5887609609375 0.014611003124999999 0.5885508296874999 0.011290959375 0.5224668953125 0.0193604734375 0.5197821874999999 0.0211887734375 0.5040961828125 0.0335452078125 0.5031594859374999 0.0356676109375 0.516473015625 0.0296575015625 0.5190016078124999 0.03217911875 0.5499052734375 0.028228415624999996 0.552277746875 0.0319267875 0.5976031203125001 0.1236543953125 0.5916860828125 0.1107730921875 0.4465169203125 0.1029767953125 0.439852471875
0 0.06453685625 0.152384390625 0.0018218593750000001 0.1565702765625 0.0023209828125 0.19946484375 0.063948309375 0.1959617515625 0.06678525625000001 0.1926372109375 0.0656085015625 0.178215503125 0.0711142875 0.169506178125 0.070273746875 0.1592049578125 0.06453685625 0.152384390625
0 0.1211569625 0.7691158687499999 0.1203164234375 0.758814646875 0.112520125 0.7521501984375 0.02542448125 0.7552572109375 0.0326301 0.8435656249999999 0.1175212484375 0.8388365734375001 0.1241407921875 0.8310793125 0.1253596578125 0.8206219750000001 0.11867711562500001 0.8149095890625 0.1134236609375 0.775921065625 0.1211569625 0.7691158687499999
0 0.0749062875 0.9592696453125 0.07028315156250001 0.9534011437500001 0.041671637500000004 0.9543741359375 0.045378509375 0.9998036921875 0.1254669734375 0.9993377515624999 0.1305311296875 0.99340320625 0.1293543734375 0.9789814968749999 0.122839940625 0.97532935625 0.12038132187499999 0.9578953390624999 0.0749062875 0.9592696453125
0 0.0386261609375 0.9170503046875 0.1232273703125 0.9097583281249999 0.118415240625 0.8634808921875001 0.034702090625 0.86895889375 0.0386261609375 0.9170503046875
0 0.1158456078125 0.725506896875 0.1237470140625 0.72076194375 0.1227383671875 0.708400478125 0.11511017812499999 0.7037962734375001 0.021727212500000002 0.7099453640625 0.025012770312499998 0.750211496875 0.116412928125 0.7451572765625001 0.1158456078125 0.725506896875
0 0.0948410109375 0.652707934375 0.09276071875 0.614515359375 0.0853006375 0.6119713984375 0.0141728828125 0.61736333125 0.0175350390625 0.658568215625 0.0948410109375 0.652707934375
0 0.0422184 0.9610749875 0.1280745953125 0.955475471875 0.12359868125 0.9133185218750001 0.038918723437500004 0.9206358187499999 0.0422184 0.9610749875