0 0.074326075 0.0097302515625 0.0748229046875 0.00043530625 0.0346346234375 0.00020149843749999997 0.035069876562500005 0.009501865625 0.074326075 0.0097302515625
0 0.18174005 0.014487539062499999 0.18245769375 0.0010615078125 0.133934553125 0.0007792078125 0.1342193890625 0.014211071875 0.18174005 0.014487539062499999
0 0.3718467359375 0.0114611765625 0.3719008265625 0.00216365625 0.2724455296875 0.0015850421875 0.2726731828125 0.0108842015625 0.3718467359375 0.0114611765625
0 0.5488042359375 0.0031928499999999997 0.5485056375 0.0114558546875 0.574326075 0.012639165625 0.619792640625 0.010837496875 0.621882796875 0.0067172859375 0.6384117218750001 0.0068134484374999995 0.6385445375 0.00371494375 0.5488042359375 0.0031928499999999997
0 0.999686084375 0.059775235937500004 0.999961428125 0.0124477078125 0.95243726875 0.0127727671875 0.95319986875 0.05926638125 0.97902030625 0.0604496921875 0.999686084375 0.059775235937500004
0 0.760012040625 0.059175539062500004 0.7837904015625 0.0562146 0.7840308078125 0.0148922859375 0.737549215625 0.013588770312500002 0.7362577203125 0.058004248437499996 0.760012040625 0.059175539062500004
0 0.8447107640624999 0.061734487500000004 0.89844179375 0.059980900000000004 0.897667171875 0.015553403125 0.8263801703125001 0.016171759375 0.827154790625 0.060599257812499994 0.8447107640624999 0.061734487500000004
0 0.627744575 0.0646045859375 0.639126240625 0.061571525 0.638363640625 0.0150779109375 0.5464034609375 0.01764218125 0.5471660625 0.06413579375 0.627744575 0.0646045859375
0 0.2826792125 0.066729428125 0.3632697453125 0.0651321046875 0.364573259375 0.018650509375 0.26437265781249997 0.0170344671875 0.263057121875 0.06558217656250001 0.2826792125 0.066729428125
0 0.1731991203125 0.06196011875 0.1744305125 0.027875220312499997 0.1713734109375 0.020625784375 0.12901202812499998 0.021412425 0.129810690625 0.061707692187499996 0.1731991203125 0.06196011875
0 0.9353313671875 0.11185015937500001 0.9993809546874999 0.11222278906250001 0.99966336875 0.06367994375 0.934568765625 0.0653565453125 0.9353313671875 0.11185015937500001
0 0.84441025625 0.11338738125 0.894009053125 0.11160975312500002 0.89323443125 0.0671822546875 0.8260916828125 0.0657585359375 0.8268542828125 0.11225215156249999 0.84441025625 0.11338738125
0 0.6370240640625 0.067757853125 0.5471420218749999 0.0682680265625 0.547904621875 0.11476164062500001 0.57992340625 0.1159810125 0.63985278125 0.11426348593749999 0.641072153125 0.082244703125 0.6369519421875001 0.080154546875 0.6370240640625 0.067757853125
0 0.7868234640625 0.0675962671875 0.7279331546875001 0.068286746875 0.728707778125 0.11271424375000001 0.7865590171875 0.1130508125 0.7868234640625 0.0675962671875
0 0.28147185937499997 0.09668209375 0.30109394843750004 0.09782934531250001 0.30305188125 0.1164364078125 0.3485064265625 0.1167008546875 0.37435090312499997 0.113751934375 0.3735642625 0.071390553125 0.2795499875 0.07187668593749999 0.28147185937499997 0.09668209375
0 0.0822179078125 0.07382792031249999 0.035724293750000004 0.07459052031249999 0.0365109359375 0.11695190312499999 0.084031596875 0.1172283703125 0.0822179078125 0.07382792031249999
0 0.877191640625 0.1611003671875 0.8792938171875001 0.154914040625 0.8875582796874999 0.154962121875 0.8887776515624999 0.12294333906249999 0.8794861421875 0.1218561890625 0.8774440671875 0.1177119375 0.8257791546875 0.11947754531250002 0.82759284375 0.1628779953125 0.877191640625 0.1611003671875
0 0.999080446875 0.16387568125000002 0.99934489375 0.1184211359375 0.9435597703124999 0.1180965875 0.940442565625 0.12117773125 0.9412292078125001 0.1635391125 0.999080446875 0.16387568125000002
0 0.7490684265625001 0.1644873390625 0.7831773656250001 0.1615865015625 0.7823907250000001 0.11922511875 0.719368184375 0.11989155781250001 0.7211818734375 0.1632920078125 0.7490684265625001 0.1644873390625
0 0.552739353125 0.17160987187500001 0.6395282328125 0.170048609375 0.6408437671875 0.1215009015625 0.550961725 0.122011075 0.5496461890625 0.170558784375 0.552739353125 0.17160987187500001
0 0.145798703125 0.1547790625 0.1912532484375 0.155043509375 0.193235221875 0.1695183390625 0.2510864609375 0.16985490781249998 0.251362928125 0.12233424687500001 0.179048878125 0.12191353593750001 0.1449399375 0.12481437343749999 0.145798703125 0.1547790625
0 0 0.1683941296875 0.0878633203125 0.16890530312500002 0.0881277671875 0.12345075781249999 0 0.12470045468749999 0 0.1683941296875
0 0.9990443859375 0.170074028125 0.9701187656249999 0.16990574375 0.970070684375 0.17817020625 0.9556078749999999 0.1780860640625 0.9524906703125 0.1811672078125 0.9533253937499999 0.2152641265625 0.9987799390625 0.2155285734375 0.9990443859375 0.170074028125
0 0.8709331921875 0.171394884375 0.824439578125 0.1721574859375 0.8252141999999999 0.2165849828125 0.8727348609375 0.21686144999999998 0.8709331921875 0.171394884375
0 0.251074440625 0.1719210234375 0.1591142609375 0.1744852921875 0.1598888828125 0.218912790625 0.2507979734375 0.219441684375 0.251074440625 0.1719210234375
0 0.6402667921874999 0.2206744546875 0.6395041921875 0.174180840625 0.5589256796875001 0.17371204843750002 0.549610128125 0.17675713125 0.5503727296875 0.22325074374999998 0.597893390625 0.2235272109375 0.6402667921874999 0.2206744546875
0 0.7800000609375 0.174998221875 0.733506446875 0.1757608234375 0.73428106875 0.2201883203125 0.7818017296875001 0.2204647875 0.7800000609375 0.174998221875
0 0 0.22831351249999998 0.0523907640625 0.2286183125 0.050577075000000006 0.1852178625 0 0.18581087031250001 0 0.22831351249999998
0 0.9582562859375001 0.255583434375 0.971680028125 0.2566946234375 0.9736740218750001 0.2691033375 0.9984674109375 0.26924758125000003 0.9987438781250001 0.2217269203125 0.978082721875 0.22160671718749997 0.9728994 0.224675840625 0.971824271875 0.231901234375 0.95632239375 0.232844140625 0.9582562859375001 0.255583434375
0 0.7838438046875 0.22460903906250002 0.706346434375 0.22725745156250002 0.7071330765625 0.2696188328125 0.7835793578125 0.270063584375 0.7838438046875 0.22460903906250002
0 0.8703562171874999 0.27056843750000004 0.8706206640625 0.2251138921875 0.8241270500000001 0.22587649375000002 0.8238866437500001 0.2671988078125 0.8269677874999999 0.2703160109375 0.8703562171874999 0.27056843750000004
0 0.626518503125 0.27534838906250003 0.6337679374999999 0.2722912859375 0.6309392218750001 0.2257856515625 0.5410451578125001 0.2283619421875 0.5418077593749999 0.27485555625 0.626518503125 0.27534838906250003
0 0.1732645421875 0.2282884421875 0.13091518124999998 0.22700896875 0.1296236859375 0.2714244453125 0.1719730484375 0.272703921875 0.1732645421875 0.2282884421875
0 0.376518503125 0.27389393281249996 0.3777979765625 0.2315445703125 0.374716834375 0.228427365625 0.273477165625 0.22783837031249998 0.274239765625 0.274331984375 0.316589128125 0.275611459375 0.376518503125 0.27389393281249996
0 0.0769317265625 0.2721509875 0.0862472765625 0.269105903125 0.0854365953125 0.2308767546875 0.03067851875 0.2315912734375 0.03147718125 0.271886540625 0.0769317265625 0.2721509875
0 0.9754396296875001 0.3207682515625 0.998166903125 0.320900475 0.9984398734375001 0.2739808640625 0.9746770281250001 0.2742746375 0.9754396296875001 0.3207682515625
0 0.277152625 0.30637480781250004 0.298840828125 0.307534078125 0.29977171406249997 0.32510207343749997 0.3762179953125 0.325546825 0.3764944625 0.2780261640625 0.302114296875 0.2775934328125 0.27416764374999997 0.28672867812499997 0.277152625 0.30637480781250004
0 0.5621563890625 0.3286947671875 0.6324163421875 0.3270373421875 0.63371985625 0.28055575 0.5417716984375 0.281053903125 0.5425342984375 0.3275475171875 0.5621563890625 0.3286947671875
0 0.7266950624999999 0.2810966640625 0.709139090625 0.2799614328125 0.7078235546875 0.3285091421875 0.7253795281250001 0.329644371875 0.7266950624999999 0.2810966640625
0 0 0.32955660937500003 0.02700838125 0.3297137390625 0.02815563125 0.3100916484375 0.046762692187499996 0.308133715625 0.0458798890625 0.2823012609375 0 0.2813690015625 0 0.32955660937500003
0 0.9981308421874999 0.327098821875 0.965072990625 0.326906496875 0.9516252078124999 0.3299275390625 0.9494749499999999 0.344378328125 0.9618596234375 0.346516565625 0.9627304078125001 0.3744151375 0.997854375 0.3746194828125 0.9981308421874999 0.327098821875
0 0.8666620375 0.3728231359375 0.8668904234375001 0.3335669375 0.8638213015625 0.3283836171875 0.827658265625 0.3292063203125 0.8273938187500001 0.374660865625 0.8325530984375 0.3757239734375 0.8666620375 0.3728231359375
0 0.6238513718750001 0.378642153125 0.6476297328125 0.3756812140625 0.6468671328125 0.32918759999999997 0.5425102578125001 0.3316797484375 0.543272859375 0.3781733609375 0.6238513718750001 0.378642153125
0 0.3242405546875 0.381031440625 0.37487841875 0.3782267640625 0.37412783906249997 0.3296670359375 0.27803542812500004 0.3322072640625 0.2798250765625 0.3797399453125 0.3242405546875 0.381031440625
0 0.17958841406249998 0.38432225 0.1827056171875 0.38124110624999996 0.1819430171875 0.33474749375 0.12925105625 0.3354740328125 0.1300016375 0.3840337625 0.17958841406249998 0.38432225
0 0.2149888484375 0.337005934375 0.1870902765625 0.3378767171875 0.1880211625 0.3554447125 0.21488066562500002 0.3556009765625 0.2149888484375 0.337005934375
0 0.775680825 0.38469093593750003 0.732280375 0.386504625 0.734106084375 0.427838959375 0.7847199093749999 0.42916651406249995 0.7841496328125 0.34961505000000004 0.73973415625 0.3483235546875 0.7395298109375 0.38344752187500003 0.775680825 0.38469093593750003
0 0.09188066875 0.366249403125 0.08887164843749999 0.3507355046875 0.022755946875 0.3503508546875 0.0196387421875 0.35343199687500004 0.020473465625 0.3875289171875 0.0907213984375 0.3879376078125 0.09188066875 0.366249403125
0 0.9686162265625 0.42817020625 0.997541846875 0.428338490625 0.9978151609375001 0.3813597609375 0.967853625 0.38167659375 0.9686162265625 0.42817020625
0 0.6793239671875 0.432685709375 0.6824411703125 0.42960456718750006 0.6816905906249999 0.3810448375 0.5422097499999999 0.383332640625 0.54296033125 0.43189236875 0.6793239671875 0.432685709375
0 0.8529137484374999 0.42749706875 0.8550399656250001 0.41717851093749997 0.88189946875 0.41733477499999994 0.8831308609375 0.3832498765625 0.824252575 0.3818742390625 0.8260422234375 0.4294069203125 0.8529137484374999 0.42749706875
0 0.26723605625 0.412725675 0.268154921875 0.432359784375 0.328072278125 0.4327083734375 0.37044567968750003 0.429855615625 0.3696830796875 0.383362003125 0.26739232031250004 0.38586617031250003 0.2672961578125 0.402395096875 0.26108579062500004 0.4044251515625 0.2610497296875 0.4106234984375 0.26723605625 0.412725675
0 0.17233897812500001 0.38737935156250003 0.129977596875 0.38816599375 0.12869812187500002 0.4305153546875 0.171047484375 0.43179482968749994 0.17233897812500001 0.38737935156250003
0 0.086577146875 0.3899796828125 0.021476471875 0.392700215625 0.022299174999999997 0.42886325156250005 0.0863487609375 0.42923588125 0.086577146875 0.3899796828125
0 0.9653187171875001 0.4622430859375 0.9828867125 0.46131219999999995 0.9869107609375 0.47993128125 0.9972413390625 0.4799913828125 0.997514753125 0.43299545000000006 0.9654870015625001 0.43331746562499995 0.9653187171875001 0.4622430859375
0 0.8546793562499999 0.47916198125 0.874325484375 0.47617700156250004 0.8724877546875 0.4369087828125 0.8260061625 0.43560526718750003 0.8267928031249999 0.47796665000000005 0.8546793562499999 0.47916198125
0 0.6356350296875 0.4840861765625 0.634872428125 0.4375925625 0.54500240625 0.4360366203125 0.5418852015625 0.4391177640625 0.5436868703125 0.48458433125000006 0.5839701171875 0.485851784375 0.6356350296875 0.4840861765625
0 0.7554697406249999 0.4847833546875 0.7833803328125 0.4818464546875 0.7826057125 0.43741895625 0.7340459828125 0.4381695375 0.7358476515625 0.4836361046875 0.7554697406249999 0.4847833546875
0 0.28644945625 0.4841208609375 0.37117222031249997 0.482547578125 0.3703975984375 0.438120078125 0.2474577046875 0.43843792812500004 0.24823232499999998 0.48286542656250003 0.28644945625 0.4841208609375
0 0.08626461875 0.4436986921875 0.0418371203125 0.4444733125 0.0426357828125 0.4847685796875 0.0860242125 0.48502100625000005 0.08626461875 0.4436986921875
0 0.8502466156249999 0.5307908343750001 0.8760910921875 0.527841915625 0.874277403125 0.48444146562499996 0.8277958109375 0.48313794843749996 0.8285584109374999 0.5296315640625 0.8502466156249999 0.5307908343750001
0 0.951474265625 0.5334459453125 0.9969288109375001 0.5337103921875 0.9972148640625 0.48454206875 0.9486575687500001 0.484874196875 0.951474265625 0.5334459453125
0 0.3667274609375 0.5362425453124999 0.37191077968749997 0.533173421875 0.371136159375 0.488745925 0.1862007734375 0.49076927968749995 0.18697539531250001 0.535196778125 0.3667274609375 0.5362425453124999
0 0.7822931843750001 0.491137965625 0.7275351078125001 0.49185248593750003 0.7283337703125 0.5321477515625 0.782052778125 0.5324602796875 0.7822931843750001 0.491137965625
0 0.5302150484375 0.4917376046875 0.5306891625 0.58781799375 0.5358484406249999 0.5888811031250001 0.6226373203125 0.5873198390625001 0.6237725515625 0.5697638671874999 0.6403134968749999 0.5677939140625 0.63859596875 0.5078645374999999 0.6251722281250001 0.506753346875 0.6211241390625 0.492266496875 0.5302150484375 0.4917376046875
0 0.088042246875 0.49329748906250004 0.035350285937499996 0.494024028125 0.0361249078125 0.5384515265625 0.089843915625 0.5387640546875 0.088042246875 0.49329748906250004
0 0.9780452828125 0.5831889859375 0.9966403234375001 0.5832971687499999 0.9969011421875 0.5384663562500001 0.97520454375 0.5387494687500001 0.9780452828125 0.5831889859375
0 0.3708356515625 0.5403988171874999 0.2850858390625 0.54093303125 0.2879025359375 0.5895047812499999 0.3705471640625 0.58998559375 0.3708356515625 0.5403988171874999
0 0.7848814953125001 0.5789659140625 0.7819926765625 0.5427908578125 0.7272346 0.543505378125 0.7270422765625 0.5765632296875001 0.7301113984375001 0.5817465484375 0.7714337125 0.5819869546875001 0.7848814953125001 0.5789659140625
0 0.88735255625 0.545470009375 0.8305283640625 0.5461725093750001 0.8313270265625 0.586467775 0.8871121499999999 0.5867923234375 0.88735255625 0.545470009375
0 0.05852763125 0.5943688734375 0.09057045625 0.5914560140625 0.08981987500000001 0.5428962859375 0.047458493750000004 0.5436829265625 0.04717000625 0.593269703125 0.05852763125 0.5943688734375
0 0.18486119843749999 0.5434492203125 0.130103121875 0.5441637390625 0.13087774218749998 0.5885912375 0.1845967515625 0.588903765625 0.18486119843749999 0.5434492203125
0 0.9767057078124999 0.6358689265625 0.9963283671875001 0.636917790625 0.9966049703125 0.589373978125 0.9769701546875 0.59041438125 0.9767057078124999 0.6358689265625
0 0.5913210359375001 0.6429246578125001 0.6450520656250001 0.6411710703125 0.6463676015625001 0.5926233625 0.5461549781249999 0.593073434375 0.5469055593750001 0.6416331640624999 0.5913210359375001 0.6429246578125001
0 0.7731873 0.6357179828125 0.7887011984375001 0.6327089625 0.78686346875 0.59344074375 0.742447990625 0.5921492484375 0.7432346328125 0.63451063125 0.7731873 0.6357179828125
0 0.33925492031250004 0.64145818125 0.37129774531250004 0.638545321875 0.37053514375 0.592051709375 0.26616625 0.596609971875 0.266952890625 0.6389713546875 0.33925492031250004 0.64145818125
0 0.209354078125 0.59524635625 0.12979059375 0.597882746875 0.1305892546875 0.6381780140625 0.2091016515625 0.6386347859375 0.209354078125 0.59524635625
0 0 0.63919435 0.0107425234375 0.6395469515625 0.0078897671875 0.5971735484375 0 0.5968885125 0 0.63919435
0 0.09129699531249999 0.644147975 0.09157346250000001 0.5966273140625 0.050251148437500004 0.5963869078124999 0.0450678296875 0.5994560296875 0.04584245 0.643883528125 0.09129699531249999 0.644147975
0 0.9712338984375 0.688524825 0.9960272874999999 0.68866906875 0.9962936328125 0.6428882953125 0.970459278125 0.644097328125 0.9712338984375 0.688524825
0 0.6323548625 0.6927518421875 0.656133225 0.6897909015625 0.6533045078125 0.6432852671875 0.54688151875 0.6457653953125 0.54764411875 0.6922590093750001 0.6323548625 0.6927518421875
0 0.7873255609375 0.6915872484375 0.7886290765624999 0.6451056562499999 0.7442135984375 0.6438141609375 0.7410963953125 0.6468953046875 0.7408439687499999 0.690283734375 0.7873255609375 0.6915872484375
0 0.910433740625 0.6623437812499999 0.9074367390625 0.644763765625 0.8258191593750001 0.645322021875 0.8277290109375001 0.672193546875 0.8380475687500001 0.6743197640624999 0.837975446875 0.6867164578125 0.8410565890624999 0.6898336609375 0.9092384078125001 0.69023033125 0.910433740625 0.6623437812499999
0 0 0.6990181984375 0.01659228125 0.69950036875 0.04863510625 0.696587509375 0.046857478125000004 0.6469887125 0 0.647376034375 0 0.6990181984375
0 0.0922879828125 0.651385390625 0.0561369671875 0.650141978125 0.0548454734375 0.6945574546875 0.0909964875 0.6958008687499999 0.0922879828125 0.651385390625
0 0.8966373687500001 0.7252821765624999 0.9079949953125 0.726381346875 0.9109919953125001 0.7439613609375 0.9957113859375 0.742968040625 0.9959835218749999 0.6961918500000001 0.909202346875 0.6964286796875 0.9080671171875 0.713984653125 0.8946313546875 0.714939578125 0.893568246875 0.7200988578125 0.8966373687500001 0.7252821765624999
0 0.5576501484375 0.7481042343750001 0.667178321875 0.7446090796875 0.6684938578125 0.6960613718750001 0.5331572687499999 0.6963071000000001 0.5338958296875 0.74693294375 0.5576501484375 0.7481042343750001
0 0.7934998671875 0.6957555421875 0.7180806343749999 0.6963498593749999 0.7189874781250001 0.7180500828125 0.7447958953125 0.7212995109375 0.745666678125 0.7491980828125 0.7931873390625 0.74947455 0.7934998671875 0.6957555421875
0 0.32831130625 0.74676998125 0.382042334375 0.7450163937500001 0.38334585 0.6985348 0.271775603125 0.697885703125 0.27252618281249996 0.7464454328125 0.32831130625 0.74676998125
0 0.148655403125 0.7291952875 0.1600130296875 0.7302944578125 0.1609439140625 0.7478624515625001 0.25599725625 0.7463492703125 0.257300771875 0.6998676765625 0.1281625296875 0.700149465625 0.12684699531250002 0.7486971734375001 0.146469084375 0.749844425 0.148655403125 0.7291952875
0 0.9953754437500001 0.8007115718750001 0.9956926812500001 0.7461829843750001 0.8272842593749999 0.748639828125 0.8280107984375 0.8013317875 0.8837959218749999 0.8016563359375001 0.9953754437500001 0.8007115718750001
0 0.30730155937500003 0.8065671328124999 0.3899582078125 0.8049818296875 0.39129778437499996 0.7523018890625 0.25803933125 0.750493521875 0.25875385156249997 0.805251596875 0.30730155937500003 0.8065671328124999
0 0.6650521046875 0.7549276375 0.5328086796875 0.7562244546875 0.5314931453125 0.8047721624999999 0.5511152328125 0.8059194125 0.6916471625 0.800538446875 0.6929146171875 0.7602552015625 0.6898334734375 0.7571379968749999 0.6650521046875 0.7549276375
0 0.7910851625 0.7556608765624999 0.7518289640625 0.755432490625 0.7517929031249999 0.7616308375 0.7362910265625 0.76257374375 0.737113728125 0.798736778125 0.7515885578125 0.7967548046874999 0.7536306328125 0.8008990562499999 0.790820715625 0.8011154218750001 0.7910851625 0.7556608765624999
0 0.251792903125 0.7587219234375 0.1681092078125 0.7592681578125 0.1688718078125 0.8057617718750001 0.2535825515625 0.8062546046874999 0.251792903125 0.7587219234375
0 0 0.8073551609375 0.010807946875 0.805875275 0.010033325 0.761447778125 0 0.7616602734375 0 0.8073551609375
0 0.9942160171875001 1 0.9942762296875 0.989650475 0.987046928125 0.989246834375 0.987239253125 0.9561889828125001 0.9852572796875 0.9417141515624999 0.980122040625 0.9365188109375 0.8282445062500001 0.9387344921875 0.8298224843750001 1 0.9268641593750001 1 0.9271175515625 0.9909643609375 0.9632805859375001 0.9901416578125 0.9634422859375 1 0.9942160171875001 1
0 0.62444963125 0.9861042109374999 0.7277554171875 0.9867052265625 0.7269807968750001 0.9422777296874999 0.5895901109375 0.9404453187499999 0.5379251984375 0.942210928125 0.5348079953125 0.9452920718750001 0.5335044796874999 0.991773665625 0.578959025 0.9920381109375 0.585205453125 0.9838097093749999 0.589337684375 0.98383375 0.6016862984375 0.992170334375 0.6182152234375 0.992266496875 0.62444963125 0.9861042109374999
0 0.79206945 0.9416233093749999 0.74144360625 0.942361871875 0.74220620625 0.988855484375 0.7917929828125 0.989143971875 0.79206945 0.9416233093749999
0 0.258711090625 0.9901749640625 0.3703053796875 0.9866918296874999 0.369530759375 0.94226433125 0.2548553265625 0.9426302625 0.2535518125 0.9891118546875 0.258711090625 0.9901749640625
0 0.1732257265625 0.9452546328125001 0.1329424796875 0.9439871796875 0.13166300625 0.9863365406250001 0.1719462515625 0.9876039953125 0.1732257265625 0.9452546328125001
0 0.0957403765625 0.9458369296875 0.039955253125 0.94551238125 0.028573587499999997 0.9485454421874999 0.028381262499999997 0.9816032937499999 0.031390282812499996 0.9971171921875 0.09543986875 0.9974898218750001 0.0957403765625 0.9458369296875
0 0.787597453125 1 0.78764873125 0.991186046875 0.73289065625 0.9919005671875001 0.7328435343749999 1 0.787597453125 1