0 0.8072308343750001 0.029519071875000004 0.803456584375 0.06753282187500001 0.9412121875 0.082002671875 0.9458710203124999 0.0440818375 0.8072308343750001 0.029519071875000004
0 0.247160140625 0 0.2460620015625 0.011060318750000001 0.26590053125 0.0100298171875 0.26689635625 0 0.247160140625 0
0 0.6180738875 0.009650025 0.6153197078125 0.0373897890625 0.66672105 0.0427889875 0.670432359375 0.015149759374999999 0.6180738875 0.009650025
0 0.7206023953125 0.0650584984375 0.75668534375 0.0678105375 0.7596355781249999 0.02763400625 0.7235526296875 0.024881965625 0.7206023953125 0.0650584984375
0 0.4728877140625 0.0909442171875 0.48542805156249996 0.090185228125 0.48994818437500004 0.08650756875 0.557797959375 0.093634509375 0.5628042468750001 0.053673946875 0.555914078125 0.0498358625 0.44488717656250004 0.038173596875 0.4419210203125 0.0575861875 0.43740088593750004 0.06126384687500001 0.4341207515625 0.0733766625 0.4406028953125 0.081324340625 0.46527553906249997 0.0839159546875 0.4728877140625 0.0909442171875
0 0.9304616843750001 0.1379696765625 0.9302258312499999 0.0984965921875 0.8040845453125 0.08213237031250001 0.7993922359375001 0.1293927078125 0.9248115171875 0.14256675000000002 0.9304616843750001 0.1379696765625
0 0.710369884375 0.12627048125 0.751490959375 0.130589840625 0.7564972484375 0.0906292765625 0.714450153125 0.08517453593749999 0.710369884375 0.12627048125
0 0.58909455 0.15505625781250001 0.654888271875 0.16196723125 0.6586863984375 0.155099390625 0.66317469375 0.10989385 0.6480603125 0.10519189531249999 0.5946029125 0.0995767296875 0.58909455 0.15505625781250001
0 0.796834109375 0.14469570468749998 0.7914197921875 0.1887658625 0.9102628859375 0.2054015953125 0.9184870984375 0.2062654671875 0.9294734546875001 0.189771546875 0.9202132546874999 0.17841771875 0.9211233546875001 0.1587891609375 0.796834109375 0.14469570468749998
0 0.7003413859375 0.18542766718749998 0.745778584375 0.18812416406250002 0.750784871875 0.1481636 0.70462566875 0.1422769234375 0.7003413859375 0.18542766718749998
0 0.43019820937500003 0.18611900312500002 0.48365560625 0.19173416875 0.4924918625 0.18643364843750002 0.549857353125 0.19453554687500002 0.5550676546875 0.1525201859375 0.5420093265625 0.148034196875 0.5029443062500001 0.1439308078125 0.4961641046875 0.149447296875 0.4324264359375 0.14275229218750002 0.4245162015625 0.14918819375 0.423496134375 0.15946218125 0.4309042953125 0.168545240625 0.43019820937500003 0.18611900312500002
0 0.7904156453125 0.21980379062500002 0.78490728125 0.2752833171875 0.9082705078125001 0.2882413921875 0.9145008765625 0.2359520453125 0.88273405 0.23157714375 0.882106090625 0.21697759374999998 0.8656576625 0.21524985000000002 0.8642136484374999 0.20886949062500001 0.856193446875 0.205950821875 0.8459131765624999 0.2048709828125 0.8432450828125001 0.21081940625 0.826796653125 0.20909166250000003 0.8233125046875 0.22325927812500002 0.7904156453125 0.21980379062500002
0 0.6946449296874999 0.2637259328125 0.7368960375 0.26712587656250003 0.7404583140625001 0.220784953125 0.69820720625 0.217385009375 0.6946449296874999 0.2637259328125
0 0.6062346171875 0.2544393140625 0.6445776328124999 0.2553525234375 0.64752786875 0.2151759921875 0.6093888671875 0.212207984375 0.6062346171875 0.2544393140625
0 0.5514113328125 0.210270478125 0.4273261 0.19412222343750002 0.424563959375 0.21148001718749998 0.4177837578125 0.21699650468749998 0.4165596765625 0.2293252890625 0.42324583125000004 0.23521817031249997 0.43537814218750004 0.238568775 0.544348990625 0.2500150734375 0.5479431046875 0.24520203281250003 0.5514113328125 0.210270478125
0 0.3930200046875 0.49780028906249996 0.475058140625 0.5084938015625 0.49674871249999997 0.5097340671875 0.5004209546875 0.4727477140625 0.44398148437499996 0.4657811984375 0.438629375 0.45691410625 0.6193580937500001 0.47797407812500003 0.62538445 0.42773952968750006 0.4087767984375 0.4018727203125 0.39860649531250003 0.4101474515625 0.3926901046875 0.46973657500000005 0.3861139171875 0.47319826562499995 0.3844818109375 0.48963664375000004 0.3930200046875 0.49780028906249996
0 0.708208271875 0.5246789859375001 0.8893450171874999 0.5416293640625 0.895559465625 0.468576075 0.713700715625 0.4484355171875 0.708208271875 0.5246789859375001
0 0.8605935718750001 0.716126709375 0.77310928125 0.707975471875 0.768102990625 0.7479360359375 0.79349764375 0.75371783125 0.8551792562499999 0.7601968671875 0.8605935718750001 0.716126709375
0 0.4910218875 0.6824974640625 0.4336563953125 0.674395565625 0.4299523140625 0.6698540359375 0.3744388609375 0.664022903125 0.36962066718750003 0.681164728125 0.362840465625 0.6866812171875 0.3616163859375 0.69901 0.3680985265625 0.706957678125 0.47069720156250006 0.7198108703125 0.4862196109375 0.7204032312499999 0.4910218875 0.6824974640625
0 0.48458750312500004 0.7368416109375 0.4281480328125 0.72987509375 0.42279592499999996 0.721008 0.36728247187499996 0.7151768671875 0.36452033125 0.7325346609375 0.3577401296875 0.7380511484375 0.3542559828125 0.7522187609375 0.3588860828125 0.7578956765625 0.373074446875 0.7614622484375 0.47998924218749994 0.7726925796875 0.48458750312500004 0.7368416109375
0 0.375382271875 0.821915240625 0.4514562609375 0.829906053125 0.45727860312499996 0.7817263015625 0.40104314375000005 0.7727049874999999 0.36588621718750003 0.77108833125 0.358415846875 0.8149425203125 0.375382271875 0.821915240625
0 0.62339648125 0.9185583703125 0.6398449125 0.9202861125 0.6424030390625 0.9049831156250001 0.637568925 0.901361 0.6149523343750001 0.898985353125 0.6103381531250001 0.9140723828124999 0.62339648125 0.9185583703125
0 0.4990291078125 0.9366382218749999 0.5668788828125 0.9437651625000001 0.5724972109375 0.8976402078125 0.561494934375 0.8933701875000001 0.552250653125 0.902780303125 0.5510106546875 0.8943451453125 0.49755325624999996 0.88872998125 0.49499512812499996 0.9040329781249999 0.49027098125 0.9097654328125 0.4886388734375 0.9262038109375 0.4932689734375 0.9318807234375001 0.49758509375 0.9302578625000001 0.4990291078125 0.9366382218749999
0 0.33997504218749997 0.8960545734375 0.3387509609375 0.9083833578125 0.346881128125 0.920656596875 0.39622641875000003 0.9258398265625001 0.40074655468750003 0.9221621687500001 0.46859632656250005 0.9292891093750001 0.47239445625 0.9224212703125 0.476066696875 0.88543491875 0.42785144218750004 0.879332275 0.426109365625 0.8864160812499999 0.42086722656250003 0.8869035593750001 0.41140301093750004 0.87760453125 0.34972139687500003 0.8711254937499999 0.3467552421875 0.8905380859375001 0.33997504218749997 0.8960545734375
0 0.7369815125 0.9149176390625 0.7336232515625001 0.959203765625 0.8072331593750001 0.9710882046875 0.8433161078125 0.97384024375 0.8480243359375 0.9473438468750001 0.8358920265625001 0.9439932437499999 0.8365981140625 0.92641948125 0.7369815125 0.9149176390625
0 0.558970221875 1 0.5630807546875001 0.950633003125 0.5354260359375 0.9466900375 0.5183655640625 0.9511266859375 0.4011705015625 0.938816515625 0.38492608281249996 0.935033975 0.377517921875 0.9259509125 0.3309506921875 0.9241738328125001 0.3285025296875 0.9488314000000001 0.31914828281249996 0.9488869421875 0.311034034375 0.9573776421875 0.309605940625 0.9717612250000001 0.314236040625 0.9774381375000001 0.32225624218750004 0.98035680625 0.3227212421875 0.9835199906250001 0.47961393750000003 1 0.558970221875 1
0 0.8423300875 1 0.8447601203125 0.9802206046874999 0.75131168125 0.9693666671875001 0.74827020625 1 0.8423300875 1