0 0.86477846875 0.06390209218750001 0.862925821875 0.092888128125 0.9702446140625 0.110562559375 0.9773523359375 0.0650842671875 0.8677468140625001 0.04703323125 0.86477846875 0.06390209218750001
0 0.5761787468749999 0 0.5691918359375 0.0455976640625 0.612144259375 0.053756396875 0.6760150484375 0.059935906250000004 0.684580053125 0.016867328125 0.5821619796874999 0 0.5761787468749999 0
0 0.365499890625 0 0.3614872359375 0.0200694625 0.3897096296875 0.025802290625 0.40604837031249996 0.025238560937499998 0.40926494843750005 0 0.365499890625 0
0 0.4529398484375 0 0.44776312812499997 0.034278318749999995 0.4507340421875 0.0358524578125 0.49319088593749993 0.040675 0.4969038859375 0.038031925 0.5035826625000001 0.0000769890625 0.5031703203125 0 0.4529398484375 0
0 0.6666170015625 0.12564929687499998 0.6742843703125 0.075923740625 0.5632525765625 0.060892384375 0.55595625 0.10850933437500002 0.5585561234374999 0.11219208124999999 0.5753904421875 0.11496454062499999 0.6666170015625 0.12564929687499998
0 0.1755753296875 0.049118618749999995 0.17656649062500002 0.055790998437499996 0.2733638328125 0.0717326421875 0.283389703125 0.070129240625 0.2910570703125 0.020403684375 0.18373827812500002 0.0027292515625 0.17841656875 0.0083619609375 0.1645531609375 0.007163640625 0.1608452984375 0.046692715625 0.1755753296875 0.049118618749999995
0 0.6643907421875 0.13830094375 0.5651180671875 0.1241213484375 0.5590568390625 0.15241427031250002 0.54606005625 0.152443534375 0.5435872921875 0.172648584375 0.6551146640625001 0.19101613125 0.6643907421875 0.13830094375
0 0.27349607656249997 0.13250644218750002 0.282896690625 0.08523605 0.172606984375 0.06598747968749999 0.1693895640625 0.07196674374999999 0.1555261578125 0.070768425 0.150951671875 0.10906991875000001 0.1535515421875 0.112752665625 0.222622071875 0.1262976703125 0.27349607656249997 0.13250644218750002
0 0.4500022296875 0.1138416734375 0.43997636093750003 0.115445078125 0.43391770156250004 0.16218100156249998 0.43688861562500003 0.16375514062500002 0.4751368796875 0.1678845671875 0.48095416875 0.1655880515625 0.48577516093749995 0.11973315 0.4500022296875 0.1138416734375
0 0.34206845625 0.12427225625 0.3176835984375 0.12134115000000001 0.3144687484375 0.145763415625 0.3460331 0.150961778125 0.3855190296875 0.1542101796875 0.391702225 0.1129190515625 0.3471410921875 0.10774995312499999 0.34206845625 0.12427225625
0 0.5608029296875 0.2470844390625 0.647820909375 0.25707608125000003 0.6558593187499999 0.2052419171875 0.547302859375 0.188448509375 0.5388934062499999 0.24239128124999998 0.5608029296875 0.2470844390625
0 0.268306609375 0.19891294843750001 0.27412390000000003 0.19661643125 0.279811515625 0.151989115625 0.14315719843750002 0.1349076765625 0.136231915625 0.1804160171875 0.1602457296875 0.1854557328125 0.268306609375 0.19891294843750001
0 0.48108127500000003 0.1894758484375 0.4360245609375 0.180970559375 0.42736603124999994 0.224023734375 0.4720517046875 0.23463763124999998 0.48108127500000003 0.1894758484375
0 0.37104578125 0.2180028734375 0.3784666421875 0.17583072187499998 0.3305635515625 0.17119609062500002 0.32425581875 0.2070424171875 0.3268556890625 0.2107251640625 0.37104578125 0.2180028734375
0 0.45547159531250003 0.2796407671875 0.46041712500000004 0.239230665625 0.42043561250000006 0.23264607499999998 0.41461832187500003 0.2349425921875 0.411281503125 0.272363059375 0.45547159531250003 0.2796407671875
0 0.658715971875 0.275143259375 0.5341918125 0.2568049765625 0.5268954890625 0.304421925 0.57739845 0.31273930625 0.6387939046875 0.3206808625 0.6426288734375001 0.3050395859375 0.65562565625 0.3050103234375 0.658715971875 0.275143259375
0 0.1768412515625 0.251110596875 0.2491291984375 0.25867633749999996 0.25605448124999997 0.2131679953125 0.14923126874999998 0.1988297546875 0.1423059859375 0.24433809687500002 0.1768412515625 0.251110596875
0 0.3611521546875 0.280380075 0.36696430625 0.24119755625 0.32066992499999997 0.233573290625 0.316956925 0.23621636562499998 0.31238243906249996 0.274517859375 0.3237705125 0.2774782296875 0.3611521546875 0.280380075
0 0.332441884375 0.32664005625 0.361406365625 0.32815567031250004 0.3643721421875 0.292843809375 0.3227819203125 0.28924885 0.3168452296875 0.3229865703125 0.332441884375 0.32664005625
0 0.629512690625 0.3365100515625 0.5272691 0.32075631875 0.519972775 0.3683732671875 0.6230829890625 0.38535458437500003 0.629512690625 0.3365100515625
0 0.132412359375 0.306715296875 0.1337745625 0.3112790703125 0.18006894375 0.31890333437499996 0.23936010937500002 0.3264983375 0.247027478125 0.2767727796875 0.1405753078125 0.26032593125000003 0.139833221875 0.264543146875 0.12349448125 0.2651068765625 0.11768232812499999 0.3042893953125 0.132412359375 0.306715296875
0 0.446447159375 0.361688553125 0.45263035625 0.320397425 0.414753134375 0.3141593921875 0.4068315546875 0.31610935156250003 0.399781734375 0.35617289531249996 0.41958696875 0.3605194953125 0.446447159375 0.361688553125
0 0.614922609375 0.45018695 0.62085673125 0.3980062296875 0.532105503125 0.385559421875 0.5283925046875 0.388202496875 0.521962803125 0.437047028125 0.5670195171875 0.4455523171875 0.614922609375 0.45018695
0 0.24134242968750003 0.33984309687500003 0.12820634687500002 0.3244651828125 0.1222722265625 0.37664590468750003 0.18750521874999998 0.3873891859375 0.253109253125 0.3960238609375 0.25917048125000003 0.3677309359375 0.236023290625 0.36391880468750004 0.24134242968750003 0.33984309687500003
0 0.39125031250000003 0.42311386874999996 0.4349448234375 0.42705538593750003 0.4401368578125 0.37909188125000004 0.4085725078125 0.37389351875 0.3985466375 0.375496921875 0.39125031250000003 0.42311386874999996
0 0.31128728906249997 0.4099446828125 0.33814748125 0.4111137421875 0.3421044171875 0.3824742609375 0.2942013265625 0.3778396296875 0.2914820546875 0.4055980859375 0.31128728906249997 0.4099446828125
0 0.5348453234375 0.50534496875 0.607133271875 0.5129107078125 0.6148006406250001 0.46318515312499997 0.503768846875 0.44815379687499995 0.49610147812500005 0.4978793515625 0.5348453234375 0.50534496875
0 0.22984009374999997 0.40520993125000004 0.103211646875 0.3865250890625 0.09343998906249999 0.43590408593749996 0.13007954375 0.443023146875 0.23603613281250002 0.45613380625 0.24073515625000003 0.423277109375 0.228480459375 0.419089159375 0.22984009374999997 0.40520993125000004
0 0.3225611 0.481232259375 0.33679555 0.48032197187500003 0.342483165625 0.435694653125 0.297055409375 0.42929797187499996 0.290130125 0.47480631406249996 0.3225611 0.481232259375
0 0.4296256828125 0.4511310953125 0.38382688125 0.4468430203125 0.3776436859375 0.4881341453125 0.4239380671875 0.49575841093750006 0.4296256828125 0.4511310953125
0 0.52297194375 0.5728204109374999 0.6120942140625 0.5831586093750001 0.6205036671874999 0.5292158390624999 0.496475090625 0.5142137453125 0.4863323890625 0.5657013515625 0.52297194375 0.5728204109374999
0 0.20683285156250003 0.5175005968749999 0.20943015312500002 0.5027403453125 0.19717545625 0.49855239375 0.20187448125000002 0.4656956984375 0.1240157484375 0.45287307187500003 0.111018965625 0.4529023328125 0.1074305015625 0.46099020625 0.0914628046875 0.45944532968749996 0.0881259859375 0.49686579531249997 0.10285601562499999 0.49929169843750004 0.10421822031250001 0.503855471875 0.1841812421875 0.51702465625 0.20683285156250003 0.5175005968749999
0 0.428024678125 0.5094497265625 0.37591300781250003 0.50412198125 0.3707209734375 0.5520854875000001 0.41911964375000005 0.560056309375 0.428024678125 0.5094497265625
0 0.7788287078125 0.613872840625 0.7722744703125 0.6572725765625 0.9679734453125001 0.689502421875 0.9755188468749999 0.65277506875 0.9740321046875 0.642766496875 0.89159375 0.6313593625 0.88763424375 0.64155584375 0.875008503125 0.6394764984375 0.8747594296875001 0.6285869046875 0.7788287078125 0.613872840625
0 0.49079775000000003 0.6326130625 0.5820243078125 0.64329781875 0.5904337640625 0.5893550484375 0.48571484062500003 0.575363365625 0.47730538593749994 0.6293061359375 0.49079775000000003 0.6326130625
0 0.0769946921875 0.5601240234375 0.08962043125 0.5622033671875 0.0909826359375 0.566767140625 0.1961971390625 0.5840950140625 0.20473113125000003 0.5355970421875 0.09951662812499999 0.5182691671875 0.0831778875 0.518832896875 0.0769946921875 0.5601240234375
0 0.3785282890625 0.61846273125 0.4095970609375 0.620324903125 0.41404700937500005 0.5765786125 0.3661439171875 0.5719439796875 0.3608273453125 0.6144626875 0.3785282890625 0.61846273125
0 0.30908671718749997 0.607026334375 0.316261075 0.5724075875 0.314032246875 0.566616234375 0.27491735781250004 0.5612592234375 0.26910520625 0.6004417421875 0.30908671718749997 0.607026334375
0 0.8974187453125 0.684391846875 0.8574372328125 0.6778072546875 0.8527356421875 0.6922209484375 0.8380056109374999 0.689795046875 0.8384986234375 0.6746882375000001 0.7699236734375 0.6644794218750001 0.7629983921875 0.7099877640625001 0.8892557968749999 0.7307812124999999 0.8974187453125 0.684391846875
0 0.53350366875 0.6483252015625001 0.467528590625 0.6417991328125 0.45986122187499995 0.6915246890625 0.46704071562499994 0.69379194375 0.570893015625 0.70655604375 0.5746060140625 0.70391296875 0.5806646734375 0.657177046875 0.53350366875 0.6483252015625001
0 0.10262749062500001 0.63594610625 0.191749759375 0.64628430625 0.1983039984375 0.602884571875 0.0893764953125 0.588199775 0.08282225625 0.6315995078125 0.10262749062500001 0.63594610625
0 0.40155608125000003 0.6537160671875 0.40155351250000004 0.6352730656250001 0.353154840625 0.62730224375 0.349441840625 0.62994531875 0.34499189218750004 0.673691609375 0.395494853125 0.6820089890625 0.40155608125000003 0.6537160671875
0 0.9613793718749999 0.7515861390625 0.76238084375 0.7196497765625 0.745437396875 0.8220905203125 0.9432406640625001 0.8546669250000001 0.9613793718749999 0.7515861390625
0 0.4895780625 0.762595090625 0.5681788828125 0.771200503125 0.5754752062499999 0.723583553125 0.4623391234375 0.7082056390625 0.4550427984375 0.7558225890625 0.4895780625 0.762595090625
0 0.11637663437500001 0.70547163125 0.1802474234375 0.7116511390625 0.1879147921875 0.661925584375 0.07861624375000001 0.64934939375 0.0713199203125 0.696966340625 0.11637663437500001 0.70547163125
0 0.370995734375 0.7474050859375 0.385230184375 0.7464947984375 0.38980466874999997 0.7081933046875 0.3443769109375 0.7017966234374999 0.3385647578125 0.740979140625 0.370995734375 0.7474050859375
0 0.552467965625 0.8358742203125 0.5561809656250001 0.8332311453125 0.5622396234375 0.7864952234375 0.45368316249999996 0.7697018156250001 0.44564475156250005 0.8215359781249999 0.452824246875 0.8238032343749999 0.552467965625 0.8358742203125
0 0.09224855781249999 0.76875911875 0.1729536671875 0.7777110890625 0.1823542828125 0.7304406984375 0.073055734375 0.71786450625 0.0640261640625 0.7630262906249999 0.09224855781249999 0.76875911875
0 0.8015111421875 0.8356647875000001 0.745561934375 0.8275353187500001 0.7286184890625 0.9299760640624999 0.873814503125 0.95388853125 0.8908824859375001 0.8568925828125 0.829858075 0.8468424156250001 0.802873346875 0.8402285624999999 0.8015111421875 0.8356647875000001
0 0.3713770515625 0.8190684812500001 0.3814029203125 0.8174650765625 0.387957159375 0.77406534375 0.33374119687500003 0.768391040625 0.32929125 0.81213733125 0.3713770515625 0.8190684812500001
0 0.556437746875 0.89944974375 0.5637340703125 0.8518327953125 0.516573065625 0.8429809468749999 0.44428511718749997 0.8354152078125001 0.4390930828125 0.8833787140625 0.473628346875 0.890151215625 0.556437746875 0.89944974375
0 0.2757005421875 0.852130015625 0.2801504921875 0.8083837234375 0.23224740000000002 0.803749090625 0.2276729140625 0.8420505859375 0.22990174218749998 0.847841940625 0.23621461250000003 0.8488816124999999 0.2757005421875 0.852130015625
0 0.15909539687500002 0.8133987703125 0.1489449890625 0.809557375 0.1510467109375 0.7914609328125 0.0530117015625 0.7764003125000001 0.045344334375 0.8261258687499999 0.1526631265625 0.8438003000000001 0.15909539687500002 0.8133987703125
0 0.342049234375 0.8749904734375 0.3689094234375 0.8761595312500001 0.373730415625 0.8303046328124999 0.3237230328125 0.82532344375 0.31803541874999997 0.8699507609375001 0.342049234375 0.8749904734375
0 0.919549815625 0.9893000687500001 0.9227731234375 0.9709822750000001 0.7919962640625 0.9512623828125 0.7867965234375001 0.9438968890625 0.7266387359375 0.9350743015624999 0.719713453125 0.98058264375 0.7823398890625 0.9908966515625 0.7852314296875 0.9908630046875 0.7910102421875 0.9814760031249999 0.8078445625 0.9842484640625001 0.8077849578125 0.9906005703125 0.83689583125 0.9902618359375 0.8373046234375 0.98910026875 0.843865215625 0.9901807390625 0.919549815625 0.9893000687500001
0 0.46175496718750003 0.9576266562500001 0.531938625 0.9648458390625001 0.53960599375 0.9151202828124999 0.43067849062499997 0.9004354828125001 0.423011121875 0.9501610390625 0.46175496718750003 0.9576266562500001
0 0.0395347484375 0.8837513875 0.0401548671875 0.8925323765625001 0.07171921718749999 0.8977307390625 0.1457404125 0.907751640625 0.153778825 0.8559174796875 0.047697696875 0.837362021875 0.044109234375 0.8454498953125 0.028512581250000002 0.8417964093749999 0.02480471875 0.881325484375 0.0395347484375 0.8837513875
0 0.2634561203125 0.9217140640625001 0.2671639828125 0.8821849875 0.222973890625 0.87490728125 0.208739440625 0.8758175687499999 0.2041649546875 0.9141190609375001 0.2323873484375 0.919851890625 0.2634561203125 0.9217140640625001
0 0.35764845625 0.897086959375 0.312220696875 0.8906902765625 0.3085128359375 0.9302193531249999 0.3527029265625 0.9374970609375 0.35764845625 0.897086959375
0 0.45625566875 0.9946909843749999 0.5666294984375 0.9934066687499999 0.5699403843749999 0.9765286718749999 0.42486890624999996 0.958061003125 0.42008706093750003 0.9887343421875 0.45625566875 0.9946909843749999
0 0.2603632375 0.933138128125 0.2077559859375 0.924474190625 0.1998344046875 0.9264241500000001 0.196529684375 0.951916471875 0.2572480171875 0.9619162296875 0.2603632375 0.933138128125
0 0.1422363296875 0.9429748484375 0.1468561109375 0.9198688203125001 0.144256240625 0.9161860718750001 0.06813075468749999 0.905818609375 0.040403940625 0.9034219718750001 0.037186521875 0.9094012359375 0.021218825 0.9078563578125 0.018621523437500002 0.9226166109375 0.1422363296875 0.9429748484375
0 0.3457767375 0.9764961078125 0.3477548296875 0.9594641609375 0.3044313609375 0.9534140375 0.30209945625 0.9693028546875 0.3457767375 0.9764961078125