0 0.9142333828125 0.5389105671875 0.960641290625 0.5407090953125 0.964688959375 0.3243216484375 0.961932225 0.3153779859375 0.9174541156249999 0.31558993125 0.9136831921875 0.47762058593749995 0.9142333828125 0.5389105671875
0 0.9478159109375 0.8370031609374999 0.9516303421875 0.8004992015625 0.8657067812499999 0.7980108546875 0.8638681296874999 0.8345493046874999 0.9478159109375 0.8370031609374999
0 0.94832341875 0.73026555625 0.9501620671875 0.69372710625 0.8365315546875 0.6927318703124999 0.8346929078124999 0.7292703203124999 0.94832341875 0.73026555625
0 0.913137959375 0.161325246875 0.9179624484375 0.166351434375 0.9317929296875 0.1665928703125 0.9398800093749999 0.1588269 0.9577080421874999 0.157161334375 0.9593643953125 0.04352503125 0.9129105046875001 0.0437024875 0.9109798796874999 0.0841929046875 0.913137959375 0.161325246875
0 0.9396401624999999 0.6787175296875 0.939457040625 0.6441205703125 0.8634123921875 0.641804678125 0.86157374375 0.6783431296875 0.9396401624999999 0.6787175296875
0 0.8886861671874999 0.532534234375 0.90940889375 0.53388438125 0.91373083125 0.39064281562500003 0.9124916656250001 0.3164916953125 0.8897471671874999 0.3170830421875 0.8879996671875 0.3921704171875 0.8886861671874999 0.532534234375
0 0.8373651015625001 0.3596579171875 0.839615153125 0.432838290625 0.8781659156250001 0.432522871875 0.8797762812500001 0.320862553125 0.8392497375 0.32114348125 0.8373651015625001 0.3596579171875
0 0.8338767078125 0.169825528125 0.8793197140625001 0.1706188203125 0.88180300625 0.06391570625000001 0.8795061390625 0.0352122078125 0.8370038140625 0.035458645312499995 0.8338767078125 0.169825528125
0 0.7868258124999999 0.153189878125 0.8263414718750001 0.153879696875 0.82758394375 0.05802724687500001 0.7920198484375 0.0574064109375 0.7889871953125 0.060318649999999994 0.7868258124999999 0.153189878125
0 0.74165376875 0.395546040625 0.74252586875 0.4430041375 0.7810766296875 0.44268871875000004 0.779700328125 0.33196465625 0.7431253484375 0.332314565625 0.74165376875 0.395546040625
0 0.7353962546874999 0.8342833781250001 0.765997896875 0.83580598125 0.7678825312499999 0.7972915453125 0.734294221875 0.7967052 0.7353962546874999 0.8342833781250001
0 0.7307598421875 0.6088487953125 0.73305670625 0.63755229375 0.769631684375 0.637202384375 0.76949455 0.6006294421875 0.7319546734375 0.599974115625 0.7307598421875 0.6088487953125
0 0.7387648578125 0.09502408125 0.739453009375 0.1503861125 0.7780037703125 0.15007069374999998 0.778465290625 0.045309071875 0.7399145296875 0.045624490625 0.7387648578125 0.09502408125
0 0.7065462421875 0.5451689390625 0.7092569906249999 0.5560885859375 0.7320014859375 0.5554972375 0.7303024515625001 0.501105953125 0.707557953125 0.5016973 0.7065462421875 0.5451689390625
0 0.732692940625 0.4408557 0.7322355515625001 0.33311285625 0.6837598875 0.33523180625000004 0.6813225843749999 0.43995893593749996 0.732692940625 0.4408557
0 0.7275983109374999 0.1501791671875 0.728794796875 0.0563027015625 0.690244034375 0.0566181203125 0.688082653125 0.1494893484375 0.7275983109374999 0.1501791671875
0 0.6789254859375 0.8402163296875 0.6805801875 0.8115818140625001 0.6381238484375 0.8098522671874999 0.6344933640625 0.8384522921875 0.6789254859375 0.8402163296875
0 0.6758460187499999 0.8876054453125001 0.67966045 0.8511014859375001 0.63917989375 0.8494064296875001 0.6373412453125 0.8859448796875 0.6758460187499999 0.8876054453125001
0 0.6754304859375 0.9903910828125 0.6752013765625 0.9577701078124999 0.64060218125 0.958154509375 0.6388555078125 0.9907409921875001 0.6754304859375 0.9903910828125
0 0.6796645812500001 0.638597021875 0.683616971875 0.5961651109375 0.63918485 0.5944010734375 0.6372082421874999 0.6368674750000001 0.6796645812500001 0.638597021875
0 0.6362425171874999 0.67836313125 0.6391372109375 0.6813788421875 0.6786528703125 0.6820686609375 0.6784237609375 0.6494476875 0.6379432046875 0.64775263125 0.6362425171874999 0.67836313125
0 0.6427192296875 0.782257478125 0.6773644125 0.7798970953125 0.6760784328125 0.75022285 0.6731837374999999 0.7472071390624999 0.6415252234375 0.7486312671875 0.6402844046875 0.7594819296875001 0.6427192296875 0.782257478125
0 0.64202695 0.9393999109375001 0.6667012421875 0.9408190390625 0.6736854640625001 0.9379757812499999 0.6735483296875 0.9014028390625001 0.6428547124999999 0.9038322046875 0.64202695 0.9393999109375001
0 0.6390903984375 0.72585571875 0.64184713125 0.73479938125 0.6764923140625 0.7324389984375 0.676539125 0.6879621218749999 0.6399181609375 0.6902880140625001 0.6390903984375 0.72585571875
0 0.635564278125 0.1129903890625 0.6376312078125 0.15157380468749998 0.6761819703125 0.15125838593750002 0.677654375 0.04552601875 0.63712783125 0.045806946875 0.635564278125 0.1129903890625
0 0.5901606484374999 0.45022825468749994 0.6326629765625 0.44998181718749997 0.6337214984374999 0.3620333015625 0.6313786484375 0.3353057875 0.5908061171875 0.3375627 0.58974841875 0.383010321875 0.5901606484374999 0.45022825468749994
0 0.6261435796875 0.17805988281250001 0.628075853125 0.0525676796875 0.585527540625 0.054790101562500006 0.5826763546875 0.1773010828125 0.6261435796875 0.17805988281250001
0 0.44992026718749994 0.7433096640625 0.5873521484374999 0.7407668234375 0.5854231765625 0.6962554562500001 0.4628326609375 0.6980689875 0.44895619531250003 0.699803534375 0.44789932343750005 0.7027502640625001 0.44992026718749994 0.7433096640625
0 0.5769189124999999 0.89180885 0.578849534375 0.8513184328125 0.4553401078125 0.850150740625 0.4534554734375 0.8886651750000001 0.5769189124999999 0.89180885
0 0.5717716890625 0.943115440625 0.571680540625 0.9045665156249999 0.54305468125 0.9030784046875 0.5333597140624999 0.8950020171874999 0.5017471875 0.8944501624999999 0.4918222859375 0.8962536906249999 0.487778746875 0.9001366765625001 0.46209356875 0.89968829375 0.4530415921875 0.9064490281250001 0.452719684375 0.9202809140625 0.4448165515625 0.92014295 0.4443566828125 0.9399027859375 0.4472053890625 0.9448944796875001 0.5104304453124999 0.9459981890625 0.5245368453125 0.9343837234375 0.5482462406249999 0.9347976156250001 0.5520598453125001 0.9407945484375 0.5579412078125 0.9428740046874999 0.5717716890625 0.943115440625
0 0.5391122015625001 0.43549960624999995 0.5816145296874999 0.4352531671875 0.5829029859375 0.3374247359375 0.5443982125 0.3357641703125 0.539389775 0.33864191875 0.539159840625 0.3485218375 0.5391122015625001 0.43549960624999995
0 0.5566995625 0.9962255624999999 0.5589512671875 0.9844041515624999 0.5698410671875 0.983605859375 0.570392909375 0.9598940562499999 0.45483260000000003 0.9568883453125 0.45294796562500006 0.9954027812499999 0.5566995625 0.9962255624999999
0 0.535671446875 0.1586894484375 0.53824423125 0.1755370453125 0.5768409796875 0.17324564375 0.5782214125 0.07146524374999999 0.5376948687499999 0.071746171875 0.535671446875 0.1586894484375
0 0.449919440625 0.78581055625 0.5595983859375 0.786736809375 0.561437034375 0.750198359375 0.558588328125 0.745206665625 0.45180407499999997 0.747296121875 0.449919440625 0.78581055625
0 0.5583107546875 0.8420643515625 0.5602413765625001 0.8015739328124999 0.4584655625 0.8007856421874999 0.456580928125 0.8393000765625 0.5583107546875 0.8420643515625
0 0.48728362968749994 0.3693608921875 0.48990157500000003 0.4267333984375 0.53042811875 0.4264524703125 0.5275810640625 0.336458990625 0.489030303125 0.336774409375 0.48728362968749994 0.3693608921875
0 0.5274004203125 0.1743593546875 0.5287340406250001 0.11705582968749999 0.5169253296874999 0.1148729015625 0.5194069671875 0.093171571875 0.5273560859375 0.0913335515625 0.527908753125 0.02512085625 0.48935799375 0.025436275 0.4878404265625 0.0906437328125 0.49964913749999995 0.0928266625 0.4992352578125 0.11061051562499999 0.48733457187500007 0.112379553125 0.485908978125 0.1736350453125 0.5274004203125 0.1743593546875
0 0.4777274484375 0.312855659375 0.4421633546875 0.3122348234375 0.43517913437500005 0.31507808125 0.43444334375000004 0.34669381875 0.43044579218749995 0.3486008203125 0.4298479640625 0.37428860625000004 0.4356833390625 0.378344046875 0.4373832015625 0.3902344390625 0.4363714890625 0.433706078125 0.4788738171875 0.4334596390625 0.4777274484375 0.312855659375
0 0.42669922812500005 0 0.4260869515625 0.026308550000000003 0.431968315625 0.028388006249999997 0.42888719531249997 0.16077890625 0.42080011562499997 0.16854487812500002 0.4352735859375 0.1836234359375 0.4413388953125 0.1777989578125 0.47791387343749997 0.1774490484375 0.481095121875 0 0.42669922812500005 0
0 0.28224968281249996 0.9835273890625 0.2933694171875 0.9728491796875 0.290612684375 0.9639055171875001 0.27981485781250004 0.9607518421875 0.27917186875 0.9459147203124999 0.2277555234375 0.9469939390625 0.21484395625000002 0.9497337234375 0.21406217968750002 0.9833254437500001 0.28224968281249996 0.9835273890625
0 0.297885215625 0.31169296874999997 0.2682484703125 0.3111756046875 0.257312684375 0.31394988125 0.2561630140625 0.3633494703125 0.25652925625 0.4325433875 0.3029371609375 0.434341915625 0.3045935140625 0.32070561406250003 0.297885215625 0.31169296874999997
0 0.249428271875 0 0.24835846250000002 0.0192524 0.24872305468749997 0.1734481 0.2951309609375 0.1752466296875 0.2963979421875 0 0.249428271875 0
0 0.2743088234375 0.5603564828125001 0.28032814687499996 0.5565079890625 0.2834987640625 0.5476677984375 0.27789332187500004 0.5337324421874999 0.2782152296875 0.51990055625 0.2753205359375 0.51688484375 0.225879975 0.51799855625 0.22390336875 0.5604649562499999 0.2743088234375 0.5603564828125001
0 0.2666290203125 0.8903457421875001 0.266583859375 0.8498208328124999 0.21820017187500002 0.8479878140625001 0.2162695484375 0.8884782328125 0.2666290203125 0.8903457421875001
0 0.26699856718750004 0.7895360890625 0.2688832015625 0.751021653125 0.22049951406249998 0.749188634375 0.21861487968749999 0.78770306875 0.26699856718750004 0.7895360890625
0 0.21746520781249998 0.8371026578125 0.2639190984375 0.836925203125 0.26708971406250004 0.8280850140625 0.26773353125 0.80042124375 0.21934984218750003 0.798588225 0.21746520781249998 0.8371026578125
0 0.263549553125 0.9377348578125 0.26538819999999996 0.9011964078125001 0.21700451250000002 0.8993633859375001 0.2151658640625 0.9359018375 0.263549553125 0.9377348578125
0 0.266310415625 0.73417405625 0.268287025 0.6917076546875001 0.22187912031249998 0.6899091265624999 0.2198565234375 0.7343515125 0.266310415625 0.73417405625
0 0.2646122046875 0.6372818796875 0.266496840625 0.5987674453125 0.2240405015625 0.5970378984375 0.222155865625 0.635552334375 0.2646122046875 0.6372818796875
0 0.263416546875 0.688657453125 0.2633713859375 0.64813254375 0.2228908296875 0.6464374875 0.2209602078125 0.68692790625 0.263416546875 0.688657453125
0 0.24623646093749998 0.450154784375 0.2461001515625 0.3710809515625 0.2520734859375 0.3692084390625 0.250466425 0.31086518750000003 0.22969771093750002 0.311491025 0.22647863125 0.44980987656250004 0.24623646093749998 0.450154784375
0 0.236947009375 0 0.236825675 0.00521356875 0.24472880468749997 0.0053515328124999996 0.24391141875 0 0.236947009375 0
0 0.72771786875 0.9257259453125 0.8006697015625001 0.9269994531249999 0.7955016296874999 0.8877313046875001 0.7301941375000001 0.884721203125 0.72771786875 0.9257259453125