0 0.8628656687499999 0.8937124953125 0.856549084375 0.9950167437499999 0.9352633015625 0.994558796875 0.9411745203124999 0.8997556953125001 0.8628656687499999 0.8937124953125
0 0.45444238124999997 0.4174529390625 0.5493227140625 0.420466921875 0.5537428531249999 0.3133458046875 0.431592153125 0.305514846875 0.183881084375 0.2947488421875 0.1761936375 0.404729196875 0.1934271390625 0.40685691874999996 0.1961250078125 0.4121443765625 0.168023303125 0.87269355625 0.168443409375 0.910567784375 0.3109525578125 0.9197039015625 0.31421986562500004 0.916844665625 0.337011440625 0.503008453125 0.44600032812499996 0.50897271875 0.45444238124999997 0.4174529390625
0 0.8939439328125 0.7709111046875 0.88376470625 0.770258525 0.8799777375 0.765924146875 0.8596192874999999 0.7646189875 0.83708263125 0.765219984375 0.8294589140624999 0.771891534375 0.82846239375 0.7861482484375 0.834142846875 0.7926498140625 0.8339507078124999 0.8100267953125 0.8929902140625 0.8138117578124999 0.897488984375 0.807962771875 0.9433666765625001 0.8098810421874999 0.9451247765625 0.7701006578125 0.896264496875 0.766968275 0.8939439328125 0.7709111046875
0 0.88935955625 0.719472209375 0.8836791015625 0.7129706421875001 0.8612848062499999 0.7115349671875 0.8274798234375 0.7124364625 0.825629140625 0.7389132140625 0.8377018515625 0.741732984375 0.8376520718749999 0.757073290625 0.946640959375 0.7630375593750001 0.9466479359375001 0.719053309375 0.88935955625 0.719472209375
0 0.8929753140625 0.6092308234375 0.8420791890625001 0.6059679250000001 0.8364773640625 0.7007384875 0.8391752312499999 0.7060259453125 0.89007135625 0.7092888421875 0.8944277671875 0.7054765296875 0.9413945609375001 0.7064417234375 0.9443343453124999 0.6790118921875 0.96483515625 0.678280378125 0.964365271875 0.6557464578125 0.9482208734375 0.6526656562500001 0.9496942546874999 0.6169586171875 0.9006916140625 0.6158629062500001 0.8929753140625 0.6092308234375
0 1 0.5097104781249999 0.8983421968749999 0.5031933000000001 0.8452678671875 0.5018365578124999 0.8418581984375001 0.5067324671875 0.8410040375 0.51895250625 0.8366476265625 0.522764821875 0.8356511062499999 0.5370215328125 0.8403848171874999 0.54243950625 0.997330734375 0.5498303578125 1 0.511642559375 1 0.5097104781249999
0 0.9370800062500001 0.4463485484375 0.9737252156249999 0.44869783593749996 0.9776615203125001 0.40701129218750004 0.9726430890625 0.4056666640625 0.848314184375 0.39974186562499997 0.8440931578124999 0.44550175468750003 0.9346170812500001 0.45232805000000004 0.9370800062500001 0.4463485484375
0 1 0.3112678984375 0.9487963421875 0.3079852828125 0.863148490625 0.3045402875 0.85650734375 0.3849236203125 0.9775689390625001 0.3937076578125 1 0.3938745703125 1 0.3112678984375
0 0.226056465625 0.057071185937500005 0.198501378125 0.056327559375 0.1965083359375 0.084840984375 0.2226896015625 0.0906110375 0.22207038125 0.1140980375 0.34123849375000004 0.120714884375 0.3457014375 0.0422377046875 0.22965827343749998 0.034798296875 0.226056465625 0.057071185937500005
0 1 0.07190932343749999 0.8758752984375 0.0639518140625 0.8704297859375 0.0687172078125 0.8695756250000001 0.08093724531249999 0.8710420296875 0.0892144546875 0.8786159687499999 0.09788321250000001 0.8791356296874999 0.10507682812500001 1 0.11182213437499999 1 0.07190932343749999
0 0.56311189375 0 0.56008438125 0.03245488125 0.562924609375 0.035705665625 0.6098914046874999 0.036670859374999996 0.6142478140625001 0.0328585453125 0.6264628859375 0.033641640625000004 0.63607266875 0.0424409125 0.7002729671875 0.045533828124999995 0.7006572453125 0.0107798671875 0.698763759375 0.008612678125 0.5644194312499999 0 0.56311189375 0
0 0.1925329703125 0 0.19240081874999998 0.011951762500000001 0.24940447968749999 0.015606209375 0.2802268734375 0.0134906015625 0.2818356390625 0.019731135937499998 0.32771333125 0.021649409375 0.3287647171875 0 0.1925329703125 0
0 0.46647719062500004 0 0.46534640937500005 0.027404224999999997 0.5052589265625 0.026894276562500003 0.5055563000000001 0 0.46647719062500004 0
0 1 0.0279246265625 0.8682699859375 0.01947955 0.8668847328125 0.0316655421875 0.88113565 0.0325791546875 0.8810858703125 0.047919460937500005 0.9767705843750001 0.0540537109375 1 0.05355401562499999 1 0.0279246265625