0 0.9941821703124999 0.9941821703124999 0.9942872828124999 0.9761148328125 0.9684981796875001 0.9754830265625 0.9615364218750001 0.9784996187500001 0.961444075 0.9943726343750001 0.9941821703124999 0.9941821703124999
0 0.8772283390625001 0.9760140187499999 0.877118678125 0.9948632249999999 0.91821415625 0.9946241390624999 0.91889500625 0.975771609375 0.8772283390625001 0.9760140187499999
0 0.7098808234375 0.9958361874999999 0.8062853453125 0.9952753218750001 0.8058113109375 0.9744454515625 0.7601763906250001 0.9747109484375001 0.7105616718750001 0.9769836578125 0.7098808234375 0.9958361874999999
0 0.395547009375 0.997664928125 0.49576351875 0.9970818843749999 0.4953012109375 0.9752599171874999 0.466537140625 0.97443523125 0.3950854828125 0.9788190437500001 0.395547009375 0.997664928125
0 0.289892121875 0.985383221875 0.289817090625 0.9982800468749999 0.328948484375 0.9980523859374999 0.32759053437499996 0.9851638984375001 0.289892121875 0.985383221875
0 0.198691540625 0.9740094515625 0.1997873296875 0.9988038234375001 0.24283398125 0.9985533859375 0.24234233437500002 0.9737554984375001 0.198691540625 0.9740094515625
0 0.03739645625 0.9997485859375 0.1325199125 0.999195175 0.1311619640625 0.9863066859374999 0.07759053437499999 0.9866183562499999 0.0378964515625 0.9888333484375 0.03739645625 0.9997485859375
0 0.11147075625 0.9606284671875001 0.134282446875 0.9614877843749999 0.1335039328125 0.9247872062500001 0.03231345625 0.9253759140625 0.0320364171875 0.9729949625 0.10941737031250001 0.9725447734375001 0.11147075625 0.9606284671875001
0 0.49466121718749995 0.9147498140625 0.42323264531250004 0.9151653734374999 0.400397871875 0.9182743125 0.4001670046875 0.957956853125 0.40310279375 0.9648839828125 0.4904159234375 0.96239195 0.49737768437499996 0.9593753578124999 0.49466121718749995 0.9147498140625
0 0.71065401875 0.9611106421875 0.8069014937500001 0.9575746 0.8041734843749999 0.9149331859375 0.7307607859374999 0.9153602890625001 0.7079260109375001 0.9184692265625 0.71065401875 0.9611106421875
0 0.8773437718749999 0.9561727484375 0.9200198171875 0.9529483765625001 0.9202506828124999 0.9132658375 0.905375503125 0.9123603484375 0.8746042203125001 0.9155154609375 0.8773437718749999 0.9561727484375
0 0.96568936875 0.9467305015624999 0.994454428125 0.94738511875 0.9946681406250001 0.9106508906249999 0.9668949828125 0.9100183796874999 0.96568936875 0.9467305015624999
0 0.3219036515625 0.9395636078124999 0.3268812828125 0.936558559375 0.32503567499999997 0.9127605781250001 0.3141287484375 0.911832003125 0.283357465625 0.914987115625 0.286177821875 0.9417555140625 0.3219036515625 0.9395636078124999
0 0.0204894984375 0.9115562859375 0.125659771875 0.9089603625 0.126911559375 0.8643117359374999 0.086242728125 0.8635563093749999 0.018770867187500002 0.8659329078125 0.0175306234375 0.9085974109375 0.0204894984375 0.9115562859375
0 0.328248503125 0.8720686593750001 0.290550090625 0.8722879828125001 0.29034231093749996 0.90800226875 0.329038559375 0.9067851109375 0.328248503125 0.8720686593750001
0 0.39849454687499997 0.9043969671875001 0.496737690625 0.89886525625 0.496005353125 0.8542281718750001 0.45335239375 0.8534842890625001 0.3977737515625 0.8577757546875 0.39849454687499997 0.9043969671875001
0 0.7090161921875 0.9015983765625 0.8072477921875001 0.898050790625 0.806503909375 0.85539783125 0.737059465625 0.8558018484375 0.7082723109375 0.8589454171875 0.7090161921875 0.9015983765625
0 0.8667716015625 0.8977044921875 0.9133928140625001 0.8984252859374999 0.9145868859374999 0.8636972937499999 0.903679959375 0.8627687187499999 0.865970003125 0.8649721687499999 0.8667716015625 0.8977044921875
0 0.9630075328125001 0.8961525765625 0.9947677765625 0.8935251109375001 0.9949941015625001 0.8546229671875001 0.9622405640625 0.8574678718750001 0.9630075328125001 0.8961525765625
0 0.2031330703125 0.8926371578125 0.2438249890625 0.8894243296875001 0.2400760578125 0.8517490046875 0.22321675000000002 0.8508550578125 0.20037043125 0.855948125 0.2031330703125 0.8926371578125
0 0.0317658109375 0.8489927968750001 0.126017615625 0.8474524265625 0.1272694015625 0.8028037984375 0.1084259671875 0.801921396875 0.033017598437500004 0.8043441687499999 0.03002409375 0.807337675 0.0317658109375 0.8489927968750001
0 0.4315847125 0.84369063125 0.4931157375 0.8393645328125 0.4943675234375 0.794715903125 0.46758758125 0.7938796765625 0.394151796875 0.79827503125 0.3948841359375 0.8429121171875 0.4315847125 0.84369063125
0 0.8700883203125 0.8391554296875 0.912764365625 0.8359310578124999 0.91003635625 0.79328964375 0.868369690625 0.7935320531250001 0.8671871609374999 0.8262759203125001 0.8700883203125 0.8391554296875
0 0.808591928125 0.8375291468749999 0.8088574234375001 0.7918942265625 0.7076438609375 0.7964511875 0.70838774375 0.8391041484375 0.808591928125 0.8375291468749999
0 0.9653495015625 0.8346330984374999 0.9951222281250001 0.8325998296874999 0.9954115328125 0.782872646875 0.9606604531249999 0.7880349718749999 0.9653495015625 0.8346330984374999
0 0.2887852875 0.8346011125 0.33740217031249997 0.8333262390625 0.3346626171875 0.7926689515625001 0.2870435703125 0.792945990625 0.28587258437499996 0.8237057296874999 0.2887852875 0.8346011125
0 0.033098401562500004 0.7904552796875 0.1114887328125 0.787023128125 0.1107448515625 0.7443701703125 0.0472527875 0.74473955625 0.0303703921875 0.747813865625 0.033098401562500004 0.7904552796875
0 0.807951934375 0.77701904375 0.8081828015625 0.7373365046875 0.805223925 0.7343776296875 0.7099858296875 0.734931709375 0.709720334375 0.7805666296875 0.807951934375 0.77701904375
0 0.485525528125 0.779886896875 0.49248728750000004 0.7768703046875001 0.4917434046875 0.7342173468750001 0.4163465796875 0.7346559921875 0.3915276765625 0.737776475 0.39226001718750003 0.782413559375 0.485525528125 0.779886896875
0 0.8595507796874999 0.7747347921875 0.91412004375 0.7734252859375 0.9133415312500001 0.736724709375 0.8806092062499999 0.7359231109375 0.8577744328125 0.7390320484374999 0.8595507796874999 0.7747347921875
0 0.9637347609375 0.7711525765625 0.99549576875 0.7683938828125 0.9956885718749999 0.7352535984374999 0.963942540625 0.735438290625 0.9637347609375 0.7711525765625
0 0.2049389375 0.752750434375 0.2416395140625 0.753528946875 0.24078020000000003 0.730717259375 0.2199526375 0.7298464 0.20307024375 0.7329207078125 0.2049389375 0.752750434375
0 0.03147211875 0.7289588874999999 0.1296921765625 0.7273954296875 0.126987253125 0.680785759375 0.0753999515625 0.6810858859375 0.030739778125 0.6843218015625 0.03147211875 0.7289588874999999
0 0.78944325625 0.7185969609375 0.80632565 0.7155226515625001 0.80555868125 0.676837946875 0.734130109375 0.67725350625 0.7093112078125 0.6803739890625 0.712062303125 0.71904715 0.78944325625 0.7185969609375
0 0.39361569531249996 0.7199077875000001 0.50673401875 0.715281565625 0.503994465625 0.674624278125 0.45042303749999996 0.674935946875 0.3948559390625 0.6772432859374999 0.39361569531249996 0.7199077875000001
0 0.8747953468749999 0.7121482171875 0.9154757218749999 0.710919515625 0.91571813125 0.66925285 0.90679533125 0.6683127296875 0.8740399203125 0.6714793859375 0.8747953468749999 0.7121482171875
0 0.9621084765625 0.709656184375 0.9958434234375 0.7086369328125001 0.9960810453125 0.66779328125 0.960366759375 0.6680010609375 0.9621084765625 0.709656184375
0 0.197233296875 0.7131140671875 0.23791367187499998 0.7118853671875 0.23910774375 0.677157371875 0.216296053125 0.6762980578125 0.19544540625 0.6793954531249999 0.197233296875 0.7131140671875
0 0.19650095625 0.6684769828125 0.24116112968749998 0.66524106875 0.2414035390625 0.6235744015625 0.22454423124999998 0.6226804546875 0.195757075 0.6258240234375 0.19650095625 0.6684769828125
0 0.031818417187499996 0.669435078125 0.128054346875 0.6678831640625 0.127333553125 0.62126195 0.04400021875 0.6217467703125 0.0291019515625 0.6248095359375 0.031818417187499996 0.669435078125
0 0.28084366875 0.6650102015625 0.323496628125 0.6657540828124999 0.3246676125 0.6349943437500001 0.31971306718750003 0.6340311390625 0.2839872375 0.6362230453125 0.28084366875 0.6650102015625
0 0.8066834937499999 0.654014715625 0.8068797296874999 0.62028455625 0.8039439406250001 0.6133574281249999 0.7642614 0.61358829375 0.6987736671875 0.6159533500000001 0.697533421875 0.6586178515625 0.8066834937499999 0.654014715625
0 0.397930246875 0.6603608921874999 0.49417772187500003 0.65682485 0.49343383906250005 0.6141718921875 0.45673326249999996 0.6133933796875 0.397186365625 0.6177079328125 0.397930246875 0.6603608921874999
0 0.8731459750000001 0.654620078125 0.9128400593749999 0.652405084375 0.912061546875 0.61570450625 0.8912339843750001 0.6148336484375 0.8683992093749999 0.6179425875 0.8701871000000001 0.6516612015625001 0.8731459750000001 0.654620078125
0 0.9961903046874999 0.6490132890625 0.9963927140625 0.614221853125 0.9586943015625 0.6144411765625 0.955689253125 0.6194188078125 0.9545067250000001 0.652162675 0.9961903046874999 0.6490132890625
0 0.198831384375 0.6089416296875 0.239523303125 0.6057288015625 0.2377931265625 0.5620895515625 0.222917946875 0.5611840625 0.1980990453125 0.5643045437499999 0.198831384375 0.6089416296875
0 0.1016207046875 0.6075231249999999 0.1244554796875 0.6044141859375001 0.123723140625 0.5597771015624999 0.07610409375 0.5600541406249999 0.02945979375 0.5633016 0.030192134375000002 0.607938684375 0.1016207046875 0.6075231249999999
0 0.788163271875 0.5975767578125 0.8030615375 0.5945139921875 0.80231765625 0.551861034375 0.7487462265625 0.552172703125 0.7100384375 0.5553739890625 0.71078231875 0.598026946875 0.788163271875 0.5975767578125
0 0.4927938453125 0.553661790625 0.3955716234375 0.5542274125 0.395306128125 0.5998623328125 0.49352618593750003 0.5982988765624999 0.4927938453125 0.553661790625
0 0.961814784375 0.5896222734375 0.996531234375 0.5904123296875 0.9967911234375 0.5457411265625 0.963066571875 0.54497364375 0.961814784375 0.5896222734375
0 0.28424119062500003 0.5925722515625 0.3288898203125 0.5913204640624999 0.3291322296875 0.549653796875 0.318225303125 0.5487252203125 0.28348576406250003 0.55190341875 0.28424119062500003 0.5925722515625
0 0.879525459375 0.5811727484375 0.91822170625 0.5799555921875 0.9154706109375 0.5412824296875 0.8777721984375001 0.541501753125 0.8766242999999999 0.5682932390625 0.879525459375 0.5811727484375
0 0.029552140625 0.5474285828125 0.1238154875 0.5439040859375 0.12306006249999998 0.5032352546875 0.0903277390625 0.5024336546875 0.0307808421875 0.5067482078125 0.029552140625 0.5474285828125
0 0.7061625296875 0.5395240593749999 0.8043941296874999 0.535976475 0.8056459171875 0.49132784531249996 0.7868024828125 0.49044544375 0.7074143171875 0.49487542968750003 0.7061625296875 0.5395240593749999
0 0.3897000453125 0.540373153125 0.50975704375 0.5366985921875 0.50902470625 0.4920615078125 0.43164375312500003 0.492511696875 0.3889677078125 0.49573606875 0.3897000453125 0.540373153125
0 0.239915775 0.5382684828125 0.240088925 0.508506578125 0.2371531359375 0.50157945 0.1974705953125 0.501810315625 0.197251271875 0.5395087281250001 0.239915775 0.5382684828125
0 0.3321834515625 0.53673965625 0.34708171718749997 0.533676890625 0.346360921875 0.48705567812500006 0.2848529859375 0.48741352187500003 0.284564403125 0.5370166968750001 0.3321834515625 0.53673965625
0 0.9631473749999999 0.5310847546875 0.9968918890625 0.5284211578125 0.9971083999999999 0.4912059796875 0.9633782406250001 0.49140221562499997 0.9631473749999999 0.5310847546875
0 0.9147729015625 0.4906929625 0.8741040703125 0.4899375390625 0.8728753687499999 0.5306179125 0.9135442015624999 0.5313733375 0.9147729015625 0.4906929625
0 0.198549234375 0.486923590625 0.2372454828125 0.48570643437500005 0.23646696875 0.44900585625 0.2156394078125 0.4481349984375 0.1967728875 0.45122085 0.198549234375 0.486923590625
0 0.0279143140625 0.487916315625 0.12415024374999999 0.48636440312499996 0.125413575 0.439731646875 0.112522521875 0.43881461406250005 0.0271935171875 0.44129510468750005 0.0279143140625 0.487916315625
0 0.8010376703125001 0.43084083125 0.7534186234375 0.431117871875 0.687919346875 0.435467053125 0.6886632296874999 0.47812001249999997 0.719411425 0.47893315468750003 0.8037656796875 0.473482246875 0.803973459375 0.4377679609375 0.8010376703125001 0.43084083125
0 0.3969965625 0.47981687968750003 0.4932324921875 0.47826496562500004 0.492511696875 0.43164375312500003 0.4756523890625 0.43074980625 0.3962642234375 0.43517979375 0.3969965625 0.47981687968750003
0 0.9972353765624999 0.4693805828125 0.9974777859374999 0.42771391562499994 0.9637476265625 0.4279101515625 0.9625651 0.46065401875 0.9654893453125 0.469565275 0.9972353765624999 0.4693805828125
0 0.8702974234375 0.46218284687500005 0.910989340625 0.45897001875 0.9102108281250001 0.42226944218750007 0.8705282890625 0.4225003078125 0.867534784375 0.4254938140625 0.8673962640624999 0.44930333750000007 0.8702974234375 0.46218284687500005
0 0.1267346234375 0.38317825625 0.019591765625 0.3838015953125 0.01651745625 0.400683990625 0.024442421875000002 0.40262194375 0.024326989062500002 0.4224632125 0.027285864062499998 0.4254220875 0.1274900484375 0.4238470875 0.1267346234375 0.38317825625
0 0.285233915625 0.42193733125 0.325914290625 0.420708628125 0.3262028734375 0.3711054546875 0.3073594375 0.37022305312500003 0.2845246625 0.373331990625 0.285233915625 0.42193733125
0 0.8775131343749999 0.41551546093749997 0.9102570015625 0.41433293437499996 0.9114049 0.387541446875 0.886609084375 0.38669367499999996 0.875679071875 0.38973335468750003 0.8775131343749999 0.41551546093749997
0 0.749531171875 0.41725206875 0.8041119796875 0.4139584375 0.8033796421874999 0.3693213515625 0.7418717046875 0.36967919375 0.6882887328125 0.371974990625 0.689021071875 0.416612075 0.749531171875 0.41725206875
0 0.49260404375 0.41577073750000004 0.4927887375 0.38402470625 0.489887578125 0.37114519375 0.43036376875000004 0.37149149375 0.39562423125 0.3746696921875 0.39635656875 0.419306778125 0.49260404375 0.41577073750000004
0 0.9968493359374999 0.3652196875 0.9601487593750001 0.3644411765625 0.9588969703125001 0.409089803125 0.9956090921875 0.40788419062500003 0.9968493359374999 0.3652196875
0 0.12604845781250001 0.3306046625 0.10918915 0.3297107171875 0.10726273906249999 0.319801625 0.027897659375 0.3202633578125 0.0276321640625 0.36589827812500003 0.1258637640625 0.36235069375 0.12604845781250001 0.3306046625
0 0.4902338765625 0.31162138437500003 0.3969799078125 0.3121639203125 0.39670286875 0.35978296875 0.4909546734375 0.358242596875 0.4902338765625 0.31162138437500003
0 0.8600138359375 0.3541114140625 0.9086191749999999 0.35482066562500003 0.9098825046875 0.3081879109375 0.8632728375 0.30548298906250004 0.8602447015625 0.3144288734375 0.8600138359375 0.3541114140625
0 0.7052519312500001 0.35501179375 0.8054561140625 0.3534367921875 0.80674253125 0.3028357828125 0.774010209375 0.3020341828125 0.7045542203124999 0.3044223265625 0.7052519312500001 0.35501179375
0 0.2429618859375 0.355717259375 0.24313503593750002 0.3259553546875 0.24122016875000002 0.31406213437499997 0.23626562187500003 0.3130989296875 0.19954195937500002 0.31628867031249996 0.20226996874999997 0.35893008593750003 0.2429618859375 0.355717259375
0 0.322338509375 0.3532713984375 0.322500115625 0.325493621875 0.31959895625 0.312614109375 0.27991641562499997 0.3128449765625 0.27967400625 0.35451164375 0.322338509375 0.3532713984375
0 0.9821242203124999 0.3385205484375 0.9930542328125 0.33548086875 0.99029159375 0.2987918359375 0.9525931812499999 0.2990111578125 0.9543464421875001 0.33868215468749996 0.9821242203124999 0.3385205484375
0 0.012007990625 0.15270274687500002 0.011834840624999999 0.1824646515625 0.13584855 0.1807511296875 0.1388420546875 0.177757625 0.1371118796875 0.1341183734375 0.1103319375 0.133282146875 0.028959643750000003 0.137723675 0.026894714062500002 0.1516241078125 0.012007990625 0.15270274687500002
0 0.2033088671875 0.1803586578125 0.2420051140625 0.1791415 0.2412381453125 0.1404567953125 0.20155560625 0.1406876625 0.20036153437499998 0.1754156546875 0.2033088671875 0.1803586578125
0 0.31962847656250004 0.13702464375 0.284912025 0.1362345875 0.28368332343749997 0.1769149625 0.31839977343750003 0.17770501875 0.31962847656250004 0.13702464375
0 0.5001494015625 0.141926584375 0.48825618281249994 0.140011715625 0.48733915000000005 0.1271206625 0.386148675 0.127709371875 0.38587163593749996 0.1753284203125 0.49996470937500004 0.173672615625 0.5001494015625 0.141926584375
0 0.721650828125 0.0940125203125 0.692863671875 0.09715608906249999 0.6926558921875 0.132870375 0.6866573375 0.14084151250000002 0.686576534375 0.1547304015625 0.6924942859375001 0.1606481515625 0.693445946875 0.167586825 0.9146934218749999 0.16332355468749998 0.9141111453124999 0.09289281875 0.721650828125 0.0940125203125
0 0.1760043640625 0.09917105781249999 0.1571493859375 0.1002727828125 0.157033953125 0.12011405156249999 0.22946035937499998 0.11870065781250001 0.23074677812500002 0.06809964843750001 0.21190334375000003 0.067217246875 0.18014576875 0.069386065625 0.1790094125 0.094193425 0.1760043640625 0.09917105781249999
0 0.0102201 0.11898413125 0.12232904687499999 0.1173398703125 0.1235923765625 0.07070711406249999 0.08689179999999999 0.0699286015625 0.009487759375 0.0743470453125 0.0102201 0.11898413125
0 0.3912186546875 0.10883130625 0.48547045781250003 0.10729093593750001 0.48672224531249997 0.06264230781249999 0.4460534140625 0.061886881250000005 0.392470440625 0.064182678125 0.3894769375 0.0671761828125 0.3912186546875 0.10883130625
0 0.683012296875 0.08530904218749999 0.8100079671874999 0.08258614375 0.8093333453125 0.028028423437499998 0.7458412812499999 0.028397809375 0.6843218015625 0.030739778125 0.683012296875 0.08530904218749999
0 0.9124271453125001 0.0413170609375 0.87274460625 0.0415479265625 0.8725021953125 0.08321459375 0.9131941140625001 0.080001765625 0.9124271453125001 0.0413170609375
0 0.9569487984375 0.06189066875 0.99564504375 0.060673510937499994 0.9948665328124999 0.0239729328125 0.9601500828124999 0.0231828765625 0.9551724484375 0.0261879265625 0.9569487984375 0.06189066875
0 0.0571876125 0.0601811171875 0.1226868890625 0.0558319328125 0.12196609218750001 0.0092107203125 0.0932020234375 0.0083860359375 0.021750365625 0.0127698484375 0.0224711609375 0.0593910609375 0.0571876125 0.0601811171875
0 0.3895808265625 0.049319040625 0.4858052125 0.0497512546875 0.48708008906250005 0.001134371875 0.45434776406250005 0.000332771875 0.39084415781250004 0.002686284375 0.3895808265625 0.049319040625
0 0.9543327765624999 0 0.9542785046875 0.00932861875 0.9919769171875 0.009109296875 0.9999288156249999 0.0064176203125 0.999966153125 0 0.9543327765624999 0