0 1 0.8513034812500001 0.9829635921875 0.8545122796875001 0.9905471046875001 0.9006481015625001 1 0.8989704843749999 1 0.8513034812500001
0 0.31702455625 0.9600309671874999 0.35120845625 0.9535924484375 0.3541497640625 0.9574630265625 0.3652346421875 0.9575874843750001 0.4058280265625 0.949941740625 0.40146377031249997 0.92089786875 0.3861059078125 0.921578228125 0.380874609375 0.8938038078125 0.3801942515625 0.8784459453125001 0.3947473 0.873492596875 0.392054903125 0.8474522625 0.37756408124999996 0.8468631734375001 0.3369707 0.8545089140625001 0.3347097484375 0.8659961968750001 0.29838935312500003 0.872837125 0.283558353125 0.8645691015624999 0.2536474375 0.8702028078125 0.2543277984375 0.885560671875 0.238102890625 0.88751048125 0.250050659375 0.9626901718750001 0.2662755671875 0.9607403640625 0.27082650625000004 0.97315691875 0.3160952828125 0.9668428562500001 0.31702455625 0.9600309671874999
0 0.6298197 0.90001001875 0.6507200046875 0.8993918890625 0.7340432640625 0.8836979953125 0.7259951124999999 0.84096811875 0.623443409375 0.8602836796875 0.6298197 0.90001001875
0 0.8131889546875 0.8223329187499999 0.7738650218750001 0.8308457046875001 0.7823778078125 0.8701696359375 0.819565246875 0.8620592578125 0.8131889546875 0.8223329187499999
0 0.6776315312500001 0.8191053546875 0.6968599765625 0.8154836875000001 0.701008509375 0.8257637499999999 0.7283805203125 0.818395959375 0.72153959375 0.7820755640625 0.6176562078125001 0.80606651875 0.6269738109375 0.8496634375 0.6812532 0.8383338 0.6776315312500001 0.8191053546875
0 1 0.6831696609375 0.9545128406250001 0.6917371421875 0.9621585843749999 0.7323305265625 1 0.7252031156250001 1 0.6831696609375
0 1 0.7384768390625001 0.9645730296874999 0.7451494890625 0.9680080125 0.78100525 0.9739528578125001 0.783203971875 1 0.778769625 1 0.7384768390625001
0 0.7977439734375 0.7168399046875 0.754147053125 0.7261575062500001 0.76173056875 0.7722933265624999 0.8053274874999999 0.762975725 0.7977439734375 0.7168399046875
0 0.5456045109375001 0.8052575531249999 0.6810084375 0.7841788671875001 0.6720932453125 0.742718440625 0.603323034375 0.7534589875 0.5392282171875 0.7655312125 0.5456045109375001 0.8052575531249999
0 0.3550873390625 0.7980017625 0.23117069531249998 0.8213413984375 0.23835180312499998 0.8653407265625 0.3609989953125 0.8411340484375 0.3550873390625 0.7980017625
0 0.8934837906249999 0.696595071875 0.846883334375 0.70758453125 0.8511231312499999 0.747713278125 0.9015319406250001 0.7393249484375 0.8934837906249999 0.696595071875
0 1 0.6216358296875 0.9817023203125 0.62467198125 0.9445148828125 0.6327823593749999 0.9546372968749999 0.6806522671875 1 0.6734821421875 1 0.6216358296875
0 0.8795530218750001 0.646124034375 0.8368231453125 0.654172184375 0.8436018453124999 0.69603501875 0.853819678125 0.697428925 0.8858670875 0.6913928125 0.8876633999999999 0.6833114734375 0.8795530218750001 0.646124034375
0 0.20906317031250002 0.8155500484375 0.2722909421875 0.8047472734375001 0.27922728750000003 0.79459166875 0.2872464 0.801930421875 0.355614203125 0.78905338125 0.350723084375 0.76895789375 0.357999609375 0.76648121875 0.36019833125 0.7605363734374999 0.3553072140625 0.7404408859375 0.20147965625 0.769414225 0.20906317031250002 0.8155500484375
0 0.148469715625 0.781610909375 0.107009290625 0.7905261015625 0.115924484375 0.831986528125 0.157384909375 0.823071334375 0.148469715625 0.781610909375
0 0.697689696875 0.36180855625 0.6284548515624999 0.3759550453125 0.6620081703125 0.577590284375 0.53041259375 0.6012701 0.5391411015625 0.6593578390625 0.7437798765625 0.6241326625 0.697689696875 0.36180855625
0 0.264060259375 0.7023200265625 0.249357865625 0.6066424375 0.2980948171875 0.5952505703125001 0.2879724 0.5473806625 0.2324235609375 0.5578432578125 0.23041152343750002 0.5471607875 0.215053659375 0.5478411484375 0.1693202453125 0.55756115625 0.19782895 0.7147946578125 0.264060259375 0.7023200265625
0 1 0.416432565625 0.9795676546875001 0.30795153750000004 0.8044499343749999 0.34093486875 0.8598342890625 0.607888659375 1 0.5840501984375 1 0.416432565625
0 0.2542178046875 0.45478050937500003 0.147723928125 0.476539825 0.16082021562499998 0.5370392625 0.248834596875 0.52556775625 0.2811006453125 0.54331458125 0.2992446640625 0.6215814421875 0.29524452968750003 0.6274408234375 0.36096948906250004 0.6150615625 0.34351573750000003 0.5043299046875 0.2542178046875 0.45478050937500003