0 0.498997925 0 0.496988971875 0.0137374515625 0.4986332078125 0.0229468734375 0.545564040625 0.029274710937499997 0.6358012343749999 0.0394444125 0.6408691359375001 0.011167287500000001 0.5580461875 0 0.498997925 0
0 0.7884680875 0.031068534375 0.7838674578125 0.0564127546875 0.8101228359375 0.060951489062499996 0.8130793640625 0.034386953125 0.7884680875 0.031068534375
0 0.92186999375 0.0740214484375 0.9254503859375 0.049538303125 0.8449509718750001 0.03868430625 0.8451336656249999 0.0397075734375 0.8557454328125 0.042137028124999996 0.8514737453125001 0.06452969374999999 0.92186999375 0.0740214484375
0 0.14904939374999998 0 0.1485082796875 0.003700203125 0.23483457031250002 0.013342584375 0.23647086874999998 0 0.14904939374999998 0
0 0.29687203125 0 0.29550312968750003 0.00754181875 0.3365676078125 0.013078676562499999 0.338480221875 0 0.29687203125 0
0 0.7447336453125 0.0581266671875 0.669019121875 0.050913740625 0.6667028859374999 0.0735700640625 0.6982765390625 0.075829971875 0.6982269718749999 0.08980419375000001 0.7392914484374999 0.09534105000000001 0.7447336453125 0.0581266671875
0 0.7870320078125 0.109767153125 0.8381601734374999 0.11466365781250001 0.845296175 0.0726844765625 0.78551169375 0.065622175 0.778375690625 0.10760135781249999 0.7870320078125 0.109767153125
0 0.8961379109375001 0.07953963281250001 0.8903844968750001 0.1256997765625 0.997934321875 0.14020106875 0.999155859375 0.1392775171875 0.999428190625 0.09246796093750001 0.9539669421875001 0.08633827187500001 0.9508657640625 0.093909221875 0.944999409375 0.093118240625 0.9383233296875 0.0842289953125 0.8961379109375001 0.07953963281250001
0 0.594849696875 0.080858678125 0.5959954203125 0.0730240734375 0.5892945578125001 0.0711219375 0.587077459375 0.0658298171875 0.589966559375 0.039256190625 0.5162074859375 0.0323069234375 0.5113133671875 0.0725911125 0.5621551015625 0.0794462703125 0.594849696875 0.080858678125
0 0.33720384375 0.07008671875 0.3420979625 0.029802528124999998 0.24878437656250002 0.0202166625 0.2447743359375 0.047637785937499996 0.24584570781249998 0.0607645125 0.3240637625 0.07131090625 0.33720384375 0.07008671875
0 0.0653010265625 0 0.05990944375 0.0368682671875 0.0734795578125 0.0395210953125 0.0822323609375 0 0.0653010265625 0
0 0.157277534375 0.0528171203125 0.1613371453125 0.0114217765625 0.115240821875 0.00620509375 0.11123077968749999 0.03362621875 0.11258858593750001 0.044794293750000005 0.157277534375 0.0528171203125
0 0.5826570656250001 0.1301451484375 0.5889585578125 0.0870548109375 0.536161371875 0.0799359953125 0.5132440328125 0.079841884375 0.5083499140625001 0.1201260734375 0.5826570656250001 0.1301451484375
0 0.710334265625 0.143365734375 0.7332516046875 0.143459846875 0.737572859375 0.10709296093750001 0.6951010078125 0.10436225156250001 0.6899452421875 0.13961798125 0.710334265625 0.143365734375
0 0.8236127203124999 0.11869399375 0.7803063578125 0.11485212812500001 0.77374321875 0.15291400625 0.7756738859375 0.16016477812500002 0.8365793109374999 0.1663795828125 0.840564565625 0.14594556875 0.8210100515625 0.1433089703125 0.8236127203124999 0.11869399375
0 0.6087389515625 0.1835936578125 0.6153268749999999 0.13854466875 0.5116879546875001 0.12457069531250001 0.50832513125 0.12711318437500002 0.50510003125 0.16961968593750001 0.6087389515625 0.1835936578125
0 0.9828773765625 0.2090740546875 0.994896515625 0.2086973625 0.9966398906249999 0.18995834218750002 0.9075236375 0.1789411453125 0.900101203125 0.22287897812500002 0.9783192578125 0.23342537187499998 0.9828773765625 0.2090740546875
0 0.7269253265625 0.19353729375 0.730910584375 0.17310328125000002 0.7301256421875 0.15801790468750002 0.691851125 0.1538558625 0.6878163015625 0.188264096875 0.7269253265625 0.19353729375
0 0.0464535890625 0.1288809828125 0.06588363281250001 0.132368703125 0.070777753125 0.092084515625 0.052330540625 0.0886936890625 0.0464535890625 0.1288809828125
0 0.13390027499999999 0.1035914375 0.107358465625 0.10101135624999999 0.102750778125 0.13933689375 0.149681609375 0.1456647296875 0.1941089125 0.1486591 0.19704758125 0.10811125156250001 0.1501167484375 0.1017834140625 0.13390027499999999 0.1035914375
0 0.3300182734375 0.1260401203125 0.2291693125 0.1134409640625 0.2226061734375 0.15150284218750001 0.32428964374999997 0.165213153125 0.3300182734375 0.1260401203125
0 0.592808909375 0.18344302968749998 0.4939154015625 0.1711075328125 0.4884484203125 0.2153090265625 0.5862209859374999 0.2284920203125 0.592808909375 0.18344302968749998
0 0.8098640093749999 0.212709275 0.7637676875 0.20749259375 0.76082901875 0.24804044374999998 0.8038489500000001 0.25384096093749997 0.8098640093749999 0.212709275
0 0.719191678125 0.246420890625 0.724372228125 0.20417804843749998 0.664874178125 0.195157096875 0.66024170625 0.24046974531249998 0.719191678125 0.246420890625
0 0.3115489359375 0.211429815625 0.31491175937500004 0.20888732656250003 0.319233015625 0.1725204421875 0.214473153125 0.1593939640625 0.209865465625 0.1977195015625 0.3115489359375 0.211429815625
0 0.136131178125 0.1837831234375 0.151226709375 0.1828225953125 0.1527332171875 0.15206800468749998 0.106064034375 0.150768628125 0.10484395312499999 0.1795645671875 0.136131178125 0.1837831234375
0 0.900040653125 0.31873987656249997 0.9749206687499999 0.32484164843749996 0.9817702390624999 0.28482111875 0.892653984375 0.2738039203125 0.8874734375 0.3160467609375 0.900040653125 0.31873987656249997
0 0.5109058359375 0.2662715640625 0.5122884234375 0.270452528125 0.527932034375 0.2725618078125 0.55168388125 0.2737670734375 0.554498628125 0.268154778125 0.57796404375 0.271318696875 0.5822853 0.2349518109375 0.4948380671875 0.226156925 0.49023037968749994 0.2644824625 0.5109058359375 0.2662715640625
0 0.3282887015625 0.21967870937499998 0.2271533109375 0.20903820468749998 0.22168632812500003 0.25323969687500003 0.3214143484375 0.26668634999999996 0.3282887015625 0.21967870937499998
0 0.10574183749999999 0.24160106875 0.132570078125 0.24222249843750002 0.1357951765625 0.199715996875 0.0955652078125 0.195290296875 0.0912191671875 0.2386442921875 0.10574183749999999 0.24160106875
0 0.8301924843749999 0.31231793125 0.7508534874999999 0.3026190328125 0.74595936875 0.3429032203125 0.772214746875 0.34744195312500004 0.7833993765625 0.34595410625 0.7865253375 0.3313960484375 0.8256343656249999 0.336669246875 0.8301924843749999 0.31231793125
0 0.8931662984375001 0.36574751875 0.9658044296874999 0.37354427968750004 0.97294043125 0.33156510156249996 0.8857796312499999 0.3208115625 0.878643628125 0.36279074375000003 0.8931662984375001 0.36574751875
0 0.4998341453125 0.3147105375 0.6392440546875 0.329513084375 0.646093625 0.2894925546875 0.4709375140625 0.266874321875 0.4638015125 0.3088535046875 0.4998341453125 0.3147105375
0 0.7164898749999999 0.298984309375 0.6765463359375 0.29259995625 0.6696967671875 0.33262048593750004 0.7096403046875001 0.3390048375 0.7164898749999999 0.298984309375
0 0.018098435937499997 0.3227768171875 0.039482371875 0.32653888124999997 0.0541151609375 0.219660534375 0.0337136828125 0.21599793906250003 0.018098435937499997 0.3227768171875
0 0.310629090625 0.3131666703125 0.314041484375 0.2966499625 0.301474265625 0.2939568453125 0.2989707359375 0.2906233796875 0.301000540625 0.26992570625 0.166622475 0.25480298281249997 0.1617283546875 0.295087171875 0.23799095937499998 0.3053699078125 0.310629090625 0.3131666703125
0 0.9642483515625001 0.4182730921875 0.96883125625 0.38693466718749997 0.9671870203124999 0.3777252453125 0.8875615921875 0.3699849984375 0.882667471875 0.41026918749999997 0.9295983046874999 0.416597025 0.9642483515625001 0.4182730921875
0 0.7594740390625 0.39365861562500004 0.78825773125 0.3945437046875 0.790623534375 0.357913159375 0.748151684375 0.35518245 0.74495136875 0.390701840625 0.7594740390625 0.39365861562500004
0 0.5633560390625 0.3712099328125 0.5693711 0.330078246875 0.4970194 0.32032283281249996 0.487790221875 0.322074340625 0.48318253593750005 0.3603998796875 0.5633560390625 0.3712099328125
0 0.31563615 0.31983360625 0.21981903281249998 0.30691427187500003 0.2123966 0.35085210624999996 0.2179765234375 0.3536017359375 0.2119614640625 0.3947334234375 0.28877214375000004 0.40808596406250003 0.2950736359375 0.364995628125 0.2417283703125 0.354807003125 0.317156465625 0.3639785828125 0.32400603437500003 0.32395805312500003 0.31563615 0.31983360625
0 0.6752409234375001 0.42424390624999997 0.69787183125 0.42629666874999994 0.6999512046875 0.39162477500000004 0.5890385546875 0.37966596875 0.5838580046875 0.4219088109375 0.6718533156250001 0.43377350468750003 0.6752409234375001 0.42424390624999997
0 0.96560615625 0.42944116718750003 0.83571185625 0.4109284609375 0.83248675625 0.4534349625 0.9400365828125 0.4679362546875 0.9531766625 0.466712065625 0.9569002718749999 0.4412495953125 0.9650085078125 0.44034558281249997 0.96560615625 0.42944116718750003
0 0.12213462343749999 0.3476695140625 0.079949203125 0.3429801515625 0.07562794687499999 0.3793470390625 0.11669242500000002 0.384883896875 0.12213462343749999 0.3476695140625
0 0.9404111687500001 0.5199158374999999 0.94757195625 0.470949546875 0.865991078125 0.4629456375 0.85997601875 0.504077325 0.862193115625 0.5093694453125 0.9404111687500001 0.5199158374999999
0 0.8299584421875 0.45708860468749996 0.73468940625 0.44723907812499997 0.7289359921874999 0.493399225 0.824753109375 0.5063185578125 0.8299584421875 0.45708860468749996
0 0.4682881 0.46224976562500003 0.5800352578125 0.47531972656250004 0.5877441218749999 0.4294232421875 0.45756339218750003 0.4128691875 0.4498545265625 0.458765671875 0.4682881 0.46224976562500003
0 0.6913830453124999 0.44339721406250004 0.6573058609375 0.4378038421875 0.650456290625 0.47782437031249997 0.6845334734375 0.48341774375 0.6913830453124999 0.44339721406250004
0 0.31528916875 0.41765315625 0.1596875703125 0.3976715234375 0.15479345 0.4379557125 0.31122955937499996 0.459048503125 0.31528916875 0.41765315625
0 0 0.4662529375 0.0185728765625 0.4695204546875 0.024039857812500003 0.4253189609375 0.0036383812500000003 0.421656365625 0 0.44653604375 0 0.4662529375
0 0.28675614375 0.5036832046875 0.2916006921875 0.4773732375 0.2840653171875 0.47435994375 0.282993946875 0.46123322031249997 0.1790685921875 0.44921789843750004 0.1747225515625 0.492571896875 0.28675614375 0.5036832046875
0 0.1064304609375 0.4414211359375 0.060334140625 0.4362044546875 0.054343864062500004 0.47034902812499996 0.1012746953125 0.476676865625 0.1064304609375 0.4414211359375
0 0.5035910046875001 0.7526196921875 0.644383503125 0.7716032015625001 0.676152609375 0.5611799765625001 0.628100834375 0.555699634375 0.6318740125 0.516262940625 0.5223687375 0.5014979890625 0.5138005796875 0.5532704296875 0.5291577578125 0.557338359375 0.5251477171875 0.5847594828125 0.4681531953125 0.579072 0.4575552328125 0.6515421124999999 0.465065821875 0.6615425125 0.514786615625 0.6692451640625 0.5035910046875001 0.7526196921875
0 0.2698181 0.5513311984375 0.2946908890625 0.55168896875 0.2990121453125 0.51532208125 0.21995957968750002 0.5036645328125 0.2150654625 0.5439487203125 0.2698181 0.5513311984375
0 0.09760065625 0.48816511562500003 0.055415237500000006 0.48347575468750004 0.0505211171875 0.5237599453125 0.091585596875 0.529296803125 0.09760065625 0.48816511562500003
0 0.26924523749999996 0.5552485 0.18711628125 0.5441747859375 0.1798425546875 0.5461899546875 0.17440035468749998 0.5834043375 0.1769038859375 0.586737803125 0.2629437453125 0.5983388374999999 0.26924523749999996 0.5552485
0 0.0877876328125 0.57572060625 0.0915608109375 0.5362839109374999 0.053286293750000005 0.5321218703125 0.0499234703125 0.534664359375 0.0464367234375 0.5721423999999999 0.076603003125 0.5772084546875 0.0877876328125 0.57572060625
0 0.255210096875 0.6512224328125 0.260963509375 0.6050622875 0.1936436546875 0.5949866984375001 0.1394390953125 0.5906740296875 0.1357154859375 0.6161365 0.15610450781250002 0.6198842546875001 0.15519564531250002 0.6397344328125001 0.1845274140625 0.6436893296874999 0.255210096875 0.6512224328125
0 0.0835655140625 0.58413905 0.043335546875 0.579713346875 0.040683309375 0.6183025453125001 0.0778368859375 0.6233120828125001 0.0835655140625 0.58413905
0 0.0950393984375 0.73747879375 0.2713164515625 0.7592495312499999 0.28394421875 0.6660817453125001 0.04258919375 0.6325404265625 0.02771954375 0.7274032046875 0.0950393984375 0.73747879375
0 0.552462509375 0.9067776515625001 0.539043115625 0.9968300921875001 0.8541520234375 0.9949968421875001 0.858562021875 0.9403665359375 0.552462509375 0.9067776515625001