0 0.5800179671875 0 0.63995159375 0.0237198984375 0.6585636984375001 0.0114775375 0.6578138874999999 0 0.5800179671875 0
0 0.917408128125 0 0.8717367484375 0.10834440468749999 0.9157350296875 0.1266258515625 0.9682192390625 0.0077324171875 0.9649233296874999 0.0009108546875 0.9627886437500001 0 0.917408128125 0
0 0.12983132343749998 0.61193880625 0.24131488124999997 0.6078172609375 0.286420321875 0.60392565 0.28503042343749996 0.5698566734375 0.2989941859375 0.5669536374999999 0.2983401140625 0.5509211781250001 0.2862193375 0.5496876765625001 0.2852382328125 0.5256389890625 0.2440640421875 0.5272696890625 0.24164874374999998 0.517377828125 0.143456146875 0.47744895 0.1314171296875 0.47821950468749996 0.1266052671875 0.48355071250000004 0.12983132343749998 0.61193880625
0 0.17265942343750001 0.6755041828125 0.166721671875 0.67789351875 0.1688286671875 0.704884078125 0.295238359375 0.6967932515624999 0.2944020375 0.651637746875 0.2691981125 0.6502369859375 0.1728859671875 0.656401425 0.17265942343750001 0.6755041828125
0 0.5725377453125 0.787546434375 0.552472715625 0.7888306921875 0.5513468265625 0.7858888203125 0.5703677265625 0.7836667453125 0.5781484625 0.777140871875 0.6364188093750001 0.775420578125 0.6430736546875 0.76595283125 0.642583103125 0.7539284859375 0.648357334375 0.7475310375 0.6475397484375 0.7274904640625001 0.5863005265625 0.7304054234375 0.5765132859375 0.7370597234375 0.5263507093750001 0.74027036875 0.52718703125 0.785425871875 0.5072037578125 0.7887141890625 0.5082035968749999 0.8378778046875001 0.558366171875 0.8346671593749999 0.5599638812500001 0.8245184484375001 0.56502101875 0.8251994125 0.5663921843749999 0.8341534562499999 0.648658809375 0.828887996875 0.6490488703125 0.8137933546875 0.638934596875 0.8124314265624999 0.63674584375 0.7834368078125 0.5986222859375 0.7858768984375 0.58641975 0.7826393390625 0.5763872359375 0.7832814671875 0.5725377453125 0.787546434375
0 0.175086625 0.8089666328125 0.29539505 0.799257028125 0.2944769703125 0.7520974671875 0.173124415625 0.7608692578125 0.175086625 0.8089666328125
0 0.865241915625 0.7627840921875 0.8089780718749999 0.7643759578125 0.8111855562500001 0.8184855046875 0.9235497265625 0.8112936578125 0.9235309953125 0.7861787296875 0.895911771875 0.77488610625 0.867820728125 0.7766840671875 0.865241915625 0.7627840921875
0 0.25947897656249996 0.8558066671875 0.265253209375 0.8494092156249999 0.3093962765625 0.8465838484375 0.308641715625 0.8034324015625 0.1792631484375 0.812717896875 0.1789548453125 0.829816596875 0.1731806125 0.8362140468750001 0.1738346828125 0.8522465046875001 0.1790553375 0.856935584375 0.21709713593750002 0.852491434375 0.22336192187499998 0.85811833125 0.25947897656249996 0.8558066671875
0 0.8623036765625001 0.9126642796875 0.9477026953125 0.9102122671874999 0.9627105874999999 0.9082470453125 0.9613206890624999 0.8741780703125 0.9391673968750001 0.8735866968750001 0.939720975 0.8625001687499999 0.9528041249999999 0.8626674296875001 0.9489989281250001 0.81870659375 0.8596686640625 0.8234195156249999 0.8605049843750001 0.8685750171875 0.8507177453124999 0.87522931875 0.8512082968750001 0.8872536625 0.8615678484375 0.8946277625000001 0.8623036765625001 0.9126642796875
0 0.5191098968750001 0.9326210390625 0.5362878109375 0.9345355046874999 0.6305934546875 0.928499490625 0.6392548031249999 0.9189033156249999 0.6366759890625 0.905003340625 0.6446202421875 0.9024855796875 0.6419596703125 0.886581546875 0.6308012656249999 0.8842818046875 0.5886647015625 0.8869787453125 0.5870669921875 0.8971274578124999 0.5649954578124999 0.8985401421875 0.5625801609375001 0.8886482828125001 0.5184370953124999 0.8914736515625 0.5191098968750001 0.9326210390625
0 0.17712376406250002 0.9575237296875001 0.2955074453125 0.9499466046875 0.29475288437499997 0.9067951593749999 0.18142634062500002 0.9150532453125001 0.18128155625 0.9361600609374999 0.1733373015625 0.9386778234375001 0.17712376406250002 0.9575237296875001
0 0.37612839375 0.9954879515625 0.37480519375 0.9458758125 0.1832250328125 0.9591425078125001 0.1783314125 0.9624696578125 0.1788219640625 0.9744940015625 0.1688712109375 0.9771401875000001 0.169717721875 0.9978897578125 0.37612839375 0.9954879515625