0 0.99657450625 0.582974509375 0.996934315625 0.52112854375 0.9931788906250001 0.48410845937499997 0.8266767515625 0.503345328125 0.8360053109375001 0.6015259093750001 0.99657450625 0.582974509375
0 0.202798890625 0.4873814703125 0.1760312140625 0.48974118750000006 0.1805709296875 0.537767278125 0.20733860625 0.5354075578125 0.202798890625 0.4873814703125
0 0.41995754218750003 0.45731386093750004 0.3758891453125 0.45973648437500003 0.382809440625 0.5096170640625 0.4263795765625 0.5029376296875 0.41995754218750003 0.45731386093750004
0 0.36478900468750003 0.46656402343750003 0.3185891578125 0.46926056093749996 0.325260321875 0.5170127359375 0.3690795890625 0.5124617078125 0.36478900468750003 0.46656402343750003
0 0.3115027828125 0.47341186718749995 0.2655520671875 0.47823680937499996 0.2698426515625 0.52413449375 0.31366191875 0.519583465625 0.3115027828125 0.47341186718749995
0 0.2165564296875 0.5309823359375 0.260375696875 0.5264313078125 0.2560851125 0.4805336265625 0.2293174359375 0.48289334375 0.2094423671875 0.4886881328125 0.2165564296875 0.5309823359375
0 0.4337150828125 0.5009147296875 0.5009802875 0.4933506484375 0.496191440625 0.44319615468749995 0.46089796875 0.44665152968750005 0.426102759375 0.4543637140625 0.4337150828125 0.5009147296875
0 0.5452147640625 0.43689613749999995 0.503526946875 0.441173253125 0.5101981125 0.48892542812500006 0.5518859296875 0.48464831249999996 0.5452147640625 0.43689613749999995
0 0.6473028671875001 0.46806538125 0.6565206906250001 0.46364016250000006 0.651288946875 0.4189436390625 0.6415728609375 0.41911204687500003 0.6067776515625 0.4268242328125 0.6131996859375 0.4724480015625 0.6473028671875001 0.46806538125
0 0.59825185625 0.4279198875 0.5523011390625 0.43274483124999996 0.558723171875 0.47836860000000003 0.602542440625 0.4738175703125 0.59825185625 0.4279198875
0 0.9672139078124999 0.206830209375 0.9607919078125 0.207415696875 0.8663161296874999 0.22279746718750001 0.874288309375 0.2909064546875 0.9024954078125 0.2916023875 0.914702809375 0.3958942765625 0.9220106390625 0.430602103125 0.992254 0.4207560375 0.9672139078124999 0.206830209375
0 0.1732353953125 0.290261465625 0.152862065625 0.2917994421875 0.16960918125 0.44411741875 0.189982509375 0.44257944218749995 0.1732353953125 0.290261465625
0 0.3359728984375 0.2758292375 0.3137172515625 0.2797695359375 0.31034015 0.26940141875 0.2911571109375 0.2718666421875 0.312167125 0.4236367921875 0.3557372609375 0.4169573578125 0.3359728984375 0.2758292375
0 0.25793974375 0.4316857953125 0.303641328125 0.42473244687499995 0.28169015625 0.27416345625 0.2634482734375 0.275427521875 0.2625624796875 0.2863434640625 0.2381753828125 0.29055767499999996 0.25793974375 0.4316857953125
0 0.2294004578125 0.289524925 0.2050133609375 0.2937391359375 0.2018853890625 0.2854994265625 0.1848337984375 0.2876907359375 0.201331784375 0.43788030625 0.2472825 0.43305536250000004 0.2294004578125 0.289524925
0 0.3673356625 0.4143866265625 0.41328637968750004 0.4095616875 0.3946569453125 0.25964602812500004 0.3655086890625 0.2601512546875 0.36487202500000004 0.27319560468750004 0.349010721875 0.2763141609375 0.3673356625 0.4143866265625
0 0.5741969109375 0.24089408437499998 0.5495606828125 0.24297989062499997 0.5464327124999999 0.2347401796875 0.5293811203125001 0.23693149062500002 0.5482596859375 0.388975553125 0.591829821875 0.3822961171875 0.5741969109375 0.24089408437499998
0 0.49403230468750003 0.3970245578125 0.5376024421875 0.390345121875 0.5199141671875 0.23922830468749998 0.49954083593750004 0.24076628281249998 0.4986550421875 0.2516822265625 0.47426794375 0.2558964375 0.49403230468750003 0.3970245578125
0 0.46549301875 0.254863684375 0.44110592187500003 0.259077896875 0.43797794999999995 0.2508381875 0.4209263609375 0.253029496875 0.43742434531249996 0.40321906875 0.48337505937499997 0.3983941265625 0.46549301875 0.254863684375
0 0.599469803125 0.22576392968749998 0.5824182109375 0.227955240625 0.6012967765624999 0.379999303125 0.6472474921875 0.3751743609375 0.6319951609375 0.23562681875 0.628424290625 0.23284508124999997 0.6028469046875 0.23613204687499997 0.599469803125 0.22576392968749998
0 0.1332361078125 0.1333701609375 0.2109094265625 0.12230810624999999 0.20523478437499998 0.0830695546875 0.19338725 0.0835118765625 0.1299420453125 0.09598610156250001 0.1332361078125 0.1333701609375
0 0.6602961515625 0 0.6627488953125 0.0177928796875 0.6873851234374999 0.0157070765625 0.6905130953125 0.023946784375 0.7054332375000001 0.022029389062499998 0.7024609468749999 0 0.6602961515625 0
0 0.71673224375 0 0.7179174374999999 0.0085427171875 0.740422215625 0.006730825 0.7456816359375 0.014696621875 0.758470328125 0.013053140625000001 0.75670064375 0 0.71673224375 0
0 0.47977554843750003 0 0.4837071921875 0.040801635937500004 0.5315402265625 0.0335743734375 0.52833448125 0 0.47977554843750003 0
0 0.44816754531249997 0 0.40935560937500004 0.004987743750000001 0.41550082968749996 0.049566874999999996 0.46571444375000004 0.04419410625 0.46145590312499996 0 0.44816754531249997 0
0 0.127755234375 0.0865452328125 0.23100593749999998 0.0721962125 0.2277118765625 0.034812153125 0.19028695625 0.038541440625 0.1244611703125 0.049161171875 0.127755234375 0.0865452328125
0 0.5453456234375 0 0.5495329765625 0.030181903125 0.597615140625 0.025083045312500003 0.5941351874999999 0 0.5453456234375 0
0 0.607037603125 0 0.6089644140625 0.0203839140625 0.6549151296875 0.0155589703125 0.6527414828125 0 0.607037603125 0