0 0.156008084375 0.1338163796875 0.1633977484375 0.0221618625 0.121964234375 0.0210901828125 0.1163691640625 0.070147740625 0.1138265171875 0.064833078125 0.1187687359375 0.001382 0.07320378281249999 0.0008518031250000001 0.070279146875 0.032164285937499995 0.07410661406249999 0.034568875 0.0714829859375 0.06265864843749999 0.0659958953125 0.067176959375 0.0671472984375 0.0440036734375 0.05017780468750001 0.041308221875 0.049856990625 0.023051421875 0.0397646984375 0.02264610625 0.0303497640625 0.123446690625 0.06256866718750001 0.1255620078125 0.0680287671875 0.1321785078125 0.07988597343750001 0.1353794484375 0.0906727546875 0.128349234375 0.156008084375 0.1338163796875
0 0 0.7210598328125 0.0159865296875 0.5917542578125 0.0092416125 0.58804783125 0 0.58713129375 0 0.7210598328125
0 0.0357971640625 0.40134416718750004 0.0322095296875 0.450600815625 0.075463078125 0.4538779953125 0.0803355328125 0.4017112734375 0.08710744687500001 0.3942828875 0.0918464859375 0.321852953125 0.050787775 0.3167684484375 0.0449513140625 0.39010204531250003 0.0357971640625 0.40134416718750004
0 0.1129642640625 0.34520979375 0.11189383906249999 0.33497864375 0.0938269265625 0.333186853125 0.0887400765625 0.39849480000000004 0.08416300156249999 0.4041158625 0.081485384375 0.454475259375 0.127843784375 0.457047865625 0.1355812578125 0.35251533125 0.1273911125 0.3425905828125 0.1129642640625 0.34520979375
0 0.167352403125 0.3485787484375 0.1629627296875 0.352193396875 0.162079709375 0.3399558359375 0.1440127953125 0.338164046875 0.133491284375 0.46165795468750004 0.1604979515625 0.46534884375 0.1778422515625 0.4640314703125 0.18595452968749998 0.35548611406249997 0.1793970125 0.349773275 0.167352403125 0.3485787484375
0 0.14903631875 0.7507493562499999 0.1509643265625 0.7084156078125 0.11392048437499999 0.703729278125 0.10907502499999999 0.7447611890625 0.104872753125 0.7463694249999999 0.1033735375 0.7624207265625 0.1043359859375 0.8171911218749999 0.1127135328125 0.825109459375 0.12074327343749999 0.8259058109374999 0.1282378 0.8215865875 0.1319048609375 0.8148627765625 0.17205355312499998 0.8188445312500001 0.17550621718749998 0.82526194375 0.1935731328125 0.8270537328125 0.20125506093749998 0.820728096875 0.205752709375 0.7725742 0.19389550312499998 0.7693732609375 0.1959569265625 0.7473027234375 0.20818893749999998 0.7464908390625 0.2106791515625 0.6981378515625 0.1584858484375 0.692961571875 0.1539881984375 0.74111546875 0.1658454046875 0.7443164078125 0.1641587859375 0.76237411875 0.1539072171875 0.7745199046875 0.15468381874999998 0.75535944375 0.14903631875 0.7507493562499999
0 0.17950965937500002 0.0774222109375 0.178385246875 0.08946068593749999 0.168160671875 0.090471659375 0.166045259375 0.1348118203125 0.1799099 0.13821184687500002 0.179508103125 0.153359484375 0.2127244765625 0.15564122656249998 0.21765092031250002 0.081204878125 0.20980858125 0.078402115625 0.21689573437499998 0.0025238109375 0.177540565625 0.002065871875 0.171667321875 0.0746194484375 0.17950965937500002 0.0774222109375
0 0.164457278125 0.563953915625 0.1665726890625 0.519613753125 0.129528846875 0.514927425 0.12430858281249998 0.559972159375 0.164457278125 0.563953915625
0 0.2159897375 0.1640650484375 0.2187197859375 0.1673733 0.2367867 0.1691650890625 0.239945540625 0.146190890625 0.2561924203125 0.14577717968749998 0.268748359375 0.011347550000000001 0.2276896484375 0.00626304375 0.2204079625 0.073378315625 0.2159897375 0.1640650484375
0 0.232551209375 0.4856572265625 0.27360992031250003 0.49074173125 0.2760191515625 0.4757931828125 0.28222885937500003 0.47438403281249997 0.286726509375 0.4262301359375 0.2830864421875 0.421819134375 0.2899663328125 0.3698515015625 0.2819635859375 0.3579203390625 0.2699189796875 0.3567258109375 0.26847375 0.3505074875 0.24639196874999997 0.3483175203125 0.23841466093750002 0.40118881718750005 0.2453199859375 0.41402364374999995 0.24307116093749997 0.4381005921875 0.23686145625 0.439509740625 0.232551209375 0.4856572265625
0 0.2724123078125 0.15649828125 0.2824494796875 0.1574937203125 0.28922139375 0.150065334375 0.306378290625 0.150754375 0.3168188171875 0.060664903125 0.31740801875 0.0435108546875 0.274154471875 0.040233675 0.2647843671875 0.14055429531250002 0.2724123078125 0.15649828125
0 0.26627424375 0.580126628125 0.270959296875 0.5299663156250001 0.2297131828125 0.526888225 0.22631295156250003 0.5741384593750001 0.26627424375 0.580126628125
0 0.3645938984375 0.15652791875 0.371527775 0.08229065937499999 0.34963339531250004 0.0780942828125 0.3520966171875 0.040876109375000004 0.3280074 0.0384870546875 0.3164154640625 0.1517498125 0.3645938984375 0.15652791875
0 0.3387069734375 0.36861036875000003 0.334156890625 0.36309661875 0.32411971875 0.3621011796875 0.3226744890625 0.3558828546875 0.2983978703125 0.355500215625 0.2864041375 0.48391060937499997 0.327837653125 0.4849822890625 0.333647115625 0.4227835046875 0.34060643125 0.41334870468749996 0.337715975 0.40091205468749996 0.3387069734375 0.36861036875000003
0 0.3343681734375 0.5018299374999999 0.3673971484375 0.5061180921874999 0.3698063796875 0.4911695421875 0.384045825 0.49055674375 0.38929308281249997 0.43437719843749995 0.38565301875 0.429966196875 0.39015066875 0.3818123 0.38396795625 0.3720866375 0.37393078125 0.3710912 0.3675336734375 0.374506759375 0.3474593265625 0.37251588281250003 0.34167685468750003 0.42357985468750003 0.3471369546875 0.43019635625 0.3448881296875 0.4542733046875 0.33867842187499997 0.455682453125 0.3343681734375 0.5018299374999999
0 0.32041632343750004 0.8355834375000001 0.3258764234375 0.8421999359375001 0.33992846718749997 0.8435935499999999 0.3476103953125 0.8372679140624999 0.3507962296875 0.803158903125 0.356470725 0.7966341796874999 0.35435531249999996 0.8409743390625 0.399616296875 0.8444506078125 0.408478184375 0.7278796 0.36431461875000004 0.7234996703125 0.3566581265625 0.7946277671875001 0.35304505625 0.7790819546875001 0.357917509375 0.72691523125 0.3146639625 0.7236380515625 0.30963109843750003 0.7666763734375001 0.31546600156250004 0.76928005 0.3149037953125 0.7752992859375001 0.30850668593749997 0.77871485 0.30344683125 0.8328879828125 0.32041632343750004 0.8355834375000001
0 0.511539990625 0.07997641250000001 0.5036976531249999 0.07717365000000001 0.5050364625 0.051993953125000006 0.4758349578125 0.0501103859375 0.468740671875 0.11521924531250001 0.4660106234375 0.1119109953125 0.47013346875 0.067769921875 0.4310821921875 0.0628845046875 0.4254871234375 0.1119420640625 0.42219486875 0.11465305156250001 0.42690691562499994 0.05335792968750001 0.40792998437500005 0.050463389062499996 0.40685956093750003 0.040232240625 0.3816729234375 0.03874685 0.3715262203125 0.15822793125 0.41769721875 0.16280695 0.4204542625 0.1549803875 0.43450630468749996 0.1563740015625 0.4357641296875 0.1645987390625 0.5200763921875 0.1729604234375 0.5213342171875001 0.18118516093749998 0.5394011296875 0.18297695 0.5423455749999999 0.173143975 0.56935224375 0.17683486718750002 0.5719758734375 0.14874509375 0.5641335359374999 0.14594233125 0.5677751578125 0.0744160578125 0.538573653125 0.07253249375000001 0.5366996312500001 0.092596615625 0.5324973609375 0.094204853125 0.5281871125000001 0.1403523390625 0.5239848406250001 0.1419605765625 0.52026379375 0.1709540109375 0.5232892203125 0.1277166015625 0.5074171453125 0.12411748593750001 0.511539990625 0.07997641250000001
0 0.40783655 0.6913660015625 0.4132712109375 0.6331800421875 0.37641477343749996 0.6264873 0.3696952890625 0.6875833359375 0.40783655 0.6913660015625
0 0.4536296328125 0.8518323890625 0.46524856249999996 0.7274348203125001 0.42218241562500003 0.722151228125 0.41147350468750005 0.8476515453125 0.4536296328125 0.8518323890625
0 0.5463017875 0.4236235921875 0.5426617234375 0.4192125921875 0.5430905140625 0.3929301421875 0.5385404328125001 0.3874163921875 0.522480953125 0.385823690625 0.5210357265625001 0.37960536562499997 0.5029688125 0.377813575 0.4904128734375 0.5122432078125 0.5336664234375 0.5155203875 0.5380306578125 0.447103278125 0.5446151687499999 0.44168130312500004 0.5463017875 0.4236235921875
0 0.5832662015625 0.3857770859375 0.5806965625 0.3915972359375 0.568651953125 0.390402709375 0.5565803515625001 0.4003429953125 0.553823309375 0.40816955468750005 0.54699740625 0.43786756562500007 0.5504500703125 0.44428497968749997 0.5440784 0.5125030015625 0.5902494 0.51708201875 0.6020557296875 0.3906780390625 0.5832662015625 0.3857770859375
0 0.7994337515625001 0.067015875 0.79986254375 0.040733425000000004 0.75971385 0.036751671875 0.7436242640625 0.19816832499999998 0.7969149859375 0.20244094375000002 0.8041951171875 0.21126294531249998 0.8162397265625 0.212457471875 0.8208168 0.206836409375 0.8279365249999999 0.20653001093749998 0.8404924625 0.07210037968750001 0.7994337515625001 0.067015875
0 0.875059075 0.7974403296875 0.8704280125 0.825331015625 0.8731056296874999 0.7749716171875 0.8068602828125 0.768401721875 0.8014526171874999 0.8154528703125001 0.7671388234375 0.8140747921875 0.75664430625 0.9264338859375 0.8579260609375 0.9374910218749999 0.90939675 0.9395581421875001 0.922140090625 0.803122096875 0.875059075 0.7974403296875
0 0.8562773296874999 0.4128530171875 0.8181360703125 0.4090703515625 0.8061693312499999 0.5263459312500001 0.8572652171874999 0.532425875 0.8886615578124999 0.5325021171875 0.8978442609374999 0.43418791093750003 0.86080041875 0.42950158125 0.8560629359374999 0.42599424218750004 0.8562773296874999 0.4128530171875
0 0.8785418453125 0.6408483875 0.8828520937500001 0.5947009015625 0.8438008171875 0.5898154828125 0.8383931499999999 0.63686663125 0.8785418453125 0.6408483875
0 0.9544796703125 0.4894171890625 0.9524452406249999 0.5003529125 0.9597253718750001 0.5091749140624999 0.9580387531250001 0.5272326265625 0.9498216109375001 0.5284426875 0.9475727859375 0.5525196375 0.9552277218749999 0.5573288125 0.9542907109375 0.5673608734375 0.9455113640624999 0.5745901734375 0.9434499390625 0.5966607078124999 0.952550103125 0.607688209375 0.9486686499999999 0.6275532453125 0.9878136265625 0.63143545625 0.9969640796875 0.5334665328125 0.9975018359375 0.44103397187500004 0.9894636453125001 0.44023678281249995 0.9850739718750001 0.44385143125 0.9589773203125 0.4412632921875 0.95453365625 0.46714756562500004 0.9499835765625001 0.46163381562500005 0.9518575968749999 0.441569690625 0.945674884375 0.431844028125 0.9316228421874999 0.4304504140625 0.9299902109374999 0.4262385015625 0.9119232984375 0.4244467125 0.8970121140625 0.5515552687499999 0.941175678125 0.5559351968749999 0.9469851437499999 0.4937364125 0.9544796703125 0.4894171890625
0 0.9496705421874999 0.06369065625 0.94238885625 0.130805928125 0.9381865828124999 0.1324141640625 0.9351881499999999 0.1645167625 0.9388282171875 0.1689277640625 0.934892771875 0.211062421875 0.9518622671875001 0.21375787499999999 0.9529326906250001 0.223989025 0.9761118921874999 0.2252753265625 0.988909221875 0.0665696609375 0.9496705421874999 0.06369065625
0 0.98182300625 0.6955737734375 0.93975433125 0.6904566046875 0.9357918937499999 0.7437260765625 0.9769443046875 0.747807375 0.98182300625 0.6955737734375
0 0.9195418999999999 0.89601433125 0.9385188296875 0.898908871875 0.94780639375 0.9079299593749999 0.9598510015624999 0.9091244859375 0.9621957609375 0.90571203125 0.9737650078125 0.78184639375 0.9337034750000001 0.776931425 0.9195418999999999 0.89601433125