0 0.029481534375 0.711113940625 0.04067253125 0.7092057734375 0.0260806015625 0.6382642203125 0.016963709375 0.640049 0.029481534375 0.711113940625
0 0.13761192656250001 0.7598123640625001 0.14635045156249998 0.7499304078125 0.14455656562500002 0.7397463390625 0.135461746875 0.72975815 0.035894334374999996 0.747520046875 0.044012012499999996 0.7936049093750001 0.13964416875000002 0.7772987515625001 0.13761192656250001 0.7598123640625001
0 0 0.54374433125 0.0097449703125 0.5990675000000001 0.0262059890625 0.5973320578125 0.02549091875 0.5754251 0.0165214875 0.5245047484375001 0.006947471875 0.5177452484375 0 0.47830375937499997 0 0.54374433125
0 0.1873044625 1 0.1788713078125 0.9940459796875001 0.1755218921875 0.9809801578125 0.079889734375 0.997286315625 0.08036774062499999 1 0.1873044625 1
0 0.052301807812500004 0.8406669062500001 0.1511275234375 0.8246434734375001 0.14275522812500002 0.783062253125 0.04494601875 0.7989073609374999 0.052301807812500004 0.8406669062500001
0 0.17827665625 0.9668735187499999 0.17612399375 0.9546526328124999 0.1685847046875 0.9475461953125001 0.1628417859375 0.9327905 0.071419471875 0.9491997921875001 0.078813403125 0.991175875 0.172410834375 0.9752166546875 0.17827665625 0.9668735187499999
0 0.15830058593750002 0.8832130828125001 0.1070736390625 0.8898497578125 0.1068327984375 0.9003807671875 0.096659165625 0.9021154656249999 0.092830553125 0.892278334375 0.062415173437500006 0.898081490625 0.069843971875 0.9402555234375001 0.1654761296875 0.923949365625 0.170265621875 0.909495784375 0.1688305140625 0.901348528125 0.15961527343749998 0.8966258437500001 0.15830058593750002 0.8832130828125001
0 0.0818263953125 0.8417049203125 0.053447089062499994 0.8471687843750001 0.06123331875 0.891371984375 0.16296965624999998 0.8740250078124999 0.1681179265625 0.8616082421875 0.16189829375 0.8322479078124999 0.10049771249999999 0.8406192796875 0.09918054062500001 0.845039846875 0.08493745312499999 0.8474684234375 0.0818263953125 0.8417049203125
0 0 0.29024907187500004 0.0207436515625 0.2867120890625 0.008545225 0.21746040937500002 0 0.21871338125 0 0.29024907187500004
0 0.1320092984375 0.59712453125 0.105818559375 0.448437103125 0.0293369171875 0.46042892812499997 0.061383543750000005 0.6721065328125 0.11955264531250001 0.6632371640625 0.10962730312499999 0.6009408656249999 0.1320092984375 0.59712453125
0 0 0.1144552703125 0.034146279687499996 0.3033087171875 0.077713515625 0.294831109375 0.07604005 0.279381534375 0.08178545312499999 0.27630390312499997 0.04590773125 0.07262249531250001 0 0.080450184375 0 0.1144552703125
0 0.30029696875 0.5411560875 0.368639703125 0.53055201875 0.359431915625 0.47232935 0.36721204531249996 0.4689047765625 0.3566870859375 0.41510267343749996 0.24800859218750002 0.43468234531250005 0.28639527187499997 0.6704547796875 0.375085275 0.6563813171875 0.37006239375 0.62786591875 0.38514345625 0.6242454656249999 0.38765737968749997 0.6206698359375 0.37868795 0.5697494843750001 0.36205135781250003 0.5704881875 0.3576256109375 0.5513119234375 0.304722715625 0.5603323515625 0.30029696875 0.5411560875
0 0.30034664375000003 0.184489509375 0.2548651 0.188048553125 0.23513235312499997 0.0760237765625 0.18677810625 0.0811216359375 0.21763046406250003 0.27412097343749997 0.2456374421875 0.2724925125 0.3176908546875 0.2591577515625 0.306568759375 0.196016515625 0.300105803125 0.19502051874999998 0.30034664375000003 0.184489509375
0 0.47687565625 1 0.49173258124999997 0.9973459703125 0.4826427296875 0.9516911234375 0.34344333437499996 0.9764748890625 0.3466723296875 0.9948062156249999 0.3572047421875 0.9951083296875 0.35826911093749997 1 0.47687565625 1
0 0.182390940625 0.049350859375 0.1852250609375 0.0604065546875 0.2345377015625 0.0488513140625 0.2323619515625 0.0408303453125 0.182390940625 0.049350859375
0 0.45334341718750004 0.7794068640625 0.44532989843750004 0.7398624593750001 0.361188546875 0.7500133515625 0.311517128125 0.7595317765625 0.31749592031249996 0.7994231218750001 0.405706728125 0.78857835 0.45334341718750004 0.7794068640625
0 0.4438724359375 0.8922151640625 0.43406502968750005 0.8424866890624999 0.3335254453125 0.8606786015625 0.34333285 0.9104070765625 0.4438724359375 0.8922151640625
0 0.47833492031249997 0.9450826828125001 0.46852751406250004 0.8953542078125001 0.3432124296875 0.91567258125 0.35301983593749997 0.96540105625 0.47833492031249997 0.9450826828125001
0 0.4111008046875 0.7299639171875001 0.40344606250000004 0.6924563265625 0.30901065625 0.709607421875 0.31702417656250004 0.749151825 0.4111008046875 0.7299639171875001
0 0.444359084375 0.8354864875000001 0.4352692328125 0.7898316390625 0.3262319640625 0.8073744968750001 0.3356805921875 0.8550661578125001 0.444359084375 0.8354864875000001
0 0.3630544609375 0.24303088437499998 0.34343965 0.1435739359375 0.3015483625 0.149667790625 0.3186492484375 0.25270036875 0.3630544609375 0.24303088437499998
0 0.28608084843750003 0.0316707828125 0.2915075671875 0.0569703390625 0.33100535 0.0491866109375 0.3239878890625 0.025207284375 0.28608084843750003 0.0316707828125
0 0.43590113906249994 0.54950416875 0.41258061875 0.417111253125 0.3645851515625 0.42424592499999997 0.387067696875 0.5578307171875 0.43590113906249994 0.54950416875
0 0.43576830156249996 0.6439363171875 0.4265580296875 0.603546975 0.396875103125 0.607559190625 0.40357145 0.6515241625 0.43576830156249996 0.6439363171875
0 0.3767004125 0.231263175 0.3910614375 0.241402421875 0.405304525 0.23897384531250002 0.4111703484375 0.2306307078125 0.39347232656250003 0.11825899375 0.383426565625 0.061228201562499994 0.33710704687500004 0.0659791203125 0.365330028125 0.2321529359375 0.3767004125 0.231263175
0 0.58796435625 0.9725456156250001 0.5821035 0.945222096875 0.540570990625 0.9533527625 0.5467906234375 0.982713096875 0.58796435625 0.9725456156250001
0 0.3796782796875 0.0157115625 0.3851049984375 0.04101111875 0.4266375078125 0.032880453125 0.4214287625 0.008592724999999999 0.3796782796875 0.0157115625
0 0.5584316546875 0.75729238125 0.5507769125 0.7197847890625 0.507209675 0.728262396875 0.5128296906250001 0.7661169265625001 0.5584316546875 0.75729238125
0 0.5827056015625 0.9188945703125 0.5766063890625001 0.88426873125 0.5730161328125 0.8817339203125 0.53351835 0.889517646875 0.5411730921875 0.9270252375 0.5801916765625 0.9224702 0.5827056015625 0.9188945703125
0 0.45857364843750004 0.1784902453125 0.4661079703125 0.22126334218750002 0.48358253749999996 0.21933276249999997 0.49076304843749996 0.2244023859375 0.501295459375 0.2247045015625 0.5071612828125 0.2163613640625 0.4960391890625 0.1532201296875 0.5010670390625 0.14606886875 0.490303721875 0.0849644453125 0.44398420156249996 0.0897153640625 0.44804868906250006 0.12468814218749999 0.413458334375 0.1305861140625 0.402805503125 0.135549503125 0.4193092546875 0.22924295 0.46407324375 0.2216102796875 0.4497221546875 0.1401377171875 0.45187730156250006 0.1345252734375 0.4602545671875 0.14043983437500002 0.46527744843749996 0.16895523125 0.45857364843750004 0.1784902453125
0 0.52622486875 0.8362135437499999 0.5345971640625 0.8777947609375 0.5651180671875 0.87259066875 0.575770896875 0.8676272796875001 0.5657226515625 0.8284298140624999 0.52622486875 0.8362135437499999
0 0.549103446875 0.704335215625 0.54180748125 0.6688644375 0.5002749718749999 0.6769951046875 0.5075709359375 0.71246588125 0.549103446875 0.704335215625
0 0.5670423078125 0.8061759187499999 0.5573528390625 0.76901526875 0.51785505625 0.7767989953125001 0.525509796875 0.8143065843749999 0.5670423078125 0.8061759187499999
0 0.513361046875 0.388388328125 0.49708323125 0.39116384531250004 0.49205538281249994 0.39831510468750003 0.4717081171875 0.4017845015625 0.476610578125 0.43556540312500003 0.4834323125 0.4385982125 0.494313565625 0.512270459375 0.5341701265625 0.5065235453125 0.540753503125 0.5022540359375001 0.51934480625 0.392613015625 0.513361046875 0.388388328125
0 0.565511615625 0.624960878125 0.56359979375 0.602208984375 0.6726370640625 0.5846661265625 0.658285975 0.5031935625 0.612325234375 0.509981296875 0.6050292703125 0.4745105203125 0.645365028125 0.46553491406249997 0.6356780421875 0.410540934375 0.6454928984375 0.406769421875 0.635326715625 0.355004134375 0.52425471875 0.37289393125000003 0.5335829265625 0.42585109687499995 0.5400458828125 0.4268470921875 0.5558320812499999 0.5164669125 0.5563087953125 0.53107155 0.5529568968749999 0.5358390578125001 0.5619263265625001 0.5867594078125 0.5533131906250001 0.5557091984375 0.5000515171875 0.5626928125 0.5126087203125 0.63398130625 0.565511615625 0.624960878125
0 0.4666457515625 0.002714865625 0.456255671875 0.0026544171875 0.4305781796875 0.007032665624999999 0.4345380578125 0.024190373437500003 0.46996638749999997 0.017100525 0.4666457515625 0.002714865625
0 0.6106070609375001 0.8155316406249999 0.6162270765625 0.8533861703125 0.6898360171875 0.8429331609374999 0.6919911640625 0.8373207171875 0.6850539765625 0.8038867546875 0.6106070609375001 0.8155316406249999
0 0.6018784703125 0.754080278125 0.6356308515625 0.7493741828125 0.638144775 0.7457985515625001 0.6313280078125 0.7070990859374999 0.6146914171875 0.7078377875 0.607515871875 0.6671015046875 0.5863306296874999 0.671762778125 0.6018784703125 0.754080278125
0 0.612044653125 0.80584556875 0.6666235 0.7944413859375 0.668778646875 0.788828940625 0.664832096875 0.7664239859374999 0.674646953125 0.762652475 0.6712975375 0.7495866546875 0.602116828125 0.761382596875 0.608454396875 0.8033107562499999 0.612044653125 0.80584556875
0 0.6776202062500001 0.8985147843749999 0.6688891328125 0.8548967515625 0.6192177140624999 0.864415178125 0.6296247375 0.9056494578125 0.6776202062500001 0.8985147843749999
0 0.693334209375 0.9776569687500001 0.6877863890625 0.9502800718750001 0.63608024375 0.9601454374999999 0.6413895046875 0.9865140171875 0.693334209375 0.9776569687500001
0 0.5287326234374999 0.0175702890625 0.52565815 0.0030581890625 0.47812849531249996 0.0027816703125000002 0.4831306609375 0.0263948359375 0.5287326234374999 0.0175702890625
0 0.5620989062499999 0.206993996875 0.5417665406250001 0.1034634203125 0.4978405265625 0.1099042125 0.5173349171875 0.21462666718749998 0.5620989062499999 0.206993996875
0 0.725883834375 0.684682484375 0.7175115390625 0.643101265625 0.620682628125 0.6585624875 0.6294137015625 0.7021805203125 0.725883834375 0.684682484375
0 0.5531344421875 0.1204069875 0.5673651109375 0.20714505625 0.6112911249999999 0.2007042625 0.6025625359375 0.1392529015625 0.59706045625 0.1139661953125 0.5531344421875 0.1204069875
0 0.576607671875 0.015701121874999998 0.5740648640625 0.0033398109375 0.5329170249999999 0.0031004203125000003 0.5371098875 0.023484849999999998 0.576607671875 0.015701121874999998
0 0.7189540984375 0.5977485359375 0.7110609984375 0.5529386265625 0.69442440625 0.5536773296875 0.6903574375 0.53653788125 0.66797544375 0.5403542140625001 0.678618340625 0.606724140625 0.7189540984375 0.5977485359375
0 0.7079648421875 0.44017514999999996 0.6987496046875 0.43545246718749997 0.6952797687500001 0.42765215 0.6834401203125 0.3604372859375 0.6598613734375001 0.3634086828125 0.661893615625 0.3808950734375 0.643939853125 0.38605434375000003 0.652909284375 0.43697469531250005 0.6600897953125 0.44204431875 0.6743229484375 0.5109490578125 0.7190869359375001 0.5033163875 0.7079648421875 0.44017514999999996
0 0.590489496875 0.029069059375 0.6142842468749999 0.193899940625 0.6317588125 0.19196936250000002 0.6376221531249999 0.2014595515625 0.6538999671875 0.1986840359375 0.6577310640625 0.1906878390625 0.6431441015625 0.0840796296875 0.630704834375 0.025358959375 0.6271145796875001 0.022824146875 0.590489496875 0.029069059375
0 0.8502281046875 0.7599881374999999 0.8441288921875 0.7253622984375 0.8405386359374999 0.7228274875 0.7721959 0.7334315546875 0.8572956484375001 0.716823278125 0.8478470203124999 0.6691316171875 0.7213351828125 0.6886050546875 0.72229109375 0.699981003125 0.7104415109375 0.7040994546875 0.7163023671875 0.7314229734375 0.726476 0.7296882765625 0.7299458359375001 0.7374885921875001 0.7636982156250001 0.732782496875 0.751848634375 0.73690095 0.760938484375 0.782555796875 0.8487905124999999 0.7696742109375 0.8502281046875 0.7599881374999999
0 0.8599731140625 0.9492435109375 0.8560690921875 0.9299782890625 0.7653443609374999 0.9443986921875 0.7694538578125 0.964677871875 0.8599731140625 0.9492435109375
0 0.7617615578125 0.8883638906250001 0.7688166812499999 0.934365678125 0.8587034359375 0.921137153125 0.860141028125 0.9114510812500001 0.8528450640624999 0.875980303125 0.7617615578125 0.8883638906250001
0 0.8423201046875001 0.8221782015624999 0.8335890312500001 0.77856016875 0.7465749781250001 0.790249878125 0.7536301015625 0.8362516640625 0.8423201046875001 0.8221782015624999
0 0.854641434375 0.8683310453124999 0.8466279140624999 0.828786640625 0.7599726390625 0.8425131640625001 0.7683449343750001 0.8840943828125001 0.854641434375 0.8683310453124999
0 0.7052522999999999 0.1511152015625 0.686595884375 0.04520086875 0.678936175 0.043359935937499997 0.64231109375 0.049604846875000004 0.666346684375 0.2039047203125 0.7102726984375 0.1974639265625 0.7052522999999999 0.1511152015625
0 0.7390977796875 0.3373102171875 0.750099453125 0.405716959375 0.7596734703125 0.41247645781250003 0.7629024656250001 0.4308077828125 0.75823339375 0.439995859375 0.7754546999999999 0.537762934375 0.747327303125 0.5446569015625 0.7570142890625 0.5996508796875 0.8363686328125001 0.5861202375000001 0.789127975 0.32982860625 0.7390977796875 0.3373102171875
0 0.766048296875 0.1869046828125 0.761025415625 0.158389284375 0.768087990625 0.150891084375 0.7659353265625 0.13867020000000002 0.7563613109375 0.1319107015625 0.7412926671875 0.0463645109375 0.74117473125 0.0337966875 0.7475197515625001 0.022224859375 0.73722818125 0.0113917328125 0.7355867328125 0.00427951875 0.683538171875 0.003976709375 0.7184116046875 0.19607616875 0.766048296875 0.1869046828125
0 1 0.46207349531249997 0.97220539375 0.30428075 0.9271294234375 0.31105843437499997 0.9430360421874999 0.39541274843749996 0.9332211859375 0.399184259375 0.9375265125000001 0.423626028125 0.9480589234375 0.42392814375 0.9610928390625 0.5098212734375 0.9756947031250001 0.5094295125 0.981555559375 0.53675303125 1 0.533091628125 1 0.46207349531249997
0 0.9472170296875 0.162419315625 0.919549815625 0.0053497843750000005 0.8762170078124999 0.0050976812500000005 0.9046480734375001 0.17061511406250002 0.9472170296875 0.162419315625