0 0.05784384375 0.0499011984375 0.062962484375 0.0615535203125 0.068427540625 0.06611696875 0.1843911625 0.055966300000000004 0.18159141875 0.025960435937499998 0.06262873906250001 0.036373621875 0.0630953625 0.0413745984375 0.05784384375 0.0499011984375
0 0.478169528125 0 0.47051582812500004 0.000669953125 0.47164325781249994 0.00863818125 0.5703278625 0 0.478169528125 0
0 0.060174548437499996 0.1081056890625 0.0609211453125 0.116107253125 0.0709448953125 0.1263218515625 0.1889078890625 0.11599617031250001 0.18461495156250002 0.06998717812500001 0.0637462234375 0.081575571875 0.06561271875 0.10157948125 0.060174548437499996 0.1081056890625
0 0.416928490625 0.063547290625 0.34804345468750003 0.0705853828125 0.3532427546875 0.11550667343750001 0.42122142812499996 0.10955628125000001 0.416928490625 0.063547290625
0 0.579064546875 0.083778546875 0.5775713515625001 0.06777541875000001 0.57319930625 0.064124659375 0.5695200875 0.046296153125 0.5144440125 0.05010877500000001 0.5071931171874999 0.058810384375000004 0.45811516093750004 0.062097971875000005 0.4631278109375 0.105018871875 0.517110875 0.100293559375 0.5225490453125 0.0937673515625 0.5745327375 0.089217053125 0.579064546875 0.083778546875
0 0.7670014640625 0.128916709375 0.8129870374999999 0.12489144375000001 0.8195451046875 0.1303675828125 0.8315413421875 0.1293175140625 0.8429776296875 0.1222662703125 0.8927752984374999 0.1158905921875 0.8885092468750001 0.08097125625 0.8214369343750001 0.085833946875 0.81469221875 0.0783574171875 0.7687066453125 0.0823826828125 0.759989440625 0.0861708203125 0.763482009375 0.1019989375 0.7562311171875 0.110700546875 0.7573510125 0.1227028921875 0.7670014640625 0.128916709375
0 0.952826478125 0.0723969390625 0.906121190625 0.079510296875 0.9111338421875 0.12243119531249999 0.957119415625 0.11840593125000001 0.952826478125 0.0723969390625
0 0.19646111875 0.18033418750000002 0.19344784375 0.13723827500000002 0.078390584375 0.14630124375 0.07023332812500001 0.1560905546875 0.069353853125 0.1682679125 0.0759119203125 0.1737440515625 0.077591765625 0.1917475703125 0.1146734859375 0.1895100515625 0.19646111875 0.18033418750000002
0 0.45908992499999995 0.142841128125 0.44328159375 0.14624161093750002 0.446960809375 0.16407011875 0.4840425328125 0.1618326 0.561644771875 0.15100636875 0.5568187703125 0.11008586093749999 0.45794314375 0.1197491265625 0.45908992499999995 0.142841128125
0 0.5028507109375 0.21218560156250002 0.5704560875 0.2022344265625 0.5652567859375 0.15731313593750001 0.4643817859375 0.1671514140625 0.4677683640625 0.21424810625 0.5028507109375 0.21218560156250002
0 0.8548253906250001 0.12828774999999998 0.753950390625 0.13812602812500002 0.7569636671875 0.18122194062500002 0.7820491515625 0.18003449062500002 0.8358455687499999 0.1733087875 0.8347256703125 0.1613064421875 0.8585314937499999 0.1572059140625 0.8548253906250001 0.12828774999999998
0 0.1360073375 0.1921419515625 0.08021155156250001 0.19904266718750002 0.0806117359375 0.2141331046875 0.0728008921875 0.2168335421875 0.0752273359375 0.2428386234375 0.08031909375 0.243401290625 0.21409042031249997 0.22967512812500002 0.2135035859375 0.2125842984375 0.2273125453125 0.2093588265625 0.22581935 0.1933556984375 0.1909236515625 0.1974185953125 0.18817767968750002 0.18959204375 0.15418834374999998 0.192567240625 0.1527489171875 0.198743425 0.14075268125 0.19979349375 0.1360073375 0.1921419515625
0 0.80962841875 0.18928514999999999 0.76473585625 0.194223103125 0.7660424031249999 0.208225840625 0.7607908812499999 0.21675243906250002 0.7693752078125 0.23314322187499997 0.8153607812500001 0.22911795625 0.8227983234374999 0.22241673906249998 0.8867782515625 0.21681637031249998 0.8837649750000001 0.17372045625000002 0.8168793140625 0.1805835390625 0.80962841875 0.18928514999999999
0 0.4591963625 0.261955959375 0.49718444531249995 0.258630740625 0.500623240625 0.25227954375 0.52061696875 0.250529428125 0.523362940625 0.25835598125 0.57534663125 0.25380568281250004 0.5762261093750001 0.2416283234375 0.591128078125 0.2393155421875 0.5854226031249999 0.21057239062500002 0.45455700937500004 0.223035840625 0.4591963625 0.261955959375
0 0.9650915687499999 0.1822434296875 0.9142008890625 0.18770641875 0.918840240625 0.2266265375 0.9708239328125 0.2220762375 0.9650915687499999 0.1822434296875
0 0.0935266265625 0.28110554374999996 0.09464652343749999 0.29310788906249996 0.1022976015625 0.2994967171875 0.2202605953125 0.2891710375 0.21615430781249997 0.24516243593749998 0.0952855796875 0.25675082968749996 0.0971520734375 0.2767547390625 0.0935266265625 0.28110554374999996
0 0.30947267031250003 0.25064320156250003 0.26639283125 0.253405753125 0.269406109375 0.296501665625 0.312485946875 0.2937391125 0.30947267031250003 0.25064320156250003
0 0.4693828796875 0.2692703703125 0.47564830625 0.30401469531249997 0.589612553125 0.2940390375 0.5957704359375 0.2844247375 0.5948371890625 0.274422784375 0.5882791234375 0.2689466453125 0.5836935421875 0.2522058390625 0.53170985 0.2567561390625 0.5262716796875 0.26328234687499996 0.4693828796875 0.2692703703125
0 0.8834480078125001 0.277690415625 0.87843535625 0.23476951562499998 0.7735616109375 0.244957815625 0.7763882390625 0.2860533375 0.779667271875 0.28879140625 0.8056591187500001 0.28651625625 0.8834480078125001 0.277690415625
0 0.977222234375 0.23664164062499998 0.9737565515625001 0.23190318125 0.9377678406250001 0.2350533875 0.9270512656250001 0.2390165390625 0.9315039671875001 0.2759362640625 0.9794889140624999 0.2717359875 0.977222234375 0.23664164062499998
0 0.388047871875 0.3275401828125 0.38578119375000003 0.292445834375 0.3448873765625 0.29703376875 0.34824706562499996 0.3330408046875 0.388047871875 0.3275401828125
0 0.09376575312499999 0.3501192609375 0.094699 0.3601212171875 0.102536728125 0.3685104359375 0.220499721875 0.35818475625 0.21620678437500002 0.31217576406249997 0.097337428125 0.3235891453125 0.0992039234375 0.3435930546875 0.09376575312499999 0.3501192609375
0 0.3139146140625 0.3245184109375 0.272834146875 0.327105953125 0.275660775 0.368201471875 0.316741240625 0.3656139328125 0.3139146140625 0.3245184109375
0 0.8563528921874999 0.3236396171875 0.8692554921875001 0.321501846875 0.8669888125 0.2864074984375 0.7779233999999999 0.2931953171875 0.780936675 0.336291228125 0.85510011875 0.33181619375000004 0.8563528921874999 0.3236396171875
0 0.48418334375 0.324521903125 0.4866366734375 0.3616166421875 0.592603428125 0.35234103125 0.6005740359375 0.340551328125 0.591456646875 0.329249028125 0.5890570890625 0.3143336015625 0.5652512671875 0.31843413125 0.5585065499999999 0.3109576015625 0.53651345 0.312882728125 0.48418334375 0.324521903125
0 0.9780494890625 0.27791217343749997 0.9311575546874999 0.2830251390625 0.93579690625 0.32194525625 0.9817824796875 0.3179199921875 0.9780494890625 0.27791217343749997
0 0.39479258906250003 0.3350167125 0.3479006546875 0.3401296796875 0.352726653125 0.38105018749999997 0.3967128546875 0.377199934375 0.39479258906250003 0.3350167125
0 0.23692229375 0.4187233328125 0.23190964374999998 0.3758024328125 0.111227565625 0.38939121718749997 0.1149067828125 0.40721972500000003 0.10928196406249999 0.411745540625 0.1105885109375 0.42574827812500005 0.1182395875 0.43213710625 0.1922163796875 0.4256616796875 0.23692229375 0.4187233328125
0 0.59449365 0.37493234375 0.5922807421875 0.3620173078125 0.56828826875 0.3641174453125 0.5597308296875 0.35881631875000003 0.5157446296875 0.362666571875 0.508493734375 0.3713681828125 0.487406996875 0.3722056078125 0.4918596984375 0.4091253359375 0.59782645625 0.399849725 0.6041709875 0.392235815625 0.603237740625 0.3822338609375 0.59449365 0.37493234375
0 0.7859858234375 0.370270790625 0.78857203125 0.3871866078125 0.8965381609374999 0.3777359859375 0.8920585750000001 0.3297266015625 0.8380755109375 0.3344519125 0.8344500625 0.33880271875 0.7826530203125001 0.34535340937500003 0.7763084874999999 0.35296731875 0.7774283859375 0.36496966249999996 0.7859858234375 0.370270790625
0 0.28343915625 0.4322737421875 0.31814820625 0.42621045312500005 0.3135088546875 0.387290334375 0.268616290625 0.3922282890625 0.27234928125 0.4322361078125 0.28343915625 0.4322737421875
0 0.419265903125 0.3812759796875 0.3545662625 0.38996444218750004 0.3595789125 0.4328853421875 0.42355884218749995 0.427284971875 0.419265903125 0.3812759796875
0 0.6114771765625 0.44893591875 0.6107305796875 0.44093435625 0.6019864890625 0.4336328390625 0.5995869328125 0.41871741250000005 0.5734084359375 0.4189921703125 0.56884974375 0.4133410203125 0.5508553875 0.41491612343749995 0.5170527 0.4198917125 0.5134272531249999 0.42424251718750006 0.492713815625 0.42908072500000005 0.4969798671875 0.4640000609375 0.6049459953125 0.4545494375 0.6114771765625 0.44893591875
0 0.31469434375 0.47793936875 0.3274102921875 0.4738012078125 0.3240506015625 0.4377941703125 0.2811574109375 0.44255711406250003 0.283610740625 0.479651853125 0.31469434375 0.47793936875
0 0.2155756640625 0.489858446875 0.2129356859375 0.45076331718749996 0.123870271875 0.45755113437499995 0.0991580875 0.46273936562499995 0.10379743906250001 0.501659484375 0.157780503125 0.496934171875 0.2155756640625 0.489858446875
0 0.3938624421875 0.47626916093749994 0.412576509375 0.4716059640625 0.40740409531250005 0.43777432968749996 0.36251153281250004 0.4427122859375 0.3667775859375 0.4776316203125 0.3938624421875 0.47626916093749994
0 0.5479781 0.5098735765625 0.6017745140625 0.503147875 0.596388565625 0.4562261921875 0.5275035296875 0.4632642859375 0.532889478125 0.5101859671875 0.5479781 0.5098735765625
0 0.22176996875000002 0.5014166140625 0.10489998593750001 0.5126549828125 0.11153871093750001 0.551400090625 0.22550295937499998 0.5414244328125 0.22176996875000002 0.5014166140625
0 0.3342728359375 0.5319034546875 0.3305398484375 0.49189563593749996 0.2965505109375 0.4948708328125 0.28783330625 0.49865896875000004 0.29428538125000003 0.5354036859375 0.3342728359375 0.5319034546875
0 1 0.4576337796875 0.9629513015625 0.4617477390625 0.9660974578125 0.484664728125 1 0.48169713124999997 1 0.4576337796875
0 0.7891614812500001 0.511089225 0.789215253125 0.5332685374999999 0.7964930328125 0.5356565828125001 0.912456653125 0.5255059140625 0.9085370140625001 0.48349770468750003 0.7963854890625 0.49129795937500004 0.7969723234375 0.5083887890625001 0.7891614812500001 0.511089225
0 0.2398274578125 0.5885720578125 0.2360944671875 0.5485642390625001 0.15212081093750002 0.5559147234374999 0.12340987968749999 0.561452978125 0.12786258281250001 0.598372703125 0.2398274578125 0.5885720578125
0 0.5024238328124999 0.6674309671875001 0.48885219218750003 0.5435817390625 0.4848265609375 0.5328421062500001 0.39013633125 0.544155740625 0.404641215625 0.678006921875 0.4397235640625 0.6759444171875 0.5024238328124999 0.6674309671875001
0 0.92273734375 0.5348449453125 0.8178635984374999 0.545033246875 0.823062896875 0.5899545374999999 0.9270302812500001 0.5808539374999999 0.92273734375 0.5348449453125
0 0.3210688609375 0.63266951875 0.345781046875 0.6274812890625 0.3391423234375 0.5887361828125 0.2964357828125 0.595499515625 0.3019814953125 0.6333319328125 0.3210688609375 0.63266951875
0 0.23794153593749998 0.6365174812500001 0.2353015578125 0.597422353125 0.11733856406250001 0.6077480343749999 0.119018409375 0.625751553125 0.1153929625 0.6301023578125 0.116699509375 0.64410509375 0.11997854062499999 0.6468431625 0.170149509375 0.644468265625 0.23794153593749998 0.6365174812500001
0 0.44230754531249994 0.8118474390625 0.40122707812499997 0.8144349796875 0.4044270046875 0.8595312828124999 0.44750684375 0.8567687296875001 0.44230754531249994 0.8118474390625
0 1 0.7621176765625 0.8941657921875 0.7722948328125 0.8993650921875 0.8172161234375 1 0.8101545609375 1 0.7621176765625
0 0.6407531265624999 0.7942590515625 0.5200710484375 0.8078478359375 0.5250836984375 0.8507687359375 0.6470454359375 0.8400930328125 0.6462719531250001 0.8210018124999999 0.651710121875 0.8144756046875001 0.6504035765625 0.80047286875 0.6407531265624999 0.7942590515625
0 0.28992969375 0.8745954218750001 0.3399140140625 0.870220134375 0.3367140875 0.8251238328125 0.111877975 0.845812825 0.1158245 0.8989106921875001 0.134911865625 0.8982482765625001 0.136351290625 0.8920720921875 0.1483475265625 0.8910220234375 0.150720196875 0.89484779375 0.1727132984375 0.892922665625 0.17433937187499998 0.8887468734375 0.22432369218749998 0.884371584375 0.22501651875 0.8701938359374999 0.254820459375 0.8655682734375001 0.284811053125 0.8629431000000001 0.28992969375 0.8745954218750001
0 0.45219996562500003 0.917868159375 0.4479608 0.89403848125 0.4655818546875 0.8884625937499999 0.46243570156249997 0.8655456046875001 0.4037341796875 0.87370903125 0.40728051875000004 0.9117164578124999 0.4103997875 0.9235437937500001 0.4154915453125 0.924106459375 0.45219996562500003 0.917868159375
0 0.5273574859375 0.8582010062500001 0.5246384015625 0.8614641109375001 0.531650425 0.9042099984374999 0.6316190640625 0.8954594218749999 0.6621427171875001 0.8877457671875 0.6565970046875 0.8499133499999999 0.6533179734375001 0.8471752796875001 0.5273574859375 0.8582010062500001
0 1 0.8213569 0.9935491453124999 0.8220806296875001 0.9983751468750001 0.8630011375000001 1 0.862858909375 1 0.8213569
0 0.949712253125 0.826926178125 0.8550220187500001 0.8382398125 0.8616607437500001 0.8769849187500001 0.9538185406249999 0.8709347781250001 0.949712253125 0.826926178125
0 0.932052078125 0.8748567968750001 0.847172059375 0.88329498125 0.852371359375 0.9282162734374999 0.9343456437500001 0.9210407999999999 0.932052078125 0.8748567968750001
0 0.5775789437500001 0.9220188015625 0.5626769734375 0.9243315843750001 0.5663830765625 0.953249746875 0.654542128125 0.9475496296875001 0.6672580781249999 0.9434114703125 0.662245428125 0.9004905703125001 0.578458421875 0.9098414453125001 0.5775789437500001 0.9220188015625
0 0.253076496875 0.938323171875 0.2090902953125 0.942173425 0.201839403125 0.950875034375 0.17584755624999998 0.953150184375 0.175874440625 0.9642398406250001 0.1686235484375 0.9729414515625001 0.1695567953125 0.9829434062500001 0.177207875 0.9893322328125 0.28517400312499996 0.9798816109375 0.28272067343749996 0.942786871875 0.2596345640625 0.943799309375 0.253076496875 0.938323171875
0 0.9692529140625 0.961344928125 0.96561325 0.9223373031250001 0.8307489125 0.9351507765625 0.8334510734375 0.9732321 0.9692529140625 0.961344928125
0 0.55820909375 0.99228309375 0.5592311 0.99723545625 0.6615039265625 0.9882831859375001 0.6571907140625 0.9513512499999999 0.5632201921875 0.9595767921875 0.554502990625 0.9633649296875 0.5541565765625001 0.970453803125 0.5332564875 0.9732916203125 0.5351229828124999 0.9932955296875001 0.55820909375 0.99228309375
0 0.3780158453125 1 0.37582516718750003 0.9850553609375 0.32911988124999997 0.99216871875 0.330064371875 1 0.3780158453125 1