0 0.8778725703125 1 0.8791961468749999 0.99788135625 0.88111756875 0.980932203125 0.8747123328124999 0.976694915625 0.8762886171875 0.9300847453125 0.8698340734375 0.92161016875 0.8696122000000001 0.9025423734375 0.875894175 0.896186440625 0.8756476484375 0.875 0.8692177578125 0.8686440671875 0.8689958843750001 0.8495762718750001 0.808602203125 0.8485169484374999 0.800201584375 0.85487288125 0.7398325546875 0.855932203125 0.74134795 0.89512711875 0.8069766109375 0.89088983125 0.8081715234375 0.9025423734375 0.8008179 0.9078389828125 0.7414958656249999 0.9078389828125 0.74089261875 0.9470338984375 0.8076175796875 0.9459745765625 0.8098101828125 0.9523305078125001 0.8172377624999999 0.95338983125 0.8098348359375 0.9544491531249999 0.8056715046875 0.960805084375 0.7908656484375001 0.9629237281249999 0.7484927671875 0.9629237281249999 0.7480619500000001 1 0.8778725703125 1
0 0.0962641125 1 0.0995104765625 0.9957627125 0.0988202015625 0.9364406781250001 0.1051268296875 0.9322033890625001 0.10455981875 0.8834745765625 0.0611152890625 0.8824152546875 0.06070926250000001 0.9385593218749999 0.0523579484375 0.9491525421875 0.052875654687499996 0.9936440671875 0.06877781093749999 0.9947033890625001 0.074136053125 1 0.0962641125 1
0 0.2556332296875 1 0.2605027734375 0.9936440671875 0.2598371515625 0.9364406781250001 0.264025134375 0.9322033890625001 0.2634581234375 0.8834745765625 0.21789494999999998 0.8824152546875 0.2195829140625 0.9364406781250001 0.21120694843750001 0.9449152546875 0.2117000015625 0.9872881359375001 0.214964253125 0.9947033890625001 0.23403204843749997 0.9947033890625001 0.2407144421875 1 0.2556332296875 1
0 0.1347822390625 1 0.138693065625 0.9947033890625001 0.157785515625 0.9968220343749999 0.15821619375 0.9427966109374999 0.1539296015625 0.9385593218749999 0.1511699890625 0.8834745765625 0.10772545781250001 0.8824152546875 0.11010369687499999 0.9957627125 0.11560094531250001 1 0.1347822390625 1
0 0.0264665609375 1 0.028548228125000002 0.9968220343749999 0.0507570109375 0.9936440671875 0.05019 0.9449152546875 0.043784762500000005 0.9406779656250001 0.043119140625 0.8834745765625 0.01450511875 0.8824152546875 0.0102776921875 0.8832627125 0.011636053125 1 0.0264665609375 1
0 0.5819044156250001 1 0.58565300625 0.9883474578125 0.5962462265624999 0.9883474578125 0.600606778125 0.9989406781250001 0.6239118625 0.9989406781250001 0.6258825906250001 0.9862288140625 0.64283174375 0.9862288140625 0.6435829078124999 0.9597457625000001 0.632965034375 0.95762711875 0.6320775390625 0.8813559328125 0.5441414828125 0.8802966109374999 0.5440066359375 0.9597457625000001 0.5376753578125 0.9618644062499999 0.5379711890625 0.9872881359375001 0.5538733453125 0.9883474578125 0.5559510249999999 1 0.5819044156250001 1
0 0.5099411375 1 0.5136437609375 0.9904661015625 0.5274026218750001 0.9894067796874999 0.52621929375 0.8877118640624999 0.48277476249999995 0.8866525421875 0.48303435781250004 1 0.5099411375 1
0 0.47455978125 1 0.48084175625 0.9936440671875 0.4794365546875 0.87288135625 0.43494502968750004 0.87288135625 0.4356106515625 0.9300847453125 0.4293286765625 0.9364406781250001 0.42879938749999996 0.981991525 0.427111421875 0.9279661015625 0.420706184375 0.9237288140625 0.417897265625 0.8644067796874999 0.3892832453125 0.8633474578125 0.37766768125 0.8665254234375 0.37813608125 0.9067796609375 0.3718787609375 0.9152542374999999 0.3745151109375 0.9597457625000001 0.380920346875 0.9639830515625001 0.3833594765625 0.9915254234375 0.3908610140625 0.9989406781250001 0.40357287968750005 0.9989406781250001 0.407736209375 0.9925847453125 0.447990446875 0.9925847453125 0.45549198593750007 1 0.47455978125 1
0 0.2923563921875 1 0.2975913703125 0.9947033890625001 0.32089645624999996 0.9947033890625001 0.32137644062500004 0.9449152546875 0.312803253125 0.9364406781250001 0.312162284375 0.8813559328125 0.2665991109375 0.8802966109374999 0.2661191265625 0.9300847453125 0.2704057203125 0.9343220343749999 0.27323929062499996 0.9957627125 0.27752588437500003 1 0.2923563921875 1
0 0.0087936015625 0.7557203390625 0.00930448125 0.7996251625 0.044251678125 0.7987288140625 0.043733971875 0.7542372875 0.038425035937500004 0.7531779656250001 0.0087936015625 0.7557203390625
0 0.20945660937500002 0.794491525 0.2486638515625 0.795550846875 0.2491931421875 0.75 0.2099859 0.748940678125 0.20945660937500002 0.794491525
0 0.10988033906250001 0.794491525 0.151206225 0.795550846875 0.14964152343749998 0.75211864375 0.1125282734375 0.748940678125 0.10988033906250001 0.794491525
0 0.8641292109375 0.704449153125 0.871482834375 0.6991525421875 0.8699181328125001 0.6557203390625 0.7830290718749999 0.6536016953125 0.7810090390625 0.662076271875 0.7312332296874999 0.6631355937500001 0.7327979328125 0.706567796875 0.8641292109375 0.704449153125
0 0.5933981015625001 0.6525423734375 0.595012109375 0.7002118640624999 0.6341946984375 0.6991525421875 0.6325560390625 0.6493644062499999 0.5933981015625001 0.6525423734375
0 0.877751740625 0.6006355937500001 0.7972432656249999 0.6006355937500001 0.79305528125 0.60487288125 0.6977162984375 0.60487288125 0.6993303046875 0.6525423734375 0.7660799203125 0.6536016953125 0.7723125890625 0.643008475 0.7934990296875 0.643008475 0.8020722171875001 0.6514830515625001 0.8635128953125 0.6514830515625001 0.875029846875 0.6398305078125001 0.8749065843749999 0.6292372875 0.8791192203125 0.62711864375 0.877751740625 0.6006355937500001
0 0.09472786093749999 0.5847457625 0.102254053125 0.5942796609375 0.1128472734375 0.5942796609375 0.1233418828125 0.585805084375 0.1257810109375 0.6133474578125 0.14906144375 0.6112288140625 0.14941816562500002 0.5508474578125 0.1430375796875 0.5487288140625 0.1428896640625 0.5360169484374999 0.1491716390625 0.5296610171875 0.1462887625 0.4639830515625 0.10703221562500001 0.458686440625 0.09760925468750001 0.46822033906250005 0.09792973906249999 0.49576271250000004 0.0937417546875 0.5 0.0939389765625 0.516949153125 0.10253681562500001 0.5275423734375 0.094136196875 0.5338983046875 0.09472786093749999 0.5847457625
0 0.0369574609375 0.5360169484374999 0.0432394359375 0.5296610171875 0.040430515625 0.47033898281250003 0.0160537828125 0.46927966093749995 0.015979825 0.462923728125 0.005386604687499999 0.462923728125 0.0069794078125 0.5998088046875 0.040887332812499996 0.6006355937500001 0.041441275 0.5572033890625 0.035060690625 0.5550847453125 0.0369574609375 0.5360169484374999
0 0.8622802625 0.545550846875 0.8071955171875 0.545550846875 0.8008888890625 0.5497881359375001 0.796602296875 0.545550846875 0.77541585625 0.545550846875 0.7733465171875 0.5497881359375001 0.7564220171875 0.5519067796875 0.754229415625 0.545550846875 0.72349675 0.544491525 0.76056069375 0.543432203125 0.7647486781249999 0.539194915625 0.7795545328125 0.537076271875 0.792266396875 0.537076271875 0.80081493125 0.543432203125 0.8749674734375 0.543432203125 0.8736492984374999 0.521186440625 0.8672194093750001 0.5148305078125001 0.8670221874999999 0.49788135625 0.860592296875 0.49152542343750005 0.8711608656250001 0.4894067796875 0.8708650328124999 0.4639830515625 0.8665784406249999 0.4597457625 0.86638121875 0.4427966109375 0.8609983234374999 0.43538135625 0.844049171875 0.43538135625 0.7339043328125 0.4375 0.7318349937499999 0.44173728749999996 0.7159821421875 0.44491525468750004 0.717522190625 0.4862288140625 0.7620137171875 0.4862288140625 0.7937440734375001 0.48199152500000003 0.8001986140625 0.4904661015625 0.8118634828125 0.49152542343750005 0.8044605562499999 0.49258474531249996 0.79817858125 0.498940678125 0.7367132515625 0.49682203437499994 0.7346932171875 0.5052966109375 0.719862709375 0.5052966109375 0.721353453125 0.54237288125 0.7002163171875 0.54661016875 0.7039982734375 0.5985169484374999 0.773913528125 0.5985169484374999 0.7801955015625001 0.5921610171875 0.788670078125 0.5921610171875 0.79509996875 0.5985169484374999 0.863918921875 0.5953389828125 0.861627709375 0.580508475 0.872097665625 0.5699152546875 0.8719004453125001 0.5529661015625 0.8622802625 0.545550846875
0 0.2030368203125 0.51588983125 0.2084197140625 0.523305084375 0.2091839453125 0.5889830515625001 0.257912759375 0.5889830515625001 0.254339609375 0.4639830515625 0.2320815203125 0.462923728125 0.22565162968750002 0.45656779687500004 0.215058409375 0.45656779687500004 0.20772943906250002 0.4639830515625 0.2080745765625 0.49364406718750004 0.2028395984375 0.498940678125 0.19818321562500002 0.462923728125 0.15264469375 0.4639830515625 0.15726484062499999 0.587923728125 0.19540043437500001 0.587923728125 0.20277870937500003 0.5847457625 0.2030368203125 0.51588983125
0 0.43758999374999996 0.462923728125 0.41747520312499997 0.4639830515625 0.41796825625 0.5063559328125 0.42442279843749997 0.5148305078125001 0.422575334375 0.5381355937500001 0.47025715312500005 0.539194915625 0.472326490625 0.5349576265625 0.47982802812500003 0.54237288125 0.48139273125 0.585805084375 0.5237656125 0.585805084375 0.5241962921875001 0.5317796609375 0.5093657828125 0.5317796609375 0.5091932140625001 0.516949153125 0.5239990703124999 0.5148305078125001 0.5233581015625 0.4597457625 0.5053373 0.458686440625 0.498907409375 0.45233050781250006 0.4840769015625 0.45233050781250006 0.4746292875 0.4597457625 0.47704376249999997 0.48516949218749994 0.471808784375 0.4904661015625 0.47039200000000003 0.4597457625 0.46289046093749997 0.45233050781250006 0.43958537656249996 0.45233050781250006 0.43758999374999996 0.462923728125
0 0.31082955624999997 0.5847457625 0.3595583703125 0.5847457625 0.356700146875 0.521186440625 0.36400446249999996 0.5116525421875 0.369338053125 0.5148305078125001 0.3700776328125 0.57838983125 0.41773479687500004 0.5773305078125001 0.41535655781249997 0.4639830515625 0.3952171125 0.462923728125 0.3887872234375 0.45656779687500004 0.37607535937500003 0.45656779687500004 0.3687463890625 0.4639830515625 0.3690915265625 0.49364406718750004 0.3638072421875 0.4947033890625 0.3613434609375 0.4650423734375 0.346512953125 0.4650423734375 0.335821121875 0.45656779687500004 0.3231092578125 0.45656779687500004 0.315804940625 0.4661016953125 0.318564553125 0.521186440625 0.3101885875 0.5296610171875 0.31082955624999997 0.5847457625
0 0.264071471875 0.5720338984375 0.3075160015625 0.5730932203125 0.30730571093750003 0.4639830515625 0.289284909375 0.462923728125 0.2871169609375 0.458686440625 0.2616932328125 0.458686440625 0.264071471875 0.5720338984375
0 0.586006759375 0.563559321875 0.6315699328125 0.56461864375 0.6292903046875 0.4597457625 0.585845775 0.458686440625 0.586006759375 0.563559321875
0 0.6507725765625 0.48516949218749994 0.6793865984374999 0.4862288140625 0.6777972453125 0.44067796562500006 0.6491832234375 0.43961864375 0.6507725765625 0.48516949218749994