0 0.0405408765625 0.421221275 0.0343979453125 0.42272651874999995 0.0242685390625 0.5222339734375 0.05616299375 0.5248374953125 0.0650516203125 0.42823878437499996 0.3037718828125 0.45374540625000004 0.307494228125 0.445019171875 0.31534555468750003 0.3734193640625 0.315406534375 0.3603808828125 0.2090035265625 0.34868525156249996 0.310829825 0.35499057343749996 0.3108500421875 0.317868528125 0.270981971875 0.3146141265625 0.2611776734375 0.311807121875 0.25983515 0.3036707890625 0.1661451859375 0.29602294218749997 0.159493878125 0.3406304421875 0.1981211671875 0.3467935890625 0.0627324484375 0.33373521875 0.05429121875 0.40027015625000006 0.042168078125 0.40128723906249997 0.0405408765625 0.421221275
0 0.05974185 0.18599965937500001 0.0574027890625 0.2269457921875 0.10615981562500001 0.23192913750000002 0.1086615953125 0.1889896015625 0.05974185 0.18599965937500001
0 0.0350501421875 0.8080635125000001 0.032222921875 0.8549898562499999 0.26437307187500003 0.8749434484374999 0.267037571875 0.8300105109375 0.0350501421875 0.8080635125000001
0 0.3298478609375 0.1588844078125 0.10276258125 0.1383409125 0.09794195624999999 0.1851045359375 0.14163411406249998 0.19067778124999998 0.138644171875 0.23959752656250002 0.23524288124999998 0.248486153125 0.138481453125 0.24159092968749998 0.13506433125 0.2834524046875 0.314307925 0.300090615625 0.3177250484375 0.25822914375 0.2689680234375 0.2532457984375 0.32095923437499996 0.2554831171875 0.329298721875 0.1779031015625 0.3298478609375 0.1588844078125
0 0.1598010765625 0.9637315953125001 0.1641133234375 0.960070228125 0.201987990625 0.9631619109375 0.2074800390625 0.9696302796875 0.2553217234375 0.9735355640625001 0.2616475921875 0.932914871875 0.26089496875 0.9298434062500001 0.2221049609375 0.9256736625 0.2601423484375 0.926771940625 0.26313228906249997 0.8778521953125 0.1257501671875 0.864631103125 0.12251598125 0.8673771296874999 0.11877341875 0.913225409375 0.16445898125 0.918961375 0.061880059375 0.9095845890625001 0.057710315624999994 0.948374596875 0.1184277625 0.9543342625 0.1302254625 0.9573039859374999 0.13388683125 0.9616162328125 0.1598010765625 0.9637315953125001
0 0.13248266875 0.769863078125 0.127824765625 0.8146332968750001 0.26827835312500004 0.8271017640625 0.270780134375 0.7841622296875 0.13248266875 0.769863078125
0 0.1374660140625 0.7211060515625001 0.2779196015625 0.7335745203124999 0.28090954375 0.6846547734375 0.14352742031250001 0.671433684375 0.140130515625 0.6761731125 0.1374660140625 0.7211060515625001
0 0.1362252328125 0.7240147968749999 0.1337234515625 0.7669543328125 0.272020915625 0.781253484375 0.274685415625 0.7363205453125 0.1362252328125 0.7240147968749999
0 0.5134669859375001 0.8471163374999999 0.41562749375 0.8411364578124999 0.4148138921875 0.851103475 0.3974021828125 0.8677423453124999 0.39858198749999996 0.8778720828125 0.40773540312499995 0.8886527 0.399436678125 0.9903162796875 0.4839873578125 0.9972180906249999 0.6517092828125 0.9962423140625001 0.6617314671875001 0.8622290906250001 0.5482701859375 0.8509606421875 0.552500909375 0.7991321499999999 0.45988900624999995 0.7905689640625 0.476914296875 0.7909553828125 0.48063664062499994 0.782229146875 0.48769491406250004 0.7818019656249999 0.5732485453125 0.7907923343750001 0.574265628125 0.802915475 0.6659621890625 0.8104005984375 0.6740372171875 0.72376890625 0.4322454890625 0.6990149046874999 0.42006137031249996 0.713070471875 0.4081420390625 0.8345053640625 0.416868275 0.8382277109375 0.5134669859375001 0.8471163374999999
0 0.4624908828125 0.26703624531250003 0.4596636625 0.3139625875 0.7077610390625 0.3352179421875 0.7105882593749999 0.2882916 0.4624908828125 0.26703624531250003
0 0.6564813578125 0.213640875 0.5747518140625 0.2069693484375 0.5771926171875 0.177068296875 0.5572585796875 0.175441096875 0.5500375875 0.17786168125 0.5468441640624999 0.20469126875 0.5138716484375 0.2030030890625 0.5114308453125 0.232904140625 0.5420845203125 0.2384164078125 0.5419625625 0.2644933734375 0.5678768078124999 0.266608734375 0.571985571875 0.24085720937500002 0.654793178125 0.246613390625 0.6564813578125 0.213640875
0 0.6792846921875 0.585735903125 0.6951093046875 0.4164593265625 0.6964720437499999 0.3874736140625 0.5958865265625 0.3782595484375 0.5765430515625 0.5783525218750001 0.6792846921875 0.585735903125
0 0.7278786687500001 0.494385 0.717972959375 0.5788605687499999 0.7596717125 0.5842710953125 0.7666686781250001 0.4985547421875 0.7278786687500001 0.494385
0 0.7086776968749999 0.7296066140625 0.695517584375 0.8539502546875 0.7372163390625001 0.859360778125 0.7474677062499999 0.7337763578125001 0.7086776968749999 0.7296066140625
0 0.6872596234375 0.9796973937500001 0.7271276921875 0.9829517953125 0.7307075359375 0.9390969203124999 0.6939109296875 0.9350898953125 0.6900258640625 0.9458095359375 0.6872596234375 0.9796973937500001
0 0.738435259375 0.4019358171875 0.7743165234375 0.404864778125 0.779198125 0.3450626734375 0.746388328125 0.34138108906250003 0.7423405421875 0.3540941328125 0.738435259375 0.4019358171875
0 0.769820021875 0.054330984375 0.7606059546874999 0.1549165015625 0.794493815625 0.15768274375 0.8026298203125 0.058012567187499996 0.769820021875 0.054330984375
0 0.766850628125 0.1644563375 0.758897559375 0.2250110640625 0.7887986125 0.22745186562500003 0.7936802140625 0.1676497609375 0.766850628125 0.1644563375