0 0 0.3708740296875 0.0167420703125 0.36605074375 0.028446328124999996 0.511665578125 0.11341432656249999 0.50820846875 0.075613346875 0.0319261890625 0 0.034976965625 0 0.204590921875 0.0024122234375 0.2480194125 0 0.24821570624999997 0 0.3708740296875
0 0.96625754375 0.011243425 0.7179457453125 0.0083540546875 0.6619303890625 0.0129880265625 0.6796698328125 0.21585581562499997 0.850133096875 0.2049288265625 0.85670210625 0.2847808875 0.8036102640625 0.2898567609375 0.8095796359375 0.34696100625000004 0.8628093359375001 0.34385820625 0.8695162046875 0.42568334375 0.97794708125 0.4193628234375 0.9622794000000001 0.2092878390625 0.9474244421875 0.209163190625 0.945956203125 0.202314890625 0.9793646734375001 0.1988366265625 0.96625754375 0.011243425
0 0.3770385484375 0.38916613906249997 0.3745638484375 0.396244278125 0.37814817343749996 0.44754421874999994 0.40102687187499997 0.449182265625 0.40070295 0.4303805984375 0.41830832500000004 0.42737325625 0.41568901093750005 0.389884840625 0.3770385484375 0.38916613906249997
0 0.3230299 0.3952860109375 0.2747978015625 0.3990880515625 0.279988225 0.45920936562500003 0.32835818125 0.4573804 0.3230299 0.3952860109375
0 0.3210507546875 0.636106296875 0.3377393234375 0.634142953125 0.3288267171875 0.5207486234375 0.28467541875 0.526293903125 0.295194125 0.6485096078125 0.3199064359375 0.6480596640625 0.3210507546875 0.636106296875
0 0.43209028125 0.511300009375 0.3878011265625 0.5148722140624999 0.39336367656250004 0.608650715625 0.437790690625 0.6070515875 0.43209028125 0.511300009375
0 0.5326989656250001 0.5063507265625 0.4901055625 0.5058618609375001 0.49580597187500003 0.6016134390625 0.536290046875 0.6002441468749999 0.5326989656250001 0.5063507265625
0 0.3794014 0.5221431796875 0.3389173265625 0.5235124718749999 0.344204159375 0.6133448265625 0.3846882328125 0.611975534375 0.3794014 0.5221431796875
0 0.48244806875 0.5237558640625 0.44210185312499994 0.5270982281250001 0.4483951453125 0.60300414375 0.48690775000000003 0.60174976875 0.48244806875 0.5237558640625
0 1 0.554325690625 0.913677659375 0.561939415625 0.9177652140625 0.606276134375 0.9523348765625 0.6052516 1 0.6009730656250001 1 0.554325690625
0 0.7617847796875 0.5836705859375 0.7580693515625 0.5729910546875 0.7178609953125 0.57830649375 0.719791015625 0.6059295390625 0.7236443046875001 0.618582146875 0.7630737125 0.6162837765625 0.7617847796875 0.5836705859375
0 1 0.6064353828125 0.9979544140625001 0.6065546234375 0.996534378125 0.6145618374999999 0.9296422421875 0.6204421421874999 0.9283600640625 0.6304224328125 0.9165312421875 0.6311119453125 0.911809353125 0.634358853125 0.9131879390625001 0.6540896 0.9034684468749999 0.6566372671875 0.9041577390625 0.6665026390625 0.9075974499999999 0.6732360234375 0.914566525 0.6738203453125 0.9156693953125 0.6896049421875 0.9188333890625 0.6923921749999999 0.9326336812499999 0.6915877453125 0.935294446875 0.7013382 1 0.6957049765625001 1 0.6064353828125
0 0.764541953125 0.623132078125 0.7240578796875 0.6245013703125 0.7293447125 0.714333721875 0.7698287859375 0.7129644296875 0.764541953125 0.623132078125
0 0.64131108125 0.686776946875 0.6388363796875 0.693855084375 0.6450400187499999 0.782643440625 0.689467034375 0.7810443109375 0.6904252890625 0.7522623515625 0.6858759531249999 0.6871508921875 0.67876901875 0.6845934953125 0.64131108125 0.686776946875
0 1 0.7153964578124999 0.9483639953124999 0.7184063609375 0.949652928125 0.75101955 0.93599049375 0.75379705625 0.938926975 0.7674936578125 0.9489221859375 0.7688921421875 0.9511279234375 0.800461334375 1 0.7983672859375 1 0.7153964578124999
0 0.45265143906249994 0.7772463078125 0.4103337546875 0.7807035921875001 0.4147934359375 0.8586974984375001 0.45922045 0.85709836875 0.45265143906249994 0.7772463078125
0 0.11187280156249998 0.95049406875 0.10006516406249999 0.795665171875 0.05760961875 0.7971493828125 0.0692794015625 0.9500052046875 0.07244339375 0.9527924375 0.11187280156249998 0.95049406875
0 0.3519579734375 0.7809821484375 0.3095024296875 0.7824663609375 0.315340696875 0.8801910124999999 0.35779624062500004 0.8787068 0.3519579734375 0.7809821484375
0 0.1958817953125 0.7874906359375 0.15539772031250002 0.788859928125 0.16109812968749998 0.88461150625 0.2035536734375 0.88312729375 0.1958817953125 0.7874906359375
0 0.2274000890625 0.79075873125 0.2135997953125 0.7915631624999999 0.2052106828125 0.79898605625 0.20897431718749998 0.8245211078124999 0.21883166874999999 0.8239465171875 0.2196588203125 0.8357849625 0.2119107984375 0.8382177109375 0.216322275 0.9013560984375 0.2568063484375 0.8999868062499999 0.2505545046875 0.79634293125 0.2317566046875 0.7964481203125 0.2274000890625 0.79075873125
0 0.027968204687499998 0.9177497750000001 0.061546478125000005 0.9167018015625 0.0538745984375 0.82106514375 0.021410328125 0.8238914625 0.027968204687499998 0.9177497750000001
0 0.50262749375 0.784238715625 0.46228127968750005 0.7875810828125 0.46912600624999995 0.8713792937499999 0.5076386109375 0.8701249203125 0.50262749375 0.784238715625
0 0.125777853125 0.9010710421875 0.160071796875 0.8961003578125 0.1535027859375 0.816248296875 0.11315657187499999 0.8195906624999999 0.118808775 0.9004867203125 0.125777853125 0.9010710421875
0 0.30170721093749997 0.798389259375 0.2612231375 0.7997585515625001 0.267612840625 0.905375503125 0.3080969140625 0.9040062109375 0.30170721093749997 0.798389259375
0 0.37485056562499997 0.8895993546875 0.41111598125000004 0.88451375 0.401610490625 0.790965084375 0.3592928046875 0.79442236875 0.3678814890625 0.8890150328124999 0.37485056562499997 0.8895993546875
0 0.6874811328125 0.9792711187500001 0.7119177265625 0.9748750265625 0.697538978125 0.7974132328125 0.65114049375 0.7991272796875 0.6627688234375 0.9797210640625 0.6874811328125 0.9792711187500001
0 0.7558626953124999 0.8247207109374999 0.733397571875 0.8290018859374999 0.7369336921875 0.8654463046875 0.754676928125 0.8644120390625 0.7556833875 0.850485596875 0.7714551515625 0.84956625 0.773612684375 0.8662799265625001 0.776776678125 0.8690671609375 0.8142346171874999 0.8668837093749999 0.8988699875 0.8599691390625 0.8968917609375 0.8174905750000001 0.7558626953124999 0.8247207109374999
0 1 0.8584033765625 0.9435727187499999 0.8623161578125 0.9476602734374999 0.906652875 1 0.9047689312499999 1 0.8584033765625
0 0.7928241593750001 0.872093959375 0.7445920625 0.875896 0.7484039 0.9162865703125 0.7957191906250001 0.9135285265625 0.7928241593750001 0.872093959375
0 0.5165146390625 0.997161328125 0.5096699124999999 0.9133631187500001 0.473128778125 0.9145025734375001 0.47037836093749996 0.9176345625 0.4780020359375 0.9984157015624999 0.5165146390625 0.997161328125
0 0.6207562828125 1 0.62726296875 0.9996207203124999 0.6185143625 0.912961821875 0.5702822656250001 0.9167638625000001 0.576977534375 1 0.6207562828125 1
0 0.0678284546875 1 0.0650825984375 0.9531462234375001 0.03064706875 0.95609050625 0.033715024999999996 1 0.0678284546875 1
0 0.7774794828125 0.96411949375 0.779678465625 0.9530952062500001 0.77774844375 0.9254721625 0.74501239375 0.92440870625 0.7467149015625 0.9629411187500001 0.7774794828125 0.96411949375
0 1 0.9153984359375 0.9434898203125 0.917792084375 0.9473016578125 0.9581826515625 1 0.9562358765625 1 0.9153984359375
0 0.22220751249999998 1 0.21996016406250002 0.9599671765625001 0.175395290625 0.9595932296875 0.17767841874999998 1 0.22220751249999998 1
0 0.468961846875 1 0.46442249999999996 0.94571728125 0.42393842656249997 0.9470865734375 0.4283632671875 1 0.468961846875 1
0 0.569169721875 1 0.56538106875 0.9457756609375 0.526868465625 0.9470300343750001 0.5296696437499999 1 0.569169721875 1
0 0.17503435625 1 0.17457489375 0.9903482640625001 0.1300100203125 0.9899743171875001 0.1300708703125 1 0.17503435625 1
0 0.367700571875 1 0.3659453875 0.9811742421874999 0.3274327828125 0.9824286171875001 0.32907101875 1 0.367700571875 1
0 0.3187629953125 1 0.318126865625 0.99089550625 0.28383292031249996 0.9958661921875 0.28424764687500004 1 0.3187629953125 1