0 0.030454017187499998 0.3219173015625 0.0175557921875 0.31999581250000003 0.01368103125 0.371104565625 0.0458346015625 0.357269640625 0.030454017187499998 0.3219173015625
0 0.0807059796875 0.40022939375 0.06639816875 0.3639617125 0.012578645312500001 0.385645234375 0.0083866890625 0.44093786250000006 0.0684520953125 0.41627836250000005 0.071821540625 0.41153893437500005 0.0682860890625 0.40523328437500006 0.0807059796875 0.40022939375
0 0.1470518890625 0.33243312812500003 0.1142344375 0.34179002812500003 0.11101611874999999 0.3445360546875 0.1313220609375 0.3943303796875 0.0078237359375 0.4483633109375 0.00556400625 0.47816952968750004 0.00583829375 0.5017416984375 0.23089181875000003 0.4044597875 0.21227803750000002 0.3588149890625 0.2030764671875 0.3610728546875 0.19092907812499998 0.336012971875 0.1470518890625 0.33243312812500003
0 0.123010025 0.503967571875 0.11315931093750001 0.47508360312500003 0.10685892500000001 0.465543765625 0.005922471875 0.5089760109375 0.0064623234375000005 0.5553707671875 0.123010025 0.503967571875
0 0.1854266078125 0.48799979843749997 0.0213691078125 0.5608612625 0.006595471875 0.5668134609375 0.0074691859375 0.64190021875 0.0942855515625 0.6049192921875 0.09550945 0.602010546875 0.091822871875 0.5976983 0.1054666625 0.5897856640625 0.1096066265625 0.5881177015625 0.11299094999999999 0.5964167546875 0.1358363125 0.58624625625 0.1333736328125 0.5790252625 0.146866296875 0.57310603125 0.1504017484375 0.5794116812500001 0.18367258125000002 0.564074571875 0.1961222265625 0.5851476484375 0.2221859078125 0.572231121875 0.2123351921875 0.543347153125 0.18834267031250002 0.48924058125 0.1854266078125 0.48799979843749997
0 0.1566402703125 0.66917581875 0.13802648906249998 0.623531021875 0.133116009375 0.6221275187499999 0.046176778125 0.6571547468750001 0.022107515624999997 0.6702339937499999 0.0316410984375 0.6900662875 0.039921025 0.6867303609375 0.047460189062500005 0.7063999328125 0.0502251234375 0.70963411875 0.0601972125 0.7104477203124999 0.08319370312499999 0.698283815625 0.094857953125 0.70324694375 0.1072778421875 0.698243053125 0.11631340937500001 0.684940109375 0.1566402703125 0.66917581875
0 0.065938415625 0.177619621875 0.111810021875 0.181362184375 0.11740175625 0.10760625312500001 0.1155287125 0.0793731640625 0.07471871249999999 0.0750407 0.065938415625 0.177619621875
0 0.130149859375 0.039219875 0.125011509375 0.106995596875 0.14388291250000002 0.10953813906250001 0.1445171796875 0.1276414890625 0.1655341296875 0.12835335 0.1720326296875 0.042636998437500004 0.161138896875 0.0407453359375 0.14962577500000002 0.0337888046875 0.1396536859375 0.032975204687499995 0.130149859375 0.039219875
0 0.4132216671875 0.88466589375 0.4145966953125 0.8797637437500001 0.45292913749999997 0.863836734375 0.42908774375 0.8077367578124999 0.4244795203125 0.8023464484374999 0.39900547343750004 0.794250875 0.39101292499999996 0.7805615125 0.3671715328125 0.7244615375000001 0.3817369671875 0.7176269625 0.343134378125 0.631239515625 0.32335620781249996 0.64065739375 0.3235222125 0.6517024734375 0.28104980625 0.6692974484375 0.31873075 0.7546068328125 0.0841427453125 0.8578170765625 0.1329161796875 0.9681002796874999 0.4615874265625 0.994915834375 0.4132216671875 0.88466589375
0 0.212169634375 0.2014282546875 0.21884901874999999 0.1397954671875 0.22049654843750002 0.1048295453125 0.177541003125 0.10232776562499998 0.16921409062499998 0.198926475 0.212169634375 0.2014282546875
0 0.26426841562500003 0.202441625 0.273365846875 0.1089143796875 0.273653225 0.0918890890625 0.22670884375 0.08906186875 0.219318453125 0.1997771234375 0.26426841562500003 0.202441625
0 0.2558952484375 0.5378753203125 0.2902388546875 0.52162286875 0.2605504609375 0.4500028453125 0.2243635625 0.46409917343749996 0.22913779218750002 0.48053456250000004 0.2558952484375 0.5378753203125
0 0.314419628125 0.20267431875000003 0.3215523953125 0.1350613203125 0.323653309375 0.09411518906250001 0.2806977640625 0.0916134078125 0.2714640828125 0.2001725390625 0.314419628125 0.20267431875000003
0 0.2870448359375 0.007894446874999999 0.28539730625000004 0.04286036875 0.3242128875 0.0470301109375 0.3260115453125 0.0100707859375 0.2870448359375 0.007894446874999999
0 0.257148903125 0.561043540625 0.278678746875 0.6079291203125 0.323296696875 0.5885034625000001 0.3019179828125 0.539624478125 0.257148903125 0.561043540625
0 0.35412949375 0.215403284375 0.3570306796875 0.20360558437499998 0.372064375 0.20382928437499997 0.38203882031249997 0.07226465 0.36516183281250003 0.06988482812499999 0.362562903125 0.0776957234375 0.33755711875 0.0766584234375 0.32728041874999997 0.2122098609375 0.35412949375 0.215403284375
0 0.3582620484375 0.444937646875 0.3644582953125 0.36320810312499996 0.321653878125 0.35871291875 0.313024709375 0.4592984359375 0.32116838593749997 0.470994396875 0.3239184421875 0.4611900984375 0.35383470781250004 0.46363089999999996 0.3582620484375 0.444937646875
0 0.39931244062500004 0.5255076046875 0.41434613750000004 0.5257313046875 0.42161515468750005 0.44308641875 0.42806666875 0.45063285000000003 0.4242884703125 0.5004679375000001 0.46509846875000005 0.504800403125 0.46861904374999996 0.49806756874999997 0.4720949859375 0.452219290625 0.4647218265625 0.4435947953125 0.4709478265625 0.3879422171875 0.4644963125 0.380395784375 0.4505353875 0.37925674374999996 0.444098753125 0.38474879375 0.42614899375000004 0.3832843140625 0.42445682968750004 0.3791347859375 0.4104959078125 0.37799574375 0.409257128125 0.3678660078125 0.38532411718750004 0.365913365625 0.3716779703125 0.5062042328125 0.3985270453125 0.50939765625 0.39931244062500004 0.5255076046875
0 0.37078608125 0.5312031375 0.36638849375000004 0.57597335625 0.40827126406250003 0.579390478125 0.4115960796875 0.5355356 0.37078608125 0.5312031375
0 0.41316686875 0.5677554984375 0.4092226640625 0.60654550625 0.45018379062499997 0.6088845671875001 0.45213357656250003 0.5699318375 0.41316686875 0.5677554984375
0 0.41724496718750004 0.6463118359375 0.41514405312499997 0.6872579671875 0.463931721875 0.6922413109375001 0.46618376406250006 0.649301775 0.41724496718750004 0.6463118359375
0 0.443125409375 0.7416899796875 0.4859298265625 0.7461851640625 0.487426228125 0.7132126453125001 0.4475378734375 0.7099582437499999 0.44431955624999997 0.71270426875 0.443125409375 0.7416899796875
0 0.5205060125000001 0.3959970265625 0.5142056265625 0.386457190625 0.500093575 0.387311553125 0.49365693750000006 0.392803603125 0.47770159687499997 0.3915018421875 0.47390852031249997 0.42829844687499996 0.48113055156250006 0.43891634531249996 0.4752068078125 0.4905821171875 0.519235125 0.4921685546875 0.522559940625 0.4483136765625 0.51687894375 0.44383871093750005 0.5205060125000001 0.3959970265625
0 0.478212134375 0.570053796875 0.474993815625 0.5727998203125 0.47012796718749994 0.6105117671875 0.5048035843750001 0.616349475 0.5101376937500001 0.5856958 0.5101228171875001 0.5726573171875 0.478212134375 0.570053796875
0 0.5268244640625 0 0.5263452046875 0.00134389375 0.5242294140625 0.029251543749999998 0.5369664375000001 0.033299328125 0.5668827015625 0.0357401296875 0.57208126875 0.00106393125 0.55904094375 0 0.5268244640625 0
0 0.5235184046875 0.0783340078125 0.516975271875 0.1249349109375 0.6013602046875001 0.1368340234375 0.60472965 0.1320945953125 0.60989775625 0.09039584218749999 0.6071328203124999 0.08716165625 0.5235184046875 0.0783340078125
0 0.6721311 0.1827227375 0.7040417828125001 0.185326259375 0.7115511921875 0.17891886875000002 0.7122919546875 0.15591336718749998 0.53601268125 0.138522534375 0.5336095125 0.1834554734375 0.6430002296875 0.196391884375 0.66660123125 0.1762543671875 0.6721311 0.1827227375
0 0.5703664546875 0.4000650296875 0.565909359375 0.3926813171875 0.5519484359375 0.39154227656249996 0.5455117984375 0.397034325 0.52955645625 0.3957325640625 0.525612253125 0.4345225734375 0.5292988328125 0.4388348203125 0.52506725 0.49465011875 0.5689444406249999 0.49822996093749994 0.5724203828125 0.4523816796875 0.5667393859375001 0.44790671406250004 0.5703664546875 0.4000650296875
0 0.519943778125 0.5754643203125 0.515999575 0.6142543296875 0.5557368 0.619502134375 0.558759359375 0.5796340640625 0.519943778125 0.5754643203125
0 0.6210498578125 0.8564931250000001 0.6262774703125 0.8669483031249999 0.693166028125 0.8714027234374999 0.6957203265625 0.82447638125 0.5353963937499999 0.808387309375 0.5338851140624999 0.8283213437500001 0.549689328125 0.8316165078125 0.5472564046875 0.85047248125 0.6210498578125 0.8564931250000001
0 0.620378025 0.40213962812500004 0.615769803125 0.39674931875 0.6039544234374999 0.39377959375 0.5953722406249999 0.401102328125 0.5794169 0.3998005671875 0.575472696875 0.4385905765625 0.5810025640625 0.44505894687499997 0.5770732390625 0.49688743750000003 0.6189560109375 0.5003045609375001 0.622280825 0.4564496828125 0.61675095625 0.4499813125 0.620378025 0.40213962812500004
0 0.739173140625 0.052805525 0.741202484375 0.014862153125 0.6165735390625 0.0046939546875 0.6145976 0.041638815625 0.739173140625 0.052805525
0 0.6712297890625 0.737234571875 0.6721365578125 0.72527415 0.669371621875 0.722039965625 0.6314776859375 0.7189482828125 0.6271865953125 0.72260965 0.56643241875 0.7166499843749999 0.5623370875 0.757433396875 0.6120464015625 0.7634948031250001 0.6184830390625 0.7580027515625 0.6701867703125 0.7642268796875 0.6757017640625 0.7576567671875 0.6767596578124999 0.7437029421875 0.6712297890625 0.737234571875
0 0.68162550625 0.7059909953125 0.682381146875 0.696023978125 0.6750079875 0.6873994828125001 0.675295365625 0.6703741921875 0.5766472546875 0.661322846875 0.5743952125 0.7042623828125001 0.674116096875 0.7123983875000001 0.68162550625 0.7059909953125
0 0.687408290625 0.9341135749999999 0.5666704546875 0.9252657109375001 0.562302621875 0.9961128953125 0.5709426265624999 0.9967460499999999 0.6835873078125 0.9960907015625 0.687408290625 0.9341135749999999
0 0.639209509375 0.1008102578125 0.6368063390625001 0.14574319687499998 0.7397455421875 0.1511331765625 0.741997584375 0.108193640625 0.639209509375 0.1008102578125
0 0.6704491046875 0.456368159375 0.6722328859375 0.40637035 0.6676246609375001 0.4009800421875 0.6536637390625 0.399841 0.64922151875 0.4054957703125 0.631271759375 0.404031290625 0.6273275546875 0.44282129843750007 0.632857425 0.4492896703125 0.6287769703125 0.503111565625 0.6695869703125 0.507444028125 0.673560928125 0.49473098593750003 0.675978975 0.4628365296875 0.6704491046875 0.456368159375
0 0.627642334375 0.58425120625 0.6233958734375 0.6270280234375 0.6612898109375 0.630119703125 0.6644634968750001 0.58825823125 0.627642334375 0.58425120625
0 0.6931135859374999 0.422114096875 0.691587428125 0.4290096484375 0.6805425671875 0.42911138906249996 0.678880159375 0.451038828125 0.684712284375 0.45352039218750007 0.6767025046875 0.559170778125 0.7185852749999999 0.5625879015625 0.7297389890625 0.38899907499999997 0.6829457375 0.38417845 0.6793037890625 0.4189816515625 0.6931135859374999 0.422114096875
0 0.6660491625 0.633516609375 0.7109991250000001 0.636181109375 0.7138705562500001 0.5983064437500001 0.7114078765625 0.5910854515625 0.6684523328124999 0.5885836703125 0.6660491625 0.633516609375
0 1 0.047355953125 0.9034537890625 0.0401302671875 0.90422430625 0.0432017328125 0.9640568375 0.0480833359375 0.9534802375 0.055243350000000004 0.929547225 0.053290709375 0.927567684375 0.066166471875 0.921131046875 0.0716585203125 0.920375409375 0.0816255390625 0.9249836328125 0.0870158484375 0.952754353125 0.0912873328125 1 0.095142 1 0.054564667187500006 0.9887603671875 0.053107443750000004 1 0.053672064062500004 1 0.047355953125
0 0.861659584375 0.704401040625 0.990784 0.7176646265625 0.9979615531249999 0.6229914625 0.8718297890625 0.609958453125 0.861659584375 0.704401040625
0 0.9790584750000001 0.8723263203125 0.862299046875 0.8619033093749999 0.859427615625 0.8997779749999999 0.847461109375 0.8988016546875001 0.84460455625 0.9497148031249999 0.9723331390625001 0.9610346453125 0.9790584750000001 0.8723263203125
0 1 0.5385217765625 0.964540140625 0.534436971875 0.9651446531250001 0.526463359375 0.884295171875 0.5208698968750001 0.88204313125 0.5638094312499999 0.9618198390625 0.5703182359375 0.9641165125000001 0.5664941484375 1 0.5688109406249999 1 0.5385217765625
0 0.9899726890625 0.72836595625 0.8623097265625 0.7151747312500001 0.8530611671875 0.810695378125 0.8808318859375 0.814966865625 0.8796228640624999 0.8309140921875 0.8730350984375 0.8383995453124999 0.8724305859375001 0.8463731609374999 0.8788821015625 0.8539195921875 0.9723174765625 0.8655542453124999 0.975686921875 0.860814815625 0.9784072265624999 0.824933553125 0.9826653734375 0.8247507000000001 0.984665646875 0.798366759375 0.9774558265625 0.7977785265625 0.97866485 0.781831296875 0.9209778640625 0.775119009375 0.9131364453125 0.75943624375 0.9870932671875 0.7663460140625 0.9899726890625 0.72836595625
0 0.8924832078125 0.6022306125 0.8989347234375 0.6097770453125 0.9957395453125001 0.6166722671875 0.9976893312499999 0.5777195390625 0.9041028265625 0.568078290625 0.9008845078125001 0.570824315625 0.8996754859375 0.5867715453125 0.8933899765625 0.590270190625 0.8924832078125 0.6022306125
0 1 0.479927734375 0.9073310031249999 0.4715269109375 0.9059708531249999 0.48946754375 0.899534215625 0.49495959218749996 0.8987785765625 0.504926609375 0.9033868 0.5103169203125 1 0.52078408125 1 0.479927734375