0 0.0294242578125 0.7529789703125 0.08314326718750001 0.7526664421875 0.0934498046875 0.7505402250000001 0.0944468 0.7474350421875 0.09087881875 0.707163815625 0.0474903890625 0.7074162421875 0.023862285937499998 0.7189181125 0.0294242578125 0.7529789703125
0 0.0841501125 0.48404736093749995 0.0934356125 0.4829602125 0.0933154046875 0.4726296328125 0.0899157140625 0.4468212171875 0.0837173671875 0.446857278125 0.079537053125 0.4427490875 0.0351275859375 0.4440405828125 0.038743650000000004 0.48844403906249995 0.0821320796875 0.4881916125 0.0841501125 0.48404736093749995
0 0.039104271875 0.5194357734375 0.0406782625 0.56591736875 0.08715384375 0.564613853125 0.0876700109375 0.5201863546875 0.039104271875 0.5194357734375
0 0.0379714296875 0.0669323953125 0.035389146875 0.1113719140625 0.0818887703125 0.1121345140625 0.0824289796875 0.0697731328125 0.0379714296875 0.0669323953125
0 0.0440058296875 0.5855274359375 0.043465620312499995 0.62788881875 0.09200731875 0.6265732828125 0.09257156875 0.5862780171875001 0.0440058296875 0.5855274359375
0 0.0372501859375 0.004948923437500001 0.0366618953125 0.043178074999999996 0.0790292875 0.043964715625 0.0796175796875 0.005735565624999999 0.0372501859375 0.004948923437500001
0 0.04828375625 0.7755980609375001 0.04976158125 0.8138151921875 0.0941950890625 0.8145898125000001 0.0947833796875 0.7763606625 0.04828375625 0.7755980609375001
0 0.0467931875 0.6474988875000001 0.0462529796875 0.6898602703125001 0.0906864875 0.6906348906249999 0.0912266953125 0.648273509375 0.0467931875 0.6474988875000001
0 0.043667801562500004 0.3789038453125 0.0431275921875 0.42126522812499995 0.08960317500000001 0.4199617125 0.090143384375 0.37760033125 0.043667801562500004 0.3789038453125
0 0.045036715625 0.31897447031250004 0.044304175 0.3448069265625 0.088737684375 0.345581546875 0.0894702234375 0.31974909218750003 0.045036715625 0.31897447031250004
0 0.043546146875000004 0.190875296875 0.0430059375 0.2332366796875 0.0874154046875 0.231945184375 0.08797965468749999 0.19164991874999998 0.043546146875000004 0.190875296875
0 0.0997330203125 0.8465845546875 0.0963092875 0.8187100234375 0.051923862499999994 0.822067634375 0.055539926562499994 0.866471090625 0.0989043140625 0.8641525484375 0.0997330203125 0.8465845546875
0 0.06506584062500001 0.8860450984374999 0.0665436640625 0.924262228125 0.09442420625 0.9230668968750001 0.09399146093750001 0.8858768140625 0.06506584062500001 0.8860450984374999
0 0.37265117812500004 0.683828828125 0.372386721875 0.66110155625 0.362197496875 0.3181624109375 0.2702433265625 0.31766425625 0.1256633109375 0.322637909375 0.139470046875 0.8876784828125001 0.21125518593749998 0.8418032265625 0.2119396421875 0.8118385390625 0.247063609375 0.81163419375 0.25012672187499996 0.8085169890625 0.24669024374999998 0.690760415625 0.2497533546875 0.6876432109375 0.36338971875000003 0.68698209375 0.37265117812500004 0.683828828125
0 0.17278656406249998 0.19942154843749998 0.13041917187500002 0.19863490625 0.12735606093750002 0.2017521109375 0.1298789625 0.2409962890625 0.1722223140625 0.23971681406249998 0.17278656406249998 0.19942154843749998
0 0.1269346109375 0.0767461 0.126394403125 0.11910748281250001 0.1398602171875 0.1221285234375 0.17291806875 0.1219361984375 0.175860971875 0.10848841718749999 0.1755003515625 0.07749668125 0.1269346109375 0.0767461
0 0.1262614515625 0.018894859375 0.125673159375 0.057124010937500004 0.168040553125 0.057910651562500005 0.16860480312499998 0.0176153859375 0.1262614515625 0.018894859375
0 0.3554461953125 0.2706778109375 0.3521426703125 0.25313385624999996 0.2364642328125 0.255873109375 0.238062265625 0.30442081875000004 0.3692726328125 0.3046905859375 0.36993304843749997 0.272659784375 0.3554461953125 0.2706778109375
0 0.35397966875 0.144644753125 0.3527422578125 0.127088778125 0.23703977968749998 0.127761915625 0.2365957375 0.1783877609375 0.36576403125 0.1807356640625 0.3684665203125 0.1466267265625 0.35397966875 0.144644753125
0 0.264596484375 0.1875230078125 0.2625784515625 0.191667259375 0.24502849062499998 0.192802490625 0.24553335937499998 0.23619092031250002 0.24869263749999998 0.241338178125 0.2631314046875 0.23918792031249997 0.265245603125 0.24330813125 0.36855138906249996 0.24270711562499997 0.3691877640625 0.208610196875 0.3526347953125 0.20664024374999998 0.35137334375 0.1870181546875 0.264596484375 0.1875230078125
0 0.2637790765625 0.11727507343750002 0.3670848625 0.1166740578125 0.3677212359375 0.0825771390625 0.35116826875 0.0806071859375 0.3499308578125 0.0630512125 0.2631539984375 0.063556065625 0.26113596562499997 0.0677003171875 0.244607040625 0.0677964796875 0.24411491562499998 0.11429009375000002 0.2637790765625 0.11727507343750002
0 0.2601081328125 0 0.258324565625 0.00366275 0.24386175625 0.0037468921875 0.24336963125 0.050240506250000004 0.26096767656250003 0.05323750625 0.36427346250000003 0.052636490625 0.3649098359375 0.018539571875 0.350422984375 0.0165575984375 0.3492559421875 0 0.2601081328125 0
0 0.534560440625 0.126030990625 0.5368090390625 0.40806179531250003 0.7279367609375 0.407982975 0.7296309578125 0.4647951453125 0.7544483890625 0.4667170171875 0.7550975078125 0.5225021421875 0.8408533296874999 0.5230363578125 0.8405520875000001 0.40836092500000004 0.9086858234375 0.4038320234375 0.9071712140624999 0.273666734375 0.9422711390625 0.2713962734375 0.9405641984375 0.12470205781249999 0.534560440625 0.126030990625
0 0.532848778125 0 0.5326017875 0.046491546875 0.5956062953125 0.0450918703125 0.5982013234375 0.0905343953125 0.949392909375 0.0843587109375 0.9492809921875001 0 0.532848778125 0
0 0.6232635109375 0.6462113375 0.583346896875 0.678470525 0.5918758140625 0.7011497171875 0.594987009375 0.7021647453125001 0.6298465203125 0.6792331265625 0.6349276640625 0.6719716703125 0.6232635109375 0.6462113375
0 1 0.7503228109375 0.8683521031250001 0.8441791140625 0.8717465453125 0.9949960234375 1 0.9942498671875001 1 0.7503228109375