0 1 0.72554499375 0.952560375 0.7350550703125001 0.9563723124999999 0.758291359375 0.9647770546875 0.7699997468750001 0.9817867687499999 0.8605105265624999 0.9192248328125 0.8743948125 0.9316172390625 0.9441243265624999 1 0.933681778125 1 0.72554499375
0 0.639110575 0.9379074749999999 0.5800725625 0.9469230124999999 0.59015148125 0.99518599375 0.6479619734375001 0.9852752546874999 0.639110575 0.9379074749999999
0 0.32563708281250003 0.990107790625 0.36991559218750003 0.9833461375000001 0.3503507203125 0.85749795 0.30062768906250004 0.864008365625 0.321954521875 0.98742218125 0.32563708281250003 0.990107790625
0 1 0.45013073906249995 0.9778708875 0.3152391578125 0.948239140625 0.3190596953125 0.9413791968749999 0.3233552234375 0.9840036046874999 0.5831791749999999 1 0.5810705406250001 1 0.45013073906249995
0 0.7487325296875 0.6180241343749999 0.7610369921875 0.6139798453124999 0.766322875 0.606676725 0.7861803593750001 0.6025616874999999 0.7636260046875 0.47825266875 0.737096478125 0.48122126718749997 0.7239110359375001 0.48648274531249996 0.7397933484375 0.609645321875 0.7487325296875 0.6180241343749999
0 0.72411126875 0.5535767468749999 0.7195769890625 0.539112003125 0.7105669515625 0.484189865625 0.669277925 0.48941234843750003 0.6912978359374999 0.6170509421875 0.699890478125 0.6233173640625 0.7167584812500001 0.6207414984375 0.7220443624999999 0.613438378125 0.7371504078125 0.6132968828124999 0.7290213484375 0.557157559375 0.72411126875 0.5535767468749999
0 0.9292411140624999 0.5655580984374999 0.9747471453125 0.5596916484375 0.953449571875 0.4232815109375 0.9142690421875 0.4281820109375 0.9255169578125001 0.5033328421875 0.9202310765625 0.5106359625 0.9292411140624999 0.5655580984374999
0 0.900737059375 0.43133109843749995 0.8763160328125 0.43397771250000006 0.8631305921875001 0.4392391921875 0.8849626046875001 0.5723197515625 0.9262516312500001 0.5670972671875 0.9181225765625 0.510957946875 0.9132124953125 0.5073771328125 0.900737059375 0.43133109843749995
0 0.8385755921875001 0.5794033890625 0.8798646203124999 0.5741809046874999 0.8627547874999999 0.45012312187500003 0.8253362203125001 0.45258925000000005 0.8348514375 0.51717813125 0.82780359375 0.526915625 0.8385755921875001 0.5794033890625
0 0.1780727578125 0.452909559375 0.1362122875 0.24385371249999999 0.178302253125 0.5070072390625 0.18585527500000001 0.5069364921874999 0.1780727578125 0.452909559375
0 0.7782237234375 0.0797719375 0.73693469375 0.0849944203125 0.7599649671875001 0.2319665078125 0.80125399375 0.2267440234375 0.7782237234375 0.0797719375
0 0.7081334328125 0.2387989078125 0.7485414828125 0.2347936109375 0.725164671875 0.0857091359375 0.7112861484375 0.0867458328125 0.6812327 0.09458317656250001 0.7027181734375 0.22555134843750002 0.7081334328125 0.2387989078125
0 0.6643646953125 0.0971590453125 0.62307566875 0.10238152812500001 0.6461059390624999 0.24935361562499997 0.6891569296875 0.241696759375 0.6643646953125 0.0971590453125
0 0.9314511796874999 0.05204236718750001 0.8922706515625001 0.0569428640625 0.917409421875 0.20359296875 0.9548279921875 0.20112684062500003 0.9314511796874999 0.05204236718750001
0 0.8854107093750001 0.061238392187500004 0.839904678125 0.0671048421875 0.8650434499999999 0.21375494375 0.9084409812500001 0.208210478125 0.8854107093750001 0.061238392187500004
0 0.8305896953125 0.0696099625 0.793171128125 0.0720760890625 0.8144394374999999 0.22148254843749998 0.85572846875 0.216260065625 0.8305896953125 0.0696099625
0 0.5824657703125 0.9276522375 0.5731958890625 0.8491181109375001 0.4156352640625 0.87151365 0.43544928125000004 0.95176785625 0.5824657703125 0.9276522375