0 0.994232503125 0.9797125781249999 0.9944474609375 0.9427644234375 0.9609351593750001 0.9421442390625 0.9581893359375 0.960998496875 0.9593599484374999 0.9807269562500001 0.994232503125 0.9797125781249999
0 0.9945402359375001 0.9268177640624999 0.9947986125 0.882406528125 0.9889114796875 0.8830310515625 0.987188240625 0.9048199390624999 0.987441184375 0.9265513437499999 0.9945402359375001 0.9268177640624999
0 0.9343939484374999 0.8697949828124999 0.994887325 0.867158009375 0.9951816953125 0.8165601359375 0.9327964906249999 0.8174707953125001 0.9343939484374999 0.8697949828124999
0 0.9756732906250001 0.5948834609375 0.9964696343749999 0.595182296875 0.9969463703124999 0.51323836875 0.9747304953124999 0.5138845875 0.9756732906250001 0.5948834609375
0 0.9703412234375 0.47646349375 0.96857199375 0.4943012171875 0.9696405671875 0.5011870125 0.983496853125 0.5027602109375 0.9932627999999999 0.49259488124999995 0.9970715562500001 0.4917205375 0.9971164703125 0.48400051250000004 0.99675526875 0.45296826875 0.9918263062499999 0.45409976875 0.9891264703125 0.476905190625 0.9703412234375 0.47646349375
0 0.996099909375 0.396664175 0.9911594499999999 0.3968078828125 0.991573359375 0.43236836562500003 0.99652531875 0.433212446875 0.996099909375 0.396664175
0 0.9904466062499999 0.335564834375 0.9887693562500001 0.3613048875 0.9888843312500001 0.37118280000000003 0.99583546875 0.37394497968749996 0.9953755687499999 0.334433334375 0.9904466062499999 0.335564834375
0 0.9422133593750001 0.2677990609375 0.9427652375 0.3152130359375 0.9457640093749999 0.3180901828125 0.9951573453125 0.3156850578125 0.9945477500000001 0.26331237343749997 0.9422133593750001 0.2677990609375
0 0.9925356875 0.09044892812500001 0.9895714124999999 0.090535153125 0.9900773015625 0.1339979609375 0.9930530750000001 0.13489952656249998 0.9925356875 0.09044892812500001
0 0.9918458375 0.0311814578125 0.9869053781250001 0.0313251671875 0.9873882734375 0.0728123953125 0.9923402296875 0.07365647656249999 0.9918458375 0.0311814578125
0 0.9806102062500001 0 0.980746875 0.011741795312500001 0.9916273875 0.0124134265625 0.9914829 0 0.9806102062500001 0
0 0.8821460015625 0.202353771875 0.883835440625 0.2625802890625 0.9460967437500001 0.26175734687499996 0.9444073046874999 0.20153082968749997 0.8821460015625 0.202353771875
0 0.8839382265625 0.1864916296875 0.8850757859374999 0.1993041734375 0.9305510203124999 0.1999576328125 0.9330438984375 0.15937197187500002 0.9181880234375001 0.156839725 0.8865690765625001 0.1577594625 0.8839382265625 0.1864916296875
0 0.9350458453125 0.5012051843750001 0.9346549312500001 0.46762028593749994 0.9315641828125001 0.45684080781249997 0.8831821609375 0.46121253125 0.8866408281249999 0.5036013234375 0.9350458453125 0.5012051843750001
0 0.8829494421874999 0.10154159375 0.8844089328125 0.14201228906250002 0.9269083890625 0.1417641828125 0.927402090625 0.099260421875 0.8829494421874999 0.10154159375
0 0.8841667921875 0.036289896875 0.8856032875000001 0.0747850078125 0.9281027453125 0.07453690156250001 0.9266432578125 0.034066209375 0.8841667921875 0.036289896875
0 0.8820526718749999 0 0.8829602484375 0.01755060625 0.9274128953125 0.015269434374999998 0.9266686562500001 0 0.8820526718749999 0
0 0.9279581234375 0.6565470671875 0.9304050125 0.612010240625 0.895810290625 0.6120284125000001 0.8889281390624999 0.615192978125 0.8913872171874999 0.656622721875 0.9279581234375 0.6565470671875
0 0.883939609375 0.3564491875 0.8852151390625 0.38111522343750004 0.9276916046875 0.37889153593749997 0.926416075 0.35422549999999997 0.883939609375 0.3564491875
0 0.8844914906250001 0.40386316093749997 0.8859509781250001 0.44433385468750003 0.9264512593750001 0.44216765 0.9249917703125 0.4016969578125 0.8844914906250001 0.40386316093749997
0 0.9282016484375 0.9322270156249999 0.9279027125000001 0.906544446875 0.9248349593749999 0.8977405515625 0.8882870468749999 0.8997917890625 0.8897005453125001 0.93631131875 0.9282016484375 0.9322270156249999
0 0.9268003374999999 0.9816740562499999 0.92547881875 0.9530568546874999 0.8869547234375 0.955165575 0.88823115 0.9827959640625 0.9268003374999999 0.9816740562499999
0 0.8443685515625001 0.18369013750000002 0.8409328781250001 0.1432769265625 0.8053615609375001 0.14431163125 0.80045559375 0.1474187140625 0.8019150828124999 0.18788940781250002 0.8443685515625001 0.18369013750000002
0 0.797766565625 0.08623314843749999 0.799203059375 0.1247282578125 0.8416795234375 0.12250457031249999 0.8422192140625 0.0839519765625 0.797766565625 0.08623314843749999
0 0.8432905578125001 0.43075288437500003 0.8437382671875 0.3842979609375 0.8022154015625 0.3835295328125 0.7995155671874999 0.4063349546875 0.800791096875 0.431000990625 0.8432905578125001 0.43075288437500003
0 0.7960230984375001 0.4459615671875 0.7974136015625 0.480505515625 0.8418662515625 0.47822434375 0.8424749281249999 0.44559849375000005 0.7960230984375001 0.4459615671875
0 0.7814052125 0.0392790421875 0.7828647 0.079749734375 0.8391744546875 0.0771236625 0.8376919703124999 0.0346773859375 0.7814052125 0.0392790421875
0 0.7914742453125 0.5646689515625 0.7930027203125001 0.61106639375 0.843406915625 0.6105883546875 0.8418784421875 0.5641909125 0.7914742453125 0.5646689515625
0 0.7884294875 0.557840640625 0.8427630546874999 0.5552720515625 0.8412115859375 0.506899028125 0.7848788390625 0.5075495171875 0.78543071875 0.5549634921875 0.7884294875 0.557840640625
0 0.7986187640625 0.329287246875 0.80000926875 0.3638311953125 0.8405325421875001 0.3636405734375 0.8391190421875001 0.32712104218750004 0.7986187640625 0.329287246875
0 0.8381762484375 0.24612217187500002 0.8386699484375001 0.20361841093750002 0.80802759375 0.203521615625 0.80114544375 0.2066861796875 0.8015823484375 0.24422224374999998 0.8381762484375 0.24612217187500002
0 0.8322072421875 0.9221736859374999 0.843041765625 0.918894153125 0.8435584593750001 0.878365975 0.7991058109375 0.8806471453125001 0.8025644796875 0.9230359390625 0.8322072421875 0.9221736859374999
0 0.8414335 0.9505609515625 0.8028634140625 0.9487185078125 0.80016358125 0.971523928125 0.8012474234375 0.985326159375 0.8389451140625 0.984229603125 0.8414335 0.9505609515625
0 0.6327844046875 0.8578176140625 0.6338989703125 0.8686545750000001 0.6932074921875 0.86890565 0.6952986515624999 0.8787260781249999 0.7091319406250001 0.87832369375 0.7110161453125 0.8703638796875 0.8305867906250001 0.8678739156249999 0.8304258234375 0.8540448390625001 0.820544903125 0.85433225625 0.82013099375 0.8187717765625001 0.7953941984374999 0.8165269484375001 0.635300278125 0.819207534375 0.6327844046875 0.8578176140625
0 0.643979921875 0.0363596125 0.6202657125 0.0370494140625 0.61342955 0.044165146875 0.613544525 0.0540430546875 0.6215412421875001 0.0617154515625 0.6227477859375 0.08045474062499999 0.676081765625 0.0769271015625 0.6821022984375 0.08465698125 0.743364009375 0.0828749890625 0.748269978125 0.07976790624999999 0.746741503125 0.033370465625 0.6775980515625 0.037357973437500004 0.665648965625 0.029800546875 0.6498394921874999 0.0302604140625 0.643979921875 0.0363596125
0 0.6227080453125 0 0.6219889515625 0.015260526562499998 0.737607228125 0.0128855296875 0.7371084890625 0 0.6227080453125 0
0 0.610549909375 0.5610385796874999 0.741954665625 0.5562281312499999 0.7404491859375 0.5118062734375 0.6811636562500001 0.5135307796874999 0.67516611875 0.5077764828125 0.6573804625 0.5082938359375 0.649544709375 0.514450515625 0.62383131875 0.5132222203125 0.61699515625 0.5203379515625 0.61711013125 0.5302158625 0.609228390625 0.5324213796875 0.610549909375 0.5610385796874999
0 0.64945134375 0.33659063125 0.6257141390625 0.3353048515625 0.6188779765625 0.34242058124999997 0.6189699562500001 0.350322909375 0.60911203125 0.35258591093749997 0.609410965625 0.378268478125 0.6203144703125 0.38091569375 0.70731256875 0.38233758125 0.711218946875 0.37827145 0.7369093421875 0.3775241625 0.73981613125 0.37249898125 0.739402221875 0.3369385015625 0.732451084375 0.334176321875 0.6790941078125 0.335728378125 0.673119565625 0.3319496625 0.653357725 0.3325244984375 0.64945134375 0.33659063125
0 0.6149242234375001 0.172577990625 0.6228979453125 0.178274803125 0.6241274859375 0.1989896765625 0.735770396875 0.1947540625 0.7342879124999999 0.1523077859375 0.674979390625 0.1520567109375 0.665029484375 0.1464173828125 0.6531723796875 0.14676228281249998 0.649288996875 0.152803996875 0.6235986 0.1535512828125 0.614786253125 0.1607244984375 0.6149242234375001 0.172577990625
0 0.6137894328125 0.49968056406250005 0.7373124453125001 0.49707563125 0.7358069656249999 0.452653771875 0.6784976234375 0.454320796875 0.668524721875 0.44670588437500003 0.6566676171875 0.447050784375 0.6508080484375001 0.453149984375 0.6211882796875 0.45598781875 0.618258496875 0.45903741875000004 0.6184194609375 0.47286649374999995 0.612513903125 0.4750145265625 0.6137894328125 0.49968056406250005
0 0.6175916406249999 0.40174553281250003 0.619705796875 0.4135415421875 0.625703334375 0.4192958390625 0.6269098796875 0.43803512656250004 0.7346464125 0.437865646875 0.73611670625 0.3943453546875 0.7311417546875 0.3915256875 0.6758085953124999 0.393135228125 0.6678348734374999 0.38743841562500003 0.6540015828125 0.3878408015625 0.648142015625 0.3939399984375 0.6264039890624999 0.3945723171875 0.6175916406249999 0.40174553281250003
0 0.60972070625 0.3199600609375 0.7352199015625 0.3172976453125 0.7337144234374999 0.2728757859375 0.6783812640625 0.2744853265625 0.6723837265625 0.26873103125000003 0.65459806875 0.26924838281249996 0.650691690625 0.2733145140625 0.6250012953125 0.2740618 0.6181421375 0.27920195 0.6182571125 0.289079859375 0.6083991859375 0.2913428609375 0.60972070625 0.3199600609375
0 0.7335074671874999 0.25509554687499997 0.7340011671875 0.2125917859375 0.67766841875 0.2132422765625 0.6716708812500001 0.20748798124999998 0.6538852234375 0.208005334375 0.64802565625 0.2141045296875 0.6243114453125 0.214794334375 0.61945146875 0.22185258124999999 0.6195434468750001 0.22975490937499998 0.6077093359375 0.23207539375000003 0.6060320890625001 0.257815446875 0.7335074671874999 0.25509554687499997
0 0.7355446015625 0.6848709093750001 0.7360382999999999 0.6423671515625 0.6184208453125 0.64282405 0.6187427765625 0.6704822015625 0.624694325 0.6722853328125 0.6247863046875 0.6801876625000001 0.6317834312499999 0.6869010078125 0.7355446015625 0.6848709093750001
0 0.736692965625 0.6136924671874999 0.73521048125 0.5712461906249999 0.61959220625 0.5736211890625 0.619914134375 0.601279340625 0.625865684375 0.6030824703125 0.62593466875 0.6090092171875 0.632954790625 0.6176981453125 0.736692965625 0.6136924671874999
0 0.63531246875 0.9051741046874999 0.6205025843749999 0.9065930218749999 0.6175728015625 0.9096426203125001 0.6188023406250001 0.9303574937500001 0.7314678375 0.9290565109375001 0.7339377218750001 0.8864952687500001 0.636082109375 0.88637733125 0.63531246875 0.9051741046874999
0 0.7232464375000001 0.13780707812499998 0.7236941484375 0.09135215468749999 0.61005205625 0.09366966875 0.610350990625 0.1193522390625 0.6222310921875 0.12098291875 0.623414640625 0.13774662499999998 0.6886747093750001 0.1398008328125 0.7232464375000001 0.13780707812499998
0 0.7331342828125 0.9873074453124999 0.7326513875 0.94582021875 0.7178185078125 0.945263553125 0.715796334375 0.9413698734375 0.6308204109375 0.9438416671875001 0.6300277765625 0.9606628578124999 0.61621748125 0.963040825 0.6174939078125 0.9906712125 0.7331342828125 0.9873074453124999
0 0.2973685078125 0 0.0009516390625 0.0086222234375 0 0.011201440625 0 0.412801934375 0.4515231796875 0.40064740624999995 0.4478120078125 0 0.2973685078125 0
0 0.369078090625 0.790390803125 0.38486456874999997 0.787955353125 0.38543805937500003 0.667387353125 0.36762940624999996 0.6659291203125 0.368915740625 0.6066041703125 0.359011825 0.6049160062500001 0.3603211546875 0.5475666375 0.3415129109375 0.5451493578125 0.10832317031250001 0.55193241875 0.1059912546875 0.6063471578125 0.1096014671875 0.9165135703124999 0.1323620796875 0.9188158828124999 0.197576159375 0.9169189234375 0.19782910468749998 0.9386503296875001 0.22551867812499998 0.9398211421875 0.28875657499999996 0.9379816671875 0.29045682031250003 0.914217196875 0.34381379375 0.9126651390625 0.3465826125 0.8957864671875001 0.3460767234375 0.85232365625 0.3697679390625 0.849658271875 0.369078090625 0.790390803125