0 1 0.0258383453125 0.9993915718749999 0.0254780625 0.5673352859375 0.002841853125 0.9433188156250001 0.208189028125 0.9464369796875 0.20732670937500003 1 0.0955019734375 1 0.0258383453125
0 0.1918133546875 0.10830097187500001 0.199406871875 0.0994676578125 0.3058506609375 0.105044440625 0.3112065 0.100196625 0.3120645640625 0.0817792765625 0.308161253125 0.0774720421875 0.3078528078125 0.062070628125000006 0.25882024531250003 0.0574503578125 0.2550346984375 0.07263727812500001 0.2457755484375 0.0731778578125 0.24449127499999998 0.056699635937500006 0.22099849218749998 0.0544431234375 0.2242119953125 0.05153443437500001 0.306091834375 0.0558242671875 0.308189321875 0.010804082812500001 0.1740634171875 0.00480266875 0.1717752484375 0.053915595312499995 0.15130528906250001 0.052843137500000005 0.1489217796875 0.1040024375 0.173390390625 0.10733575937499999 0.17012639375 0.155371878125 0.2438182484375 0.159232728125 0.2501499171875 0.1554617203125 0.301324815625 0.158142865625 0.310965328125 0.1494167984375 0.31144203125000003 0.1391849390625 0.3156313625 0.137353059375 0.3156089390625 0.1158125296875 0.25010506875 0.1123806640625 0.24786739062500002 0.11636616250000001 0.22125644531250002 0.1149719671875 0.21940013125000002 0.1107719765625 0.1918133546875 0.10830097187500001
0 0.51856998125 0.1418312765625 0.5186877453125 0.161325434375 0.6578834703124999 0.16861815 0.6605754234375001 0.1328602625 0.6015714796875 0.1000241171875 0.5892895046875 0.09938064375 0.5829578343749999 0.1031516484375 0.5502059 0.101435715625 0.5476822015625 0.1115603296875 0.519024259375 0.1100588875 0.5093837453125001 0.11878495625 0.5089070437500001 0.1290168171875 0.5126196734375 0.1374167953125 0.51856998125 0.1418312765625
0 0.120404025 0.1435356828125 0.12123966562499999 0.1035778046875 0.0791332375 0.10444882343749999 0.08034459375 0.14451394687500002 0.11719052187500001 0.14644437187499998 0.120404025 0.1435356828125
0 0.0190464953125 0.138897378125 0.038524189062500006 0.13924585 0.0392644875 0.1013343453125 0.020811934375 0.1010042140625 0.0190464953125 0.138897378125
0 0.50783023125 0.21819486718749997 0.6531669421874999 0.22580931875000002 0.656240259375 0.1818659453125 0.5201626984375001 0.17371091249999998 0.51842415 0.1890050796875 0.508093828125 0.190515221875 0.50783023125 0.21819486718749997
0 0.8302965421874999 0.3438119125 0.98186958125 0.3497017296875 0.983703471875 0.332361190625 0.9919867968749999 0.33074380312499996 0.9929401999999999 0.31028008281249997 0.984062409375 0.302635175 0.9451694859374999 0.3005975046875 0.9393145203125 0.2941366515625 0.9188445609375 0.29306419375 0.916606884375 0.2970496921875 0.906276565625 0.298559834375 0.832584709375 0.294698984375 0.8302965421874999 0.3438119125
0 0.0101824703125 0.329153521875 0.02556354375 0.32934395312500003 0.024542865625 0.28518608749999996 0.0122360203125 0.2850764484375 0.0101824703125 0.329153521875
0 0.4960865859375 0.36014960625 0.49560988437500003 0.370381465625 0.504487675 0.378026375 0.6191194484375 0.3840321390625 0.62414441875 0.34224238281249997 0.506489821875 0.3350525640625 0.5045605906249999 0.3544394734375 0.4960865859375 0.36014960625
0 0.2342842109375 0.3638699265625 0.23604518593749999 0.3701162890625 0.25651514531249997 0.37118874687500003 0.2588481625 0.3651568765625 0.2916000984375 0.366872809375 0.3011452703125 0.3601931140625 0.30162197343749997 0.3499612546875 0.30581130624999997 0.34812937499999996 0.30686004843750003 0.32561928125 0.17789930468749998 0.3188627953125 0.17530269062499998 0.352574309375 0.20191363906249998 0.35396850625 0.2035792734375 0.362261240625 0.2342842109375 0.3638699265625
0 0.99153251875 0.36251619218750003 0.8388883109374999 0.3575959375 0.8381480124999999 0.3955074421875 0.9772483953125001 0.4048465296875 0.9885545453125 0.40441319531250003 0.99153251875 0.36251619218750003
0 0.5570870343750001 0.438220428125 0.56137170625 0.434342175 0.6289225734375 0.43788128750000005 0.6319958890625 0.39393791093749997 0.5061533109374999 0.38631910937499997 0.50431941875 0.4036596484375 0.49798774999999995 0.40743065468750006 0.49703434687500003 0.427894375 0.5019134859375 0.43327841874999995 0.5388547531250001 0.43316247187499995 0.544805059375 0.43757695312499995 0.5570870343750001 0.438220428125
0 0.06999734375 0.41064955156250005 0.1099614328125 0.411717659375 0.1131300890625 0.36572791250000003 0.071119003125 0.3645525578125 0.06999734375 0.41064955156250005
0 0.9769848 0.432526175 0.98731511875 0.43101603125 0.9880778421875 0.4146450546875 0.8682809078125 0.4093943609375 0.8663741015624999 0.4503218015625 0.9707708953124999 0.4557913375 0.9804114078125 0.44706526875 0.9808881093749999 0.436833409375 0.9769848 0.432526175
0 0.282643746875 0.471023290625 0.290141925 0.4642363484375 0.29295164218749997 0.44797261875 0.2870966765625 0.44151176562499994 0.28678823124999997 0.4261103515625 0.2295676859375 0.4210610984375 0.223140675 0.4268784765625 0.19243573593750002 0.4252697890625 0.1865807703125 0.41880893593749996 0.164063815625 0.41762923281250003 0.16168030625000002 0.46878853125 0.282643746875 0.471023290625
0 0.8625380625 0.5106361515625 0.8595600875 0.5525331546875 0.9700978671874999 0.5583244281249999 0.9754537078125001 0.5534766140625 0.9762164312499999 0.5371056359375 0.9723131203125 0.5327984031249999 0.9719822499999999 0.495856459375 0.980265575 0.49423907187499994 0.981218978125 0.4737753515625 0.97215050625 0.4702231875 0.8554717390625 0.4641101765625 0.8525891031249999 0.5039608062500001 0.855421246875 0.5092376062499999 0.8625380625 0.5106361515625
0 0.25774328281250003 0.5210028859375 0.2802602375 0.522182590625 0.28775841562500004 0.5153956484375 0.2882351171875 0.5051637875 0.2844271453125 0.49881018125 0.2988514578125 0.4975145296875 0.29854301250000004 0.4821131171875 0.284214040625 0.4813623953125 0.282453065625 0.47511603437499994 0.22923117187500003 0.47232764375 0.2206618265625 0.480084146875 0.1745567484375 0.478694303125 0.1729359625 0.5134826265625 0.20861537968750002 0.5184289859375 0.21349451875 0.52381303125 0.20599634218750001 0.5305999734375 0.17217323906249998 0.5298536031250001 0.17036177187499998 0.5687346703125 0.216371509375 0.5721708875 0.21929899531250002 0.5754013140625001 0.21384781249999998 0.5822955015625 0.170860896875 0.580043340625 0.1689540890625 0.6209707796874999 0.2774448734375 0.6266548078125 0.289132384375 0.6180359859375 0.2878481109375 0.6015577640624999 0.27585215625 0.5947751734375 0.27651953906250004 0.58045056875 0.292990846875 0.5792621640625 0.29170657499999997 0.5627839421874999 0.2774729421875 0.5599868484375 0.277736540625 0.5323072046874999 0.2594089171875 0.5292956203125 0.254529778125 0.523911575 0.25774328281250003 0.5210028859375
0 0.7530209578125 0.5490027453125 0.7970790421875 0.5502853437499999 0.7981053609375001 0.5062347234375 0.754047278125 0.5049521234375 0.7530209578125 0.5490027453125
0 0.9651458125 0.5765272859375 0.8607490203125 0.5710577484375 0.8588422124999999 0.6119851890625 0.9755209812500001 0.6180982 0.9775455531249999 0.5966649171875 0.9735469015625 0.594404053125 0.9739282625 0.5862185656250001 0.9651458125 0.5765272859375
0 0.084460859375 0.540643446875 0.0814604578125 0.5609999203125 0.055825340625 0.5606825343749999 0.051916384375 0.6445837859375 0.060698834374999996 0.654275065625 0.0729808109375 0.654918540625 0.0746464453125 0.663211275 0.102328559375 0.66363590625 0.1069778125 0.54182315 0.084460859375 0.540643446875
0 0.6132027 0.5991156906249999 0.6072691734375 0.7044502265625 0.612243653125 0.7077878984375 0.68193685625 0.709387884375 0.6858401671875 0.7136951203125 0.6960751468749999 0.7142313484375 0.7075719734375 0.709705271875 0.7103873359375 0.605233053125 0.6132027 0.5991156906249999
0 0.5835744234375 0.8827034328125001 0.597808053125 0.8855005265625 0.6096133265625 0.8963758609375001 0.6669292125 0.89937874375 0.6725262265625 0.8453107531249999 0.46899314218750005 0.8315702375 0.4654936171875 0.8406180421875 0.456924271875 0.8483745468749999 0.456542909375 0.8565600359375001 0.4623978765625 0.8630208890625 0.45411455156249997 0.8646382765625 0.4541369765625 0.88617880625 0.554439778125 0.8914338515625 0.556963475 0.8813092375 0.5835744234375 0.8827034328125001
0 0.112574675 0.8621296390625 0.2497234046875 0.869315109375 0.2526060390625 0.829464478125 0.1166238203125 0.8192630734374999 0.112574675 0.8621296390625
0 0.1080488296875 0.9152280671874999 0.24733989531249997 0.9204744093749999 0.2502225296875 0.8806237781249999 0.11209797343750001 0.8723615 0.1080488296875 0.9152280671874999
0 0.9438611124999999 1 0.9451019125 0.984724875 0.9534805765625001 0.9810611140625 0.9539572765625 0.9708292546875 0.938843159375 0.96490898125 0.8856212640625 0.9621205906249999 0.8791942562499999 0.96793796875 0.8712922937500001 0.9613698703125 0.8026702609375 0.958800321875 0.8016677624999999 1 0.9438611124999999 1
0 0.2478390203125 0.931783078125 0.11176146093749999 0.9236280453125 0.10835727656250001 0.930629478125 0.10780765625 0.9644482390625001 0.245051725 0.9695873374999999 0.2478390203125 0.931783078125
0 0.7280474265625 0.9969437203125 0.7751283328125 0.9994103734375 0.7778202875 0.9636524874999999 0.7318105484374999 0.9602162703125 0.7280474265625 0.9969437203125
0 0.111615628125 0.9708018484375 0.11118659687500002 0.9800105218749999 0.2636877921875 0.9880003343749999 0.2641644953125 0.9777684750000001 0.197684796875 0.9732597984375 0.1853074828125 0.9746626968750001 0.1788804734375 0.980480075 0.166598496875 0.9798366 0.158791875 0.9712221281250001 0.111615628125 0.9708018484375