0 0.21324714218750002 0.9326905796875 0.10870851562499999 0.9808119015625 0.2398148671875 0.9884456500000001 0.21324714218750002 0.9326905796875
0 0.2981734796875 0.9918436156249999 0.2979953921875 0.989862040625 0.29333843593750003 0.9846628734375 0.2893038 0.9863991609375 0.2792645421875 0.9710305781249999 0.2776078078125 0.965020496875 0.28371127343749997 0.9614334640625 0.2839173203125 0.95750305 0.2579372078125 0.9076958093749999 0.22348826718749998 0.9254020546874999 0.220385021875 0.9281781734375001 0.2221447828125 0.9322230453125 0.24170817812499998 0.972786246875 0.244502353125 0.9759057468749999 0.2485369890625 0.9741694593749999 0.25808479375000004 0.989509428125 0.2981734796875 0.9918436156249999
0 0.4489337625 1 0.4553629109375 0.9970536546875 0.40019223750000005 0.88345380625 0.40650175 0.8759363609375 0.3912862390625 0.8464679500000001 0.3436989765625 0.8703084249999999 0.354360553125 0.8926124609375 0.3502228953125 0.8963139546875001 0.3626442328125 0.922662865625 0.36843862656250004 0.9249714515624999 0.3737179046875 0.937106071875 0.376718125 0.936295159375 0.3830318171875 0.947504409375 0.35965236875 0.9609271671874999 0.351583096875 0.9643997390625 0.34672009375 0.9631309859374999 0.3432005765625 0.9550412390625 0.3454754515625 0.9492600781249999 0.33823036875 0.937010996875 0.342368028125 0.933309503125 0.3299466921875 0.9069605921875 0.3222895140625 0.9025723375 0.312456303125 0.883273340625 0.262903234375 0.9069993578125001 0.2752215484375 0.9353134734375 0.2780157234375 0.9384329749999999 0.2849475546875 0.9378509828125001 0.3118523046875 0.9926400734374999 0.4191169515625 0.9988856234375 0.4208067671875 0.9979984125 0.4247383796875 0.9982273328125 0.42534226875 0.9992480953125 0.43825590937500003 1 0.4489337625 1
0 0.9123566656250001 1 0.9129752953124999 0.9941303328125001 0.888557253125 0.9897517703125001 0.8619673578124999 0.9891891609375 0.8611355656249999 1 0.9123566656250001 1
0 0.8032323187499999 1 0.8040275875 0.9848299781250001 0.747019209375 0.9815106312499999 0.7423622515625 0.9763114640625 0.7630547296875 0.97653069375 0.7661579734374999 0.9737545734375 0.7682184453125 0.9344504375 0.728073953125 0.9291561937499999 0.6936208328125 0.928135740625 0.6923887296875 0.9704449171875 0.7385336625 0.9741173375000001 0.7237386046875 0.9742414875 0.7196009453125 0.97794298125 0.694045465625 0.9764549984374999 0.6848387546875 0.98281815 0.6861864203125 0.9947238515624999 0.69245966875 1 0.8032323187499999 1
0 0.9747794921875 1 0.9774124546875 0.9497754265625 0.960661403125 0.9495979562500001 0.9574094171875001 1 0.9747794921875 1
0 0.5346132984375 0.9898408249999999 0.5473965749999999 0.7836085703125 0.5407738140625 0.77829494375 0.5329105875 0.7778371015625 0.4994960625 0.7946179734375 0.488056271875 0.9940292328125 0.53130400625 0.9965473593749999 0.5346132984375 0.9898408249999999
0 0.9147225156250001 0.9419951234375 0.8655773609375 0.9391336156250001 0.8625854984375 0.9773979203125001 0.9126620437499999 0.981299259375 0.9147225156250001 0.9419951234375
0 0.9174011265625 0.8908997484375 0.8702217796875 0.8881527 0.8671268937500001 0.9283822109375001 0.915134609375 0.9341342953125 0.9174011265625 0.8908997484375
0 0.017247051562499997 0.740913059375 0.012928421875000002 0.8609051359375 0.0272083609375 0.8706070171875 0.1676952734375 0.8048667500000001 0.130950559375 0.73472068125 0.09081024843749999 0.7481531312499999 0.07652612656249999 0.719724553125 0.0523183109375 0.7301422718749999 0.048592746874999995 0.7259829375 0.017247051562499997 0.740913059375
0 0.9716153328124999 0.8910995937499999 0.9794272625 0.91134231875 0.9807110937499999 0.8868528187500001 0.9716153328124999 0.8910995937499999
0 0.8083336781250001 0.808657821875 0.8316059234375001 0.778473575 0.7938351531250001 0.74670626875 0.8005567593749999 0.73132799375 0.7844140375 0.7195464453125 0.759377853125 0.726959121875 0.6835648578125 0.8378603796874999 0.8062732078125 0.84796195625 0.8083336781250001 0.808657821875
0 0.996846165625 0.5790711984375 0.98964863125 0.5659151 0.818747415625 0.647625321875 0.9111821000000001 0.8402719046874999 0.9193585734375 0.8535608187499999 0.927118775 0.855983865625 0.9526742562500001 0.8574718499999999 0.9830002546875001 0.8431863546875 0.996846165625 0.5790711984375
0 0.20625261718750001 0.6523721515625 0.1725081234375 0.58141516875 0.0835400875 0.6235438796875 0.062216931249999996 0.5789358078125 0.03190565 0.5929405578125 0.030253093749999998 0.605657171875 0.05964970000000001 0.6655193671874999 0.0939956171875 0.6497783296875 0.10061838125 0.6550919578125 0.17069549374999998 0.8040558359375 0.2991815203125 0.7415592234374999 0.24939315 0.6381287875 0.24463317031249998 0.6348948296875 0.20625261718750001 0.6523721515625
0 0.30119601875 0.4962614453125 0.29395511406249997 0.502739059375 0.33660142656250003 0.591955203125 0.33536096406250004 0.596810990625 0.3141533703125 0.6064177953125001 0.319432646875 0.618552415625 0.29925946875 0.6272338484375 0.34180275625 0.7184152 0.3446999546875 0.7195694953125 0.4306677703125 0.6782516953125 0.335541934375 0.48052040937499996 0.30119601875 0.4962614453125
0 0.5676393421875 0.6231483765625 0.5663863421875 0.5718240781249999 0.5725928312499999 0.5662718390625 0.573313996875 0.5525153921875 0.567828671875 0.5443111843749999 0.569266821875 0.49807159375000004 0.5201216671875 0.4952100875 0.5169153984375 0.4999514140625 0.5160912109375 0.51567306875 0.4694353390625 0.5405533765625 0.51570419375 0.6358940640624999 0.5261555453125 0.64340181875 0.5361906234375 0.64004370625 0.5376371328125 0.6312575046875 0.5489126734374999 0.6230436078125 0.5526382390625 0.6272029406249999 0.55853565625 0.6275463218749999 0.5676393421875 0.6231483765625
0 0.15573889999999999 0.5439714703125 0.1727141703125 0.57748475625 0.2021970828125 0.5604749640625 0.1870845953125 0.5290413468749999 0.1750837109375 0.532285 0.15573889999999999 0.5439714703125
0 0.2796751734375 0.4930371765625 0.24636367187500002 0.5078528390625 0.2748288890625 0.5666751999999999 0.283211409375 0.5760337015625 0.30545341875 0.565501525 0.312694321875 0.5590239125 0.2796751734375 0.4930371765625
0 0.1456912828125 0.49114949843750005 0.148069184375 0.4834031296875 0.168761659375 0.4836223609375 0.16989073906250002 0.443278390625 0.0971559109375 0.4390433609375 0.095499175 0.43303328125 0.06797788906249999 0.43143083750000005 0.0608400078125 0.43594324218749997 0.058153037500000004 0.44958523125000005 0.0675699734375 0.458018359375 0.0665397390625 0.477670428125 0.05816139687500001 0.4870386203125 0.05764627812499999 0.4968646546875 0.06416601875 0.5041434875 0.11920859218749999 0.5073483765625 0.1293466921875 0.50202505625 0.13782805781250002 0.4906916578125 0.1456912828125 0.49114949843750005
0 0.22110054375 0.42556245625000005 0.284834709375 0.4322302265625 0.2880409765625 0.4274888984375 0.288964009375 0.39107534374999997 0.22409240625 0.3872981546875 0.22110054375 0.42556245625000005
0 0.155074784375 0.34976906875 0.0626818953125 0.34438943593750004 0.059071890625 0.3944449796875 0.0874215453125 0.3990524640625 0.1640879859375 0.40351641406249994 0.1676979890625 0.35346087187499997 0.155074784375 0.34976906875
0 0.34234148750000004 0.350816759375 0.3334438484375 0.35128429375 0.329314546875 0.3924391734375 0.3694590390625 0.3977334203125 0.37276833125 0.3910268859375 0.376588559375 0.35576762500000003 0.34234148750000004 0.350816759375
0 0.43453251093749995 0.3788535 0.4285320671875 0.3804753265625 0.425845096875 0.39411731250000004 0.44633152656249997 0.39826695624999997 0.5612796765625 0.405945484375 0.5646878109375 0.37854705 0.5549618046875 0.37600954375 0.554648553125 0.36317846875000004 0.48201675 0.3569782328125 0.43680320781250004 0.35434564687500003 0.43453251093749995 0.3788535
0 0.28936774375 0.3457611265625 0.244154203125 0.34312853906249996 0.24323117187499999 0.3795420953125 0.2875133203125 0.3811348484375 0.28936774375 0.3457611265625
0 0.8569622515624999 0.3512127875 0.8400983640625 0.35318768437500003 0.8589405953125 0.4075073296875 0.8616317468749999 0.41259203906249997 0.8655633593750001 0.412820959375 0.8807705109375 0.4048359796875 0.8569622515624999 0.3512127875
0 0.07912950937499999 0.331548671875 0.1606589515625 0.3372813765625 0.1639598859375 0.29312145312500004 0.09536271562500001 0.28518493125 0.08253346406249999 0.2854235421875 0.07912950937499999 0.331548671875
0 0.4676337859375 0.34924155625000003 0.48232582031250004 0.3510826109375 0.4840855796875 0.3551274859375 0.5804100812499999 0.3607360375 0.5831958953124999 0.32640214843750004 0.57046966875 0.3246755546875 0.56891595625 0.3167002671875 0.502078546875 0.31280861875 0.468148903125 0.339415521875 0.4676337859375 0.34924155625000003
0 0.3340619890625 0.33949305 0.3801038984375 0.345130678125 0.3852676140625 0.303050421875 0.3470889296875 0.2978706375 0.33819129062500003 0.29833816875 0.3340619890625 0.33949305
0 1 0.1449032375 0.96958955 0.1586788328125 0.9578977359374999 0.156026865625 0.9244832109375001 0.17280773437500002 1 0.33407218125 1 0.1449032375
0 0.1666384984375 0.24202607656250003 0.08604044375 0.2373332046875 0.08273951093750001 0.281493128125 0.1465767 0.28619568906250004 0.1510234296875 0.2765985765625 0.16581848906250002 0.2764744234375 0.1666384984375 0.24202607656250003
0 0.2711352953125 0.24219685000000002 0.2602718484375 0.24254992187500002 0.25458883593750004 0.2757295171875 0.29669913281250004 0.2811382234375 0.2999054015625 0.2763968953125 0.3033135375 0.2489984609375 0.2711352953125 0.24219685000000002
0 0.45209248593750007 0.2507619859375 0.5590743859375 0.25994788125 0.5606155609375 0.21174308437499997 0.47432613593750006 0.20277641875 0.45559946562500003 0.2026716515625 0.45209248593750007 0.2507619859375
0 0.0873755703125 0.1930588234375 0.085521146875 0.22843254375000002 0.1670505921875 0.2341652484375 0.1692140859375 0.19289590625 0.0905818390625 0.1883174953125 0.0873755703125 0.1930588234375
0 0.300614028125 0.206460365625 0.2552974625 0.20579298437500002 0.2546835015625 0.23631091875000002 0.2989656515625 0.237903671875 0.300614028125 0.206460365625
0 0.34614500000000004 0.24065071875 0.3904271515625 0.242243471875 0.3923845984375 0.20490454218749998 0.3836930046875 0.2014416609375 0.3472740796875 0.20030674999999998 0.34614500000000004 0.24065071875
0 0.177790115625 0.1421439109375 0.0932604515625 0.13722211875 0.0899595171875 0.1813820421875 0.175420575 0.1873436671875 0.177790115625 0.1421439109375
0 0.261087678125 0.189374878125 0.3031979765625 0.194783584375 0.3054686734375 0.170275728125 0.28105063124999996 0.165897165625 0.2623239609375 0.165792396875 0.261087678125 0.189374878125
0 0.3485145421875 0.1954509625 0.3887620546875 0.198780003125 0.39309740312499997 0.15369470624999998 0.3765425875 0.149773984375 0.34995269218749997 0.1492113734375 0.3485145421875 0.1954509625
0 0.447010896875 0.1972435609375 0.559993240625 0.20480762968750002 0.5612253421875 0.1624984546875 0.46696966875 0.1550391546875 0.448243 0.1549343859375 0.447010896875 0.1972435609375
0 0.76764335 0.211970171875 0.8234029078124999 0.1826919171875 0.827841278125 0.1356414125 0.8250471062500001 0.1325219125 0.7425862703125 0.125749375 0.7277912109375 0.1258735265625 0.7217044625 0.2043673375 0.7244986375 0.20748683906249998 0.76764335 0.211970171875
0 0.168673890625 0.090361771875 0.0959390625 0.08612674218750001 0.092741153125 0.12832145625 0.1977572484375 0.1373928921875 0.20096351562499998 0.132651565625 0.2029209640625 0.0953126359375 0.168673890625 0.090361771875
0 0.5422800875 0.11014401562500001 0.4970665453125 0.10751142968750001 0.49086005625 0.11306366875 0.4377832890625 0.109973240625 0.43479142656249997 0.14823754218750002 0.44741463125000003 0.1519293453125 0.49262817343750004 0.15456193125 0.49686885625 0.1488952328125 0.565672071875 0.1529013421875 0.5700116000000001 0.12654274062499998 0.5553195640624999 0.1247016828125 0.5549032921875 0.1138358171875 0.5422800875 0.11014401562500001
0 0.3515022234375 0.13845996562500001 0.39578437499999997 0.14005271875 0.399707628125 0.10282825 0.37725539218750004 0.09856414531249999 0.352631303125 0.098115996875 0.3515022234375 0.13845996562500001
0 0.0866251484375 0.0757284078125 0.0962481328125 0.080231121875 0.216990678125 0.09021823749999999 0.218325803125 0.04594385625 0.1104125109375 0.0357181265625 0.098617675 0.035031365625 0.096342796875 0.040812525 0.08754818125 0.039314851562499996 0.0866251484375 0.0757284078125
0 0.25619541875 0.0570192609375 0.25444401875 0.09042777656249999 0.3063833453125 0.09640878281250001 0.309898684375 0.0857718359375 0.3110277640625 0.045427865625 0.267780028125 0.042909740625 0.2655051515625 0.0486909015625 0.2596077328125 0.048347520312499996 0.25619541875 0.0570192609375
0 0.7597592265625 0.1178788578125 0.8352882296875 0.1252333859375 0.840348921875 0.0851183375 0.833623134375 0.0817699171875 0.76481991875 0.0777638078125 0.7597592265625 0.1178788578125
0 0.566170471875 0.0681685265625 0.4757433890625 0.0629033546875 0.47285455 0.0992024515625 0.5641100015625 0.1074726640625 0.566170471875 0.0681685265625
0 0.401351825 0.052658246875 0.3581040890625 0.0501401203125 0.35294037500000003 0.092220375 0.39908530781249996 0.0958927953125 0.401351825 0.052658246875
0 0.97773676875 0.0408808859375 0.9089335515625001 0.0368747765625 0.9057356421874999 0.0790694921875 0.9754702515625 0.08411543593750001 0.97773676875 0.0408808859375
0 0.1912166109375 0.036480584375 0.1930701765625 0.00112325 0.0902584390625 0.0005251078125 0.0880633 0.02948881875 0.1912166109375 0.036480584375
0 0.8657888406250001 0.03239144375 0.7635669187499999 0.0264395109375 0.7603690109375 0.0686342265625 0.8635223218749999 0.0756259953125 0.8657888406250001 0.03239144375
0 0.3955337375 0.0023011484375 0.35958504687500004 0.0020920046875000002 0.35665340156249997 0.040199625 0.40083252812500003 0.043757584375000005 0.4028929984375 0.0044534484375 0.3955337375 0.0023011484375
0 0.5114286109374999 0.02161463125 0.49777099218750004 0.0188482015625 0.496320303125 0.008907709375 0.44914095625000006 0.0061606609375000005 0.4461490921875 0.0444249640625 0.57278905625 0.0547554609375 0.5752658 0.026317192187499998 0.56553979375 0.0237796859375 0.5652265421875 0.0109486109375 0.5141155828125 0.00797264375 0.5114286109374999 0.02161463125
0 0.9110447421875 0.026156071875 0.9102770375 0.030053784374999996 0.9859090640625 0.03544310625 0.9861666234375001 0.030530090625 0.9110447421875 0.026156071875