0 0.0647354140625 0.83111794375 0.063410709375 0.8583225734375001 0.05724533750000001 0.8683323328125001 0.058745275 0.9127083765625 0.0627069515625 0.9188033750000001 0.0625192828125 0.9349315875 0.0564477453125 0.9368772390625001 0.057971140624999994 0.9792372578125 0.0851757703125 0.9805619625 0.10637923906249999 0.9777842375000001 0.1081965734375 0.9082430468749999 0.10860639218749998 0.9596634546875 0.14994666875 0.95913634375 0.14974797812500001 0.88957169375 0.15591335 0.8795619374999999 0.1560306421875 0.869481803125 0.15204550625 0.8654028328125 0.1501936921875 0.8512671875000001 0.15232700937500002 0.8412105125 0.14535302187500002 0.8340723140625 0.131240834375 0.8339081046875 0.127161865625 0.8378932390625 0.1079744234375 0.8406944234375 0.106297840625 0.8981394546875 0.10598185625 0.8386549390625 0.0908733859375 0.8374709843750001 0.08892773281250001 0.831399446875 0.0647354140625 0.83111794375
0 0.035167084375000005 0.9133655515625 0.03924605625 0.9093804140625 0.03976214375 0.8650278281249999 0.0337844390625 0.858909371875 0.034159778125 0.8266529453125001 0.0089711734375 0.8253517 0.006309328124999999 0.96746985 0.033513959375 0.9687945546875 0.035167084375000005 0.9133655515625
0 0.8783789750000001 0.8926222046875001 0.8786370203124999 0.8704459109375 0.8857752171875 0.863471921875 0.892772665625 0.8685940953125 0.8924677046875 0.8948024406249999 0.8883887328125001 0.8987875781250001 0.8899355890624999 0.9391315703125 0.9272203515624999 0.940573565625 0.9275612078125001 0.8246403046875 0.8439078296875 0.8226587609375 0.8430508859374999 0.9829446093750001 0.8843677015625 0.9844335234375 0.885739325 0.953196840625 0.8797147031250001 0.9511104359375 0.8798554546874999 0.939014278125 0.8859269937500001 0.9370686265625 0.88623195625 0.9108602796874999 0.8843566796875001 0.898740659375 0.8783789750000001 0.8926222046875001
0 0.65861963125 0.9777741078125001 0.6807959265625 0.9780321515624999 0.6819564203125 0.9649397078125 0.6880514171875001 0.96097803125 0.6885909640625 0.9146094171874999 0.684582371875 0.9125464734375001 0.68467620625 0.9044823671875 0.688755175 0.9004972312499999 0.689435475 0.8420324578124999 0.6743035453124999 0.8428645296875 0.66434070625 0.8326671046874999 0.6562765984375 0.8325732703125001 0.643043403125 0.8435089359375001 0.6407693328125 0.865661771875 0.6404643703125 0.8918701171875 0.6464420734375 0.8979885734374999 0.647707425 0.9625248859375001 0.655748075 0.9646347453124999 0.65563078125 0.9747148796875 0.65861963125 0.9777741078125001
0 0.592689653125 0.8388904171875 0.5694936171875 0.83962865625 0.5615233453124999 0.831470715625 0.5514432109375 0.8313534234375 0.5443050125 0.8383274109375 0.5447493140625 0.9734246578124999 0.5800180515625 0.9748431953125 0.5850933046875 0.9718778015625 0.58530443125 0.9537335625000001 0.589383403125 0.9497484249999999 0.5897352812500001 0.9195080250000001 0.578658865625 0.9183709890625 0.577756415625 0.9092871406249999 0.5808625609375 0.902266234375 0.5919624359375 0.90138724375 0.592689653125 0.8388904171875
0 0.7875873984374999 0.897614646875 0.7882442390625 0.8411659015625 0.7711197421875 0.839958490625 0.7651420390625 0.8338400328125 0.753045878125 0.8336992828125 0.7459311390625001 0.83865724375 0.7476422031250001 0.86488905 0.7404570875 0.875895090625 0.7388398578125 0.841599178125 0.7206956171875001 0.8413880499999999 0.7147179140625 0.835269596875 0.7066538078125 0.8351757624999999 0.6954835546875 0.8421028343750001 0.6971477015625 0.8723666906249999 0.6930687328125 0.876351828125 0.690865034375 0.8924565812499999 0.7008044171875001 0.9046700359375001 0.7011438625 0.962138525 0.7404681109375 0.9615879546875 0.740890365625 0.9252994734375 0.7288176640625 0.9231426968750001 0.7290053328125 0.9070144828125001 0.7391793 0.8990676687500001 0.7403163375 0.8879912515624999 0.74529775625 0.8930899640625001 0.747126115625 0.9092416359375 0.74653965 0.9596423015625 0.7888762093749999 0.9601349328125 0.7873058953125 0.9218069671875 0.7772492203125 0.9196736484375 0.7774134312500001 0.9055614625 0.7875873984374999 0.897614646875
0 0.599393159375 0.9559138 0.6407099781250001 0.9574027140625001 0.6423631046875 0.9019737093750001 0.636361940625 0.8978712796874999 0.6350027546875 0.841399075 0.626012740625 0.8342374187500001 0.619964659375 0.8341670421874999 0.6138462031249999 0.8401447453124999 0.5946822203125001 0.840929903125 0.5940488390625001 0.8953626234375 0.6000265421875 0.9014810796875 0.599393159375 0.9559138
0 0.999093453125 0.828627225 0.9950629140625 0.8284502078125 0.9937147515625 0.8576708640625 0.9875962953125 0.8636485687500001 0.987174040625 0.8999370484375 0.9911591765625 0.9040160203125 0.990549253125 0.9564327125000001 0.9976028578125 0.956728640625 0.999093453125 0.828627225
0 0.4414048421875 0.9308879921875001 0.48276857656249994 0.928344853125 0.48224146250000005 0.8870045765624999 0.4338568234375 0.8864415703124999 0.43193463125 0.87835400625 0.4057262828125 0.8780490437499999 0.40356950625000004 0.890121746875 0.34913678593749997 0.889488365625 0.349968859375 0.9046202937500001 0.34382694687500004 0.9126140234375001 0.3415997921875 0.9307348062499999 0.34857377968750003 0.9378730031250001 0.3586304546875 0.9400063234375 0.413063175 0.94063970625 0.42105690625000003 0.9467816203125 0.4392011453125 0.9469927468750001 0.4414048421875 0.9308879921875001
0 0.9776569125 0.851435115625 0.9778914999999999 0.83127485 0.9689014828125 0.8241131921875 0.95882135 0.8239959000000001 0.9506868671875001 0.8299501453125 0.9355783984375 0.8287661921874999 0.935015390625 0.8771508328125 0.9409930953125001 0.8832692874999999 0.9408523437499999 0.8953654468750001 0.9347104296875001 0.9033591796874999 0.9353079171875001 0.9386513765625001 0.9786642203125 0.9381477203124999 0.9789926390625 0.9099233484375 0.9851345531250001 0.9019296171875 0.98558026875 0.8636251109374999 0.9776569125 0.851435115625
0 0.831658484375 0.92232305625 0.8377300218749999 0.9203774062500001 0.8388091171875001 0.827640178125 0.7954762718749999 0.82612780625 0.793189765625 0.9359895296875 0.83249055625 0.9374549875 0.831658484375 0.92232305625
0 0.1451324375 0.579939375 0.149211409375 0.5759542359375 0.1497744140625 0.5275695984375 0.1084575984375 0.5260806828125 0.10668718125000001 0.5915898203125 0.100568725 0.597567525 0.10040451406249999 0.6116797109375 0.10638221875000001 0.6177981671875 0.10607725781249999 0.6440065125000001 0.1150438125 0.6531841984375 0.1271399734375 0.65332495 0.1352979140625 0.645354678125 0.1504063859375 0.6465386296875 0.151016309375 0.5941219375 0.145038603125 0.5880034796875 0.1451324375 0.579939375
0 1 0.4898677109375 0.7389247875 0.48773958281249996 0.7393705015625 0.449435071875 0.7635862796875 0.44770055 0.765850740625 0.1664531 0.43522236562499994 0.162605890625 0.4325121921875 0.482157846875 0.5433936593750001 0.48344807031250003 0.5425367140625 0.64373391875 0.693762171875 0.6434772875 0.6958720328125 0.6354366406249999 0.74226410625 0.6339601625 0.9579789609375 0.63647023125 0.9599480703125 0.6405257421874999 1 0.6403940218749999 1 0.4898677109375