0 0.020388578125 0.1761767109375 0.0075508171875 0.3457330515625 0.169404309375 0.35715118437500004 0.9976351812500001 0.4006601109375 0.99857060625 0.23987417500000002 0.020388578125 0.1761767109375
0 0 0.7109010828125 0.0010094703125 0.714907453125 0.0416538421875 0.7153714140625 0.052468693749999996 0.7139222562499999 0.0539376671875 0.7086595453125 0.0542287875 0.67653668125 0.051274946875000005 0.6731330843750001 0.0009617874999999999 0.6731203984375 0 0.6858233296875 0 0.7109010828125
0 0.01387805 0.5025272546874999 0.0111492375 0.552707315625 0.0529396765625 0.5521733953125 0.0564916484375 0.5052602828125 0.01387805 0.5025272546874999
0 0.04798230625 0.66006529375 0.050258546875 0.6441405125 0.048919239062499995 0.6194127703125 0.0071288 0.6199466921875 0.0050299078125 0.6476680781249999 0.0074993875 0.65746891875 0.04798230625 0.66006529375
0 0 0.8901296859375 0.03267603125 0.8905026875000001 0.034274671875 0.855249528125 0.043943457812499996 0.85479825 0.0454124328125 0.849535540625 0 0.8475536140625 0 0.8901296859375
0 0 0.8346777109374999 0.033597071875 0.8359211468750001 0.03714904375 0.7890080328125 0 0.7866254765625 0 0.8346777109374999
0 0 0.771675425 0.04565586875 0.77562561875 0.0497080953125 0.7362442812500001 0.0018485234375 0.7321034171874999 0 0.750068190625 0 0.771675425
0 0.2512309234375 0.9730883328125 0.2598674140625 0.9297154687500001 0.2531365765625 0.9196413250000001 0.043845579687500004 0.9126467390625 0.0411167671875 0.9628268 0.2512309234375 0.9730883328125
0 0.131510471875 0.9000555953125 0.2539438421875 0.9089792546875 0.256381534375 0.8909220578125 0.263257934375 0.88493476875 0.26438810625000003 0.8700078687499999 0.2574958140625 0.8620661390625 0.23389688125000002 0.8626953890625 0.2260199734375 0.8536191265624999 0.2068438546875 0.8523892656250001 0.1999674546875 0.8583765546875 0.13604705781249998 0.854277015625 0.131510471875 0.9000555953125
0 0.262437290625 0.740245221875 0.1514804796875 0.73527176875 0.14694389375 0.78105035 0.2567546390625 0.787021684375 0.25903087812500003 0.7710969046875 0.2660687296875 0.7629772 0.267198903125 0.7480503015625 0.262437290625 0.740245221875
0 0.166590996875 0.6205313515624999 0.1622158625 0.6641775171875001 0.2848106875 0.6709687625 0.2891858203125 0.6273225953125 0.166590996875 0.6205313515624999
0 0.1709159296875 0.6765207281250001 0.1663793453125 0.7222993078125 0.2653752359375 0.729719803125 0.270073275 0.6818088062500001 0.1709159296875 0.6765207281250001
0 0.185703540625 0.566045140625 0.18148986250000002 0.607558890625 0.2740937125 0.6145694328125 0.2783073921875 0.573055678125 0.185703540625 0.566045140625
0 0.280099271875 0.5635281390625 0.2836671375 0.5305440453125 0.25924504531250003 0.5279063453124999 0.26037521875 0.5129794484375 0.2049775390625 0.5094265140625 0.20027949843749998 0.557337509375 0.280099271875 0.5635281390625
0 0.26256443906250004 0.8516773703125 0.268262984375 0.8188299265625 0.25023293281250003 0.8166021812500001 0.24939387812499997 0.7994062171875 0.1854734796875 0.795306678125 0.18061398906249998 0.8453500859374999 0.26256443906250004 0.8516773703125
0 0.593470678125 0.58148346875 0.5959083703125 0.5634262734375 0.5953763296875 0.5280364609375 0.44049839999999996 0.5234602765624999 0.436946428125 0.570373390625 0.439738815625 0.575909403125 0.593470678125 0.58148346875
0 0.5201224156250001 0.645347884375 0.5272740406249999 0.5933087109375 0.445162134375 0.5891138421875 0.44159427031250004 0.6220979390625 0.4660163609375 0.6247356359375 0.466855415625 0.6419316015625001 0.5201224156250001 0.645347884375
0 0.43858771562500004 0.8597524828124999 0.4369731828125 0.8810766250000001 0.555306646875 0.8875945656249999 0.5601661390625 0.83755115625 0.439863446875 0.8287641499999999 0.4382330234375 0.8361592734375 0.43151807656249996 0.8400141484375 0.430710809375 0.85067621875 0.43858771562500004 0.8597524828124999
0 0.4448367125 0.7348012703125 0.4401386734375 0.7827122656250001 0.57322544375 0.7923191796875 0.5779234843750001 0.744408184375 0.4448367125 0.7348012703125
0 0.5747077953125 0.9424080874999999 0.578760021875 0.9030267484375001 0.5417153015625 0.8974367296875 0.435181303125 0.8906041640625 0.43096762499999997 0.9321179171875 0.5747077953125 0.9424080874999999
0 0.43934478437499996 0.9487259546875 0.43561546562500003 0.9838424640625 0.572963596875 0.9937226812500001 0.576692915625 0.9586061703125001 0.43934478437499996 0.9487259546875
0 0.694576325 0.8579567921875 0.699920175 0.801516140625 0.6032164171875001 0.792099884375 0.6001329109375 0.8186867375 0.5914487375 0.8202725453124999 0.5893498453125 0.8479939312500001 0.694576325 0.8579567921875
0 0.6529046890625 0.531726046875 0.6482066515625 0.5796370421875 0.7152423437500001 0.585007765625 0.7199403796875 0.53709676875 0.6529046890625 0.531726046875
0 0.7023578671874999 0.78345894375 0.7077335062500001 0.7548763296875001 0.6474127609375 0.74565073125 0.6439745625 0.7486443765625 0.6397449890625 0.7762291078125 0.7023578671874999 0.78345894375
0 0.6642833687499999 0.5935247390625 0.6605858375 0.6564992843749999 0.708606865625 0.6585077328125 0.7132890093750001 0.59666771875 0.6642833687499999 0.5935247390625
0 0.6897645140625001 0.9497872578125 0.6913949390624999 0.9423921328124999 0.691024353125 0.9048699062500001 0.64513400625 0.9029981109375 0.6428895531250001 0.9467809296875 0.6897645140625001 0.9497872578125
0 0.6495091390625001 0.8593519453124999 0.648071953125 0.8924726906249999 0.69183161875 0.894207834375 0.697368709375 0.86349280625 0.6495091390625001 0.8593519453124999
0 0.780608271875 0.9941833734375001 0.77976921875 0.9769874078124999 0.7296175140625001 0.9748423078125 0.7282948859375 0.9957290578125001 0.798353540625 0.9953214671874999 0.780608271875 0.9941833734375001
0 0.78372608125 0.8540319578125001 0.7399664140625 0.8522968140625 0.737237603125 0.902476875 0.7821433359375 0.9032141390625 0.78372608125 0.8540319578125001
0 0.8427259296875 0.7110362359375 0.8456479828125 0.686581796875 0.8502665515625001 0.5690257078125 0.8065068859375 0.5672905640625 0.7989662640625 0.709301090625 0.8427259296875 0.7110362359375
0 0.8397218921875 0.8072681812500001 0.8423210390625 0.7870785703125 0.841804890625 0.7656177765625001 0.8280361984375 0.7636633359375 0.82458210625 0.7527279625000001 0.807536665625 0.7516347515625 0.8045987171875 0.762160171875 0.79492993125 0.7626114484375 0.792346678125 0.7967300749999999 0.794816159375 0.8065309171875 0.8397218921875 0.8072681812500001
0 0.900029259375 0.6611421609375 0.90133678125 0.658011865625 0.905825684375 0.570446228125 0.8622274734375001 0.56657866875 0.8564310468749999 0.6572746031250001 0.900029259375 0.6611421609375
0 0.896702315625 0.761638934375 0.8941349578125 0.80968658125 0.8970887984375 0.8130901796875 0.9398638500000001 0.8136907921875001 0.9421400890625 0.7977660109375 0.9419309546875001 0.7581113687500001 0.897025221875 0.75737410625 0.8934096765625 0.748571146875 0.8494885562500001 0.748968415625 0.84921333125 0.7950203 0.891988384375 0.7956209125 0.896702315625 0.761638934375
0 0.884577428125 0.9076409875 0.8881293984375 0.8607278718750001 0.8530539078125001 0.85740691875 0.845354346875 0.8601272609375 0.8450791203125 0.9061791453125 0.884577428125 0.9076409875
0 0.9100870437499999 0.57071953125 0.9041291671874999 0.6635478781249999 0.9500195124999999 0.6654196734375 0.956962003125 0.5737258609375 0.9100870437499999 0.57071953125
0 0.8984439999999999 0.8517469390624999 0.8942303203125 0.89326069375 0.9378285328124999 0.8971282515624999 0.9420422109375 0.8556145000000001 0.8984439999999999 0.8517469390624999
0 0.933665090625 0.9945342484375 0.938844934375 0.9261208218749999 0.894100653125 0.9232511453125 0.8902322187499999 0.9947869328125 0.933665090625 0.9945342484375
0 0.9552629703125 0.8082501093750001 0.9744390890625001 0.8094799703125 0.9774636484375 0.7695327453125 0.9519385421875001 0.767324284375 0.945917090625 0.80443655625 0.9552629703125 0.8082501093750001
0 0.9572347125 0.669096575 0.9849823625 0.670228359375 0.9927016562500001 0.5682748390625 0.9638384046875 0.567738571875 0.9572347125 0.669096575
0 0.9455280921875 0.8944079109375 0.9678608078125001 0.8963634546874999 0.97084765 0.8569143390624999 0.9474496374999999 0.8548899203125 0.9455280921875 0.8944079109375
0 0.9604397125 0.994378478125 0.9655155234375 0.9273390828125001 0.9473676531249999 0.9266674265624999 0.9437007812499999 0.9944758625000001 0.9604397125 0.994378478125