0 1 0.4211866265625 0.9711931140625 0.41900377187500004 0.966471534375 0.415661065625 0.966006990625 0.408661040625 0.9481996875 0.4073116828125 0.9450364296875 0.43592625937499996 0.9152076671874999 0.4356559203125 0.9102747859375 0.5138851484375 0.9577609218750001 0.5174834328125 0.9618385109375 0.48993311562499997 1 0.4928248203125 1 0.4211866265625
0 1 0.18734478593749998 0.9849275000000001 0.18523041406250002 0.9795153140625 0.24352382343749998 0.9655152625 0.24445291249999998 0.965230165625 0.26134588281250004 1 0.26514918593750003 1 0.18734478593749998
0 0.9564558406250001 0.5740981125 0.95087896875 0.6214343203125 0.9444934171874999 0.6269203 0.9437437734375 0.636813246875 0.9504439437500001 0.6403058796875001 0.9930585703125001 0.642540046875 0.9992203984374999 0.5743536921875 0.9564558406250001 0.5740981125
0 1 0.2938298328125 0.9669384140625 0.29132457500000003 0.9626961406250001 0.3079176890625 0.9615114703125001 0.3366821921875 1 0.3402786984375 1 0.2938298328125
0 0.9457814000000001 0.6887063453125 0.9357361890625 0.8212718062500001 0.9742437109375001 0.8251847078125 0.9832541812500001 0.7194051625 0.9735111625 0.716676928125 0.9745459046875 0.6898910140625001 0.9457814000000001 0.6887063453125
0 0.893271490625 0.8170590484375 0.9288860937500001 0.8197577624999999 0.9383463484375 0.70804245 0.8987745687500001 0.7050438796875 0.8905285 0.8138662734375 0.893271490625 0.8170590484375
0 0.9150919296875 0.2008330640625 0.9141923593750001 0.2127045984375 0.920892528125 0.21619723125 0.9654857437500001 0.21858132812500003 0.9758750890625001 0.1208660671875 0.9254960343749999 0.1160535953125 0.9150919296875 0.2008330640625
0 0.9087949328124999 0.28393380156250003 0.9059610515625 0.334462784375 0.956490034375 0.337296665625 0.9591739875 0.28874627343750003 0.9087949328124999 0.28393380156250003
0 0.8983123609374999 0.5667073375 0.818254471875 0.5596459390625 0.8086295265624999 0.660404046875 0.8081945015625 0.6792756078125 0.8310232390625 0.6800104921875 0.8370351390625 0.613802725 0.893349959375 0.6190649828125 0.8983123609374999 0.5667073375
0 0.8907786671875 0.23281986250000003 0.9012884234375 0.107254428125 0.862630971875 0.10532011562500002 0.8519270109375 0.1940567640625 0.850142628125 0.230735621875 0.8907786671875 0.23281986250000003
0 0.516843184375 0.8870375375 0.5096765421875 0.994204775 0.775858175 0.9911074703124999 0.7827385109375 0.9101708046875 0.516843184375 0.8870375375
0 0.7789506921875 0.6581551203125 0.78148471875 0.611583315625 0.7202983875 0.6049569421875 0.7156063265625 0.6274858234375 0.7145715874999999 0.6542717390624999 0.7789506921875 0.6581551203125
0 0.76157300625 0.09965235 0.760673434375 0.1115238828125 0.7634164250000001 0.114716659375 0.8188169171874999 0.11891465781249999 0.82332953125 0.0724927828125 0.7670147093749999 0.067230525 0.76157300625 0.09965235
0 0.7314397125000001 0.36601222031249997 0.72920554375 0.4086268484375 0.7935846515625 0.4125102296875 0.79581881875 0.36989560312499997 0.7314397125000001 0.36601222031249997
0 0.7994171031249999 0.3224094671875 0.8042295749999999 0.27203041250000004 0.7756149984375 0.2688671546875 0.7585720984375001 0.2705606453125 0.7549738140625 0.3180467828125 0.7994171031249999 0.3224094671875
0 0.76597763125 0.22535295624999999 0.764043321875 0.26401040625 0.8046793609374999 0.266094646875 0.806613671875 0.2274371953125 0.76597763125 0.22535295624999999
0 0.7153359906250001 0.6573145874999999 0.7152303359375 0.698100553125 0.7599734828125 0.6985060609375 0.7619077937500001 0.6598486109375 0.7153359906250001 0.6573145874999999
0 0.5447594046875001 0.5448915703125 0.5426751656250001 0.5855276109374999 0.7234911640624999 0.6022139515625 0.72755399375 0.5617278421874999 0.5447594046875001 0.5448915703125
0 0.5655753625 0.7822779718749999 0.6970765671875 0.7932375125 0.69916080625 0.752601475 0.563702425 0.7413420765625001 0.5608537828125 0.7789352671875001 0.5655753625 0.7822779718749999
0 0.5489278859375 0.46361949375 0.5469788140625 0.489341153125 0.5536789828125 0.492833784375 0.7130303609374999 0.503913734375 0.7151146015625 0.463277696875 0.5530202328125 0.4490049703125 0.5489278859375 0.46361949375
0 0.5823914609374999 0.0482657375 0.5795575796875 0.0987947203125 0.7328232609375 0.111403475 0.73565714375 0.060874490625 0.5823914609374999 0.0482657375
0 0.584306340625 0.25934552499999997 0.582372028125 0.298002975 0.702001696875 0.30806294375 0.703936009375 0.2694054953125 0.584306340625 0.25934552499999997
0 0.710353415625 0.15845458437499998 0.714716103125 0.11401129531250001 0.607107896875 0.10287230781250001 0.6007666203124999 0.14716566874999998 0.601531021875 0.15020851562499998 0.710353415625 0.15845458437499998
0 0.6652101765625 0.741074075 0.6667094625 0.721288184375 0.64418058125 0.7165961234375 0.645380009375 0.7007674109375001 0.52970751875 0.6910073 0.5274733484375 0.733621928125 0.6420815828124999 0.7442963687499999 0.644360028125 0.74048911875 0.6652101765625 0.741074075
0 0.6161509609375 0.6925827171875001 0.6666799421875 0.6954165999999999 0.670742771875 0.654930490625 0.5571987984375 0.6433417171875 0.555114559375 0.68397775625 0.6161509609375 0.6925827171875001
0 0.581275915625 0.40438223593749995 0.5793416031249999 0.44303968437499996 0.6691425078125001 0.452829315625 0.673220096875 0.4252789984375 0.6584556453125 0.42316523906250003 0.65752655625 0.4091651875 0.581275915625 0.40438223593749995
0 0.5614309890625 0.35113978125 0.5591968203125 0.39375440781250004 0.672890721875 0.403364590625 0.6749749625 0.362728553125 0.5614309890625 0.35113978125
0 0.6728782984375 0.2590922828125 0.679369503125 0.212820334375 0.593375846875 0.20530915 0.58853385625 0.22981661875 0.587948903125 0.25066676875 0.6728782984375 0.2590922828125
0 0.5939312828125 0.1585874171875 0.59184704375 0.1992234546875 0.6740334484375 0.20445619375000001 0.6758325921874999 0.180713125 0.6610681390625001 0.1785993671875 0.6602889796875 0.162620728125 0.5939312828125 0.1585874171875
0 0.5489255484375 0.5949560109375 0.546841309375 0.6355920484375 0.6270491265625 0.640674859375 0.6289834375 0.6020174093749999 0.5489255484375 0.5949560109375
0 0.31189262812499996 0.12527610625000002 0.30980838906249997 0.16591214375000002 0.4391810734375 0.1787003453125 0.4432439046875 0.13821423593749999 0.31189262812499996 0.12527610625000002
0 0.3234961625 0.024667925 0.3206622796875 0.075196909375 0.44835623125 0.0838780015625 0.4511901140625 0.0333490203125 0.3234961625 0.024667925
0 0.278574309375 0.8013243046875 0.276340140625 0.84393893125 0.388055453125 0.8533991875 0.3902896234375 0.8107845609375 0.278574309375 0.8013243046875
0 0.32921595312499996 0.369362675 0.3269817859375 0.4119773015625 0.4169326203125 0.41978834374999996 0.4212953046875 0.3753450546875 0.32921595312499996 0.369362675
0 0.33551295 0.2862619375 0.3341783546875 0.3170050296875 0.42215059843749997 0.32466614531250004 0.4245346953125 0.280072928125 0.35330549218749996 0.2746755015625 0.350277403125 0.28837569531249996 0.33551295 0.2862619375
0 0.434865003125 0.13061449375 0.43694924375 0.08997845625 0.296619353125 0.07735494375 0.2929767921875 0.0860337015625 0.29149226562499997 0.118755384375 0.434865003125 0.13061449375
0 0.30858719218749997 0.5628146078125 0.3062030953125 0.6074078265625 0.39432527031250003 0.61309035 0.3965594375 0.5704757234375 0.30858719218749997 0.5628146078125
0 0.284448703125 0.8813674359375 0.2844634625 0.894303228125 0.36543568125000003 0.9024288859375 0.368628459375 0.8996858937500001 0.371627028125 0.860114115625 0.28974047812500003 0.8509242 0.284448703125 0.8813674359375
0 0.24599013281249998 0.6535888812499999 0.24360603749999998 0.6981821 0.3831715234375 0.7077627640624999 0.3854056921875 0.6651481359375 0.24599013281249998 0.6535888812499999
0 0.296772359375 0.744994725 0.2942383328125 0.791566528125 0.368510384375 0.796199553125 0.373023 0.749777678125 0.296772359375 0.744994725
0 0.406112921875 0.273702134375 0.41002582031249996 0.2351946140625 0.3232677625 0.22464058125 0.27471736875 0.2219566265625 0.2727830578125 0.2606140765625 0.406112921875 0.273702134375
0 0.348271453125 0.983711178125 0.3496660078125 0.9529726281249999 0.2753939546875 0.9483396031250001 0.27404466875 0.9780866093749999 0.348271453125 0.983711178125
0 0.165499553125 0.534062528125 0.167792759375 0.543191071875 0.21923607343749998 0.5470892125 0.22259353593750003 0.555303425 0.23461499843750003 0.55422440625 0.2358439453125 0.56426728125 0.3063087453125 0.566621859375 0.3091426296875 0.516092875 0.218127534375 0.5091961625 0.21644880312499998 0.5050890578125 0.1678984109375 0.5024051046875 0.165499553125 0.534062528125
0 0.214111321875 0.4571531359375 0.21078337500000002 0.47481050937499997 0.192976075 0.47346115156249996 0.19219691249999998 0.45748251250000005 0.17332535468750002 0.45704748593750005 0.1713910421875 0.49570493437499996 0.3109565296875 0.5052856015625 0.31289084218749996 0.46662815156250004 0.214111321875 0.4571531359375
0 0.232016525 0.0107711875 0.21101644687499999 0.0121648234375 0.2083324921875 0.060715217187500004 0.24790427187500003 0.0637137875 0.25216130625 0.060056465625 0.271947196875 0.06155575 0.2736259296875 0.06566285625 0.3142619671875 0.0677470953125 0.31771032187500003 0.02223955 0.31116008281249996 0.016768328125000002 0.303245728125 0.0161686140625 0.29488158750000004 0.0215046671875 0.23567384531250002 0.015028221875000001 0.232016525 0.0107711875
0 0.21021084218750002 0.639932965625 0.2144236 0.5974682671875 0.2628240671875 0.6021308109375 0.2673661984375 0.5815805171874999 0.21698714375 0.576768046875 0.2187862875 0.5530249796875 0.17525732968750002 0.54972655 0.1714648390625 0.5603838984375 0.1646885390625 0.6235488171875 0.164853225 0.6345060203124999 0.21021084218750002 0.639932965625
0 0.1795314609375 0.42766850781250004 0.1789465046875 0.44851865625 0.276961625 0.4549508234375 0.2769173453125 0.41614344531249997 0.195795196875 0.40999637499999997 0.19170285 0.4246109015625 0.1795314609375 0.42766850781250004
0 0.1806718515625 0.360096625 0.1785876109375 0.4007326625 0.28040997968750003 0.4094432765625 0.282644146875 0.36682865 0.1806718515625 0.360096625
0 0.2106116765625 0.8578628500000001 0.2107468484375 0.8429484687500001 0.1425604921875 0.8367866421875 0.14017639375 0.8813798593750001 0.22631998125 0.886912453125 0.228119121875 0.8631693859375 0.21335466875 0.8610556265625 0.2106116765625 0.8578628500000001
0 0.1467266359375 0.8868510796875 0.14434253749999998 0.9314442968750001 0.20674305468749998 0.93517775 0.209127153125 0.8905845328125 0.1467266359375 0.8868510796875
0 0.1481373640625 0.7894504359375001 0.146053125 0.8300864734375001 0.2063251234375 0.8356485859375 0.20840936562499998 0.7950125484375 0.1481373640625 0.7894504359375001
0 0.24295429531249998 0.2603437375 0.247017125 0.2198576265625 0.19663806875 0.21504515624999998 0.19104643593749998 0.24944557031249998 0.19151098125 0.256445596875 0.24295429531249998 0.2603437375
0 0.1532644515625 0.7480499953125 0.1522297125 0.774835909375 0.1986515890625 0.779348525 0.20166491718750001 0.7527125390625 0.1532644515625 0.7480499953125
0 0.204184184375 0.6932049390625 0.21037553125000003 0.6508901687499999 0.16395365312500002 0.6463775546875 0.1591116640625 0.670885025 0.1586766375 0.689756584375 0.204184184375 0.6932049390625
0 0.20696837656249997 0.06558672343750001 0.20007166562499998 0.1566018171875 0.240557775 0.1606646453125 0.24851874375 0.068735221875 0.20696837656249997 0.06558672343750001
0 0.09187616562499999 0.2976494953125 0.0894920703125 0.3422427109375 0.1497640703125 0.347804825 0.15412675468749998 0.30336153593750004 0.09187616562499999 0.2976494953125
0 0.07659046875 0.105456025 0.0746561578125 0.1441134734375 0.1644570640625 0.153903103125 0.16851989218750002 0.1134169953125 0.07659046875 0.105456025
0 0.1689696765625 0.10748122812500001 0.1773804328125 0.0096160375 0.13095855625 0.005103421875 0.1286801109375 0.008910671875 0.12365867500000001 0.0095251453125 0.12140974687499999 0.0392039796875 0.1271955859375 0.0416323546875 0.1223978734375 0.1049472015625 0.1689696765625 0.10748122812500001
0 0.081108496875 0.5973160015625 0.07947404375 0.632016275 0.12604584531250002 0.6345503 0.127680303125 0.599850028125 0.081108496875 0.5973160015625
0 0.0811993875 0.5435942421875 0.0791151484375 0.58423028125 0.12964413125000002 0.5870641625 0.131728371875 0.5464281234375 0.0811993875 0.5435942421875
0 0.0964035421875 0.2641634109375 0.095518728125 0.2889707359375 0.15183355 0.29423299531249997 0.153617934375 0.2575541328125 0.1120675640625 0.25440563437499997 0.10933933437500001 0.2641486515625 0.0964035421875 0.2641634109375
0 0.110435446875 0.157769390625 0.10850113593749999 0.1964268390625 0.1590301171875 0.1992607234375 0.16096443124999998 0.1606032734375 0.110435446875 0.157769390625
0 0.10962984375 0.785537534375 0.11597111874999999 0.7412441765625 0.055998976562500004 0.7317248828125 0.05055727343750001 0.7641467078125 0.05057203125 0.7770825015625 0.10962984375 0.785537534375
0 0.11849038593750001 0.6817365765625001 0.12240328593750001 0.64322905625 0.059238367187499995 0.6364527546875001 0.056045590624999995 0.6391957453125 0.0544111375 0.6738960171875 0.11849038593750001 0.6817365765625001
0 0.153603175 0.24461834062499999 0.1553875578125 0.20793947968749998 0.10013699375 0.20176289375 0.096194575 0.214398828125 0.0953097640625 0.2392061546875 0.153603175 0.24461834062499999
0 0.09699407812500001 0.9646705171875001 0.098535134375 0.9319531187500001 0.0440489734375 0.9288193796875 0.04436334375 0.9606823999999999 0.09699407812500001 0.9646705171875001
0 0.0594597546875 0.8304896453125 0.057375515625 0.8711256828125 0.10196873125000001 0.8735097796875 0.10588163125000001 0.8350022593749999 0.0594597546875 0.8304896453125
0 0.0901655796875 0.39900731718750004 0.088081340625 0.43964335468750004 0.13648180625 0.4443058984375 0.1387159734375 0.40169127187500003 0.0901655796875 0.39900731718750004
0 0.11154939687500001 0.7339442921875 0.1157621546875 0.69147959375 0.07146879375000001 0.68513831875 0.06572723281250001 0.7215173218750001 0.066191778125 0.728517346875 0.11154939687500001 0.7339442921875
0 0.06303552968750001 0.36312237812500003 0.062000790625 0.38990829374999997 0.1262299671875 0.3957702640625 0.130442725 0.3533055640625 0.07306364531250001 0.3489576375 0.0691212265625 0.361593575 0.06303552968750001 0.36312237812500003
0 0.05703838906249999 0.44226593750000004 0.054804221875 0.484880565625 0.1170548109375 0.49059260625 0.11928897812499999 0.44797797812500006 0.05703838906249999 0.44226593750000004
0 0.0386096046875 0.829904690625 0.009635784375000001 0.828097328125 0.010133634375 0.8708823765625 0.0363754375 0.8725193171875001 0.0386096046875 0.829904690625
0 0.0492545296875 0.689424871875 0.007976303125 0.685481759375 0.00838245 0.7203859546875 0.0456414859375 0.723975215625 0.0492545296875 0.689424871875
0 0.041797525 0 0.0383085578125 0.0460435015625 0.09266000156250001 0.050955103125 0.0971726171875 0.0045332265625 0.046778775 0 0.041797525 0
0 0.016300425 0.336482278125 0.0668132609375 0.3395292390625 0.0690474296875 0.2969146109375 0.0195250390625 0.29392739218749997 0.016300425 0.336482278125
0 0.0505471859375 0.488537884375 0.0056364265625 0.4843933609375 0.006151423437499999 0.528651978125 0.04831301875 0.5311525140625 0.0505471859375 0.488537884375
0 0.0369060296875 0.537252965625 0.0062314859375 0.53553260625 0.006705998437500001 0.5763121515625 0.034821789062500004 0.5778890062500001 0.0369060296875 0.537252965625
0 0.012707412500000001 0.3838988359375 0.047386265625 0.38581594531249996 0.049470506250000004 0.3451799078125 0.0158865078125 0.3419446734375 0.012707412500000001 0.3838988359375
0 0.0239092140625 0.23606997187499998 0.058480975000000004 0.2394003609375 0.060565215625 0.1987643234375 0.0269812171875 0.1955290890625 0.0239092140625 0.23606997187499998
0 0.019904890624999998 0.2889145375 0.0526042453125 0.290693746875 0.05513826875 0.244121940625 0.023429806249999997 0.242396646875 0.019904890624999998 0.2889145375
0 0.012637043749999998 0.6080471453125 0.007060928125 0.6068146828125001 0.007289417187499999 0.626451028125 0.0102234265625 0.6267687765625001 0.012637043749999998 0.6080471453125
0 0.0358088390625 0.0790320109375 0.0526679546875 0.0797638859375 0.053702693749999995 0.05297796875000001 0.0378352921875 0.052289146875000005 0.0358088390625 0.0790320109375
0 0.0273072828125 0.1912260546875 0.035143415625 0.1928580734375 0.0411848328125 0.1525218921875 0.030366025 0.1508601921875 0.0273072828125 0.1912260546875