0 0.1892644703125 0.044084217187500004 0.1926864734375 0.065709809375 0.3326089890625 0.04436230625 0.32860304687499997 0.022825803125 0.1892644703125 0.044084217187500004
0 0.10078405625 0.057583375000000006 0.1032283453125 0.0730302265625 0.17903675 0.0593550921875 0.177379571875 0.0458974578125 0.10078405625 0.057583375000000006
0 0.067225184375 0.20508124687499998 0.080437178125 0.2020108859375 0.05957924999999999 0.070197759375 0.056003865625 0.067579290625 0.0127925015625 0.07417190312500001 0.032784540625000004 0.20717178593750002 0.067225184375 0.20508124687499998
0 0.9352355640625 0.0571836296875 0.9270403437500001 0.0053933625 0.9208042859375001 0.0053570828124999996 0.91658224375 0.005890740625 0.9186495015625 0.025613720312499998 0.9131282593750001 0.030674681250000002 0.9184449953125 0.050956548437500006 0.9271134625 0.059125892187499994 0.9352355640625 0.0571836296875
0 0 0.21318319218749998 0.02249611875 0.2087414546875 0.016518001562500002 0.164303515625 0 0.16636793125 0 0.21318319218749998
0 0.26250066250000004 0.20060035781250002 0.34448211875 0.18598342343750002 0.33654856875 0.129188003125 0.25337531874999997 0.1429321140625 0.26250066250000004 0.20060035781250002
0 0.1555842 0.16417968125 0.126776621875 0.1685747546875 0.113890534375 0.1737046953125 0.122252240625 0.21988828124999998 0.166329496875 0.21210891250000002 0.1555842 0.16417968125
0 0.911537025 0.100524428125 0.9200936656250001 0.10132827343749999 0.9253081484375001 0.1342815546875 0.9415555421875 0.137076 0.94772859375 0.13613419843750002 0.9381916312499999 0.07586470625 0.9091438625 0.07874186875 0.911537025 0.100524428125
0 0.924247325 0.1808480515625 0.936919334375 0.1810240296875 0.9392006703125 0.1954410890625 0.94515964375 0.19980520468750002 0.957458034375 0.1976200796875 0.950744696875 0.1551946765625 0.9230459578125 0.15993831875 0.924247325 0.1808480515625
0 0.936510321875 0.23170968749999998 0.9467987421874999 0.23014001875 0.9494059828125 0.24661665781250003 0.9533072718750001 0.251294709375 0.9655103359374999 0.24850715625 0.95889545625 0.2067039625 0.9332512703125 0.2111138859375 0.936510321875 0.23170968749999998
0 0.18470158125 0.3548478078125 0.14235610625 0.3602536609375 0.146276540625 0.40500553593750005 0.188947921875 0.40165926093750004 0.1918714953125 0.40015856875000005 0.18470158125 0.3548478078125
0 0.37552621406250003 0.32889829375 0.26852664375 0.34522285625000004 0.27537065156249996 0.3884740375 0.3803125375 0.3724634109375 0.3779193765625 0.3506808515625 0.3854983015625 0.34530595625 0.3838687765625 0.33500805625 0.37552621406250003 0.32889829375
0 0.9402166781249999 0.281767478125 0.9508310015625 0.28225738906250003 0.9537641484374999 0.300793609375 0.9621067109375 0.306903371875 0.974309775 0.30411581875000004 0.9673629484375 0.26021486718750003 0.9376094359374999 0.2652908359375 0.9402166781249999 0.281767478125
0 0.07819717968749999 0.5008189171875 0.1243321171875 0.49272561562500006 0.10782278281249999 0.395052528125 0.061687843750000006 0.4031458296875 0.07819717968749999 0.5008189171875
0 0 0.5270766734375 0.025786935937499998 0.5225254359375 0.007322168749999999 0.412494865625 0 0.413779371875 0 0.5270766734375
0 0.3956013609375 0.40915293906250005 0.38693289375 0.400983596875 0.379568046875 0.40105257656250004 0.376420821875 0.387822271875 0.246460821875 0.40554052656249995 0.2540684671875 0.46027636562499996 0.2946821625 0.45724402499999994 0.38727794531250004 0.443117 0.39886041250000004 0.429748740625 0.3956013609375 0.40915293906250005
0 0.0381617578125 0.58075256875 0.08635437968750001 0.5723453328125 0.06495646875 0.44377854375 0.044053721875 0.44485830000000004 0.0436255640625 0.45547013593749996 0.018067465625 0.4604241 0.0381617578125 0.58075256875
0 0.17462071562499998 0.5641520921875001 0.2145826015625 0.5570005921875001 0.1952423734375 0.42811986874999997 0.15289689687500002 0.43352572343749995 0.17462071562499998 0.5641520921875001
0 0.95074789375 0.335002625 0.9613622203125001 0.3354925375 0.9615858703125 0.35022353125 0.96787075 0.356647228125 0.9823886046875 0.35517054375 0.9758393921874999 0.3137823421875 0.9481406531250001 0.3185259859375 0.95074789375 0.335002625
0 0.9836660890625 0.363243696875 0.9485975296875001 0.3680248875 0.951316596875 0.391867025 0.96398860625 0.3920430015625 0.9656181328125 0.4023409015625 0.9707112140625 0.40789177343749994 0.9742865984375 0.41051024375 0.9907480718749999 0.407998771875 0.9836660890625 0.363243696875
0 0.40342308437499996 0.4585828625 0.2660982390625 0.4763700953125 0.2743576921875 0.53522509375 0.3149713890625 0.5321927546875 0.4116825390625 0.5174378609375 0.40342308437499996 0.4585828625
0 0.9635795921874999 0.442728659375 0.972136234375 0.44353250468749994 0.9764752546875 0.45763563124999995 0.9824342265625001 0.461999746875 0.9988956999999999 0.459488275 0.992460534375 0.41882080312500003 0.9615123359375 0.42300568125 0.9635795921874999 0.442728659375
0 0.409644 0.55782561875 0.3981637859375 0.5585224640625001 0.393387034375 0.5349942624999999 0.27230958125 0.555575940625 0.281434925 0.613244184375 0.40695365156249996 0.5940942171875 0.41886202499999997 0.5827855375000001 0.41354528906250004 0.56250366875 0.409644 0.55782561875
0 0.1356365453125 0.577482334375 0.0850603328125 0.5841439234375 0.0910384515625 0.6285818625 0.1234214109375 0.6268052578125001 0.1407487734375 0.6231070296875 0.1356365453125 0.577482334375
0 0.0569237125 0.6327319796875 0.0886548625 0.626836215625 0.0788872796875 0.585085725 0.0492138140625 0.59066755625 0.0569237125 0.6327319796875
0 0.1878805734375 0.6612662921875 0.227842459375 0.6541147890625 0.216323953125 0.5746639890624999 0.1743043828125 0.582129425 0.1878805734375 0.6612662921875
0 1 0.46809412968749997 0.9857955328125 0.4699241328125 0.987536884375 0.48758753125 0.9820156421874999 0.49264849218749995 0.9846228828125 0.509125134375 0.9905818546875 0.5134892484375 1 0.5120523546875 1 0.46809412968749997
0 1 0.5270522078125001 0.9887478249999999 0.5285341781249999 0.9911409859375 0.5503167343750001 0.98561974375 0.555377696875 0.9875751749999999 0.567735178125 0.9929941640625 0.5753456296875 0.9965695468750001 0.5779640984375 1 0.5774407265625 1 0.5270522078125001
0 0.05295846093749999 0.72087299375 0.0464403578125 0.6796813921875 0.042864973437499995 0.677062921875 0.0223676234375 0.6807045984375 0.029382254687499998 0.7250340515625 0.05295846093749999 0.72087299375
0 0.096802490625 0.67832571875 0.0925752953125 0.6715880890625 0.0529393140625 0.6807991703125 0.0620550859375 0.7184305015625 0.102016971875 0.711279 0.096802490625 0.67832571875
0 0.1117654078125 0.71295566875 0.1534590734375 0.7034306531250001 0.14434330312500002 0.665799321875 0.10232373125000001 0.67326475625 0.1117654078125 0.71295566875
0 0.3354107328125 0.6946546265625 0.23339242031250002 0.7091645640625 0.2405623328125 0.754475325 0.3537349546875 0.7372089640625 0.351006315625 0.6933299125 0.4187980609375 0.675604596875 0.412279959375 0.634412996875 0.3761075359375 0.6388770484374999 0.368854515625 0.6463115234375 0.3359315703125 0.651334465625 0.3243395296875 0.644665815625 0.2793963859375 0.6536319421875 0.2847226953125 0.6939507203125 0.3270681703125 0.6885448656250001 0.3354107328125 0.6946546265625
0 0.23737681562500001 0.661097375 0.2338014328125 0.6584789062499999 0.18441701562499999 0.6660133187499999 0.1909351171875 0.7072049203125 0.24237721875 0.6993565734375 0.23737681562500001 0.661097375
0 0.19875684062500001 0.7566348421875 0.23460335937500001 0.7501112109375 0.22721936718750002 0.710106365625 0.1913728484375 0.7166299984375 0.19875684062500001 0.7566348421875
0 0.15531224999999999 0.7284595484375 0.14350613125 0.7270968140625 0.11177498125 0.7329925796875 0.1419723328125 0.9171680312499999 0.183991903125 0.9097025984375 0.15531224999999999 0.7284595484375
0 0.24446362187499998 0.7591533765625 0.198002778125 0.7651870984375 0.20072184375000002 0.7890292359375 0.20657856406250003 0.806064765625 0.2497899296875 0.7994721546875 0.24446362187499998 0.7591533765625
0 0.42772847187499996 0.77865258125 0.44418994375 0.7761411109374999 0.44646170781250005 0.7705212578125 0.4397295265625 0.734635575 0.28215374375 0.757621725 0.28921183125 0.7955669921874999 0.42772847187499996 0.77865258125
0 0.08553940156249999 0.9067940906249999 0.12961665625000002 0.899014725 0.11473684531249999 0.8116395359374999 0.0706595921875 0.8194189062499999 0.08553940156249999 0.9067940906249999
0 0.07525098125 0.9083637609374999 0.082289921875 0.906235203125 0.06892781249999999 0.8217924203125 0.045181159375 0.8248763203125 0.0585987359375 0.9096696234375001 0.07525098125 0.9083637609374999
0 0.24968767656250002 0.81214356875 0.20766810468750002 0.8196090046875 0.2104989984375 0.8508166390625 0.2264204859375 0.8515515062500001 0.25403626875 0.8462836062499999 0.24968767656250002 0.81214356875
0 0.446685359375 0.785252253125 0.3138017859375 0.8044712 0.311855928125 0.8121506296875 0.3185881109375 0.848036315625 0.45233757187499996 0.8276306140624999 0.446685359375 0.785252253125
0 0.21658894375 0.902620075 0.2197361671875 0.9158503796874999 0.4584275171875 0.8794340484375001 0.466546428125 0.870812815625 0.46524280625000003 0.8625744953125001 0.45744022968750003 0.8532183968749999 0.47270990625 0.849834103125 0.47129446093749994 0.8342302859374999 0.46566139218749997 0.8319257515625 0.3936424515625 0.8429134359375 0.388447115625 0.850033978125 0.21939111718749998 0.873716975 0.22243609062499997 0.8996186937499999 0.21658894375 0.902620075