0 0 0.7887989765625 0.14011646718749998 0.8089770421875 0.1598953046875 0.6788980875 0.0813372359375 0.5734771828125 0.0882441328125 0.5280527875 0.0940022328125 0.5109193624999999 0.11341226093750001 0.514592178125 0.1076921828125 0.5591231734375001 0.157997484375 0.5669651124999999 0.172753125 0.46992208125 0.122447825 0.46208014375 0.117179659375 0.48981523437499996 0.09714173125 0.490271909375 0.09979129375 0.45902278750000003 0 0.4440519015625 0 0.7887989765625
0 0.45310792343750006 0 0.44799658437499995 0.0336156015625 0.41472768125000004 0.031233284374999996 0.39055354375 0.1902186734375 0.5985816953125 0.2182907578125 0.6312581984375 0.0098820484375 0.55802729375 0 0.45310792343750006 0
0 0.696035959375 0.41370668437499997 0.6858825609375 0.45974654218750005 0.7482320203125 0.47132087343749995 0.7568156687500001 0.43560474375 0.7578265 0.42204492812499994 0.696035959375 0.41370668437499997
0 0.7262104484374999 0.5262947515625 0.7319305265625 0.48176375625 0.6830570125000001 0.47832925 0.67971056875 0.521073440625 0.7262104484374999 0.5262947515625
0 0.756463696875 0.4102719171875 0.762497725 0.3636761765625 0.7036397359375 0.3567872171875 0.6976057078125 0.4033829578125 0.756463696875 0.4102719171875
0 0.94600578125 0.120752065625 0.9357763406249999 0.111996778125 0.8186882640625001 0.09408937187500001 0.81006659375 0.10240793125 0.8066821265625 0.1177545484375 0.7807790953125 0.1153126546875 0.7752659609375 0.1377469109375 0.926181859375 0.161272725 0.928448490625 0.139453928125 0.9399337328125 0.139950234375 0.9458678171875 0.13548322343750002 0.94600578125 0.120752065625
0 0.8316998343750001 0.44449197968750004 0.8242649796875 0.4519171359375 0.7616015734375 0.44240755 0.75525359375 0.49106803593750004 0.8900059656250001 0.5103055734375 0.8966678953124999 0.459580340625 0.8513548328124999 0.453465628125 0.8440579421875001 0.4461596265625 0.8316998343750001 0.44449197968750004
0 0.8122275859375 0.505564390625 0.8071663656249999 0.51120274375 0.744189009375 0.503757903125 0.73815498125 0.5503536421875 0.8711616171875001 0.5672484921875001 0.877195646875 0.520652753125 0.836001953125 0.5150939234374999 0.8287050640625001 0.507787921875 0.8122275859375 0.505564390625
0 0.806845628125 0.569671821875 0.8017844109375 0.575310175 0.7408667375 0.5681432765625 0.734832709375 0.6147390171875 0.8654657109375 0.633420671875 0.8714997390624999 0.58682493125 0.8282463609375 0.5809881609375 0.8253827906250001 0.5721732953124999 0.806845628125 0.569671821875
0 0.7733550671875 0.36830197187499997 0.7688907859375 0.4045739859375 0.8297394765625 0.4191064640625 0.8824184109375001 0.4251615984375 0.887824540625 0.38269535 0.7733550671875 0.36830197187499997
0 0.6831654234375 0.9508192421875 0.6772326875 0.995992278125 0.793643575 0.9953150203125001 0.7970069984375 0.9693421093750001 0.6831654234375 0.9508192421875
0 0.8103479171875 0.8853218640625 0.8157540453125 0.8428556140625 0.705717890625 0.8269533750000001 0.7003117624999999 0.8694196249999999 0.8103479171875 0.8853218640625
0 0.7915392609375 0.9553147265625 0.7968074265625 0.9275796359375 0.8012407453125 0.926070771875 0.80312444375 0.9136822984374999 0.797328321875 0.90341815 0.7190603046875 0.892856375 0.7066332156249999 0.8985543078125 0.7068092 0.9112207203124999 0.7134781890624999 0.9226562125 0.7112115578125 0.9444750093750001 0.7318084046875 0.947254425 0.7406750453125001 0.9442366984375001 0.7468540984375001 0.9450705234375001 0.7482858828125 0.94947795625 0.7915392609375 0.9553147265625
0 0.8518553421874999 0.6469006265624999 0.7653485859375 0.6352270875 0.7594145015625 0.639694096875 0.7575308015625 0.65208256875 0.764827690625 0.6593885703125 0.7598734765625 0.685058915625 0.8422608625000001 0.6961765734375 0.846273228125 0.6767004640625001 0.8554538171875 0.67161799375 0.8576514656249999 0.6571647765625 0.8518553421874999 0.6469006265624999