0 0.313002759375 0.9189832093750001 0.305933675 0.9249269874999999 0.3045253203125 0.9400285281249999 0.31038724375000004 0.9470289281250001 0.30736933906249997 0.979389375 0.3112772890625 0.9840563109374999 0.3285186328125 0.9854651437499999 0.332053175 0.9824932531250001 0.3547830359375 0.9832636640624999 0.3591803140625 0.9477552250000001 0.3636628625 0.9579036203125 0.3612485390625 0.9837919765625 0.3651564890625 0.988458909375 0.39021031875 0.9905061187499999 0.3945530484375 0.9876002703125 0.4086622375 0.9876662640625 0.4203894265625 0.8386321062500001 0.4174584640625 0.83513190625 0.38944127812499996 0.832842553125 0.38722815 0.8565735484375001 0.3764523109375 0.855693028125 0.364871696875 0.863441959375 0.3655332375 0.833062771875 0.335360884375 0.8305973156249999 0.33452713125 0.85118031875 0.318262771875 0.8509382203125 0.3100155078125 0.8578726265625001 0.30800357031250003 0.8794462578125 0.3158194703125 0.888780125 0.313002759375 0.9189832093750001
0 0.7409996703124999 0.9572165796875 0.7320055937500001 0.9488733421875001 0.73904736875 0.8733656312500001 0.6937888390625 0.8696674468750001 0.6891034265625 0.943193896875 0.6930113734375001 0.9478608312500001 0.694160575 0.95882375 0.6906984234375 0.9959477874999999 0.736346775 0.9956822125 0.7387865421875001 0.9809475750000001 0.738465946875 0.995669884375 0.7877170890625 0.9953833484375 0.7895915484375 0.9601002375000001 0.796660634375 0.9541564609375 0.7976666015625 0.9433696453125 0.792005871875 0.9342118796875001 0.796718596875 0.9302493625 0.8005122921875 0.9012130125000001 0.8051960359375 0.9092040453125 0.7989312 0.9953181078125001 0.8536561890625001 0.9949997265625001 0.8537862437499999 0.9936051828125001 0.8608553265625 0.98766140625 0.8622636828125 0.9725598640625 0.8562005656249999 0.9677168249999999 0.855252559375 0.9545965421875 0.861690753125 0.885560925 0.8023230343750001 0.8817967437500001 0.8007714484375 0.8751485515624999 0.783530103125 0.8737397187499999 0.747668040625 0.8740700468749999 0.7439885937499999 0.93680968125 0.7478965421875 0.941476615625 0.746890575 0.9522634312499999 0.7409996703124999 0.9572165796875
0 0.4733024046875 0.912517453125 0.4718940515625 0.9276189953125 0.4777559734375 0.9346193968750001 0.47272613437500005 0.988553475 0.478582703125 0.9971818406249999 0.498919590625 0.9970635234375 0.5015191109375 0.9941669234375 0.522295 0.9926038671875 0.5291066 0.9312070703125 0.53379034375 0.9391981015624999 0.5284098703125 0.9968919546875 0.575197203125 0.996619753125 0.5808016515625 0.947387115625 0.5751409234375 0.9382293515625 0.576951665625 0.9188130843750001 0.58381955625 0.91502666875 0.5884470078125 0.8654073171875 0.5345678078125 0.8610047171874999 0.5273538203125 0.9267162390625 0.52246888125 0.9208825734375001 0.5275839921875 0.912605328125 0.531464634375 0.84770833125 0.4809187796875 0.8424912046875 0.4747107609375 0.8974159109375 0.48037149062499995 0.9065736765624999 0.4733024046875 0.912517453125
0 0.19049860000000002 0.905295021875 0.1959308265625 0.8470462187500001 0.1475401421875 0.842005196875 0.141130928125 0.8990872671875 0.1487456328125 0.9105784984374999 0.1498948328125 0.9215414187500001 0.1456697671875 0.96684604375 0.14897589218750001 0.9707942703124999 0.1719930859375 0.972675059375 0.1723075765625 0.9722833890624999 0.189548921875 0.9736922203124999 0.1961593296875 0.9144527874999999 0.19049860000000002 0.905295021875
0 0 0.9586210890625001 0.009389967187499999 0.959388365625 0.0164590515625 0.9534445890625 0.0263754984375 0.8238266968750001 0 0.821051459375 0 0.9586210890625001
0 0.033558465625 0.9509963640624999 0.0776388125 0.955685178125 0.0852551890625 0.8856589296875 0.077238096875 0.878482425 0.0782440640625 0.867695609375 0.08551434375 0.8595944687499999 0.08913582812500001 0.8207619312500001 0.047210646875 0.8162492218749999 0.033558465625 0.9509963640624999
0 0.36586130781250004 0.914607196875 0.3734760125 0.926098428125 0.3730446421875 0.942366703125 0.378188734375 0.9221359093749999 0.376350684375 0.8719882453125001 0.3725280046875 0.9129781453125 0.36586130781250004 0.914607196875
0 0.8348285499999999 0.8224994593750001 0.8465813765625001 0.8245467124999999 0.8498857453124999 0.8356857375000001 0.8800580984374999 0.8381511921874999 0.88626611875 0.7832264859375 0.8400306015625001 0.7783615671875 0.8348285499999999 0.8224994593750001
0 0.45258968125 0.7064874734375 0.501181559375 0.7093711328125 0.504832025 0.6585850468750001 0.45644134062499997 0.653544025 0.45258968125 0.7064874734375
0 0.676928353125 0.7226449265625 0.716698365625 0.7269815328125 0.7219004171875001 0.6828436421874999 0.6799752359375 0.67833093125 0.676928353125 0.7226449265625
0 0.7805776125 0.72894055625 0.82250279375 0.7334532671875 0.82810723125 0.6850006484375 0.7861820515625 0.6804879390624999 0.7805776125 0.72894055625
0 0.4039415125 0.6459934328125 0.3993140609375 0.695612784375 0.4390840734375 0.6999493890624999 0.442618615625 0.6969775015625 0.4472460671875 0.6473581484375 0.42256223125 0.6442542718750001 0.4039415125 0.6459934328125
0 0.8462402921875001 0.6419193796875 0.836441440625 0.64220559375 0.8312104078125 0.698297034375 0.8948884625 0.7024134203125 0.9019012562500001 0.6388592625 0.8492002375000001 0.6334660328124999 0.8462402921875001 0.6419193796875
0 0.5272320515625 0.6288952609375 0.5296173937499999 0.6149604531249999 0.5427495953125 0.6138597156250001 0.554275590625 0.46698292031250005 0.5513446281250001 0.46348271875 0.5341032859375 0.4620738875 0.5282413625 0.45507348593749997 0.5153103515625 0.4540168609375 0.5066606984375001 0.46526599375 0.501630859375 0.5192000718750001 0.49671694375 0.525319953125 0.49510739531250003 0.5425788578125 0.5011705109375 0.547421896875 0.4953358984375 0.6099854265625 0.5113990609375 0.6123848890625 0.5121458750000001 0.627662534375 0.5272320515625 0.6288952609375
0 0.4917639546875 0.6151280609375 0.5001851046875 0.5364723625 0.49607596093749995 0.533962790625 0.4974843171875 0.5188612484374999 0.5021970390625 0.5148987296875001 0.5072268796875 0.4609646515625 0.48900854843749997 0.4583890859375 0.4876581546875 0.4495835296875 0.46061795625 0.44846091250000003 0.4543809546875 0.51533916875 0.448490053125 0.520292315625 0.44676625156250005 0.5038479359375 0.4511925109375 0.45638594687499995 0.43512934531249997 0.45398648750000004 0.433577759375 0.44733829375 0.42731345000000004 0.4446526171875 0.40576176875 0.44289157812499996 0.4003005609375 0.51309393125 0.391852103125 0.5221857 0.39711211562500004 0.4541407109375 0.3810489515625 0.45174124843749996 0.3798997515625 0.4407783296875 0.35188256562500003 0.4384889765625 0.3442661921875 0.5085152265625 0.3383752859375 0.513468375 0.3410777453125 0.44956200781250005 0.3228594125 0.44698644062500004 0.3215090203125 0.4381808859375 0.2944688234375 0.437058265625 0.2903869890625 0.5041126265625 0.2835190984375 0.5078990421875 0.28190955 0.5251579453125 0.2877714734375 0.532158346875 0.2846956078125 0.5884258906250001 0.3299541375 0.592124075 0.3369669328125 0.528569915625 0.34380584375 0.5367370515625 0.33955179687500003 0.5939952265625 0.37834482343750003 0.5971650984375 0.3861897015625 0.5945454171875 0.39280010781249997 0.535305984375 0.39788623749999996 0.5389822890625 0.39265520625 0.5950737296875 0.438890721875 0.5999386484375 0.447685278125 0.52892176875 0.4541218015625 0.541403628125 0.44768360781250005 0.61043925 0.4917639546875 0.6151280609375
0 0.72960196875 0.6280409734375 0.7727053296874999 0.6315630546875 0.7785109640625001 0.5809530734374999 0.7722466531250001 0.5782673968750001 0.7721034203125 0.5565176625 0.7817300609375 0.5464352640625 0.7856107 0.48153826562499996 0.7695475359375 0.47913880468750003 0.76584078125 0.47231450781250006 0.7615304453125 0.47196229843750004 0.74839824375 0.47306303906249997 0.737995809375 0.47982134062500004 0.7351211375 0.5339315234375 0.728052053125 0.5398753000000001 0.727247278125 0.548504753125 0.7327068140625 0.5598198812499999 0.7272745875 0.6180686843750001 0.72960196875 0.6280409734375
0 0.6654816875 0.53911013125 0.6638721390625 0.5563690343750001 0.66798128125 0.55887860625 0.6643018359374999 0.6216182406249999 0.7105373515625 0.6264831562500001 0.7234427218749999 0.4764583703125 0.7050231984375 0.47604016875 0.6991612734375 0.469039765625 0.684075096875 0.4678070390625 0.67582783125 0.47474144531249995 0.6701944125 0.5351476109375 0.6654816875 0.53911013125
0 0.657914759375 0.5450132265625001 0.66734020625 0.5370881921875 0.6710196515625 0.47434855625 0.6506461531250001 0.47159688749999995 0.646738203125 0.466929953125 0.6294968578125 0.465521121875 0.6236059546875 0.47047426718749996 0.6209324765625001 0.5224270890625 0.6115070296875 0.5303521234375 0.6100986749999999 0.545453665625 0.6159605984375001 0.5524540671875 0.612079959375 0.6173510640625001 0.65851666875 0.62005861875 0.6639199140625001 0.5737633625 0.6555004375 0.5709015843749999 0.657914759375 0.5450132265625001
0 0.29587100781250003 0.44260735 0.2807848328125 0.4413746234375 0.275124103125 0.43221685625 0.270813765625 0.4318646484375 0.25983673125 0.4331414921875 0.251589465625 0.4400758984375 0.24595604531249998 0.5004820671875 0.2388869609375 0.50642584375 0.23747860625 0.5215273859375 0.24334052968750003 0.5285277859375 0.2389142703125 0.575989775 0.2410404578125 0.588119428125 0.2865001796875 0.5896602484375 0.29880196875 0.4461075515625 0.29587100781250003 0.44260735
0 0.8346509765624999 0.54858575625 0.839882009375 0.492494315625 0.837353434375 0.4846793890625 0.8201120890625001 0.48327055625000004 0.8142501640625 0.4762701546875 0.8013191578125 0.47521353125 0.7905143359375 0.48628656093749995 0.7899107562500001 0.49275865 0.7938187046875 0.497425584375 0.7901972203125001 0.5362581203125 0.7831281359375 0.5422018984375 0.7764887468749999 0.6133948796875 0.779017321875 0.62120980625 0.819965515625 0.62455578125 0.825024334375 0.55866815625 0.8346509765624999 0.54858575625
0 0.0631513625 0.42233697968749995 0.060334650000000004 0.45254006249999995 0.053265567187499994 0.458483840625 0.05205840625 0.4714280171875 0.057920328125 0.47842841875 0.051482132812500005 0.547464040625 0.0542119015625 0.5531216031249999 0.099671625 0.5546624234374999 0.11056505624999999 0.4262112671875 0.088036390625 0.42328349374999996 0.082375659375 0.414125728125 0.0737549890625 0.41342131249999997 0.0631513625 0.42233697968749995
0 0.8336410875 0.6104566250000001 0.8743880859375001 0.6159599640625 0.8897044375000001 0.6030817796875 0.899965309375 0.49305626093750005 0.891172425 0.482555659375 0.8803965843749999 0.4816751390625 0.8688159687500001 0.489424071875 0.8525516109375 0.489181971875 0.8503384828125 0.51291296875 0.8415166171875 0.5143659140625 0.8336410875 0.6104566250000001
0 0.99806846875 0.3261840609375 0.9994031390625 0.096773778125 0.951947871875 0.0923917484375 0.9459410453125001 0.14515909375 0.93610986875 0.32043381718749997 0.99806846875 0.3261840609375
0 0.1333754921875 0.15651715625 0.136795784375 0.1198419828125 0.134066015625 0.1141844203125 0.090962653125 0.1106623390625 0.0855594078125 0.15695759375 0.078490321875 0.16290137031250002 0.074207296875 0.23211309375 0.0871093234375 0.24512326718750002 0.1021955 0.2463559953125 0.109264584375 0.24041221875000002 0.12650592968750002 0.24182105156249997 0.13035758749999998 0.188877603125 0.122541690625 0.1795437328125 0.124553625 0.15797010312499998 0.1333754921875 0.15651715625
0 0.8742787546875 0.3072709859375 0.88488238125 0.2983553203125 0.8947988265625 0.16873743125000001 0.8485633109374999 0.16387251249999998 0.8374686828125 0.2944810328125 0.8578421828125 0.297232703125 0.8635029140625001 0.3063904671875 0.8742787546875 0.3072709859375
0 0.42510868437499993 0.25518420625 0.443528209375 0.255602409375 0.449161628125 0.1951962421875 0.4482136234375 0.182075959375 0.4423517 0.1750755578125 0.446317609375 0.15583539531249999 0.45103033281249993 0.15187287656249998 0.45324346249999997 0.1281418828125 0.4515196625 0.111697503125 0.40626113437500005 0.10799931874999999 0.4020070875 0.16525749375 0.39493800156250003 0.17120127031250001 0.3911732859375 0.1882840703125 0.397035209375 0.195284471875 0.39395934375 0.251552015625 0.4027522296875 0.2620526203125 0.41352806875 0.262933140625 0.42510868437499993 0.25518420625
0 0.33764357968750003 0.18190360781249998 0.34451147031249996 0.1781171953125 0.35034608437500003 0.115553665625 0.3041105671875 0.11068874687500001 0.2951437984375 0.1719094390625 0.290431075 0.17587195625000002 0.288821525 0.1931308625 0.2946834484375 0.2001312640625 0.289854803125 0.2519079796875 0.2966937140625 0.2600751125 0.31393505781250003 0.2614839453125 0.31905016875 0.2532067015625 0.3396248625 0.25380100625 0.34525828281250004 0.1933948390625 0.33764357968750003 0.18190360781249998
0 0.2872724453125 0.191834778125 0.277502571875 0.1801674421875 0.2789109265625 0.16506590000000002 0.2906927359375 0.1551596046875 0.29411302500000003 0.11848443281250001 0.247877509375 0.1136195140625 0.240663521875 0.1793310359375 0.231238075 0.1872560734375 0.2294273328125 0.206672340625 0.23508806249999997 0.21583010468750002 0.2326737390625 0.2417184609375 0.24362179374999998 0.2523951703125 0.25439763437499996 0.2532756890625 0.26382307968749996 0.2453506515625 0.28204141250000003 0.24792621874999998 0.2872724453125 0.191834778125
0 0.182627496875 0.1854577875 0.17501279218750002 0.17396655625 0.1806462125 0.11356038906249999 0.15811754375 0.110632615625 0.1394968265625 0.1123717765625 0.138432896875 0.1470656890625 0.12940983749999999 0.1506760015625 0.124782384375 0.20029535156249997 0.128690334375 0.2049622859375 0.1266783984375 0.22653591718750002 0.137022871875 0.24368471249999998 0.1477987125 0.2445652328125 0.1570229640625 0.23879755781249998 0.17779885 0.2372345015625 0.182627496875 0.1854577875
0 0.6103729343750001 0.203102084375 0.6186202 0.1961676765625 0.6248572015625 0.1292894203125 0.5786216843750001 0.124424503125 0.5716088906250001 0.1879786625 0.5645398046875 0.1939224390625 0.56448184375 0.21782953906250002 0.5683897921875001 0.22249647343749998 0.5643659203125 0.265643734375 0.5825842531250001 0.26821930156249996 0.583934646875 0.27702485781249997 0.6078426890624999 0.27680463906249997 0.61080263125 0.2683512875 0.6301991453125 0.26993622500000003 0.638015040625 0.2792700953125 0.6531012171875 0.280502821875 0.6611472890625001 0.275725778125 0.6669819046875001 0.213162246875 0.6744533765625 0.20290374375 0.677328046875 0.1487935640625 0.641868371875 0.14480916562499999 0.631868325 0.1472527421875 0.6270396781249999 0.19902945625 0.6195682062500001 0.20928795937500003 0.6141649609375001 0.2555832140625 0.6170106515625 0.21342658281250002 0.59976930625 0.21201775 0.6017522609375 0.20239766874999998 0.6103729343750001 0.203102084375
0 0.5346727109375 0.2643043328125 0.55524740625 0.2648986390625 0.5636395734375 0.19819648750000002 0.5597316250000001 0.1935295515625 0.5655662375 0.130966021875 0.5301065640625 0.1269816234375 0.5271176390625001 0.147388521875 0.51614060625 0.148665365625 0.5117143468750001 0.19612735312500001 0.5173750765625 0.20528511875 0.5105071859375 0.20907153125 0.5056785390625 0.2608482453125 0.5097876828125 0.2633578171875 0.51036228125 0.2688392765625 0.5319139625 0.27060031875 0.5346727109375 0.2643043328125
0 0.72730164375 0.2093959078125 0.736525896875 0.203628234375 0.7415557374999999 0.1496941578125 0.6955214140625 0.1426718765625 0.68186923125 0.2774190171875 0.728305940625 0.280126571875 0.7353187359375 0.2165724140625 0.72730164375 0.2093959078125
0 0.739366365625 0.19466297500000002 0.7322972828125 0.2006067515625 0.7310901203125 0.21355093125 0.7369520421875 0.2205513328125 0.7313186234375 0.2809575 0.7775541406250001 0.2858224171875 0.784365740625 0.2244256203125 0.7804577921875 0.2197586875 0.781866146875 0.20465714531249998 0.787987225 0.18559308593749999 0.7908039359375 0.1553900015625 0.7445684203125 0.150525084375 0.739366365625 0.19466297500000002
0 0.2694717265625 0.015471690625000001 0.2654478546875 0.058618953125 0.30737303437499996 0.0631316609375 0.31090757812500003 0.060159773437499994 0.31513264375 0.014855148437499998 0.2732074625 0.0103424375 0.2694717265625 0.015471690625000001
0 0.5729770171874999 0.0326635328125 0.5478907937499999 0.0338743796875 0.544642715625 0.080345740625 0.582458753125 0.082348878125 0.5868850125 0.034886890625 0.5729770171874999 0.0326635328125
0 0.7675457203125 0.042040803125 0.76389525625 0.0928268890625 0.8060216312499999 0.0951822359375 0.8114248765625 0.0488869796875 0.8084939140625 0.04538678125 0.7675457203125 0.042040803125
0 0.9061653296875001 0.0924962046875 0.916165375 0.090052628125 0.9166547046875 0.0498772546875 0.8757065125000001 0.046531278125 0.8678616328125001 0.0491509578125 0.8646425359375 0.0836687671875 0.867372303125 0.08932633281249999 0.9061653296875001 0.0924962046875
0 0.98349785625 0.660408575 0.9274074515624999 0.6558252921875 0.9069334828125 0.8932706578125 0.961464490625 0.896668453125 0.98349785625 0.660408575