0 0 0.7799061640625 0.0400563796875 0.7827071796875 0.050594278125 0.6013766234375 0.040219046875 0.3821701890625 0.0193653390625 0.282181340625 0.014862740625 0.2699925265625 0 0.4825396171875 0 0.7799061640625
0 0.43323969218749997 0 0.4331825921875 0.0005326328125 0.4543490109375 0.0041547015625 0.444854478125 0.17056442968750002 0.5430546984375 0.17528928906250002 0.55254923125 0.0088795609375 0.4831994234375 0.005101134375 0.4831919078125 0 0.43323969218749997 0
0 0.59425863125 0.8214607765625 0.5950560109375 0.7947419109375 0.547021675 0.7924540078125 0.5462242953125 0.8191728734374999 0.59425863125 0.8214607765625
0 0.612532640625 0.6213934515624999 0.6123908921875 0.5774731562500001 0.5666371546875 0.573202759375 0.562515809375 0.61682495 0.612532640625 0.6213934515624999
0 0.60637668125 0.6787961703125001 0.6063839859375 0.6327443296874999 0.5604811953125 0.6306054796875 0.5584913968749999 0.6743767218750001 0.60637668125 0.6787961703125001
0 0.600518828125 0.7319357984375 0.602657678125 0.6860330078125 0.5566058359375 0.6860257046875 0.5546160375 0.7297969453125 0.600518828125 0.7319357984375
0 0.552879528125 0.73931438125 0.5508897296875 0.7830856234375 0.5933716203125 0.7881982171875 0.5979849390624999 0.7681720984375 0.59878231875 0.7414532328125001 0.552879528125 0.73931438125
0 0.5718539859375 0.4985986109375 0.5682246109375 0.5658168703124999 0.614969596875 0.5712275671875 0.6206262796875001 0.5362806203125 0.62201986875 0.501035565625 0.5718539859375 0.4985986109375
0 0.6236073265625001 0.4936496765625 0.625448071875 0.4520099828125 0.5775627875 0.44759053125000003 0.5757220421875 0.489230228125 0.6236073265625001 0.4936496765625
0 0.6375588171875 0.3553972203125 0.6371637812500001 0.34573072968749996 0.592401290625 0.34260063281250003 0.588533234375 0.3519690171875 0.5861483984375 0.3860737703125 0.631902134375 0.3903441671875 0.6375588171875 0.3553972203125
0 0.629167075 0.4447731453125 0.631305925 0.3988703578125 0.5854031375 0.3967315046875 0.5834133390625 0.440502746875 0.629167075 0.4447731453125
0 0.6156193578125 0.0068639437499999996 0.6098925281249999 0.077148490625 0.6448394765625001 0.0828051734375 0.7492852859375 0.09010873593749999 0.7516107 0.118116953125 0.8198202078125 0.1228866265625 0.8296503546875 0.028256359375 0.8298609109375 0.0218451734375 0.6156193578125 0.0068639437499999996
0 0.7924925125 0.8353226390625 0.7928427359375 0.814998415625 0.640362590625 0.8054069500000001 0.6400123671875 0.8257311749999999 0.7924925125 0.8353226390625
0 0.8043124578124999 0.6969211296875 0.8056539296875 0.6777372046875 0.7951452453125001 0.6748603953125001 0.79777606875 0.652553678125 0.6562517640625 0.6394443796875 0.6521304171875 0.6830665687499999 0.8043124578124999 0.6969211296875
0 0.802374778125 0.7246312421875001 0.8025759484374999 0.7064385640624999 0.6515342078125 0.691592759375 0.6472638125 0.7373464953125 0.7887881171875 0.75045579375 0.791567990625 0.7260175265625 0.802374778125 0.7246312421875001
0 0.794728296875 0.8033494328125 0.795920715625 0.78629705625 0.787543578125 0.7835692984375 0.7903234546875 0.7591310328125 0.6465185499999999 0.74800423125 0.6443796984375 0.7939070187499999 0.794728296875 0.8033494328125
0 0.8116608359375 0.62246603125 0.8104757203125 0.59346656875 0.6602761765625 0.5818926078125 0.658137325 0.6277953968750001 0.7965388359375 0.63961534375 0.7987225 0.623703265625 0.8116608359375 0.62246603125
0 0.8252694093749999 0.45848595625 0.826461828125 0.4414335796875 0.818084690625 0.4387058234375 0.8187330203125001 0.41411850625 0.6770596624999999 0.4031407546875 0.6729383171875 0.44676294375000003 0.8252694093749999 0.45848595625
0 0.823182678125 0.488327615625 0.8235329 0.46800339218750003 0.67219305625 0.4574206796875 0.668071709375 0.50104286875 0.8095960140624999 0.5141521671875 0.812375890625 0.4897139015625 0.823182678125 0.488327615625
0 0.8155361953125 0.5670458078125 0.8167286140625001 0.54999343125 0.8083514781250001 0.5472656734375 0.811131353125 0.5228274093749999 0.6673264484375 0.5117006046875 0.6651875984375 0.55760339375 0.8155361953125 0.5670458078125
0 0.6809350234375 0.3477205296875 0.6787961703125001 0.39362331875 0.8311272640625 0.40534633124999997 0.8323196828125001 0.3882939546875 0.8218109984374999 0.38541714531250004 0.8235996265625 0.3598385796875 0.820625884375 0.35641768125 0.6809350234375 0.3477205296875
0 0.98219089375 0.772142475 0.9577244281249999 0.7697658656249999 0.951218246875 0.847492809375 0.9768479156250001 0.8485506203125001 0.98219089375 0.772142475