0 0.510194415625 1 0.591043115625 0.9929338484375 0.5883614734375 0.968206778125 0.48890872500000004 0.97472835625 0.43710566562500003 0.979255928125 0.4346039890625 0.9892420953125001 0.43542000468750003 1 0.510194415625 1
0 0.7815638875 0.9762823921875 0.7806280375 0.9535733000000001 0.7515705953125 0.9571981921875 0.7539508484375 0.9786957640624999 0.7815638875 0.9762823921875
0 0.9053776593749999 0.9654611078125 0.9038238546875 0.9449765843750001 0.82611926875 0.9517679421875 0.8285646124999999 0.9721745437499999 0.9053776593749999 0.9654611078125
0 0.1491468125 1 0.1479041328125 0.976314765625 0.0527683046875 0.9824590453125 0.05409883125 1 0.1491468125 1
0 0.260512003125 1 0.2591305390625 0.981787534375 0.2138028640625 0.985749159375 0.21538049531249998 1 0.260512003125 1
0 0.7058005484375001 0.9123608671874999 0.6604728734374999 0.9163224921875001 0.659459321875 0.931605 0.624760390625 0.932467115625 0.6255620828125 0.9573584937499999 0.7089081578124999 0.9533299140624999 0.7058005484375001 0.9123608671874999
0 0.754072275 0.9472120234375 0.8199871046875 0.9425363687500001 0.8153913703125 0.8962709828125 0.7591078328124999 0.899019584375 0.7494765390625 0.9009466375 0.754072275 0.9472120234375
0 0.939863453125 0.9331444921875001 0.989192046875 0.9288331890625001 0.9897988265625 0.876686703125 0.8733426921874999 0.886864934375 0.876107084375 0.9376315 0.9225957687499999 0.9346536828125 0.9305753781250001 0.9252740265625 0.937050759375 0.9247080796875 0.939863453125 0.9331444921875001
0 0.5370973953125 0.9368729921875 0.5399261906249999 0.9311993562499999 0.5473990234375 0.929460953125 0.546744790625 0.920835890625 0.5108848515625 0.9207141968749999 0.454764871875 0.9256190656250001 0.45703858906250006 0.969916834375 0.5382262046874999 0.966076903125 0.5370973953125 0.9368729921875
0 0.2499068671875 0.9174768656250001 0.1635684375 0.9250228171874999 0.16139387656249998 0.9393215171874999 0.1636836953125 0.969509234375 0.2664559140625 0.9637828140625 0.2641821984375 0.919485046875 0.2499068671875 0.9174768656250001
0 0.028471921875 0.9772395812499999 0.0673868546875 0.9746697078125001 0.0661105875 0.9291994812500001 0.02523495 0.934565071875 0.028471921875 0.9772395812499999
0 0.457430109375 0.9177891640625001 0.4824977453125 0.9188541000000001 0.5407761859375 0.9137605828125 0.5371779 0.8663227390625 0.45515639375 0.87349139375 0.457430109375 0.9177891640625001
0 0.65816695625 0.900244825 0.7048191984375001 0.899423275 0.7028726 0.8594380359375 0.6778049640625 0.8583731 0.65522290625 0.8614320453125 0.65816695625 0.900244825
0 0.8204108281250001 0.8621885953125 0.8176142343749999 0.83964213125 0.7505383937500001 0.843333978125 0.7478731562500001 0.8511638796875 0.752141775 0.8931167343749999 0.7997914703125 0.8911227281249999 0.798826221875 0.8640750828125 0.8204108281250001 0.8621885953125
0 0.45566317031250003 0.8658501390625 0.4591461984375 0.8688015640625 0.573544615625 0.8588031781250001 0.5697827734375001 0.809209071875 0.45538435625 0.8192074578125 0.45566317031250003 0.8658501390625
0 0.9777318484374999 0.77355445 0.8913934187500001 0.7811004015624999 0.8961527125 0.8295220515624999 0.9904314046874999 0.82232309375 0.99067741875 0.8011806390625 0.9808555578125 0.8004134437499999 0.9777318484374999 0.77355445
0 0.6583949171875 0.8459608875000001 0.70056668125 0.8433603703125 0.702577684375 0.826905403125 0.6997810906249999 0.804358940625 0.656611878125 0.808131915625 0.6583949171875 0.8459608875000001
0 0.0620216296875 0.8752928421874999 0.11382468750000001 0.8707652703125 0.11370943124999999 0.8262788531249999 0.0648987265625 0.8272890531250001 0.01741259375 0.8314393265625 0.020617125 0.8736861593749999 0.044426828125 0.8724895015625 0.0620216296875 0.8752928421874999
0 0.2573288484375 0.8148118421874999 0.1450888921875 0.8246215796874999 0.149357509375 0.8665744328124999 0.260600015625 0.8579371515625 0.2573288484375 0.8148118421874999
0 0.5485896875 0.7589678875 0.4406666515625 0.7684003265625 0.443267484375 0.8170106265625 0.5523515296875 0.8085619953125001 0.5485896875 0.7589678875
0 0.7885059421875 0.7423404015624999 0.74101980625 0.746490675 0.7411350609375 0.7909770921875 0.79194066875 0.7876219796874999 0.7885059421875 0.7423404015624999
0 0.6304476359375 0.7496429671875 0.632051015625 0.7994257250000001 0.697802290625 0.792593803125 0.6953650140625001 0.74613976875 0.6304476359375 0.7496429671875
0 0.136798265625 0.815578653125 0.25235769218750004 0.8065640765625 0.25041109375000004 0.7665788390625 0.246928065625 0.7636274125 0.1346881078125 0.77343715 0.136798265625 0.815578653125
0 0.0175922515625 0.8194855406249999 0.0687249734375 0.820442959375 0.0694275109375 0.78673786875 0.052993718749999995 0.7849183359375 0.018458346875 0.7879367171875 0.0175922515625 0.8194855406249999
0 0.8871409015625 0.725037496875 0.9854326421874999 0.7175321078125 0.981000465625 0.6734229890625001 0.8986518406249999 0.6762791109374999 0.8847036265625 0.6785834609375 0.8871409015625 0.725037496875
0 0.4463725453125 0.7147229 0.44848270156250003 0.756864403125 0.544779540625 0.7517039296875 0.5428329421875 0.71171869375 0.5169314125 0.7139824796875 0.5142822781249999 0.7077023312499999 0.488217190625 0.7078098500000001 0.4709495046875 0.709319040625 0.46911816249999994 0.7138202203125 0.4463725453125 0.7147229
0 0.261938134375 0.7037104046875 0.1518566375 0.7133314921875 0.154457471875 0.7619417921875 0.2658635359375 0.755460778125 0.261938134375 0.7037104046875
0 0.0538437109375 0.7674795624999999 0.053564896875000004 0.7208368796875 0.024180340624999998 0.7201492390625 0.0091474421875 0.7224760390625 0.012757162499999999 0.7700646437499999 0.0538437109375 0.7674795624999999
0 0.7754882249999999 0.6566557265624999 0.7731823078125 0.6405780578125 0.7610654359375 0.638381228125 0.7320079953125 0.6420061203125 0.7342817109374999 0.6863038875 0.82178115 0.6797417453125 0.8186574390624999 0.6528827500000001 0.7754882249999999 0.6566557265624999
0 0.8832155015625001 0.6732871203124999 0.9793487796875 0.6659703828125 0.974753046875 0.619704996875 0.894726440625 0.6245287375 0.878619765625 0.6270217375 0.8832155015625001 0.6732871203124999
0 0.425458271875 0.7111244 0.618722284375 0.6953184671875 0.6142901078125 0.6512093453125 0.46071228125 0.660290878125 0.42086253593749995 0.6648590140625 0.425458271875 0.7111244
0 0.6919946921875 0.6444179890624999 0.647828028125 0.649363421875 0.6522602046875 0.6934725421875 0.6964268703125 0.6885271093750001 0.6919946921875 0.6444179890624999
0 0.23922472031250003 0.67639298125 0.24221707343749999 0.6728756109375 0.2561652890625 0.6705712609375001 0.2536958125 0.652337328125 0.1736692078125 0.6571610671875 0.089489240625 0.6645183703125 0.09176295625 0.7088161390625001 0.2398628515625 0.6991280953125 0.23922472031250003 0.67639298125
0 0.938450734375 0.57078435625 0.8866476765625 0.5753119265625 0.8889213937499999 0.6196096953125 0.976584390625 0.6152038171875 0.9790860671875 0.6052176484375 0.976469134375 0.5707174 0.938450734375 0.57078435625
0 0.7353435671875 0.6286912296875 0.781995809375 0.6278696781249999 0.7822076703125 0.587695790625 0.7506646515625001 0.5871968 0.7345579765625 0.5896898 0.7353435671875 0.6286912296875
0 0.4481047328125 0.6516252515625001 0.45806314531250003 0.65401073125 0.537926190625 0.647030725 0.5344914640625 0.6017491484375 0.445994575 0.6094837484375 0.4481047328125 0.6516252515625001
0 0.155468475 0.6034025125 0.1491566515625 0.6061247234375 0.15391594687500001 0.6545463765624999 0.25968051875 0.6453025859375 0.26914825625 0.6412192671875 0.26471607812500003 0.597110146875 0.1815335609375 0.6032949921874999 0.24064589375 0.5948727515625001 0.23704761093750001 0.547434909375 0.1520337484375 0.558120934375 0.155468475 0.6034025125
0 0.6579152453125 0.5388684953125 0.5607845140625 0.5473576921875 0.5632217875000001 0.5938117265625 0.68542015625 0.5863874671875 0.6857955765625 0.548369846875 0.6608914984375 0.549461175 0.6579152453125 0.5388684953125
0 0.9701895125 0.5452195093750001 0.968063253125 0.5171880578125 0.9537879203124999 0.5151798765625 0.8350725828125001 0.525555559375 0.8353513953125 0.5721982437500001 0.9788072546875 0.558574965625 0.9789869124999999 0.54662118125 0.9701895125 0.5452195093750001
0 0.0471030671875 0.564036003125 0.0017753937500000001 0.567997628125 0.0037219906249999998 0.607982865625 0.050210678125 0.6050050484375 0.0471030671875 0.564036003125
0 0.869002021875 0.471581965625 0.8724367484375 0.5168635421875 0.9622582062499999 0.512269015625 0.9581692453124999 0.4583623765625 0.8718308171875 0.465908328125 0.869002021875 0.471581965625
0 0.8306565062500001 0.467336390625 0.72489193125 0.47658018125 0.7276563234375 0.5273467453125 0.83258700625 0.521431678125 0.8306565062500001 0.467336390625
0 0.421988796875 0.5508061515625 0.5656082109375 0.539339140625 0.5606853593750001 0.4887612234375 0.437489540625 0.4973579390625 0.41706594375000006 0.5002282359375 0.421988796875 0.5508061515625
0 0.6755744515625 0.485231634375 0.63788316875 0.4896111203125 0.642315346875 0.533720240625 0.680006628125 0.5293407546875 0.6755744515625 0.485231634375
0 0.2654991203125 0.4928548046875 0.0928222625 0.5079467078125 0.09509597812500001 0.552244475 0.266775384375 0.5383250296875 0.2654991203125 0.4928548046875
0 0.1187881953125 0.44924271875 0.12022801875 0.49686921093749997 0.23478999374999998 0.48902709062499994 0.23696455468750002 0.474728390625 0.24543484062499998 0.47181752968749996 0.242147571875 0.44280226875000006 0.1187881953125 0.44924271875
0 0 0.50434778125 0.0402014125 0.50169295 0.0372573625 0.4628801703125 0 0.46613645156250005 0 0.50434778125
0 0.6723515859375 0.3997761703125 0.6536898328125 0.1680719453125 0.4982806609375 0.1816546578125 0.5041526609375 0.2733902703125 0.44919369218750005 0.279278946875 0.4402166328125 0.2898310609375 0.4462682921875 0.3696128875 0.5090272109375 0.3662983375 0.511317028125 0.39648605625 0.49421290156250003 0.40015151250000003 0.499626428125 0.45719822656250003 0.6205002265624999 0.44663389374999996 0.619387521875 0.4033199328125 0.6723515859375 0.3997761703125
0 0.16910312656249998 0.4394188078125 0.25643900468749997 0.4307004 0.2544924046875 0.3907151625 0.22726630937499998 0.3898388734375 0.1668294078125 0.395121040625 0.16910312656249998 0.4394188078125
0 0 0.4523166140625 0.0341175515625 0.4501312265625 0.030682826562499998 0.40484964687499997 0 0.407531315625 0 0.4523166140625
0 0.2233409078125 0.3380885 0.1283686375 0.346389046875 0.1253762828125 0.34990641875 0.1284838921875 0.3908754640625 0.13628384375 0.393449590625 0.2269391921875 0.38552634218750004 0.2233409078125 0.3380885
0 0 0.3991316984375 0.031189603125 0.39720839531249996 0.0300768953125 0.353894434375 0.017960024999999998 0.351697603125 0 0.353851334375 0 0.3991316984375
0 0.0877011015625 0.340175853125 0.147304109375 0.33822240937500003 0.2216892234375 0.33063589531250004 0.21892483125 0.279869328125 0.1410566875 0.2845044203125 0.108679778125 0.2873341515625 0.10815690156249999 0.30908545625 0.0855748421875 0.3121444 0.0877011015625 0.340175853125
0 0 0.346116571875 0.026103192187500002 0.3444742125 0.022832023437499998 0.3013489 0 0.3033444125 0 0.346116571875
0 0 0.288089371875 0.2514814015625 0.2650858125 0.244791609375 0.16256887343749998 0.050366587500000004 0.17739099687499998 0 0.182527871875 0 0.288089371875
0 0.5622765984375 0 0.5635014218750001 0.01558251875 0.8122519140625 0 0.5622765984375 0