0 0 0.15987768125 0.021133659375 0.15975431874999999 0.02232455625 0.058015170312499996 0.02119711875 0.054934571875000004 0 0.0550802046875 0 0.15987768125
0 0 0.52157598125 0.0012909890625 0.5121462203125 0.0230362 0.5104756984375001 0.0200794046875 0.408857234375 0 0.40886777968750004 0 0.52157598125
0 0.0337740953125 0.9865139140625001 0.0388681953125 0.9832522875 0.03456166875 0.9065803203125 0.008617040624999999 0.9065939453125 0.0109416671875 0.9864861859375 0.0337740953125 0.9865139140625001
0 0.0609022828125 0.7418413296875 0.057701 0.7388210734375 0.039036384375 0.739364159375 0.039516009375 0.8628485234375001 0.059247720312499995 0.8633121890625001 0.059590699999999996 0.839432784375 0.082342665625 0.8366951703125001 0.0798686125 0.7516674765625 0.060136903124999995 0.751203809375 0.0609022828125 0.7418413296875
0 0.0422727015625 0.9219229656250001 0.0427745171875 0.974836215625 0.0501234953125 0.9777357859375 0.08638563125 0.9756428640625 0.08481671874999999 0.921722865625 0.0422727015625 0.9219229656250001
0 0.0736373515625 0.3948452453125 0.06963253593749999 0.3285425078125 0.031296553125 0.3306957734375 0.0301469234375 0.3981862890625 0.0736373515625 0.3948452453125
0 0.08011621875 0.5461756734375001 0.0769180515625 0.436261825 0.0343136921875 0.4343880828125 0.034491603125 0.5475032140625 0.08011621875 0.5461756734375001
0 0.078553540625 0.2784684859375 0.0742660875 0.23811900000000003 0.0317824109375 0.24039295 0.0360698640625 0.2807424375 0.078553540625 0.2784684859375
0 0.083288703125 0.1558701890625 0.080271565625 0.0521778796875 0.033579853124999996 0.052498670312499995 0.0335163953125 0.15731841562499999 0.083288703125 0.1558701890625
0 0.09365830625 0.8332525140625 0.091301821875 0.8592661078124999 0.11109387343749999 0.8618036203124999 0.11363138749999999 0.8420115671874999 0.112322921875 0.8327094296875 0.09365830625 0.8332525140625
0 0.132022715625 0.54674095 0.128643521875 0.4306055640625 0.08396531406249999 0.428792165625 0.084263909375 0.5460549875 0.132022715625 0.54674095
0 0.0971803796875 0.8829644812499999 0.0947032078125 0.90483038125 0.0969358890625 0.9815626906249999 0.1404866609375 0.9802954921874999 0.13771089375 0.8848985671875 0.0971803796875 0.8829644812499999
0 0.14276647343749999 0.1313079421875 0.1403527609375 0.04835409375 0.09780874375000001 0.0485541984375 0.094969515625 0.05797701875 0.09573178125000001 0.1555081328125 0.1404099875 0.15732153437500002 0.14276647343749999 0.1313079421875
0 0.0990918984375 0.235321040625 0.099352346875 0.2799389046875 0.127379440625 0.2801612015625 0.1386950796875 0.2767185453125 0.137488225 0.23524162343750002 0.0990918984375 0.235321040625
0 0.1877689578125 0.7506034984375 0.180299296875 0.7435562375 0.169930065625 0.7438579515625 0.16394989843750002 0.7523343640625 0.1463523765625 0.7538842 0.1465302875 0.8669993296875 0.191148153125 0.8667388859375 0.1913513734375 0.8023893109375001 0.1950163234375 0.78567785625 0.1884327265625 0.7734158078125 0.1877689578125 0.7506034984375
0 0.1906432171875 0.9207192281250001 0.16255577968749998 0.9184230875000001 0.16072330625 0.9267788156250001 0.149347321875 0.9281476234375001 0.14966811093750002 0.9748393343749999 0.1880644375 0.9747599156250001 0.1906432171875 0.9207192281250001
0 0.180489675 0.4290969953125 0.1441671953125 0.4291160703125 0.1439449 0.45714316562499996 0.1378440484375 0.46147188593750005 0.139352615625 0.5133180421875 0.1436209953125 0.5173450484375001 0.1443451078125 0.5422312015624999 0.1578552796875 0.5428758984375001 0.166392034375 0.5509299109375 0.1788351125 0.5505678546875 0.1838085265625 0.5431585359375 0.180489675 0.4290969953125
0 0.16824981875 0.3651094765625 0.16704296406250002 0.323632553125 0.161767834375 0.320672640625 0.13895552656250001 0.3213364109375 0.1372628125 0.37016231093749996 0.1652899078125 0.37038460781250004 0.16824981875 0.3651094765625
0 0.1581313109375 0.053025796874999996 0.15541276875 0.0665963125 0.15806785 0.15784554374999998 0.2058266578125 0.1585315046875 0.20274917499999998 0.05276535 0.1581313109375 0.053025796874999996
0 0.211219353125 0.2725327046875 0.210072840625 0.23312962656249997 0.171676515625 0.23320904374999998 0.1718162765625 0.2736792171875 0.211219353125 0.2725327046875
0 0.24714200000000003 0.86510963125 0.241688959375 0.7490345859375 0.19707109375 0.7492950328125 0.1994435375 0.866497515625 0.24714200000000003 0.86510963125
0 0.19228494062499998 0.5491387046875 0.234828959375 0.5489385999999999 0.2373061296875 0.5270727015625 0.235676875 0.47107885312500003 0.2210996078125 0.46942740625 0.21930840156250003 0.4435345 0.1923484 0.44431895781249997 0.19228494062499998 0.5491387046875
0 0.244118628125 0.9752045078125 0.24297211562499998 0.9358014296875 0.22110621562500002 0.9333242609375001 0.218911684375 0.929236909375 0.2043947609375 0.929659309375 0.20471555000000002 0.9763510203125 0.244118628125 0.9752045078125
0 0.19494937343750002 0.31970715625 0.19539084843750001 0.37054655937500003 0.22549178906249998 0.3707085125 0.2326597375 0.3673865453125 0.231332196875 0.32176192812500004 0.19494937343750002 0.31970715625
0 0.218247540625 0.2287405625 0.2209438890625 0.28574116250000003 0.268642353125 0.284353278125 0.2709988375 0.2583396875 0.26908694375 0.2282990890625 0.218247540625 0.2287405625
0 0.2468208375 0.14073388125 0.2654251125 0.1381169484375 0.266171415625 0.092431990625 0.263957809375 0.05202216093749999 0.21726609843750003 0.05234295 0.219397171875 0.161250046875 0.2464175140625 0.1625394359375 0.2468208375 0.14073388125
0 0.242943315625 0.542475690625 0.289574684375 0.5400810546875 0.289838246875 0.4778053265625 0.28965721875 0.4715837890625 0.285449184375 0.469630628125 0.2839596890625 0.45410695156249997 0.2434895171875 0.4542467140625 0.242943315625 0.542475690625
0 0.2988674703125 0.85945336875 0.2935954578125 0.7495998640625 0.249037934375 0.75193415625 0.253242853125 0.860780909375 0.2988674703125 0.85945336875
0 0.2910291453125 0.376066178125 0.2864399765625 0.3253474609375 0.2377347625 0.32780243750000004 0.2403104265625 0.3806553453125 0.2910291453125 0.376066178125
0 0.25895945781249996 0.9145802265625 0.2595216171875 0.969567321875 0.2969111921875 0.9705549984375 0.29926767656250003 0.9445414062499999 0.2973557828125 0.9145008078125001 0.25895945781249996 0.9145802265625
0 0.32818358281250004 0.1549712828125 0.325045759375 0.047131281250000004 0.278354046875 0.04745206875 0.28048511875000004 0.1563591671875 0.32818358281250004 0.1549712828125
0 0.3474551140625 0.7459571046875 0.34306605156250003 0.73778240625 0.3398647671875 0.7347621515625 0.3253478453125 0.7351845515625001 0.3193676765625 0.7436609640625 0.304850753125 0.7440833625 0.3049873984375 0.891447128125 0.317430475 0.891085071875 0.32133679531250003 0.8826690015624999 0.3493638921875 0.882891296875 0.34878265625 0.791581721875 0.3474551140625 0.7459571046875
0 0.29332216875 0.45487233125 0.2959169078125 0.54404771875 0.3436757140625 0.54473368125 0.341624059375 0.4742229125 0.3228991015625 0.47269215156250005 0.32352472187500003 0.42285950000000005 0.295497625 0.422637203125 0.29332216875 0.45487233125
0 0.310160915625 0.926581828125 0.3082871734375 0.9691861890625001 0.3487573453125 0.9690464296875 0.3512345171875 0.9471805312500001 0.34962433593750003 0.9275091609375 0.310160915625 0.926581828125
0 0.333636621875 0.2710463265625 0.33230908124999997 0.225421709375 0.29385241406249996 0.2234272828125 0.2921596984375 0.27225318125000003 0.333636621875 0.2710463265625
0 0.33647273125 0.3685170984375 0.3350848484375 0.3208186359375 0.29668852343749996 0.32089805312499997 0.2949958078125 0.369723953125 0.33647273125 0.3685170984375
0 0.357497321875 0.9127508671875001 0.358421540625 0.980181040625 0.365770515625 0.9830806093750001 0.404106496875 0.9809273453125 0.40010168437500004 0.9146246109374999 0.357497321875 0.9127508671875001
0 0.3952201546875 0.5328558828125 0.39262541562500003 0.4436804953125 0.3459337046875 0.4440012859375 0.3477630625 0.54253915 0.3551120390625 0.54543871875 0.3924412703125 0.5443525499999999 0.3952201546875 0.5328558828125
0 0.3548644328125 0.7509305234375 0.3566937921875 0.8494683875 0.3909424265625 0.8495096546875001 0.4043319109375 0.8460066578125 0.3994822984375 0.750670075 0.3548644328125 0.7509305234375
0 0.3898496484375 0.34828357187500003 0.3880584421875 0.322390665625 0.345574765625 0.32466461406249997 0.34577486875 0.3672086328125 0.37273486875 0.3664241765625 0.373319221875 0.350840159375 0.3898496484375 0.34828357187500003
0 0.337488834375 0.0467692234375 0.34181443906250003 0.1597636703125 0.3863719609375 0.157429378125 0.3859717546875 0.0723413421875 0.384120203125 0.0443745875 0.337488834375 0.0467692234375
0 0.402915228125 0.40498245624999996 0.444392153125 0.4037756015625 0.44620555156249997 0.35909739375 0.44393160312499996 0.3166137171875 0.3910786953125 0.31918938125 0.3915614390625 0.33578015 0.399917165625 0.3376126265625 0.402915228125 0.40498245624999996
0 0.4033376265625 0.4194993796875 0.40311533125 0.4475264734375 0.397135165625 0.45600288750000006 0.3985833921875 0.5057751953125 0.4028517671875 0.509802203125 0.40369656562499995 0.5388360484375 0.41928058437500004 0.5394204031250001 0.4216561453125 0.549729290625 0.4496228953125 0.5478777390625 0.4458816453125 0.419299275 0.4033376265625 0.4194993796875
0 0.4567211515625 0.8631627046875 0.4532816140625 0.7449534703125 0.406589903125 0.7452742609375 0.4090226890625 0.8645505874999999 0.4567211515625 0.8631627046875
0 0.4134911703125 0.9111216125 0.41216051406250004 0.9723905890625 0.42573102656249995 0.97510913125 0.45476487343749994 0.9742643328125 0.4577851296875 0.97106305 0.456698959375 0.9337338171875 0.4441955390625 0.9320220296875 0.4435921109375 0.9112835671875 0.4134911703125 0.9111216125
0 0.3957122484375 0.228765871875 0.39597269375 0.2733837359375 0.44053021562500005 0.27104944531249997 0.44240395781249997 0.22844508281250003 0.4412765203125 0.225364484375 0.3957122484375 0.228765871875
0 0.43914544843750003 0.11645738750000001 0.4370937953125 0.04594661875 0.39247593125 0.0462070640625 0.3979289703125 0.16228210781250002 0.42796956875000003 0.160370215625 0.42676271562499996 0.1188932921875 0.43914544843750003 0.11645738750000001
0 0.52863850625 0.26744795312499997 0.5254372234375 0.26442769843749997 0.4818864546875 0.26569489687500003 0.4819436796875 0.3746623359375 0.5214071 0.37558966875 0.522734640625 0.4212142859375 0.63679618125 0.417895434375 0.6344015453125 0.37126406562500003 0.5317159874999999 0.3732141109375 0.52863850625 0.26744795312499997
0 0.5450135875 0.758889159375 0.542558609375 0.7101839437499999 0.495987584375 0.714652428125 0.4983822203125 0.7612837953125 0.5450135875 0.758889159375
0 0.515735253125 0.858332165625 0.5655075625 0.8568839390624999 0.567622675 0.8225749640625001 0.5662538671874999 0.8111989812499999 0.5019042921875 0.810995759375 0.4991857515625 0.8245662749999999 0.50009089375 0.8556739671875 0.515735253125 0.858332165625
0 0.520689221875 0.13691632812500001 0.5184756140625 0.0965065 0.48019997343750004 0.100733609375 0.4844270828125 0.13900925 0.520689221875 0.13691632812500001
0 0.53182695 0.020358540624999998 0.531706265625 0.01621085 0.526431134375 0.0132509375 0.482820021875 0.012444289062499999 0.481066965625 0.059196342187499994 0.5298928640625 0.0608890578125 0.53182695 0.020358540624999998
0 0.5061092109375 0.9198425140625 0.5083831609375 0.962326190625 0.5499204265625 0.9631931828125 0.552578625 0.9475488203125 0.550727075 0.9195820671874999 0.5061092109375 0.9198425140625
0 0.55022656875 1 0.55159095 0.9849383953125 0.55010145625 0.9694147187500001 0.5106380359375 0.9684873859375 0.509134278125 1 0.55022656875 1
0 0.7546530828125 0.7590160781249999 0.7535065703125 0.719613003125 0.74390271875 0.7105522359374999 0.5707667328125 0.716627778125 0.5717925593750001 0.751883165625 0.5853027328125 0.7525278609375 0.58761795 0.7607629015625 0.6353164109375 0.7593750171875 0.63934341875 0.7551066390625001 0.6621557265625 0.7544428703125 0.6912499171875 0.7556719171874999 0.69551829375 0.759698925 0.7546530828125 0.7590160781249999
0 0.71722186875 0.11459299687499999 0.7151892890625 0.08040470625 0.5689529609374999 0.08362194687499999 0.5714682828125001 0.134401009375 0.7021205921875 0.1305994140625 0.7027652875 0.11708924218750001 0.71722186875 0.11459299687499999
0 0.715338775 0.47787813906250004 0.7089965484375 0.47391147343749995 0.707326028125 0.45216625937500005 0.5922577359375001 0.45655220781250005 0.5945920265625 0.5011097265625 0.6547335671875001 0.4993597875 0.6611361359375 0.5054002984375 0.6777269046875001 0.50491755625 0.6816935671875 0.49857533125 0.70865356875 0.497790875 0.7157008312500001 0.49032121562500003 0.715338775 0.47787813906250004
0 0.6118753671875 0.9167650343749999 0.6142096593749999 0.9613225562500001 0.726197353125 0.9580640468749999 0.72903658125 0.948641225 0.7270040015625 0.914452934375 0.6118753671875 0.9167650343749999
0 0.71726001875 0.18723795625 0.7165962484375 0.16442564843750002 0.710314365625 0.16253283125 0.7108987203125 0.1469488125 0.661126409375 0.14839703906249999 0.65502555625 0.152725759375 0.6135486328125 0.153932615625 0.6117765015625001 0.1643621890625 0.5941789796875 0.165912025 0.5961512140624999 0.19802646875000002 0.6769708750000001 0.1935992546875 0.6809978812499999 0.189330878125 0.71726001875 0.18723795625
0 0.6028523781249999 0.3213298046875 0.6051866718750001 0.365887325 0.6964359046874999 0.3632322453125 0.7118992375000001 0.3596689046875 0.7096252859375001 0.317185228125 0.6028523781249999 0.3213298046875
0 0.7177268015625 0.060612653125000006 0.7165802890624999 0.021209575 0.70816421875 0.017303253125 0.706916096875 0.0100749625 0.6042908828125 0.0140988546875 0.6067458593749999 0.0628040671875 0.7177268015625 0.060612653125000006
0 0.7263815 0.8573919921875 0.723926521875 0.808686778125 0.6295966890625 0.8124692953125001 0.63205166875 0.8611745109375001 0.7263815 0.8573919921875
0 0.9829694203124999 0.01001514375 0.8761457609375001 0.0124154890625 0.8798679375 0.10467147343750001 0.9856544734374999 0.1022944296875 0.9829694203124999 0.01001514375
0 0.9073765968749999 0.9911909046874999 0.994281978125 0.9886622171875 0.9944406828125001 0.9613832078125 0.9058565921874999 0.9621767046875 0.9073765968749999 0.9911909046874999
0 0.9029948015624999 0.3644866 0.90377925625 0.3914466015625 0.9162826765625001 0.39315839218750004 0.9178325125000001 0.4107559140625 0.9945466703125 0.4078993890625 0.993056253125 0.3566770765625 0.9059547125 0.359211471875 0.9029948015624999 0.3644866
0 0.9205097875 0.43143403124999996 0.9200461203125 0.45116574218750005 0.9099182609375 0.4597628421875 0.9102199750000001 0.470132071875 0.9176896343750001 0.477179334375 0.938428096875 0.4765759078125 0.9531260484375 0.48237504531250003 0.9717906640624999 0.4818319609375 0.9778915187500001 0.47750323906250003 0.9965561328125 0.4769601546875 0.994987221875 0.4230401546875 0.9763226062499999 0.4235832390625 0.9661947453125 0.4321803375 0.9205097875 0.43143403124999996
0 0.9136688625 0.2676605265625 0.942702709375 0.266815728125 0.949105275 0.2728562375 0.9656357015625 0.2702996484375 0.97173655625 0.2659709296875 0.9903912968749999 0.2650884875 0.989053515625 0.21911194531249997 0.9143548234375001 0.2199017203125 0.9138911593750001 0.23963343125 0.90583714375 0.24817018750000003 0.9061992 0.26061326406249996 0.9136688625 0.2676605265625
0 0.9177340203125001 0.33603710625 0.9446940203124999 0.3352526515625 0.9489623984375 0.339279659375 0.9655531671875 0.3387969171875 0.9715936781250001 0.3323943484375 0.9923215546874999 0.3314270875 0.9910448281249999 0.2875488703125 0.9163461359375 0.2883386453125 0.913868965625 0.31020454375 0.9077681125 0.3145332640625 0.90813016875 0.32697634062500003 0.9177340203125001 0.33603710625
0 0.9873499265625 0.1605633609375 0.9427058265625 0.159922134375 0.95390078125 0.15233178593750002 0.9870704 0.150956653125 0.9859698171875 0.11313211875 0.9216465734374999 0.11383384999999999 0.923053534375 0.1978547921875 0.9552283218750001 0.1979564015625 0.9637650765625001 0.2060104171875 0.9886512312500001 0.20528630312499999 0.9873499265625 0.1605633609375