0 0.8060379359375001 0.7872293453125 0.7962218812499999 0.7886100296875 0.7898068781250001 0.799538665625 0.7752265781250001 0.8025921031250001 0.7829909171875 0.855642178125 0.7816277234375 0.86686288125 0.7746127031250001 0.866846953125 0.7777759515625 0.8884599453125 0.7839531515625 0.8895963531250001 0.7965314984375 0.9550035359375 0.8318692984375 0.9500330671875 0.82753089375 0.913545875 0.8331329593750001 0.9107526453125001 0.818417221875 0.7965170875 0.8060379359375001 0.7872293453125
0 0.677519525 0.816335171875 0.685859 0.87331488125 0.681694775 0.8859321984375 0.6954482765625001 0.9662135828125 0.7436907328125 0.9604306328125001 0.7342258687500001 0.9026065828125001 0.72608545625 0.9017463125 0.7223470734374999 0.876203684375 0.7318755593749999 0.87285818125 0.7204226015625 0.8082953375 0.7016283125 0.80993623125 0.6965516187499999 0.8026292343750001 0.6808459296875 0.80483833125 0.677519525 0.816335171875
0 0.47586181875 0.8727732265625001 0.47588670000000005 0.8797881562500001 0.47332347031250005 0.869119728125 0.4789255359375 0.8663265000000001 0.474636896875 0.8438691640625 0.45332914375 0.8488714921874999 0.4401120359375 0.840704225 0.43029598125 0.8420849109375 0.4244312296875 0.849928253125 0.435021484375 0.9085966437499999 0.43167019843750004 0.913078553125 0.43828426406250004 0.95826935625 0.4943795640625 0.9513818593750001 0.49119143125000003 0.9227539359374999 0.48305101875 0.921893665625 0.4917416859375 0.9196686406250001 0.5035070937499999 0.9932112312499999 0.53408065 0.9899135156250001 0.521690340625 0.898411428125 0.5256167625 0.8978591546875 0.5172772875 0.8408794437499999 0.5004462078125 0.8422442015625 0.496182453125 0.826801796875 0.4804767640625 0.8290108937499999 0.48342709375000004 0.8697038593749999 0.47586181875 0.8727732265625001
0 0.335606378125 1 0.3141043359375 0.8659095906250001 0.2913836234375 0.8681027578125 0.28910796250000004 0.8593991484375 0.282092940625 0.85938321875 0.28156756875 0.8694834437500001 0.272876903125 0.8717084703125 0.280641240625 0.9247585453125 0.28681844375 0.9258949515625 0.29113196406249997 0.955367215625 0.28356668749999997 0.95843658125 0.2853169796875 0.9772404171875 0.2810283421875 0.9547830828125001 0.27681435 0.953370540625 0.27307596562500003 0.9278279109374999 0.2783904640625 0.923069865625 0.26923805 0.8742255609375 0.24848054843749998 0.87614259375 0.23751422187500001 0.8696640078125 0.22769816562499998 0.8710446921875 0.2221209828125 0.8808528515624999 0.2403979484375 1 0.289529071875 1 0.2875677578125 0.9789290968750001 0.2917909953125 1 0.335606378125 1
0 0.3559009109375 1 0.3770101171875 0.9955792656250001 0.3635441828125 0.9172627 0.37307266875 0.9139171953125 0.3613321453125 0.847389534375 0.3484274890625 0.8482020171875 0.3439508109375 0.8518395859375 0.34512596875 0.8667137874999999 0.3383736296875 0.8616477453125 0.32659436249999996 0.86330456875 0.32211768749999997 0.8669421375 0.33184523593750004 0.919716075 0.3217913796875 0.9331618031250001 0.3325092046875 1 0.3559009109375 1
0 0.1322850578125 1 0.12902209375 0.9777056984374999 0.1253583578125 0.9732078609375 0.121431934375 0.9737601359375001 0.0816174609375 0.982368171875 0.084598840625 1 0.1322850578125 1
0 1 0.8381528093749999 0.9560344453124999 0.844336821875 0.9623609421875001 0.8875628093750001 1 0.88226865625 1 0.8381528093749999
0 0.4135422375 0.85346511875 0.4006375828125 0.8542776 0.389671253125 0.8477990156249999 0.3759287765625 0.8497319750000001 0.389181790625 0.947128515625 0.4079760796875 0.945487621875 0.412715440625 0.936799940625 0.4362739734375 0.9334862953125 0.434236115625 0.9127176406249999 0.42101900781249996 0.9045503765625 0.4135422375 0.85346511875
0 0.070046075 0.9922902640625001 0.0780034890625 0.9919001953125001 0.0768283328125 0.9770259937500001 0.0678762421875 0.9774648203125 0.070046075 0.9922902640625001
0 0.15990274375 0.5863458703125 0.11951313125 0.5910242718750001 0.1195628953125 0.6050541328125 0.023365553125 0.61858485 0.015826418749999998 0.6218328375 0.030751914062500003 0.7238117203125001 0.176869259375 0.7022701078125 0.15990274375 0.5863458703125
0 0.5247017390625001 0.5425164078125 0.52946598125 0.5408436546875001 0.5248648921875 0.5094065750000001 0.515886659375 0.50966678125 0.51306074375 0.5040484671875001 0.47379652187500004 0.509571209375 0.4804354703125 0.56177694375 0.47765932031249997 0.5701884875000001 0.479672296875 0.5839422109375 0.48642463437499994 0.589008253125 0.4916008609375 0.6243749703125 0.5017293671874999 0.6319740328125001 0.51743505625 0.6297649359374999 0.5182479921875001 0.6216295265625 0.53282829375 0.618576090625 0.5224758421875 0.5478426562500001 0.5247017390625001 0.5425164078125
0 0.8397766265625 0.3443332390625 0.8072398609375 0.34790709375 0.8172798609375 0.409660778125 0.847565846875 0.40439824375000005 0.8397766265625 0.3443332390625
0 0.9443770671875 0.326612678125 0.8815543124999999 0.335449065625 0.8574455265625 0.3418480046875 0.8614714796875 0.3693554515625 0.8715751031250001 0.3699395828125 0.874450784375 0.389587759375 0.8781145218749999 0.394085596875 0.989888503125 0.3774640484375 0.981678078125 0.3213660734375 0.9659723890624999 0.3235751703125 0.9657345875000001 0.3356402125 0.9480656875 0.338125446875 0.9443770671875 0.326612678125
0 0.512133296875 0.3713681625 0.542706853125 0.368070446875 0.53808088125 0.329618434375 0.45308766875 0.3375626953125 0.45802609062500005 0.38499445468750004 0.511320359375 0.3795035703125 0.512133296875 0.3713681625
0 0.0019325921874999998 0.33218441875 0.0025477406250000003 0.43791938750000003 0.1323708546875 0.41876817187500004 0.116291925 0.3157533171875 0.0268220359375 0.3273351453125 0.0019325921874999998 0.33218441875
0 0.9626985859375001 0.1916881125 0.8743540859375001 0.20411428125 0.8809681515625 0.24930508593749998 0.96918705 0.23602075312499998 0.9626985859375001 0.1916881125
0 0.17641601093749998 0.17895950624999998 0.134063190625 0.1839140453125 0.1573313203125 0.3360493390625 0.1996841421875 0.33109480156250004 0.17641601093749998 0.17895950624999998
0 0.6392194796874999 0.20610571875 0.592940234375 0.21161253124999999 0.6021175296875 0.26747176562499997 0.6464335640625001 0.26224108749999997 0.6392194796874999 0.20610571875
0 0.45375131093750004 0.2873377078125 0.4916025734375 0.2790058078125 0.4836004328125 0.2380207734375 0.4648061453125 0.23966166875 0.4446237796875 0.24550833437500003 0.44893730156249995 0.2749805984375 0.45375131093750004 0.2873377078125
0 0.33858549843749997 0.2534048078125 0.27379953437500004 0.2625173328125 0.28070116875 0.3096729546875 0.3482881671875 0.299163815625 0.33858549843749997 0.2534048078125
0 0.577834565625 0.22476619375 0.55118743125 0.2275116359375 0.557776615625 0.2656875109375 0.5824605375 0.2632182046875 0.577834565625 0.22476619375
0 0.818684625 0.172841834375 0.7802582265625 0.1772440984375 0.785459334375 0.21962574687499997 0.823885734375 0.21522348125000001 0.818684625 0.172841834375
0 0.9025953531249999 0 0.87504544375 0.003490465625 0.8489734468749999 0.0101655421875 0.8541745562499999 0.0525471890625 0.7602279921874999 0.0677665875 0.7642788281249999 0.10228896406250002 0.79681559375 0.09871511093749999 0.8019420546875 0.1200519671875 0.8428819171875 0.1122882703125 0.8503089234375001 0.1493436671875 0.9541007875 0.1329433953125 0.9346433703124999 0 0.9025953531249999 0
0 0.4058143078125 0.052445806250000004 0.4103407484375 0.062838096875 0.39688583906249997 0.066735875 0.40781342656249997 0.1413989421875 0.412314984375 0.1447763046875 0.41516578125 0.15740955 0.4308714703125 0.155200453125 0.4305341359375 0.139205775 0.4451144359375 0.1361523375 0.4313111703125 0.04184109375 0.43633809843750004 0.0351182296875 0.4318807921875 0.0046635578125 0.3874423453125 0.010914084374999999 0.3929096515625 0.0532582890625 0.4058143078125 0.052445806250000004
0 0.30115816406249996 0.0230504578125 0.3070222859375 0.0803783421875 0.31348705468750004 0.083479565625 0.3149248953125 0.093303653125 0.3082223234375 0.102267471875 0.3108104359375 0.1199508296875 0.3169876375 0.1210872359375 0.3219260578125 0.168518996875 0.3704560828125 0.1647008640625 0.36554254375 0.12428403437499999 0.354288646875 0.11584063124999999 0.35285080625 0.10601654375 0.35787773437500003 0.0992936796875 0.3535642140625 0.06982141562500001 0.346811878125 0.0647553734375 0.34179492499999997 0.0173346609375 0.30115816406249996 0.0230504578125
0 0.5669779734375 0 0.5692352390625001 0.0154228375 0.5642083109375 0.0221457015625 0.56564615 0.0319697890625 0.5723984890625 0.03703583125 0.567371559375 0.0437586953125 0.581412628125 0.126004896875 0.6218022390625 0.12132649531249999 0.6016124125 0 0.5669779734375 0
0 0.5107343734375 0 0.5163778359375 0.0649681203125 0.5314945296875 0.134028803125 0.5752354296875 0.12486849062500001 0.5620570609375 0.0485167421875 0.5530539437499999 0.041762020312499995 0.5577933046875 0.0330743375 0.5517419546875 0 0.5107343734375 0
0 0.6085938921875 0 0.613338353125 0.029272134374999998 0.6214787640625 0.030132403125000002 0.6215285296874999 0.0441622640625 0.6159264656250001 0.046955492187499996 0.623303703125 0.0699810296875 0.6302053375 0.11713665312499999 0.664705315625 0.1132866625 0.6691819921875 0.10964909375000001 0.660029578125 0.06080479062500001 0.66505650625 0.054081924999999996 0.6621808265625 0.0344337484375 0.6523647718750001 0.035814434374999995 0.65092693125 0.025990346874999997 0.6562414296875 0.021232300000000003 0.6550911562499999 0.0133730296875 0.6511458140624999 0 0.6085938921875 0
0 0.1318025859375 0.08682221875 0.1260733671875 0.047677157812499996 0.0894282234375 0.052831510937500006 0.10432865468750001 0.1729024828125 0.14864468749999998 0.16767180625 0.1448316546875 0.1210843859375 0.13386532812500002 0.1146058015625 0.1399927640625 0.10171234843750002 0.1382673546875 0.08992344218750001 0.1318025859375 0.08682221875
0 0.2502616171875 0.033217253125 0.249409578125 0.0303292 0.2224330953125 0.0341235984375 0.2394307296875 0.14402766250000001 0.28570997343750004 0.13852085 0.2693434765625 0.033541178125 0.2502616171875 0.033217253125
0 0.7619036343750001 0.0655256328125 0.8095709546875 0.05581304687500001 0.8035569078125 0.021566807812499998 0.766255896875 0.026813414062500002 0.7539263765625 0.031555531250000005 0.7619036343750001 0.0655256328125