0 0.9705544375 0.2536408921875 0.9639165171874999 0.24964430937499998 0.8475921703125 0.2618451421875 0.84623244375 0.2774740359375 0.8507548671875 0.3088747140625 0.9729635859375 0.29389077812500003 0.9720604328125001 0.2764777109375 0.9729092890625 0.274827415625 0.9705544375 0.2536408921875
0 0.8057918093750001 0.1365292578125 0.8021703203125 0.141096534375 0.8125793328125 0.1511592234375 0.94474604375 0.13289271875 0.9494978640625 0.13849497500000002 0.9569417984375 0.1311683375 0.9542541265625 0.10698745312499999 0.9506359671875 0.0837224 0.8884001687499999 0.09032228125 0.8847786765625001 0.0948895578125 0.8033061984375 0.10487884843749999 0.8057918093750001 0.1365292578125
0 0.787269640625 0 0.784012253125 0.00059460625 0.7883074999999999 0.039238821875 0.795775440625 0.041415617187499996 0.87724791875 0.0314263265625 0.8817736734375 0.034994674999999996 0.9044046703124999 0.034281525 0.9080261640625 0.0297142484375 0.93654153125 0.026217996875 0.9446279015625001 0.0203805703125 0.9424639015625 0.00091111875 0.9388077406249999 0.000169840625 0.9387611046875 0 0.787269640625 0
0 0.884142725 0.6092643328125 0.9350630234375 0.603021025 0.94388846875 0.6081238140624999 0.992983390625 0.60300600625 0.9935050765625 0.558172340625 0.9918721359375 0.5568848421875 0.938915025 0.56337788125 0.929863515625 0.5562411875 0.8780378421874999 0.5636263109375 0.884142725 0.6092643328125
0 0.8350608453125 0.0833832859375 0.8778338984375 0.078138909375 0.8923176484375 0.0784246890625 0.896843403125 0.0819930359375 0.9498005125000001 0.075499996875 0.9492445140625 0.061916095312499995 0.9458706015624999 0.031561109375 0.879423021875 0.036711590625 0.8769340796874999 0.032893510937499995 0.8321242171875 0.038387620312499995 0.832573015625 0.07028776249999999 0.8350608453125 0.0833832859375
0 0.9914804203124999 0.7321708953125 0.9504538578125 0.7372011359374999 0.9402709093749999 0.7291723546875 0.9447977734374999 0.7234632578125 0.9916485843749999 0.717718909375 0.9922276640625001 0.6679529453125 0.939146134375 0.6726156078125001 0.9264709109375 0.6886010765624999 0.90655714375 0.6766113234375 0.86898915625 0.6822483234375001 0.8721540750000001 0.7107230078125 0.890711446875 0.7105093250000001 0.8929721031250001 0.730848384375 0.9278239718749999 0.7286368421875 0.8974978578125 0.7344167328125 0.9015659296875 0.780304484375 0.9547491046875001 0.7758453515625 0.9615377374999999 0.7811978734375 0.9909593062500001 0.7769553953125 0.9914804203124999 0.7321708953125
0 0.892100440625 0.8851832749999999 0.8411801421874999 0.89142658125 0.8110767624999999 0.9270727078125001 0.8159254234375 0.96358744375 0.8987874937500001 0.9534277765624999 0.892100440625 0.8851832749999999
0 0.7142562578125 0.5946526328124999 0.7212654015625 0.6484262765625 0.781238321875 0.640042221875 0.7744552437500001 0.588302484375 0.7142562578125 0.5946526328124999
0 0.7108763812500001 0.47136960937500005 0.7181138109375 0.508622271875 0.763829046875 0.5019863421874999 0.758628428125 0.464483946875 0.7108763812500001 0.47136960937500005
0 0.7477739453125001 0.3946887859375 0.742347259375 0.35515248593750004 0.6975373968749999 0.3606465953125 0.6966298015625 0.3803433 0.7000218968749999 0.4015744484375 0.7477739453125001 0.3946887859375
0 0.7778043921875 0.968261440625 0.776899759375 0.9632182968749999 0.73095845625 0.9678203203125 0.7319964078125001 0.9738779296875 0.7778043921875 0.968261440625
0 0.5866063890625 0.110594953125 0.593615534375 0.1643685984375 0.6719197609374999 0.153736953125 0.6669474296875 0.09971357656249999 0.5866063890625 0.110594953125
0 0.4962014328125 0.1380899765625 0.43102345 0.146081409375 0.4301158546875 0.1657781140625 0.4305679875 0.1698459265625 0.434867675 0.1713803671875 0.43645013437499997 0.185617709375 0.446633084375 0.19364649218750002 0.55684699375 0.18219485625 0.5659007265625 0.1707766640625 0.5790269703125001 0.16813645156249998 0.573600284375 0.12860015 0.5267536109375001 0.13434399218749998 0.5213213718749999 0.14119490625 0.5009532531249999 0.1436922296875 0.4962014328125 0.1380899765625
0 0.4599137625 0.3395830046875 0.462400484375 0.361955971875 0.4730366765625 0.3647751203125 0.475750575 0.3799045515625 0.5950171046875 0.3663121671875 0.591401165625 0.3244922265625 0.4599137625 0.3395830046875
0 0.5244457312499999 0.9394560343749999 0.583513278125 0.9322137984375001 0.5946016000000001 0.9391007625000001 0.6543484546875 0.9286828015624999 0.6462067593749999 0.8832945140625 0.525808790625 0.8959948093750001 0.5230926703125001 0.8994202687499999 0.5244490640625 0.9116237046875 0.51743214375 0.9227921640625001 0.5187885375 0.9349956 0.5244457312499999 0.9394560343749999
0 0.54083850625 0.6968690578125 0.5313326453125 0.7042194375 0.500780465625 0.707965421875 0.49444285312499997 0.7159581562499999 0.495799246875 0.7281615921875 0.5025878796875001 0.7335141140625 0.50643210625 0.7588130734375 0.6318090734374999 0.7444714921875 0.6272888703125 0.694515928125 0.606920753125 0.6970132515625 0.597869240625 0.6898765546875001 0.5815747453125 0.6918744125 0.5761425078125 0.698725328125 0.5578112 0.70097291875 0.5489857546875 0.6958701296875 0.54083850625 0.6968690578125
0 0.5444092390625 0.823299459375 0.5371662546875 0.8324340140625001 0.5106876984375 0.8356805328125001 0.5027654046875 0.8479908109375 0.50366966875 0.856126434375 0.5124951125 0.8612292234375 0.516113271875 0.8844942765624999 0.6394534296875001 0.870402428125 0.6342539203124999 0.8236225906250001 0.6168279859375 0.8247283609375 0.607776475 0.817591665625 0.5894451671875001 0.8198392562500001 0.584012928125 0.826690171875 0.5656816203125 0.8289377625000001 0.5566301109375 0.821801065625 0.5444092390625 0.823299459375
0 0.5075624328125 0.768982603125 0.5030355671875 0.7746916984375 0.5048440921874999 0.790962946875 0.511632725 0.79631546875 0.5150248203125 0.817546615625 0.6383649765625 0.8034547671875 0.6318079640625001 0.7537489359375 0.6137027203125001 0.75803043125 0.6089509 0.752428178125 0.56051954375 0.7624895656249999 0.5559937890625 0.7589212171875 0.54173610625 0.76066934375 0.5381146125 0.7652366203125001 0.5075624328125 0.768982603125
0 0.544188378125 0.6341333828125 0.53196750625 0.6356317765624999 0.526535265625 0.6424826921875 0.4959830875 0.6462286749999999 0.489645475 0.6542214093750001 0.4914539984375 0.6704926578125 0.49824263281250003 0.6758451796875 0.501634728125 0.6970763265625 0.6220326984375 0.6843760296875 0.6242966859375 0.6768827609375 0.6184178703125001 0.633278646875 0.6023494390625 0.6373104109375001 0.5912611171875 0.630423446875 0.577003434375 0.6321715718750001 0.5695343828125 0.639272221875 0.5573135109375 0.6407706140625 0.544188378125 0.6341333828125
0 0.5949581562499999 0.4314996921875 0.5917954562500001 0.384470121875 0.5863643296875 0.38204359375 0.47207679531249996 0.39399469374999996 0.46415450312499995 0.40630497187500003 0.46551089687499997 0.4185084078125 0.47229952812500003 0.42386092968750005 0.4777284359375 0.44484234375 0.5949581562499999 0.4314996921875
0 0.4907014375 0.5615600765625001 0.604988971875 0.5496089765625001 0.6077050921875 0.5461835203125001 0.601600209375 0.5005455000000001 0.48323905156249997 0.5129960640625 0.47871218437499996 0.5187051609375 0.4759949546875 0.5314080609375 0.476447084375 0.5354758734375 0.48527253124999997 0.5405786625 0.4907014375 0.5615600765625001
0 0.5960491609375 0.48845847343750004 0.59311253125 0.443462809375 0.5876814015625 0.44103628125 0.4754306796875 0.4527376484375 0.46750838593750005 0.4650479265625 0.4688647796875 0.4772513625 0.4754273484375 0.480569978125 0.4808562546875 0.50155139375 0.5960491609375 0.48845847343750004
0 0.4981265625 0.628363721875 0.61105659375 0.6134866265625 0.6067624578124999 0.5655649687500001 0.4927009875 0.5795499765625001 0.48477869531250006 0.5918602546875 0.4861350890625 0.6040636921875 0.492923721875 0.6094162125 0.49473224687500006 0.6256874609375 0.4981265625 0.628363721875
0 0.5173582999999999 0.9592775281250001 0.5119260609375 0.9661284437500001 0.5132824546875 0.9783318781249999 0.5212025265625 0.9845764875 0.5761964484375001 0.977833715625 0.58298508125 0.9831862375 0.6237213203125 0.9781915921875 0.6248538703125 0.9698062359374999 0.6359433015625 0.96741575625 0.6321001859375001 0.9328393531250001 0.5884217625 0.93922555 0.5750705625 0.9305544125 0.5162290828125 0.9398305546874999 0.5173582999999999 0.9592775281250001
0 0.5189452546875 1 0.6352740625 0.9857369968749999 0.633871903125 0.9673543 0.5797833531250001 0.9729552531250001 0.5763879265625 0.979556434375 0.5234308140625 0.9860494734374999 0.5155085234375 0.998359753125 0.515690834375 1 0.5189452546875 1
0 0.31189396875000003 0.466686378125 0.2949379359375 0.32342086718749996 0.1867608375 0.3346227703125 0.188792096875 0.3807602546875 0.20100075 0.4813137390625 0.31189396875000003 0.466686378125
0 0.02237495625 0.16946690312499998 0.0291580359375 0.2212066421875 0.27696978437499997 0.1939150328125 0.2719974515625 0.1398916546875 0.02237495625 0.16946690312499998
0 0.2960471609375 0.5098618203124999 0.30396834375 0.5068289859374999 0.30215981875 0.4905577359375 0.29491794374999997 0.490414846875 0.292202934375 0.48456286249999997 0.18221509062500002 0.49804840468749995 0.18017716718750001 0.5075755796875 0.18469959062500002 0.5389762578124999 0.29695031250000004 0.5272748875 0.2960471609375 0.5098618203124999
0 0.3486883609375 1 0.3480400328125 0.9962150984375 0.313188165625 0.9984266421875001 0.31794109531250003 0.9947514515625 0.34441964999999997 0.9915049328125001 0.347135771875 0.9880794734375 0.34940086875 0.9713087609375 0.339897228125 0.9601042546875 0.3374093953125 0.9470087312500001 0.27404215781249996 0.9527165249999999 0.2665731078125 0.959817171875 0.2563890484375 0.9610658328125 0.2539001046875 0.9572477546875 0.21022168125000001 0.96363395 0.215213225 1 0.24150489375 1 0.264531853125 0.997176678125 0.2891996625 0.996213796875 0.29463079062499997 0.998640325 0.29307165468749996 1 0.3486883609375 1
0 0.11050154062499999 0.0440066109375 0.1131379671875 0.06231219375 0.1783159484375 0.054320760937500004 0.18284170625 0.057889109375000004 0.195062575 0.056390715625 0.19868406875 0.0518234390625 0.24032568125 0.0456869734375 0.2383959859375 0.028325551562500002 0.11050154062499999 0.0440066109375
0 0.12118085468749999 0.06537096718749999 0.12705966875000002 0.1089750796875 0.24202651249999999 0.093848253125 0.2363737609375 0.0522780453125 0.12118085468749999 0.06537096718749999
0 0.194612184375 0.767471128125 0.2007170671875 0.8131091484375 0.3138731625 0.8002659609375 0.3077682796875 0.7546279421875 0.194612184375 0.767471128125
0 0.2132806640625 0.7125324484375 0.21938554687499998 0.75817046875 0.30809989843749996 0.7483240671875 0.30199501562500003 0.7026860484374999 0.2132806640625 0.7125324484375
0 0.0898992359375 0.3454681 0.1030132640625 0.444879765625 0.14918063125 0.4423116484375 0.13878272187500001 0.339474525 0.0898992359375 0.3454681
0 0.08351164531250001 0.770945784375 0.0891643953125 0.8125159937499999 0.133068884375 0.8081637015625001 0.12922688124999998 0.7643098562499999 0.08351164531250001 0.770945784375
0 0 0.54720391875 0.030582301562500004 0.5455027390625 0.02560996875 0.4914793640625 0.0041104093750000004 0.49308459843749997 0 0.494573921875 0 0.54720391875
0 0 0.4684134953125 0.017692117187500002 0.46667986875 0.007065921875000001 0.3803637265625 0 0.381230075 0 0.4684134953125
0 0 0.5861274578125 0.0043981171875 0.625697215625 0.027631229687499998 0.6211138390625 0.0235620484375 0.5845035281250001 0.0201677328125 0.58182726875 0 0.5848249375 0 0.5861274578125
0 0.027101384375 0.8299578609375 0.045484860937499996 0.8281796328125001 0.04164285625 0.7843257859375 0.0222931421875 0.7866982421875 0.027101384375 0.8299578609375
0 0.015871301562500002 0.728921121875 0.0330501421875 0.72559224375 0.0276234546875 0.6860559421875 0.01137101875 0.6884322015625 0.015871301562500002 0.728921121875