0 0 0.9124543968750001 0.0017766796875 0.8871420359375 0.0037077687499999998 0.83973046875 0 0.8394847890625 0 0.9124543968750001
0 0.041017353125 0.80640236875 0.0360035546875 0.8566909375 0.0784189296875 0.8589145125 0.07976835 0.8500535843750001 0.084745278125 0.8492095453124999 0.098487571875 0.8515873921875 0.10022086562500002 0.8575713171875 0.28576026875 0.86494998125 0.28996944999999996 0.83441623125 0.28966603750000003 0.8175958953125001 0.041017353125 0.80640236875
0 0.0827856484375 0.9854206265625001 0.08288454687499999 0.9587228812499999 0.0403887078125 0.9584747874999999 0.03839193125 0.9841283765625001 0.0827856484375 0.9854206265625001
0 0.08628910625 0.94794395 0.0871121609375 0.9034668671875 0.0426416453125 0.9031612921875001 0.0418185875 0.947638378125 0.08628910625 0.94794395
0 0.059662721875000005 0.5338036484375001 0.058920128125000006 0.5763052515625 0.100307934375 0.5794878265625 0.1040343421875 0.5608069703125 0.104133240625 0.5341092234375 0.059662721875000005 0.5338036484375001
0 0.098519334375 0.6476706953125 0.10028949843749999 0.6042100921875 0.0579545828125 0.6000110359375 0.054995925 0.648381603125 0.098519334375 0.6476706953125
0 0.106448203125 0.5015425109375 0.10646663906250001 0.4768202453125 0.06397080000000001 0.47657215312499995 0.06387190312499999 0.5032699 0.106448203125 0.5015425109375
0 0.260121196875 0.6602860359375 0.2613465640625 0.6059315421875 0.128015471875 0.6030393390625 0.12467293906250002 0.6365650515625 0.1433921625 0.638098859375 0.1445622203125 0.657911159375 0.260121196875 0.6602860359375
0 0.2769210484375 0.5875955687500001 0.27796705625 0.5619143046875 0.2642247609375 0.5595364578125 0.2639213484375 0.5427161203125 0.138488975 0.540053840625 0.13766591875 0.5845309234375 0.2769210484375 0.5875955687500001
0 0.2572200578125 0.5373569546875 0.25812357656249996 0.4909043890625 0.1593091421875 0.49000583906250006 0.1463530328125 0.4925954359375 0.1449047171875 0.5281541125 0.1475851171875 0.53515451875 0.2572200578125 0.5373569546875
0 0.2901285375 0.14198068749999998 0.28847570624999996 0.1340212796875 0.21541256562500002 0.1318944953125 0.2132769625 0.13578797812500001 0.172836265625 0.133621884375 0.1724959828125 0.166246075 0.21001489062499998 0.167338209375 0.211667721875 0.1752976171875 0.303450084375 0.178958209375 0.3048984015625 0.1433995328125 0.2901285375 0.14198068749999998
0 0.2678528375 0.941874375 0.2680321984375 0.9132011484375001 0.1465491828125 0.910653828125 0.1458065890625 0.9531554312500001 0.2563081734375 0.958349828125 0.25789897812499996 0.9435624546874999 0.2678528375 0.941874375
0 0.2723548734375 0.9909387703125001 0.27245377187500003 0.9642410234375 0.15097075625 0.9616937046875 0.1508755203125 0.9874026453125 0.2723548734375 0.9909387703125001
0 0.1776556359375 0.44448229375 0.2131998671875 0.4455169453125 0.21557685625 0.435697015625 0.259019803125 0.4369615890625 0.2759252703125 0.43448695312499996 0.2769897140625 0.3840834234375 0.19002335625 0.38352975625 0.1790419265625 0.3861768359375 0.1776556359375 0.44448229375
0 0.5920212578124999 0.3928877328125 0.5924420031250001 0.3582880578125 0.5470243765625 0.35696600312500004 0.5448083109375 0.36283496875 0.5349349125 0.362547565625 0.5341487296875 0.35758011875 0.5273580453125 0.3544157140625 0.48983913437500004 0.3533235828125 0.4882483296875 0.36811095625 0.476319790625 0.3697415546875 0.4763013546875 0.39446381875 0.5887776203125 0.3997156984375 0.5920212578124999 0.3928877328125
0 0.5889680171875 0.41164158593750005 0.47348950156249997 0.4072912265625 0.47252395625 0.4309970109375 0.48429157343749996 0.4333173765625 0.4837283375 0.44714574999999995 0.5054498109375001 0.4477780390625 0.5032957734375 0.4763937859375 0.558586796875 0.47800324375000003 0.5606603734375 0.45136297656249996 0.5853840984375001 0.4510937453125 0.5891909671875 0.4304374046875 0.5889680171875 0.41164158593750005
0 0.6246339328125 0.21422095312499997 0.559549975 0.210348609375 0.5559844890625001 0.225078503125 0.5431088421875 0.22569262031249998 0.5418583203125 0.20785580312500002 0.49738780312499997 0.20755022812499999 0.4966636453125 0.225329565625 0.490417759375 0.233059053125 0.4900154484375 0.24293646249999998 0.496645209375 0.2500518296875 0.6239718015625 0.2547470734375 0.6246339328125 0.21422095312499997
0 0.483699153125 0.6074594125 0.4832163828125 0.619312303125 0.49174036093750007 0.628460634375 0.5963179078125 0.633482590625 0.60060755 0.6009733609375 0.5999822890625001 0.59205495 0.49351052500000003 0.58500003125 0.48978411718750003 0.6036808890625001 0.483699153125 0.6074594125
0 0.47097336093750003 0.9198996609375 0.4703916921875 0.9584502984375 0.572994559375 0.9634147750000001 0.576238196875 0.956586809375 0.57657848125 0.9239626171875001 0.47097336093750003 0.9198996609375
0 0.48545463125 0.9971418609375 0.572155625 0.9966374484375 0.57260180625 0.96407778125 0.46889090624999996 0.9620477890625001 0.46841679062499997 0.9966459078125001 0.48545463125 0.9971418609375
0 0.591414721875 0.5354375703125 0.591996390625 0.49688693281249996 0.494209528125 0.4950293828125 0.491653178125 0.5335225390625 0.591414721875 0.5354375703125
0 0.49038422343750004 0.5404079859375 0.489802553125 0.5789586250000001 0.5864813812499999 0.5837506593749999 0.5895640953125 0.5808736578125 0.5899848390625 0.5462739828125 0.49038422343750004 0.5404079859375
0 0.5767586328125 0.8683791375000001 0.577340303125 0.829828496875 0.47757876093749996 0.8279134671874999 0.477077553125 0.8644886234375001 0.5767586328125 0.8683791375000001
0 0.658704753125 0.9705397874999999 0.6594473468750001 0.928038184375 0.6051034328125 0.9274452078125 0.6023861593750001 0.9698893296875 0.658704753125 0.9705397874999999
0 0.6374140171875 0.4982089890625 0.63296345 0.534669184375 0.6773535046875 0.5369502390625 0.68164315 0.5044410078125 0.6807765015625 0.5014490453125 0.6374140171875 0.4982089890625
0 0.6781832828125001 0.5893867328125 0.6787649499999999 0.55083609375 0.6362691140625001 0.5505880000000001 0.6337127640625 0.5890811593749999 0.6781832828125001 0.5893867328125
0 0.7174948203125 0.8721652890625 0.7016973859375 0.8717054421875 0.697488203125 0.9022391921875 0.6943501859375 0.9792829875000001 0.7377931328125 0.9805475609375 0.7422990046875 0.8699205718749999 0.7394576796875 0.8668711281249999 0.7256349234374999 0.8664687640625001 0.7174948203125 0.8721652890625
0 0.72610521875 0.6851318046875 0.73227064375 0.679377803125 0.74909565 0.678878646875 0.7540842953125 0.556398765625 0.713643596875 0.5542326703125 0.7076273828125 0.6776715531249999 0.71425714375 0.684786921875 0.72610521875 0.6851318046875
0 0.789430165625 0.6823410812499999 0.803252921875 0.6827434453125 0.8049862171875001 0.688727371875 0.8481073140625 0.697893875 0.852298059375 0.6920823890625 0.8710977468750001 0.6916407140625 0.8748425890625 0.648237590625 0.8709736921875001 0.64614715 0.8716978515625 0.6283678109374999 0.8796770296875 0.6266222515625001 0.8805621125 0.6048919515625 0.8727438578125 0.6026865453125 0.87499679375 0.54737305 0.8829759734374999 0.545627490625 0.8849690890625 0.5209627078125 0.9076376703125 0.5226114765625 0.9088630359375 0.46825698281249994 0.82292425 0.466744315625 0.8130022671875 0.6375372828125 0.80621158125 0.6343728765625001 0.8068552765625 0.6185690203124999 0.799197946875 0.612412653125 0.8035864859374999 0.5532056765625 0.7680422578125 0.552171025 0.760757084375 0.682495353125 0.7673868453125 0.689610721875 0.779234921875 0.6899556046875001 0.789430165625 0.6823410812499999
0 0.8206588312499999 0.8633527531249999 0.8144129421875 0.8710822390624999 0.7986155078125 0.8706223921875 0.7942454031249999 0.90510710625 0.7918131078124999 0.9890938296874999 0.8323342671875 0.9892844421874999 0.8362400359375 0.9419303546875 0.83724245 0.868780040625 0.8325069062500001 0.863697634375 0.8206588312499999 0.8633527531249999
0 0.8901271359375 0.8707367765624999 0.852608225 0.8696446437500001 0.8514817562499999 0.8973013906249999 0.8453163343749999 0.9030553937500001 0.8473966296875 0.9733287046875001 0.8839684296874999 0.97340435625 0.8901271359375 0.8707367765624999
0 0.9399420062500001 0.24676720156249998 0.943971828125 0.24490668124999998 0.9455810671875 0.2053970421875 0.9249676265625 0.20183027187499997 0.9232343328124999 0.1958463453125 0.89961864375 0.193181096875 0.8972416531249999 0.20300102656250002 0.8784419671875 0.2034427015625 0.8755822046875 0.225115521875 0.874375275 0.25474775156249996 0.8802188515625 0.25689567343749997 0.8734600421875 0.4228361578125 0.9603459359375 0.4253653078125 0.9624379484375 0.3740027765625 0.9407969375 0.37139500625 0.9416820203125 0.3496647046875 0.933944225 0.3454838203125 0.9326132421875 0.3296224828125 0.9331764765624999 0.31579410937499997 0.9372062984375 0.3139335875 0.9380109171875001 0.29417876875000004 0.945990096875 0.292433209375 0.9469556421875 0.268727425 0.9391373875 0.2665220203125 0.9399420062500001 0.24676720156249998
0 0.894387209375 0.8785129843749999 0.8876772234375 0.9948017984374999 0.928282890625 0.9945655609375 0.9330577437500001 0.9241396796875 0.9348279078124999 0.8806790781249999 0.9292257156250001 0.87260470625 0.91643053125 0.8712433421875 0.9102651078124999 0.8769973468750001 0.894387209375 0.8785129843749999
0 0.9333771390625 0.9942035078125 0.942894659375 0.9944805515624999 0.9768683593749999 0.9942828984375 0.98164780625 0.8769391656250001 0.975018046875 0.8698237953125 0.9631699703125 0.8694789109375 0.9570045453124999 0.8752329171875 0.9401795375 0.875732071875 0.9333771390625 0.9942035078125
0 0.9480379859375001 0.576492540625 0.9090740125 0.5747175296875 0.9058042765625001 0.6166491359374999 0.9092594734375 0.6276831234375 0.9077521796875001 0.6838628546875001 0.9256862171875 0.68438489375 0.9329901109375 0.67757029375 0.9477128374999999 0.680340596875 0.9497142515625001 0.6312024593750001 0.9436330953125 0.6271212187499999 0.9444272546875 0.6076232125 0.9467672500000001 0.607691328125 0.9480379859375001 0.576492540625