0 0.7542580953125 0.038359207812500004 0.7855843874999999 0.0429605296875 0.798793375 0.04188485 0.800402309375 0.0320682984375 0.7557436953125001 0.025508671875 0.7542580953125 0.038359207812500004
0 0.91143084375 0.0815510875 0.9522248187500001 0.089553634375 0.959063859375 0.08452645 0.9943059390625001 0.0897029375 0.9983418625 0.07119527656249999 0.9995220781249999 0.070511721875 0.9995755328125 0.0613236046875 0.8846467546874999 0.044442435937500004 0.8807481265625 0.0730231421875 0.9081586328125001 0.0770493 0.91143084375 0.0815510875
0 0.631519815625 0.0484790140625 0.521556003125 0.0343376953125 0.5161785890624999 0.0365637046875 0.505881403125 0.0993896484375 0.5041523328124999 0.128289028125 0.5942154234375 0.14151783125 0.6024345796875 0.09748713125 0.5968826859374999 0.094661071875 0.6004223421875 0.0730646546875 0.63011253125 0.075415084375 0.631519815625 0.0484790140625
0 0.70407795625 0.063157778125 0.6582283578125 0.0554179296875 0.6538978171875 0.0879563484375 0.6986075765625 0.0965340609375 0.70407795625 0.063157778125
0 0.9900432609375001 0.1519455234375 0.9945754484375 0.13652661875 0.9877092375000001 0.12948635625 0.9897872671875 0.11069111250000001 0.874767828125 0.0968124921875 0.8688283515625 0.1391674640625 0.9295230453125001 0.1480825265625 0.934431365625 0.1548352078125 0.9520524046875 0.15742345156249998 0.9608493375 0.15268385 0.9801064859374999 0.1575229890625 0.9900432609375001 0.1519455234375
0 0.781215225 0.1307841171875 0.7858947234375 0.10834983437500001 0.785693071875 0.09123031875 0.7431156859375 0.0879922578125 0.7400994671875 0.1247448796875 0.781215225 0.1307841171875
0 0.19677061875 0.039835868749999996 0.1799676328125 0.038373071875 0.17434994374999999 0.0787647328125 0.2507077828125 0.0899804578125 0.291327278125 0.0929309375 0.2982321125 0.0446860328125 0.20001566093749998 0.0322702078125 0.19677061875 0.039835868749999996
0 0.08592282343749999 0.0668579171875 0.1285002109375 0.070095978125 0.134761471875 0.025777695312499998 0.0784788328125 0.0205265546875 0.0733574109375 0.064006975 0.08592282343749999 0.0668579171875
0 0.9831104765625 0.2158849015625 0.985684775 0.20017841406249998 0.9788185625000001 0.1931381515625 0.9805748046874999 0.17630621875000002 0.8678350453125001 0.1607518703125 0.8615737843750001 0.20507015156250002 0.9203105828125 0.21369763437499997 0.925218903125 0.22045031406249999 0.9408820484374999 0.222750975 0.949678984375 0.2180113734375 0.9712158093750001 0.2211747828125 0.9831104765625 0.2158849015625
0 0.7784936203124999 0.1535059828125 0.7385177015625 0.14662888125 0.7293060140625001 0.1844820671875 0.769281934375 0.191359165625 0.7784936203124999 0.1535059828125
0 0.608078334375 0.1576281 0.6074075890625 0.14948727343749998 0.5013595625 0.1359211203125 0.49281862031249996 0.1819151328125 0.5316546984375 0.18963009687500001 0.48744120625000004 0.1841411421875 0.4795438390625 0.2262085296875 0.5508460515625 0.2376869546875 0.5552037624999999 0.21721598437499998 0.5669511218750001 0.2189414796875 0.5688546734375 0.1950941671875 0.55938699375 0.19169294375 0.5996847 0.19660673281250002 0.600971846875 0.1887534890625 0.6185928890625 0.1913417328125 0.6245595328125 0.16105420937499998 0.608078334375 0.1576281
0 0.2862986875 0.104332175 0.1853062890625 0.0905033234375 0.18033217343750002 0.1269683640625 0.279862946875 0.14359839218749998 0.2862986875 0.104332175
0 0.9733917 0.2685881078125 0.975644209375 0.2548449328125 0.968777996875 0.2478046703125 0.9708560281249999 0.229009428125 0.856158375 0.2131674953125 0.8498971140625 0.257485778125 0.9105918046875001 0.26640084218750004 0.915500125 0.2731535234375 0.933121165625 0.27574176562499997 0.93996020625 0.2707145828125 0.9657346062500001 0.272489846875 0.9733917 0.2685881078125
0 0.7573486421875 0.25193421875 0.7614117375 0.245494003125 0.7665603296875 0.21408103281250002 0.726584409375 0.20720393124999997 0.719330615625 0.24534470000000003 0.7573486421875 0.25193421875
0 0.191361596875 0.15232928750000002 0.1883453765625 0.1890819109375 0.2999452953125 0.205474125 0.31020385781250004 0.1979333484375 0.3095331125 0.189792521875 0.313770684375 0.188404378125 0.316814078125 0.163719203125 0.254161490625 0.1545165546875 0.24732245000000003 0.159543740625 0.191361596875 0.15232928750000002
0 0.09937635 0.1743892640625 0.10303614375 0.1337100203125 0.06437454375 0.131047121875 0.06071475 0.1717263671875 0.09937635 0.1743892640625
0 0.9662563796875 0.3309495921875 0.9688306750000001 0.3152431078125 0.96392235625 0.308490425 0.9656785984375 0.2916584953125 0.8506591578125 0.27777987187500003 0.8466775765625 0.320422428125 0.9034564843749999 0.32876232656250004 0.9103226953125001 0.3358025890625 0.9279437375 0.3383908328125 0.9325030968749999 0.3350393765625 0.9582774984375 0.336814640625 0.9662563796875 0.3309495921875
0 0.7247623734374999 0.2672535859375 0.7193849578125 0.26947959374999997 0.7155506843749999 0.3051067703125 0.7261582046874999 0.30767013125 0.7573100171875 0.3072193859375 0.7605007171875 0.2755188296875 0.7583683453125001 0.2701791796875 0.7247623734374999 0.2672535859375
0 0.5083016796875001 0.265772484375 0.5079527203125 0.25566835 0.4790805890625 0.254443365625 0.47489735624999996 0.2799664046875 0.462828209375 0.280204221875 0.4583231890625 0.3076905703125 0.46974876249999997 0.3113793796875 0.46638358437500005 0.33802786406249996 0.5642782515625 0.3524069984375 0.6879473171875 0.368561396875 0.7013150625 0.293117725 0.5083016796875001 0.265772484375
0 0.951453571875 0.3986830296875 0.9540278687500001 0.38297654375 0.9474834421875 0.3739729703125 0.950205046875 0.3512511046875 0.8992998203125 0.3437739546875 0.8983072890624999 0.337596440625 0.8493599546875 0.33040687343749997 0.8466111812499999 0.3410612921875 0.843191659375 0.3435748828125 0.8068097390625001 0.339236259375 0.8005484781250001 0.38355454375 0.9434746921875 0.4045480796875 0.951453571875 0.3986830296875
0 0.205910971875 0.2560004453125 0.1421185453125 0.24763566250000002 0.13617906875000002 0.2899906359375 0.2262421625 0.3032194390625 0.30879546874999997 0.3133346 0.3176581984375 0.265377278125 0.2091560125 0.24843478437500002 0.205910971875 0.2560004453125
0 0.0880208375 0.2742554140625 0.09337108125 0.2599619578125 0.096736259375 0.2333134703125 0.050886660937499995 0.22557362187500002 0.045268971875 0.265965284375 0.0880208375 0.2742554140625
0 0.7964900593750001 0.6209784625 0.7818351640625 0.7042753765625 0.8550952703125001 0.7160413828125 0.9141538562499999 0.7227055531250001 0.9169026296875 0.712051134375 0.9270138843750001 0.7115257374999999 0.928917434375 0.6876784234375 0.9233655437499999 0.6848523656250001 0.9256180531249999 0.671109190625 0.9340932000000001 0.6683329015624999 0.9359967499999999 0.6444855875 0.9265290703125 0.6410843640625 0.92781621875 0.6332311203125001 0.9312357406249999 0.6307175296875001 0.9460808328124999 0.6318927453125001 0.9605612484374999 0.543543759375 0.9595687171874999 0.5373662453125 0.953520559375 0.531451428125 0.8169642921875001 0.5144093984375 0.8042672890624999 0.597993896875 0.833635690625 0.6023076374999999 0.834628221875 0.6084851515625 0.8933650203125 0.61711263125 0.9030071796874999 0.625565925 0.8976297656250001 0.6277919359374999 0.88588240625 0.6260664390625 0.8790433656250001 0.6310936218750001 0.7964900593750001 0.6209784625
0 0.28558235625 0.47943060624999995 0.2915218296875 0.4370756328125 0.2874315640625 0.4314484 0.0980121796875 0.4066416359375 0.09142913124999999 0.45292323124999995 0.17170275625 0.464714121875 0.28558235625 0.47943060624999995
0 0.44073487812499995 0.5646262578125001 0.4388041546875 0.5764061218750001 0.431965115625 0.58143330625 0.4303561796875 0.5912498609375 0.4357607640625 0.6010912984375001 0.4612133765625 0.6048298734374999 0.464485590625 0.609331659375 0.47786905625 0.6133080484375 0.48470809687500005 0.6082808640625 0.5434448953125 0.6169083468750001 0.5468644171875 0.614394753125 0.552013009375 0.5829817796875 0.5296581296875 0.578692925 0.5211558125 0.5694017687499999 0.4761242671875 0.5627873671875 0.4653694375 0.567239384375 0.44073487812499995 0.5646262578125001
0 0.6787510906249999 0.6947797 0.7037074390625 0.6954295187499999 0.711899421875 0.6393313703125 0.66736414375 0.6358057265625 0.6583541046875 0.6907784265625 0.6787510906249999 0.6947797
0 0.2444501625 0.5779389109374999 0.156023178125 0.5669609984374999 0.1518127734375 0.5804165921875 0.1310940015625 0.57837863125 0.12965954531249999 0.5932472515625 0.1523362109375 0.5955727984375 0.1489438625 0.6101538375 0.2370490625 0.6230950578125001 0.2444501625 0.5779389109374999
0 0.7953313921875 0.7141452421875 0.7903572796875 0.75061028125 0.884336159375 0.7644142515625 0.919081971875 0.76650198125 0.9226216296875001 0.7449055625 0.9115178437499999 0.7392534453125 0.9129523 0.7243848234375 0.86008918125 0.716620090625 0.8532501390625 0.7216472765625 0.7953313921875 0.7141452421875
0 0.26051434218749997 0.6352032859375 0.1004633578125 0.6147102656250001 0.09484567031249999 0.6551019265625 0.253435028125 0.6783961234375 0.26051434218749997 0.6352032859375
0 0.6990007687500001 0.705796353125 0.654787275 0.7003073984375 0.6498131625 0.7367724375 0.6925650296875 0.7450625671875 0.6990007687500001 0.705796353125
0 0.15305120156250002 0.6726225625 0.11307528281250001 0.6657454609375 0.10745759531250001 0.7061371234375 0.21090415468749998 0.7233423171875 0.21593260937499997 0.7110121703125001 0.2202631484375 0.6784737515625 0.15565266875 0.668983521875 0.15305120156250002 0.6726225625
0 0.5239693375 0.7602004953125 0.530579559375 0.7259863484375 0.50398710625 0.7230856390625 0.5010366796875 0.7166205406249999 0.450131453125 0.709143390625 0.44525030625 0.7144581578125 0.41865785468750005 0.711557446875 0.41672713124999994 0.7233373125 0.409888090625 0.7283644953125 0.4082791546875 0.73818105 0.4123694203125 0.7438082828125 0.46882653906250005 0.7541114906249999 0.5239693375 0.7602004953125
0 0.5980512609375 0.783455009375 0.603723290625 0.76719824375 0.60612310625 0.7464396875 0.5658254 0.7415259 0.55921518125 0.7757400453125001 0.5980512609375 0.783455009375
0 0.8946557859375 0.8167372937499999 0.9067249343749999 0.816499478125 0.9118735265625 0.7850865078125 0.7896660859375 0.7661309328125 0.7862737375 0.7807119734375 0.7745263765625 0.778986478125 0.7706649328124999 0.8025462062500001 0.75468 0.80220885625 0.7524274906249999 0.8159520312499999 0.766950796875 0.8190905578125 0.7642291921875 0.841812421875 0.775654765625 0.845501228125 0.7745420953125 0.8584065390625 0.78628945625 0.8601320359375 0.800316496875 0.8601818031249999 0.8032397515625 0.8545794546875 0.8991765234375 0.8686710062499999 0.90546495625 0.8364201703124999 0.892081490625 0.8324437781249999 0.8946557859375 0.8167372937499999
0 0.6823879796875 0.7888056859375 0.6443699546875 0.78221616875 0.633254715625 0.843916665625 0.671272740625 0.8505061828124999 0.6823879796875 0.7888056859375
0 0.118274875 0.724351459375 0.113622546875 0.7588531890625 0.22685857343750002 0.7774962953125 0.23515924375 0.7696679375000001 0.236768178125 0.7598513828125 0.23022375312499999 0.7508478078125 0.23197999687499998 0.7340158765625 0.17715898125 0.7259635609374999 0.1703199421875 0.7309907453125 0.118274875 0.724351459375
0 0.5154294328125 0.8123048 0.521717865625 0.780053965625 0.4954472 0.7751899421874999 0.4921749875 0.7706881546875 0.44322765468750003 0.7634985875 0.4344307203125 0.7682381890625 0.41289389375 0.76507478125 0.40982333125 0.777692509375 0.40298429062499996 0.7827196937500001 0.40169714218749997 0.7905729359375 0.40742351406250005 0.7984510640625 0.47399188593749997 0.808228875 0.5154294328125 0.8123048
0 0.58918853125 0.8314123312499999 0.5941626453125 0.7949472921875 0.556962671875 0.7894832218750001 0.5398378968750001 0.789983734375 0.5348637828125 0.8264487734375001 0.57597954375 0.8324880109375 0.58918853125 0.8314123312499999
0 0.8735974765625001 0.8925190687500001 0.8747101453124999 0.87961375625 0.8512154265625 0.8761627640625 0.8446710015625 0.8671591921875 0.7996394546875 0.8605447890625 0.7928004125 0.8655719749999999 0.7662079609375 0.8626712624999999 0.7631917390625 0.8994238859375001 0.8708758718749999 0.9152409328125 0.8765750734375001 0.9110516140625 0.8785057953125 0.8992717484374999 0.8735974765625001 0.8925190687500001
0 0.21848866249999999 0.821504853125 0.2210629578125 0.8057983671875 0.2161546375 0.7990456859374999 0.2169455203125 0.7881036859375 0.1914929078125 0.7843651109375 0.1849484828125 0.7753615375 0.1712432296875 0.7733484578125001 0.1395951484375 0.7707104453125 0.1327561078125 0.77573763125 0.10779976093750002 0.7750878125 0.103469221875 0.8076262312500001 0.2127894609375 0.8256941734375 0.21848866249999999 0.821504853125
0 0.47912123749999996 0.84563509375 0.49396633124999995 0.8468103093750001 0.497653296875 0.8181985109375001 0.39274511093750003 0.8037944937500001 0.387127421875 0.8441861562499999 0.474910834375 0.8590906859375 0.47912123749999996 0.84563509375
0 0.58862646875 0.87154129375 0.5928097 0.8460182546875 0.5903555421875 0.8426419140625001 0.5480999421875 0.8374405421875 0.5431258296875 0.873905584375 0.5839198015625 0.88190813125 0.58862646875 0.87154129375
0 0.6748939125 0.86511210625 0.6287225249999999 0.8593355687500001 0.6257063046875 0.8960881921875 0.6687799578125 0.9024150109375 0.6748939125 0.86511210625
0 0.7432786828125 0.9207043078125 0.7395917187500001 0.949316103125 0.8727284640624999 0.968871725 0.8807073453125 0.963006678125 0.883281640625 0.9473001921875 0.8744575343750001 0.9399723468750001 0.8736123109375 0.9267794531250001 0.7354199390625 0.907486528125 0.735768896875 0.9175906656249999 0.7432786828125 0.9207043078125
0 0.20530671093750003 0.8337190718749999 0.12193535156249999 0.8224784640625 0.11599587656250002 0.8648334359375 0.1982273953125 0.876911909375 0.20530671093750003 0.8337190718749999
0 0.6642205984375 0.905766465625 0.6239228921875 0.9008526781249999 0.6192705640625 0.9353544062499999 0.6584284312500001 0.9411060609374999 0.6642205984375 0.905766465625
0 0.0927637546875 0.8734080703125 0.0877896421875 0.9098731109375 0.19547377500000002 0.9256901578125 0.2015877296875 0.8883872546875 0.1800509015625 0.8852238437500001 0.1731846890625 0.8781835812500001 0.15360575625 0.8753077546875 0.121957678125 0.8726697421875 0.119356209375 0.87630878125 0.0927637546875 0.8734080703125
0 0.8778713265625001 0.9897173453124999 0.8778813890625001 0.9896559546875 0.8724768046875001 0.979814515625 0.7359205390625 0.9627724859375 0.7336952 0.9885831093749999 0.7274997328125 0.9896836718750001 0.7273458171875 0.99146886875 0.8778713265625001 0.9897173453124999
0 0.377034415625 0.9372791421875 0.37478190625 0.9510223171875 0.378872171875 0.9566495500000001 0.48851419687500003 0.97275418125 0.495271725 0.93152465625 0.3875875953125 0.915707609375 0.38419524374999997 0.9302886484374999 0.377034415625 0.9372791421875
0 0.6279949390625 0.9606863875 0.6236814749999999 0.9926751125 0.69083879375 0.991893665625 0.693745259375 0.9693387515625 0.6279949390625 0.9606863875