0 0.622099421875 1 0.6255165468749999 0.9674882312499999 0.619261571875 0.9597639812500001 0.5613476453125 0.9536769828124999 0.5522020734375 0.9446393703125 0.5400099843749999 0.945377025 0.5333891984375 0.9507384312499999 0.48745746562500003 0.9459108109375001 0.4819461734375 0.9887420484374999 0.54474773125 0.9963523046875 0.5475843499999999 0.9885740734375 0.559566540625 0.989833453125 0.5609338828125 0.9960344437499999 0.605712975 1 0.622099421875 1
0 0.41425698437499997 0.9796085359375001 0.45130702500000003 0.9824931046875 0.4544014890625 0.9434460343750001 0.4195583796875 0.9387743296875 0.41425698437499997 0.9796085359375001
0 0.9502020218749999 1 0.95160845625 0.9866186734375001 0.9076737546875 0.98200095 0.9012628656249999 0.9853653250000001 0.8295796125000001 0.9758120187499999 0.8156543703124999 0.9834343343749999 0.8141850953124999 0.9974135578125001 0.8173015781249999 1 0.9502020218749999 1
0 0.2779790109375 0.9218746453125 0.2812894015625 0.9191939421875001 0.2848036625 0.8761528078125 0.23288083125 0.8706954984375 0.22573229062500003 0.861867784375 0.1758064921875 0.856620371875 0.1713926359375 0.8601946421875001 0.1383366609375 0.8577298656250001 0.135817903125 0.8816942484375 0.147590196875 0.8849506609375 0.144597665625 0.903817515625 0.18632543906250001 0.9102223734375 0.189371953125 0.9004471109375001 0.2013541453125 0.9017064906250001 0.202091796875 0.913898578125 0.2779790109375 0.9218746453125
0 0.8969449109375001 0.9303959796875001 0.831042859375 0.9234693953124999 0.823318609375 0.92972436875 0.8216394375 0.945700625 0.8252137078124999 0.9501144828125 0.82421820625 0.9691912328125 0.8941143234375 0.9765376109374999 0.902732140625 0.9713860999999999 0.9098806828124999 0.9802138156250001 0.9518906406250001 0.9839338640624999 0.95685586875 0.936692875 0.9129211671874999 0.932075153125 0.9043033484375 0.9372266625 0.8969449109375001 0.9303959796875001
0 0.870449709375 0.8751148078125001 0.8678229890625 0.8808960046875001 0.8367640453125 0.8786411265625 0.8332497859375 0.9216822609375 0.901148871875 0.9288187421874999 0.9077696578125 0.9234573359375 0.9133409609375001 0.9280810890625 0.9573489500000001 0.9320015265625001 0.9623131781250001 0.884770046875 0.91638144375 0.8799424265625 0.9117576906249999 0.8855137281250001 0.904399253125 0.8786830484375001 0.870449709375 0.8751148078125001
0 0.9112299343749999 0.8713246078125 0.916591340625 0.8779453937499999 0.962602215625 0.8820200343750001 0.9679803843749999 0.8308501828124999 0.9440160015625001 0.828331425 0.9353981843750001 0.8334829359375 0.9214189609375 0.832013659375 0.916057553125 0.8253928734375 0.912063490625 0.8249730812499999 0.89524765 0.8312820375 0.88410504375 0.8220345296874999 0.876116915625 0.8211949437499999 0.8694961296875 0.82655635 0.8437446124999999 0.8218306656250001 0.8296094734375 0.8314500125000001 0.8303471265625 0.8436421 0.8377055640625001 0.8504727828125 0.8367100640625 0.869549534375 0.90460915 0.876686015625 0.9112299343749999 0.8713246078125
0 0.9696887796875 0.81459588125 0.9755366593750001 0.7589570343750001 0.9335989874999999 0.7545492078125 0.91846231875 0.744881909375 0.9116316375 0.7522403468750001 0.9002791359375 0.7449898734375 0.8843028796875 0.7433107 0.8734781343750001 0.7502493453125 0.84352265625 0.7471008984374999 0.840002365625 0.7517786328125 0.8453637734375 0.7583994171875 0.8413757390625 0.796343025 0.8842069765625 0.8018543156250001 0.8915654156249999 0.8086849953125 0.9035476062500001 0.809944375 0.9061743281249999 0.8041631765625 0.9095387015625 0.8105740640624999 0.9696887796875 0.81459588125
0 0.21718625625 0.6550220796875 0.19921296875 0.6531330109375 0.19479911249999998 0.656707284375 0.1648436328125 0.6535588359375 0.16153324062500002 0.6562395375000001 0.15943427500000001 0.6762098578125 0.16479568125 0.68283064375 0.1638001796875 0.70190739375 0.2789443609375 0.7109808953125001 0.2828784125 0.663945696875 0.24094074375000002 0.6595378703125 0.23032589374999998 0.6644794843749999 0.2223377640625 0.6636398984375 0.21718625625 0.6550220796875
0 0.586007471875 0.6998440312499999 0.5786490343749999 0.6930133484375001 0.5147440125 0.6862966609375001 0.5114336203125001 0.6889773640625 0.507919359375 0.7320184984375 0.5873808421875 0.7444084234375 0.6483952656249999 0.74981175 0.654170434375 0.7140750734375 0.6459184296875 0.7061409265624999 0.586007471875 0.6998440312499999
0 0.85465923125 0.7179850046875 0.9245553484375 0.72533138125 0.925814728125 0.713349190625 0.953773175 0.7162877421875 0.95493061875 0.724485765625 0.978953534375 0.7264476390625 0.9837226234375 0.681072790625 0.9497730796875 0.6775045484375 0.8377293968749999 0.6677473765624999 0.8361042046874999 0.692815225 0.8538675953125001 0.6967013234375 0.85465923125 0.7179850046875
0 0.455198865625 0.6669141109375001 0.47984691875 0.672533365625 0.6555857281249999 0.6910042578125 0.6613129453125 0.6845393875 0.6637777218750001 0.6514834109375001 0.5641360234375 0.6389915546875 0.560669715625 0.65276088125 0.540699396875 0.6506619171875 0.53996174375 0.6384698281250001 0.4600804671875 0.6300739671875 0.455198865625 0.6669141109375001
0 0.533226965625 0.5872846515625 0.5288191390625 0.629222321875 0.6555257171875 0.643549265625 0.6590939578125 0.6095997234375 0.652838984375 0.601875475 0.533226965625 0.5872846515625
0 0.4478283671875 0.5833566296875 0.4489378609375 0.6208264609375 0.478893340625 0.623974909375 0.488194828125 0.6219238953125 0.48997593437500003 0.5857674234375 0.471109078125 0.5827748921875 0.4478283671875 0.5833566296875
0 0.1889337796875 0.45317197187499997 0.1813714765625 0.486701721875 0.18762645 0.494425971875 0.2137977609375 0.49515759375 0.2240467984375 0.5033016359375 0.2103314546875 0.508926921875 0.1624026875 0.5038894046875 0.1559978296875 0.5456171796875 0.23167514531250002 0.5555902781250001 0.2427097875 0.5466546015625 0.287747953125 0.55037875625 0.29000283437499996 0.5193198140625 0.272029546875 0.5174307453125 0.270662203125 0.5112297531250001 0.23382206249999998 0.5063481515625 0.2431235515625 0.5042971374999999 0.269084965625 0.5070257921875 0.2759156484375 0.499667353125 0.3078681578125 0.5030256984375 0.3117002765625 0.476170715625 0.3096492625 0.4668692265625 0.2515254421875 0.4627792609375 0.2441670015625 0.455948578125 0.2022293328125 0.4515407515625 0.1889337796875 0.45317197187499997
0 0.3237485109375 0.5632484859375 0.39874215625 0.5701210875 0.40204651875 0.5290769859375 0.328366234375 0.5193137828125 0.3237485109375 0.5632484859375
0 0.6608029906249999 0.4492614625 0.5867029125000001 0.4434923234375 0.5755603078125 0.43424481562499995 0.521640446875 0.428577609375 0.5185999609375 0.4767162734375 0.6674837874999999 0.49135504843750005 0.6708421312499999 0.45940253750000004 0.6608029906249999 0.4492614625
0 0.006696617187499999 0.410082053125 0.0285894890625 0.41309954062500004 0.035570054687500005 0.356289078125 0.012682053125 0.353134434375 0.006696617187499999 0.410082053125
0 0.18808213437500002 0.3844333015625 0.1943371078125 0.39215754999999997 0.27821244843750004 0.40097320468750003 0.2806292734375 0.3971890375 0.31767931250000003 0.40007360625 0.3197242953125 0.3710116953125 0.27978365781250003 0.3668137640625 0.27904600468749996 0.3546216765625 0.201161759375 0.3464357125 0.1985890203125 0.36130850312499996 0.18976130625 0.3684570453125 0.18808213437500002 0.3844333015625
0 0.37243272968749996 0.35938928593749997 0.3757370921875 0.3183451828125 0.1800279640625 0.2977753234375 0.1749364671875 0.33661249843749996 0.1774072734375 0.34191992187500003 0.245306359375 0.34905640312499997 0.2481429765625 0.3412781734375 0.2860865828125 0.34526620625 0.287244028125 0.3534642296875 0.37243272968749996 0.35938928593749997
0 0.617383984375 0.3821060609375 0.6209582546875 0.3865199171875 0.6768751484375 0.39239701875 0.68175675 0.3555568765625 0.671717609375 0.345415803125 0.6397650984375 0.3420574578125 0.5676620531250001 0.336498215625 0.5621507625 0.3793294546875 0.58301465 0.3825318828125 0.58742850625 0.3789576125 0.617383984375 0.3821060609375
0 1 0.3815215328125 0.8734178328125 0.36661535 0.8679005125 0.37108318749999997 0.8664312375 0.3850624125 0.873789675 0.39189309375 0.8710070390625001 0.4087629171875 0.9646576421875 0.420625084375 0.9677041578125 0.410849821875 0.9816833812500001 0.412319096875 0.982840825 0.420517121875 1 0.42195259687500003 1 0.3815215328125
0 0.38063075468749996 0.3582318390625 0.40948276874999995 0.3622738546875 0.41257723437499993 0.3232267828125 0.385722253125 0.319394665625 0.38063075468749996 0.3582318390625
0 0.0234488421875 0.250695284375 0.029141075 0.2445632546875 0.0306103515625 0.23058403125 0.025981054687499998 0.2266028875 0.0234488421875 0.250695284375
0 0.698464628125 0.3310647375 0.701822971875 0.2991122265625 0.689996696875 0.28676422343749997 0.569964884375 0.276167465625 0.56922723125 0.26397537656250003 0.5452628500000001 0.26145661875 0.4871390265625 0.2573666515625 0.4816277359375 0.300197890625 0.5763818046875 0.311166490625 0.5793263859375 0.3215714421875 0.698464628125 0.3310647375
0 1 0.2708886546875 0.9945890000000001 0.27031993593750003 0.9857612874999999 0.2774684765625 0.9717820640625 0.2759992015625 0.964633521875 0.2671714875 0.9506542984375 0.26570221250000003 0.9438236171875 0.27306065 0.9346780421875 0.26402304062500004 0.9246928828125001 0.2629735578125 0.9158651687500001 0.2701220984375 0.8921106828124999 0.2656063078125 0.8799725765625 0.275435553125 0.8789230937499999 0.2854207125 0.8880686671875001 0.294458321875 0.8872830625000001 0.3115380421875 1 0.32338506875 1 0.2708886546875
0 0.6918317828125 0.25969934375000003 0.6958198171875 0.2217557390625 0.6877777078125 0.21182455937500003 0.635854878125 0.20636725 0.626709303125 0.197329640625 0.6087360171875 0.195440571875 0.597701375 0.20437625 0.5455686484375 0.200915971875 0.5402672546875 0.241750178125 0.5749004671875 0.248418915625 0.6918317828125 0.25969934375000003
0 0.033005217187500005 0.15977245 0.047048321875 0.1606339328125 0.055809993749999995 0.067667 0.0428942546875 0.06568454375 0.033005217187500005 0.15977245
0 1 0.1719531 0.9289867171875 0.164489303125 0.8986114453124999 0.16533491875 0.8908871953125 0.17158989375 0.8894179187500001 0.1855691171875 0.8949892234375 0.1901928703125 0.8942036171875 0.2072725890625 0.960105671875 0.214199175 0.9645195281250001 0.2106249046875 0.9784987515625 0.2120941796875 0.9796561968749999 0.220292203125 1 0.22202794843749998 1 0.1719531
0 0.331244484375 0.1077213421875 0.3257331921875 0.1505525796875 0.3665673984375 0.15585397343750002 0.3700876890625 0.1511762390625 0.373865825 0.115229665625 0.331244484375 0.1077213421875
0 0.5772512515625 0.1588163578125 0.55617746875 0.157610959375 0.5544982953125001 0.17358721562499999 0.6894028984375 0.1867567125 0.6949141890625 0.143925475 0.5810833703125 0.1319613734375 0.5772512515625 0.1588163578125
0 0.38585404687499997 0.1548524421875 0.4229040859375 0.1577370125 0.42620844843750005 0.11669290937500001 0.38936830625 0.1118113078125 0.38585404687499997 0.1548524421875
0 0.5273734046875 0.1242971375 0.49610456562499994 0.1240392875 0.49280020156250004 0.165083390625 0.53384430625 0.168387753125 0.5362551 0.1262401859375 0.5273734046875 0.1242971375
0 0.722128953125 0.0963085390625 0.6162862609374999 0.0851840234375 0.510233671875 0.076056540625 0.50472238125 0.118887778125 0.589491290625 0.128806896875 0.5931674953125 0.11304053750000001 0.606043253125 0.11540338125 0.605467546875 0.13048606875 0.657600271875 0.1339463453125 0.6612764765625 0.1181799875 0.6732586671874999 0.11943936562499999 0.673996321875 0.131631453125 0.7190344859375 0.135355609375 0.722128953125 0.0963085390625
0 1 0.11608872343750001 0.9927777453125 0.11465940781249999 0.9406450171875 0.11119913125 0.9318173046875 0.11834767187499999 0.9038588578125 0.115409121875 0.9005484640624999 0.11808982500000001 0.8988692921875 0.1340660796875 0.9042306984374999 0.140686865625 0.9025515265624999 0.156663121875 0.9258322390625 0.1560813828125 1 0.163876728125 1 0.11608872343750001
0 0.06311445 0.06540608906249999 0.066628709375 0.0223649546875 0.0497588875 0.0195823171875 0.047704609375 0.019917067187500002 0.043216509375 0.062618490625 0.06311445 0.06540608906249999
0 0.20526813281249998 0 0.20006403593750002 0.0495136765625 0.303909696875 0.060428295312500005 0.304437453125 0.074617415625 0.43823859218749994 0.08868048125 0.4515341421875 0.0870492609375 0.45802485937500004 0 0.20526813281249998 0