0 1 0.93638539375 0.9878183953124999 0.9373098703125 0.9783519703125 0.9292955671875 0.935061203125 0.93258095625 0.927211321875 0.9419094171875001 0.894541178125 0.9422056140624999 0.8876725343749999 0.9503680156250001 0.8890870124999999 0.9655429328125 0.9007179781250001 0.973392965625 0.90141071875 0.9777067546874999 1 0.9702246921875 1 0.93638539375
0 0.30197655625 0.9577031406250001 0.3147617171875 0.9545496765625 0.3115577296875 0.9318694375 0.144888278125 0.9445181874999999 0.14653393125 0.9738662343750001 0.15755869218750002 0.9752127328125001 0.160762678125 0.997892971875 0.22353429062500002 0.99312915625 0.2246884875 0.9821256625 0.30261186875 0.9762119609375001 0.30197655625 0.9577031406250001
0 0.6885059 0.9534755265625 0.7022722953125 0.9491560046874999 0.6988371328125 0.912302634375 0.686022865625 0.9034508140625 0.6299469359375001 0.909889665625 0.620682578125 0.9040432078125 0.5535818906250001 0.9091355625 0.5554296109375 0.940651453125 0.5599898624999999 0.9544960437500001 0.6249260140625 0.9495679593749999 0.638721515625 0.9572537249999999 0.6885059 0.9534755265625
0 1 0.8752563375 0.94752786875 0.8792385140625001 0.9416404578125 0.8862348593749999 0.8873249328125 0.8881737515625 0.8804562859375 0.8963361515624999 0.8822749015625 0.915846759375 0.8911351249999999 0.9173575265625 0.8925496031250001 0.9325324453125001 0.952175440625 0.92909895625 0.9539358421875 0.9245989953124999 1 0.9204478890625 1 0.8752563375
0 0.3121348296875 0.9263676875 0.31092241875000004 0.913360615625 0.299897659375 0.9120141171875 0.296491603125 0.8871660312499999 0.214239146875 0.8934082734375 0.2110642671875 0.8827333156250001 0.14612811718750002 0.8876614 0.1414240109375 0.8956595343749999 0.14304055625 0.913002296875 0.149938309375 0.9168451781250001 0.1533443625 0.9416932640625 0.3121348296875 0.9263676875
0 1 0.8212037171875 0.942678228125 0.8272102265625 0.9355784078125 0.8211994984375 0.9031103328125001 0.823663540625 0.8828503218750001 0.82847586875 0.8842648000000001 0.8436507859375 0.878377390625 0.8506471296875 0.8801960062499999 0.8701577390624999 0.8882770593749999 0.8750024078124999 0.9400239109375 0.8688920953125001 0.9471237328125 0.8749028234375 1 0.868689825 1 0.8212037171875
0 0.6977685796875 0.8774528406250001 0.6889083578124999 0.8759420734375001 0.6857043703125 0.8532618328125 0.5642881562500001 0.860293078125 0.568329521875 0.9036499843750001 0.6991830578125 0.8926277578124999 0.6977685796875 0.8774528406250001
0 0.147455275 0.8668204640624999 0.1482635484375 0.875491846875 0.16324235468749998 0.8841793984375 0.28445650312500004 0.87498030625 0.2788276953125 0.826285921875 0.2689862390625 0.8259412125000001 0.1523032359375 0.8369796109375001 0.15293854843750002 0.8554884296875 0.147455275 0.8668204640624999
0 0.48255290312500004 0.755153859375 0.486825446875 0.8126838968750001 0.49300224375 0.84387125 0.6118497859375001 0.8326685812499999 0.6105791609375 0.7956509406250001 0.67000293125 0.7900496078125 0.66241165625 0.7436873390625001 0.5911839578125 0.7512760765625 0.5886152828125 0.747104653125 0.48255290312500004 0.755153859375
0 0.1450869890625 0.7829477484375 0.140180815625 0.788778034375 0.14416396874999998 0.8081243718750001 0.1534283265625 0.8139708296875 0.15602610781249998 0.8301475343750001 0.25972188125 0.820094753125 0.275652815625 0.8156109671875 0.26826360781249997 0.771416540625 0.20332745624999998 0.776344625 0.201942084375 0.7731749921875 0.20725239687500002 0.771680396875 0.2151022765625 0.7623519359375 0.24107673593749998 0.760380703125 0.24404955 0.7688878140625001 0.2851757765625 0.7657666937500001 0.28690707187500003 0.7492614484375 0.28249067656250004 0.7135741359375001 0.1439602203125 0.7240873828125001 0.13709157656249998 0.7322497875 0.1454620203125 0.7752781546875 0.1976130078125 0.77350353125 0.1557076140625 0.779958553125 0.1450869890625 0.7829477484375
0 0.8757779296875 0.7526012843750001 0.8783757109374999 0.7687779875 0.9627927078124999 0.7623714781250001 0.9917108734375001 0.756902071875 0.9866882703125001 0.7147112234375 0.8676386624999999 0.7237460453125 0.8629345546874999 0.7317441765625 0.8647531703125001 0.751254784375 0.8757779296875 0.7526012843750001
0 0.5914134546875001 0.6835800609375 0.58119696875 0.6909049453125 0.5335771234375 0.694518875 0.5364351875 0.7368739921875 0.6047191796875 0.7327834265625001 0.61378146875 0.736462040625 0.6818633937499999 0.7302036281250001 0.676638725 0.685844934375 0.667576434375 0.6821663203125 0.5914134546875001 0.6835800609375
0 0.19951558593750002 0.66529170625 0.136743975 0.670055521875 0.1279128609375 0.6805500375 0.1291252703125 0.693557109375 0.1379854921875 0.6950678765625 0.140006175 0.7167463296875 0.20396108906250002 0.7129843015625 0.20788603125 0.7083200734374999 0.289157253125 0.703243890625 0.2841346515625 0.6610530390625 0.2278566546875 0.6653240484375 0.22075683437500002 0.6593133203125 0.20344052656249997 0.660627475 0.19951558593750002 0.66529170625
0 1 0.5977059375 0.999384434375 0.593672765625 0.9582582046875 0.5967938859374999 0.9525728640625 0.605958075 0.9179402515625 0.6085863875 0.9084738234374999 0.600572084375 0.8846639 0.6023790484375 0.8809410312500001 0.6092111234375001 0.8571311078124999 0.6110180875 0.8502624640625 0.6191804890625 0.852485215625 0.6430267890625 0.8660786500000001 0.6485447078125001 0.8682722953124999 0.660385721875 1 0.64935805625 1 0.5977059375
0 0.62564193125 0.6766160593749999 0.6762054796875 0.669503959375 0.6708078484375 0.6349827046875001 0.6672579375 0.6319773390625001 0.6603601875 0.6281344578125 0.6160881859375 0.63258590625 0.616261146875 0.622748465625 0.661716453125 0.6192988078125 0.66466015625 0.615800634375 0.6616291328125 0.5832829546875 0.6533460078125 0.576270440625 0.5947014046875 0.5785378703124999 0.5878036546875001 0.5746949890625 0.5207029640624999 0.57978734375 0.5237630953125 0.6243103062500001 0.5383377671875 0.62866216875 0.5741536828125 0.62703564375 0.5245713703125 0.6329816890625 0.5325667828125 0.68367965 0.6014278734375 0.674087334375 0.62564193125 0.6766160593749999
0 0.3279168734375 0.69811919375 0.3594037140625 0.696821209375 0.3565456515625 0.6544660890625 0.338046040625 0.654778459375 0.32211510625 0.6592622453125 0.3279168734375 0.69811919375
0 0.1217069546875 0.6373574 0.13293378281249998 0.64087174375 0.13613776875 0.6635519859375 0.20323845937499999 0.6584596312500001 0.2093279359375 0.6536311312499999 0.2309733203125 0.6519884359375 0.2337440640625 0.658327703125 0.27585152812499997 0.654040525 0.2700206515625 0.6031782953125 0.1271611203125 0.6140200828125 0.126786090625 0.621689675 0.12049454374999999 0.624350328125 0.1217069546875 0.6373574
0 1 0.5412297171875 0.9815475640625 0.5426300953125 0.9857909984375001 0.588154846875 1 0.5868411124999999 1 0.5412297171875
0 0.23613809843750003 0.5904674203125 0.23931297968749998 0.6011423765624999 0.33042565625 0.596410903125 0.3333693640625 0.59291273125 0.32814469218750003 0.5485540375 0.11148879062499999 0.5628131421875 0.1067846828125 0.570811275 0.10840122968749999 0.5881540359375 0.1176655875 0.5940004937500001 0.11809883125000001 0.61034146875 0.17457889531249998 0.6082383078125 0.1757330921875 0.5972348125 0.1908848625 0.596084925 0.1936556046875 0.6024241921875 0.22416121093750002 0.6022922640624999 0.22531540625000002 0.5912887671875 0.23613809843750003 0.5904674203125
0 0.5385963703125001 0.5729714390625 0.585234978125 0.5705235656250001 0.59132445625 0.56569506875 0.5962597374999999 0.571870065625 0.602753353125 0.5713772578125 0.6598105171875 0.563772346875 0.652421309375 0.5195779218750001 0.6156241578125 0.5223705046875 0.6085243359375 0.516359775 0.59553710625 0.5173453921875 0.591612165625 0.5220096234375 0.5355362375 0.528448475 0.5385963703125001 0.5729714390625
0 0.449560909375 0.541522790625 0.417092834375 0.5439868328124999 0.41951765312499995 0.5700009765625 0.450802425 0.566535146875 0.449560909375 0.541522790625
0 0.8327989453125 0.47859908281249997 0.8340113546874999 0.4916061546875 0.8434777796875 0.4996204578125 0.8464797015625001 0.520132853125 0.97672703125 0.502607090625 0.9730898015625 0.463585875 0.9689336859375001 0.454076975 0.9020350640625001 0.46133717656249995 0.8949352453125 0.45532644843750003 0.8797834765625 0.456476334375 0.8697690578125 0.4659690625 0.8396675890624999 0.47043668125 0.8327989453125 0.47859908281249997
0 0.22493702187500003 0.435220075 0.219424640625 0.4345468265625 0.17633594218749998 0.44000006249999996 0.1682839921875 0.4471606765625 0.114170534375 0.45126741406250004 0.10513734999999999 0.45959408437500004 0.1073601015625 0.483440384375 0.11642239375 0.48711899531249997 0.11881810625 0.50112785625 0.1642734109375 0.49767819687500003 0.1807814453125 0.48769265937500006 0.24138851875 0.48309311250000003 0.24014700156250002 0.4580807578125 0.2249952328125 0.45923064374999994 0.22493702187500003 0.435220075
0 0.8970415703124999 0.4311516109375 0.9562632734375001 0.42338243125 0.950836534375 0.3768558921875 0.903216690625 0.380469821875 0.8992917500000001 0.38513405 0.888469059375 0.38595539843750004 0.8813692375000001 0.37994467187500003 0.8703444796875001 0.3785981734375 0.8644570671875 0.38559451562499997 0.8321910609375 0.39022640468750003 0.8253224171875001 0.3983888078125 0.8265348265625001 0.4113958796875 0.8360012515624999 0.41941018124999996 0.8374157296875 0.4345850984375 0.8409656421875 0.43759046250000005 0.882091871875 0.43446934062500003 0.89230835625 0.427144459375 0.8970415703124999 0.4311516109375
0 0.959753290625 0.320508084375 0.949911834375 0.32016337500000003 0.8206457374999999 0.3365230796875 0.8208769124999999 0.350696209375 0.8342682796875 0.3540462828125 0.837472265625 0.3767265234375 0.9647758921875 0.362698934375 0.959753290625 0.320508084375
0 0.0971693671875 0.339032265625 0.0909069265625 0.353698203125 0.09191726875 0.3645374296875 0.1080793765625 0.37422676875 0.110677159375 0.390403475 0.1712842328125 0.385803928125 0.172842565625 0.3791361234375 0.225772721875 0.3740275984375 0.220548053125 0.3296689046875 0.0971693671875 0.339032265625
0 0.6213917828125 0.3036147375 0.5802655546875 0.3067358578125 0.515733540625 0.315999634375 0.5181874671875 0.35401906250000004 0.5217373765625 0.3570244265625 0.5498763765625 0.3548889234375 0.626212315625 0.3436377421875 0.6213917828125 0.3036147375
0 0.8673408828125 0.276216634375 0.8155940296875 0.282326946875 0.810687853125 0.28815723437499996 0.81210233125 0.3033321515625 0.8211646234375 0.3070107640625 0.8229832390625 0.3265213703125 0.9107480750000001 0.3209523796875 0.95048893125 0.3146616265625 0.9452642625 0.2703029328125 0.8673408828125 0.276216634375
0 0.08903009687499999 0.3101770265625 0.0937633109375 0.314184178125 0.0965631609375 0.332528728125 0.204790078125 0.324315253125 0.2063484109375 0.3176474484375 0.21933564218749999 0.31666183124999997 0.222308453125 0.32516894375 0.3098712234375 0.31743210624999996 0.304444484375 0.270905565625 0.0921176578125 0.28483613281250003 0.091944696875 0.29467357031249997 0.08781768749999999 0.2971699546875 0.08903009687499999 0.3101770265625
0 0.4870739796875 0.2657783109375 0.48413027499999994 0.2692764828125 0.4871613 0.3017941625 0.6235272140625 0.291445184375 0.6181004765625 0.2449186453125 0.5704806328124999 0.24853257499999998 0.50574655 0.25562850312499996 0.5043902859375 0.2644641546875 0.4870739796875 0.2657783109375
0 0.9343816796875 0.16524456875 0.8942366843749999 0.16719963124999998 0.8188819796875 0.177284753125 0.8241066484375 0.22164345000000002 0.92661911875 0.2105888796875 0.92381926875 0.1922443296875 0.9366044312499999 0.18909086718749998 0.9343816796875 0.16524456875
0 0.2193613921875 0.1649288296875 0.1878745515625 0.166226815625 0.07139361718750001 0.179433059375 0.072433065625 0.20227757031250002 0.08778690156249999 0.203295528125 0.092953359375 0.22364365468749997 0.2226235921875 0.21161963906249998 0.2193613921875 0.1649288296875
0 0.9370068890625 0.11155741562499999 0.8114636640624999 0.1210850453125 0.8129363578125 0.16027053125 0.939460815625 0.14957684375 0.9370068890625 0.11155741562499999
0 0.79706195625 0.106895746875 0.9363715765625 0.09304859531250001 0.9333114453125001 0.04852563125 0.7880853078125 0.05736384375 0.793107909375 0.0995546921875 0.79706195625 0.106895746875
0 0.1172804859375 0.11045523125000001 0.116328359375 0.123626571875 0.1033411296875 0.1246121890625 0.0917101640625 0.1167621546875 0.046052792187500004 0.1180439703125 0.046544246875 0.1583955125 0.1107012328125 0.15680133125 0.18311223125 0.1502143796875 0.1778875609375 0.105855684375 0.1172804859375 0.11045523125000001
0 0.785314565625 0.0510245765625 0.92364295 0.038343484375 0.933080271875 0.0343525015625 0.9290542593750001 0.010810525 0.778988353125 0.00906435 0.7807543124999999 0.0371799859375 0.785314565625 0.0510245765625
0 0.30703723125 0.0414748453125 0.305361153125 0.0186786484375 0.22374532500000002 0.0248725734375 0.2241494625 0.029208265625 0.264496525 0.029421046875000002 0.2680755390625 0.044431695312500005 0.30703723125 0.0414748453125
0 0.478169534375 0.00556400625 0.457929953125 0.0071000140625 0.4593340828125 0.0266420765625 0.5319471515624999 0.0222229703125 0.5358720921875 0.0175587421875 0.5986437046875001 0.0127949265625 0.6023774328125 0.007009295312499999 0.478169534375 0.00556400625