0 0 0.5841488734375 0.0148891359375 0.5865231468750001 0.033948009375 0.4819946640625 0.041217853124999995 0.47696704062500006 0.0434600734375 0.464669571875 0.036382871875 0.4570260234375 0.0412410140625 0.4303815078125 0.027267671875 0.4257160046875 0.0286719546875 0.412206896875 0.0102257515625 0.4088435671875 0.0060244828125 0.426078128125 0.0028099781250000002 0.42628616406250003 0 0.44169750468749996 0 0.5841488734375
0 0.007646321875000001 0.3997612078125 0.0477750328125 0.40616027343749994 0.0619757609375 0.3282763046875 0.0220089890625 0.3209890890625 0.007646321875000001 0.3997612078125
0 0.0934805375 0.11483700625 0.097115459375 0.11232319531249998 0.10684332968750002 0.0357413984375 0.075240365625 0.029041325 0.06084054531250001 0.10801721093750001 0.0934805375 0.11483700625
0 0.1423556109375 0.9443634984375 0.1720708203125 0.769775653125 0.128191740625 0.76071624375 0.094993059375 0.9378455109375 0.1706760015625 0.9516449234375 0.1423556109375 0.9443634984375
0 0.23302867656249998 0.5341762812499999 0.22845370781250002 0.5534604234375 0.22025539374999997 0.551965609375 0.2518391203125 0.367129875 0.20181130625 0.356949353125 0.155381559375 0.60578624375 0.25459924375 0.624935646875 0.270759021875 0.5421145843749999 0.23302867656249998 0.5341762812499999
0 0.21402347656249998 0.9055467875 0.24271757031250002 0.910778634375 0.25660038125 0.9101333390624999 0.26613560937499997 0.8462227140625 0.2737791578125 0.8391455109375 0.275273971875 0.8309472 0.2709937546875 0.8195781984374999 0.2769730078125 0.7867849484375 0.27110744531250003 0.7783034625 0.2588099765625 0.7760612421874999 0.2515401328125 0.7810888671875 0.2318822890625 0.778563475 0.22496298593750003 0.828127053125 0.23036431249999997 0.8333473203124999 0.2234681734375 0.836325365625 0.21402347656249998 0.9055467875
0 0.35804347812500004 0.3886120296875 0.305592384375 0.38010738125 0.287937796875 0.47112675625 0.293712828125 0.4742974453125 0.27054321875 0.6013712875 0.283678621875 0.60482515 0.288706246875 0.6120949953125 0.3051028734375 0.615084621875 0.311161075 0.6108949328125 0.3171403296875 0.5781016828125 0.325712346875 0.57754691875 0.3425289984375 0.48531590468749997 0.35804347812500004 0.3886120296875
0 0.3827615734375 0.52018189375 0.3887408265625 0.48738864375 0.39678124062500003 0.43167633125 0.3549517390625 0.42299062187500003 0.319166746875 0.62506091875 0.325032309375 0.6335424046875 0.337329778125 0.635784625 0.34664919843750003 0.6311307046875 0.36220788593750003 0.632908690625 0.38014565 0.5345289390625 0.37110940000000003 0.5318224859375 0.37064516406250003 0.5285612671875 0.37540119843749997 0.5198987203125001 0.3827615734375 0.52018189375
0 0.543387653125 0.5219388359375 0.4954094203125 0.5121320171875 0.4710281703125 0.6400437953125 0.47521785625 0.6461020015625001 0.5174210593749999 0.65273813125 0.5269562875 0.58882750625 0.534599834375 0.581750303125 0.5357209453125 0.57560156875 0.543387653125 0.5219388359375
0 0.5136303546875001 0.406391890625 0.5071752859374999 0.4592166875 0.5497521937500001 0.463803240625 0.5611443546875 0.41293749062499996 0.5136303546875001 0.406391890625
0 0.62154533125 0.3604190296875 0.64919938125 0.208750246875 0.6587346078125 0.144839621875 0.6148555296875 0.13578021093749998 0.603553896875 0.1919567578125 0.6175272421875 0.196622259375 0.612771209375 0.20528480624999998 0.60336125625 0.2046279296875 0.594018671875 0.25586738124999997 0.6059424375 0.26015918125000004 0.6036096859375 0.267145853125 0.5921501546875 0.26611527343749997 0.57729255 0.3534091953125 0.62154533125 0.3604190296875
0 0.651044734375 0.24508788906249998 0.6421663859375 0.2995885609375 0.68641916875 0.3065983953125 0.6978229093749999 0.23243987968750002 0.7026694734375 0.22908812968749998 0.704537990625 0.21884023749999998 0.701186240625 0.21399367656249998 0.7075391984375 0.1791508484375 0.7016736375 0.1706693625 0.6852770125000001 0.16767973593750002 0.6800567453124999 0.1730810625 0.6624484796875 0.1709293734375 0.6527321921875 0.22421840468749998 0.657759815625 0.23148825 0.6558913000000001 0.24173614062499998 0.651044734375 0.24508788906249998
0 0.6757744109375 0.3533649875 0.676250225 0.3333334421875 0.6376819453125 0.3241834984375 0.628429890625 0.3807337484375 0.6682098125 0.3890457546875 0.6757744109375 0.3533649875
0 0.7535236421875 0.2637730578125 0.7443621171875 0.3256341046875 0.792340353125 0.3354409234375 0.801399765625 0.2915618453125 0.805329440625 0.2583948921875 0.801977690625 0.25354832968749996 0.8124413859375 0.1961601421875 0.8028503718750001 0.1848816734375 0.788503325 0.18226575 0.780859778125 0.1893429515625 0.7673506671875 0.18793866718750002 0.7576343796875 0.2412276984375 0.7622883 0.250547121875 0.7607934875 0.258745434375 0.7535236421875 0.2637730578125
0 0.6722289234375001 1 0.6806935734375 0.9535755781249999 0.6769681203125 0.95077859375 0.6814525609375 0.9261836562499999 0.6862991234375 0.9228319062500001 0.6960154125 0.8695428749999999 0.6935016 0.865907953125 0.679154553125 0.8632920296875 0.6741269296875 0.856022184375 0.6614557578125 0.8558295421875 0.6533479734375 0.8596455265625 0.644933859375 0.9174074171875001 0.6352407328125 0.9241109156249999 0.6233727546875001 0.9950082124999999 0.654487240625 1 0.6722289234375001 1
0 0.7292865953125001 0.6638376578125 0.742728334375 0.6133456093749999 0.7393765859375 0.6084990484375 0.74218515 0.581480828125 0.7518782765625 0.5747773296875 0.7600997515625 0.5296866125 0.7084865953125 0.5223936046875 0.696901790625 0.585930525 0.7026768203125 0.5891012156250001 0.70118200625 0.5972995265625001 0.6939121609375001 0.6023271515624999 0.6820441859375 0.6732244484375001 0.702539965625 0.6769614828125 0.7098098109375 0.6719338578125 0.7180081234375 0.6734286703125 0.7292865953125001 0.6638376578125
0 0.783685153125 0.6906979765625 0.7958363046875 0.6124403046875 0.754006803125 0.6037545953125 0.7395229046875 0.6889989390625 0.7813524015625 0.6976846484375 0.783685153125 0.6906979765625
0 0.7116762109375 0.8533388921875 0.6858001484375 0.9894489859375 0.7259537734375 0.9957114125000001 0.750618196875 0.8604392578125 0.7116762109375 0.8533388921875
0 0.8551045890625 0.5893633421875 0.87080013125 0.5032810609375 0.8686600234374999 0.4975965609375 0.8338171953125 0.49124360312500004 0.8260831156249999 0.49301000781250004 0.7898338875 0.6918190875 0.7990511984374999 0.7051471359375 0.8092990906249999 0.7070156515625 0.8106012609375 0.711488509375 0.8323086828124999 0.7143876078125 0.8521149625 0.6057599671875 0.844290353125 0.6022155765625 0.8465325734375 0.5899181078125 0.8551045890625 0.5893633421875
0 0.7823501640625 1 0.7910086703125 0.9525123734375001 0.8039072265625 0.8701555453125 0.7641273046875 0.861843540625 0.7389369796875 1 0.7823501640625 1
0 0.8787921046875 0.7323927390625 0.8848618874999999 0.7049102859375 0.9177593671875 0.501254646875 0.8779794453124999 0.49294264062500004 0.8618196703125 0.5757637015625 0.8729054968750001 0.5788438609375001 0.872248621875 0.5882538140625 0.8592037453125 0.5901107484375 0.850234865625 0.6393006234375 0.8642082078125 0.6439661265625001 0.8615922843750001 0.6583131734375 0.8468715343750001 0.6577468265624999 0.8365889 0.7257566078125001 0.8787921046875 0.7323927390625
0 0.87976510625 1 0.8968740671875001 0.9061658078124999 0.85504456875 0.897480096875 0.8563583203125 0.878660190625 0.8141551171874999 0.8720240625000001 0.79509624375 0.9765525453125001 0.7931249203124999 1 0.8354151562500001 1 0.854670865625 0.8995296765624999 0.8372691218750001 1 0.87976510625 1
0 0.9569750593749999 0.3326344734375 0.9980492999999999 0.341114790625 0.998716675 0.2264025796875 0.9759434 0.22279519531249997 0.9569750593749999 0.3326344734375
0 0.8927654484374999 0.7370582406249999 0.9349686500000001 0.7436943687500001 0.9499167859375 0.661711246875 0.944141753125 0.6585405578125 0.944334396875 0.6458693859375 0.9462029140625001 0.6356214953125 0.9527253515625 0.6346930265624999 0.9672997828125001 0.55475948125 0.9271461578125001 0.548497053125 0.8927654484374999 0.7370582406249999
0 0.9732790375 0.5219662296875 0.9763707765625 0.4875876359375 0.9382667281250001 0.4816989125 0.9316306000000001 0.523902115625 0.9705725812500001 0.5310024796875 0.9732790375 0.5219662296875
0 0.914707421875 1 0.9320467812500001 0.9049021921874999 0.92547763125 0.9060868578125 0.907869365625 0.9039351671875 0.8981530781249999 0.9572241984375 0.9031807015625001 0.96449404375 0.8973484031250001 1 0.914707421875 1
0 0.981984971875 0.631015928125 0.9583193218750001 0.6272421203125 0.9473798125 0.7046618546875 0.96787559375 0.7083988890625 0.981984971875 0.631015928125
0 0.9804467703125 0.534920575 0.9969069703125 0.5374643890625 0.9971944562499999 0.4880499484375 0.9857807296875001 0.4882445125 0.9804467703125 0.534920575