0 0.953291675 0.19175266875000002 0.9598423671875 0.24362593281249997 0.974020115625 0.2444837265625 0.9761578859375 0.2574111984375 0.9801294984375 0.25675088281249997 0.971622003125 0.1594602625 0.9515791921875 0.160649140625 0.953291675 0.19175266875000002
0 0.98783225 0.3448385453125 0.97094335625 0.3475358328125 0.9744435875 0.3875640171875 0.9914469109375 0.3861753421875 0.98783225 0.3448385453125
0 1 0.816849571875 0.6354349 0.8536664296875 0.5763603453125 0.903844403125 0.6501138453124999 0.9925589109375 0.675436975 0.99049075 0.695945365625 0.9696666390625 0.7118607609375001 0.9875159890624999 1 0.9639834171875 1 0.816849571875
0 0.8926252390625 0.6038792484375 0.8998759765625 0.6637581484374999 0.9429718875 0.6612463203125001 0.93635908125 0.5741033375 0.9321832875 0.572428675 0.9278701140625 0.5576631671875 0.9020400437499999 0.5617884328125 0.8989895828125001 0.5499433515625001 0.8880749390625 0.551842609375 0.8926252390625 0.6038792484375
0 0.89735599375 0.17414825312499999 0.8935678546875 0.1653869734375 0.848821575 0.17206499375 0.856172059375 0.256124178125 0.9041814421875 0.2522032109375 0.89735599375 0.17414825312499999
0 0.880274684375 0.43960032499999996 0.8839499265624999 0.48162991718750003 0.9239577453125 0.47836244531250005 0.9171944109375 0.435577209375 0.880274684375 0.43960032499999996
0 0.848040821875 0.6700072734375 0.886960940625 0.66582078125 0.8936997921875 0.6622468609375 0.88547425 0.56818063125 0.858206453125 0.5673840593749999 0.8555060171875001 0.5595417984375 0.8455040625000001 0.560358665625 0.8452914187499999 0.5694466921875 0.8394652578124999 0.5719382234375 0.848040821875 0.6700072734375
0 0.8755607078125 0.4893700296875 0.870447740625 0.442418603125 0.8253514390625 0.44509380312499996 0.8267138984375 0.4721945140625 0.83155210625 0.4929642484375 0.8755607078125 0.4893700296875
0 0.8533587265625 0.28155022500000004 0.8437330921875 0.171472721875 0.7968114109375 0.17631270625 0.8017117328125 0.23235216250000001 0.8082624234375 0.2842254265625 0.8533587265625 0.28155022500000004
0 0.8645970953125 0.3985509734375 0.85930911875 0.3495981359375 0.8174759187499999 0.3550303921875 0.8176133 0.3681212375 0.8236765875 0.4029008375 0.8645970953125 0.3985509734375
0 0.7876677359375 0.5670979093749999 0.7885051609375 0.5881943921875 0.7980310484375 0.6740916125 0.8409519484375 0.6695783750000001 0.83146369375 0.5725917171875 0.808371690625 0.5734698093749999 0.8056712546875 0.5656275453124999 0.7876677359375 0.5670979093749999
0 0.8015988374999999 0.265620475 0.792985640625 0.1786408640625 0.7478893375 0.1813160640625 0.7490767859374999 0.20641536562499999 0.756502534375 0.26829567499999996 0.8015988374999999 0.265620475
0 0.776429365625 0.4500971625 0.7801046078125 0.49212675156249996 0.8221128171875 0.48869590625 0.817349875 0.44574729843750005 0.776429365625 0.4500971625
0 0.7903795078125 0.6787479249999999 0.766990078125 0.44582881875 0.29542284531249996 0.49038921562500004 0.2957352375 0.505481471875 0.3247531484375 0.5262921328125 0.3745126453125 0.5423852578125 0.4137451546875 0.5532910234374999 0.49151012656250004 0.56709691875 0.665369128125 0.55088200625 0.667156875 0.5598066609375 0.6744207609374999 0.5622369671875 0.7347825140625 0.5613385765625 0.7393704453125001 0.6022857765625 0.733544284375 0.6047773078125 0.740369734375 0.682832265625 0.7903795078125 0.6787479249999999
0 0.7092929453125 0.3044025609375 0.75238885625 0.301890734375 0.75407685625 0.28663510468750003 0.7429758671875 0.182725203125 0.6958791718749999 0.185563778125 0.6967165984375 0.20666026093749998 0.7060674734375 0.29055607031249997 0.7102432671875001 0.292230734375 0.7092929453125 0.3044025609375
0 0.7141932671875 0.3604420171875 0.718043521875 0.4044730203125 0.7620521234375001 0.4008788 0.7551137765625 0.3560921546875 0.7141932671875 0.3604420171875
0 0.725749471875 0.00876598125 0.7250702 0.004218334375 0.6769750906249999 0.0039385265625 0.6777400890624999 0.012686946874999999 0.725749471875 0.00876598125
0 0.7015792890625 0.2737891546875 0.6929660921874999 0.18680954375 0.646044409375 0.191649528125 0.64548174375 0.19673473749999998 0.654482596875 0.27662772812499997 0.7015792890625 0.2737891546875
0 0.668709309375 0.3702038390625 0.6725595640625001 0.4142348390625 0.7105669921875 0.411130740625 0.7056290375 0.36618072343749997 0.668709309375 0.3702038390625
0 0.595121946875 0.196816259375 0.602997465625 0.28687966875000004 0.6510068484375 0.282958703125 0.6440063874999999 0.2029023390625 0.6373428 0.184297384375 0.6233400625 0.185441 0.62203971875 0.19361001093750002 0.595121946875 0.196816259375
0 0.62011640625 0.0103381609375 0.619361803125 0.0036033421874999997 0.576189965625 0.003352175 0.57702049375 0.0128499890625 0.62011640625 0.0103381609375
0 0.5683021078125 0.38545913593750003 0.5708896484375 0.4265697109375 0.61181015625 0.42221984843750004 0.6093976265625 0.3831106828125 0.5683021078125 0.38545913593750003
0 0.5982966375000001 0.2792007796875 0.5898584515625 0.194222578125 0.5451121718749999 0.2009005984375 0.552112634375 0.2809569640625 0.5553757375 0.2837140171875 0.5982966375000001 0.2792007796875
0 0.54824923125 0.2943745578125 0.5391109984375 0.2013907203125 0.49401469843749996 0.204065921875 0.49555216875 0.233168040625 0.503327940625 0.29905116875000004 0.54824923125 0.2943745578125
0 0.520693528125 0.324844890625 0.5190431609374999 0.32901108125 0.5081285156249999 0.330910340625 0.5121537796875 0.3769427515625 0.5561623828125 0.37334853125 0.55069939375 0.3223942859375 0.520693528125 0.324844890625
0 0.52800638125 0.41999351249999994 0.5294064734374999 0.436004784375 0.558499646875 0.43463657187500004 0.5612377171875 0.43138939687500005 0.5569998078125 0.3944450140625 0.536083209375 0.3971611421875 0.537833325 0.417175234375 0.52800638125 0.41999351249999994
0 0.47482554375 0.019180634375 0.47896370624999995 0.031944734375 0.520796903125 0.0265124796875 0.5192244890625 0.0030207593750000003 0.4781695234375 0.0027819093749999997 0.47383563906250004 0.0031358609375 0.47482554375 0.019180634375
0 0.4486926015625 0.27327774531250004 0.453705821875 0.29604888906250004 0.4986271125 0.2913722796875 0.48910122500000003 0.20547505937500002 0.48492543125000004 0.203800396875 0.48348770781250006 0.1988785609375 0.4714853609375 0.19985880312499998 0.4701850171875 0.2080278125 0.4430922328125 0.209232653125 0.4486926015625 0.27327774531250004
0 0.4214152859375 0.0074170749999999995 0.4238654484375 0.035436803125 0.4676990390625 0.029841174999999998 0.46489295 0.00386621875 0.4214152859375 0.0074170749999999995
0 0.43996650937500004 0.2195664453125 0.43242786562499996 0.1909544453125 0.393507746875 0.19514093593749998 0.39655820625 0.20698601718749998 0.3907320453125 0.209477546875 0.3952823453125 0.261514184375 0.4015206453125 0.29829519375 0.44644193593750003 0.29361858281250003 0.43996650937500004 0.2195664453125
0 0.271220475 0.282732784375 0.28935955625 0.4556096171875 0.4082953140625 0.4448881828125 0.38550618281250004 0.19579443125 0.21273488281250003 0.21292836093749998 0.2261731390625 0.3781263015625 0.250177828125 0.37616581875 0.2403019203125 0.28626578125 0.271220475 0.282732784375
0 0.44699599375 1 0.39246175625 0.9319656203125 0.358455109375 0.934742971875 0.2757014015625 0.9445250906249999 0.2805523578125 1 0.44699599375 1
0 0.32072894218750003 0.015640214062499998 0.324583578125 0.0405216828125 0.36950486875 0.0358450734375 0.3658726046875 0.0119532921875 0.32072894218750003 0.015640214062499998
0 0.27113568906249996 0.0398475609375 0.27457380468750003 0.044606021875 0.31658201406250003 0.0411751765625 0.3149263875 0.016114110937500002 0.2698504265625 0.019795503125 0.27113568906249996 0.0398475609375
0 0.21937579999999998 0.0239178078125 0.2214759375 0.04793471875 0.26748492968750004 0.044177125 0.26487443125 0.020201896875 0.21937579999999998 0.0239178078125
0 0.25890029531250003 0.7523898109375 0.2869057671875 0.75010258125 0.257537834375 0.7252891015625 0.25890029531250003 0.7523898109375
0 0.195371109375 0.025878292187500002 0.197646259375 0.051896609375 0.21747515625 0.048261465625 0.21384289218750002 0.0243696859375 0.195371109375 0.025878292187500002
0 0.9120340312499999 0.353524178125 0.8659833656249999 0.35857925625 0.8750418859375 0.408995953125 0.9238777578124999 0.4003572609375 0.9120340312499999 0.353524178125
0 0.811184578125 0.35220217656249997 0.76502155625 0.35597234843750003 0.773349453125 0.4157511828125 0.8177030078125 0.409028640625 0.811184578125 0.35220217656249997