0 0.009171598437500001 0.8600803109375 0.010497409374999999 0.844237553125 0.0060891984375 0.7361841484375 0.0031146453125 0.7357836125 0.0082014546875 0.8604706953125 0.009171598437500001 0.8600803109375
0 0.0633961296875 0.98070313125 0.057261360937500005 0.8786694468749999 0.0149306796875 0.8803939453125 0.018155015625 0.9835987796874999 0.0633961296875 0.98070313125
0 0.00045540468750000004 0.35638543437500003 0.0018363062499999999 0.41440430156249997 0.0451104171875 0.41163455000000004 0.0472995046875 0.3927819328125 0.044672942187499995 0.35257043125 0.00045540468750000004 0.35638543437500003
0 0 0.1968658578125 0.037237420312500005 0.1944824859375 0.03306965625 0.0923229015625 0 0.0936701171875 0 0.1968658578125
0 0.110203503125 0.9678585468750001 0.1085203671875 0.92660179375 0.0701236953125 0.9280744953125 0.06692939375 0.9706283000000001 0.110203503125 0.9678585468750001
0 0.056017417187499995 0.5823035984375 0.0982679484375 0.5786144921874999 0.0982312203125 0.529373409375 0.097349578125 0.507762728125 0.08350039375 0.5066794046875 0.082618753125 0.485068725 0.05405710625 0.48591193749999995 0.056017417187499995 0.5823035984375
0 0.061005037500000005 0.728729796875 0.06531473593750001 0.8101980546875 0.1055982625 0.8066348453125001 0.10564168593750001 0.7593583703125 0.1033357203125 0.7270052984375 0.061005037500000005 0.728729796875
0 0.15922502031250002 0.8642643328125 0.1545763625 0.7503171046875 0.11027867499999999 0.7521675015625 0.11595091093750001 0.8670340828124999 0.15922502031250002 0.8642643328125
0 0.1185958390625 0.9318661265625 0.121302553125 0.9740422359375 0.1587557953125 0.9736147875000001 0.16118533125 0.9606559921875 0.1588793671875 0.9283029203125001 0.1185958390625 0.9318661265625
0 0.20772222187499997 0.7961589484375 0.205558190625 0.7431145484375 0.16322751093750001 0.744839046875 0.16127886875 0.7695854859375 0.16550841875 0.849089134375 0.20775895156250002 0.8454000296874999 0.20772222187499997 0.7961589484375
0 0.2107612015625 0.967331584375 0.20899791875 0.9241102234374999 0.1686342421875 0.925708821875 0.1714211046875 0.9698495406250001 0.2107612015625 0.967331584375
0 0.2124026328125 0.741691603125 0.21325921874999998 0.8351992984375001 0.25558990000000004 0.8334748 0.2572179421875 0.8008699328125 0.254733315625 0.7399671046875 0.2124026328125 0.741691603125
0 0.3591215359375 0.494947540625 0.3560942265625 0.4449130015625 0.215413296875 0.4529323859375 0.21852075625 0.504931534375 0.3591215359375 0.494947540625
0 0.362167209375 0.5696026203125 0.3571728953125 0.5196939796875 0.2185391203125 0.529552075 0.2235334359375 0.5794607171874999 0.362167209375 0.5696026203125
0 0.22119915156249997 0.087175790625 0.22381902343750001 0.22390485 0.272130865625 0.2237672671875 0.2739993578125 0.1970562203125 0.2694308484375 0.0850736 0.22119915156249997 0.087175790625
0 0.3099196375 0.8841652140624999 0.30218188281249997 0.742839378125 0.26378521250000003 0.7443120828125 0.2686125328125 0.8868090671875001 0.3099196375 0.8841652140624999
0 0.3407438296875 0.9629515468750001 0.3389989078125 0.9443507265625 0.316418425 0.946780853125 0.318163346875 0.965381675 0.3407438296875 0.9629515468750001
0 0.3612587921875 0.93406216875 0.35677043125 0.8240441546874999 0.31443975 0.8257686515625 0.317984684375 0.9368319203125001 0.3612587921875 0.93406216875
0 0.297832196875 0.0803011703125 0.301716090625 0.2238434078125 0.3498676375 0.219776609375 0.34838822187499996 0.13517259375 0.346144040625 0.0801635859375 0.297832196875 0.0803011703125
0 0.420552809375 0.8889025828125 0.4094855125 0.714304321875 0.3592868109375 0.7165324109375 0.3675238265625 0.8942664296875 0.420552809375 0.8889025828125
0 0.4198331859375 0.557047903125 0.7059923312499999 0.537747475 0.69691211875 0.07347064375 0.695407646875 0.0607636453125 0.6677894265625001 0.06056160625 0.405074040625 0.07442204687500001 0.41111527187499997 0.3675262390625 0.4198331859375 0.557047903125
0 0.518014721875 0.9575145718750001 0.5230524609375 0.9601467375 0.8714527859375 0.94375665625 0.8690483062500001 0.8848184328125 0.8050004203125001 0.8859632015625 0.8031202578125001 0.7915361484375001 0.8129552828125 0.7909066609375001 0.8163215546875 0.8734201687500001 0.8685674109375 0.8730307906249999 0.8648254484375 0.708797228125 0.8704860171875 0.7025257109374999 0.8681182640625 0.6928285734374999 0.8589862203124999 0.6865189875000001 0.85308520625 0.6868966796875 0.8474246390625 0.6931681953125 0.6839227796875 0.6977238875 0.68682651875 0.7930702953125001 0.679038646875 0.79553849375 0.6834468593749999 0.9035918984375 0.6549653625 0.9063997203125 0.6456062578124999 0.701161196875 0.51074619375 0.7068382828125 0.518014721875 0.9575145718750001
0 0.9943343234375 0.4752709734375 0.9873606640625001 0.3043337046875 0.9853822078125001 0.3041789453125 0.9840747625 0.34464224374999997 0.9899623890625 0.537299665625 0.9865092750000001 0.5493391046875 0.9933596781249999 0.5590318125 0.9943343234375 0.4752709734375