0 0.00485173125 0.8339417109375 0.0051850265625 0.891230425 0.011062029687499999 0.8923853328125 0.0350432890625 0.8925989765625 0.0376603828125 0.836426065625 0.00485173125 0.8339417109375
0 0.005424546875 0.9324005015625 0.005669371875 0.9744822828125 0.0288659375 0.97569759375 0.0318446203125 0.96125475625 0.032112609375000004 0.9331137843749999 0.005424546875 0.9324005015625
0 0.0850302046875 0.978640140625 0.084864525 0.9650753421875 0.0401690703125 0.9616908890625 0.0402572890625 0.9762944062500001 0.0850302046875 0.978640140625
0 0.082082109375 0.9576301203125 0.081768521875 0.9419720171874999 0.0453005890625 0.9411041734375001 0.0456141734375 0.9567622765625 0.082082109375 0.9576301203125
0 0.054309281249999994 0.8372983312500001 0.051281675000000006 0.8798936171875 0.0844825453125 0.8837186265625 0.0884281140625 0.8661981125 0.088599175 0.8401376171875 0.054309281249999994 0.8372983312500001
0 0.13720133750000002 0.9813734796875 0.138055490625 0.9428354359375 0.09326310625 0.941531459375 0.0924320359375 0.9790279359375 0.13720133750000002 0.9813734796875
0 0.19116694218750002 0.9842008359375001 0.1910012640625 0.9706360374999999 0.1463058078125 0.967251584375 0.146394028125 0.9818551015624999 0.19116694218750002 0.9842008359375001
0 0.1919021640625 0.8841326437499999 0.193840753125 0.8425230796875001 0.15746974687499998 0.839574759375 0.1524579546875 0.879980534375 0.1919021640625 0.8841326437499999
0 0.8274342906250001 0.251094015625 0.9064196375 0.2573177578125 0.9106559937500001 0.23355580781250002 0.9240806812500001 0.021532389062499997 0.8079993140624999 0.015450676562499998 0.805038175 0.0601350015625 0.2372821703125 0.022047012499999998 0.23551464375000003 0.0375960828125 0.2322475796875 0.04055325 0.21976090625000003 0.039899051562499996 0.212137759375 0.046799109374999995 0.20365930781250002 0.18400163593750002 0.2213003015625 0.185968659375 0.2225090484375 0.20480199531249998 0.2598721453125 0.20884507187499998 0.7777783765625 0.24223578437499999 0.780731853125 0.2236205125 0.8036240921875001 0.224819878125 0.8041315375 0.23631702500000001 0.8259347531250001 0.23850211406250002 0.8274342906250001 0.251094015625
0 0.25007638593750003 0.8892660515624999 0.2510228796875 0.8465617328124999 0.2042463140625 0.8430682453125 0.2032998171875 0.8857725656250001 0.25007638593750003 0.8892660515624999
0 0.24194005624999998 0.9743475921875 0.2420141875 0.9503675765624999 0.20138402968750002 0.9492816671875 0.19882907968750002 0.98460226875 0.23915494843750001 0.9867150140625001 0.24194005624999998 0.9743475921875
0 0.2931088125 0.9895417546875 0.2928788484375 0.9780591453125 0.250167578125 0.976864203125 0.250376634375 0.9873029390625 0.2931088125 0.9895417546875
0 0.2622266765625 0.8523626109375 0.2613771109375 0.8929864515625001 0.29874020625000003 0.8970295296874999 0.302685775 0.8795090140624999 0.3028568375 0.8534485203125 0.2622266765625 0.8523626109375
0 0.3492561625 0.992483415625 0.34815092812500004 0.955928271875 0.3054396546875 0.9547333281249999 0.30469900625 0.9901489859374999 0.3492561625 0.992483415625
0 0.312173378125 0.8549794078125 0.3112268828125 0.8976837296875001 0.3466057953125 0.8995372937500001 0.350066715625 0.8924191703125001 0.3506254953125 0.8580367624999999 0.312173378125 0.8549794078125
0 0.3619262203125 0.8617571625 0.361367440625 0.8961395703124999 0.40289276249999995 0.9004007125 0.40674140156250005 0.8849606765625 0.406718603125 0.8630611375000001 0.3619262203125 0.8617571625
0 0.40348705625000003 0.9953246703125 0.4034686015625 0.9775964734375 0.3565951046875 0.9761834640625 0.3566124734375 0.9928688265625001 0.40348705625000003 0.9953246703125
0 0.42336750468749995 0.8639334046875 0.41971272343750005 0.8752124859375 0.41825878281250006 0.9064196578124999 0.45779992187499996 0.908491290625 0.459641578125 0.8689622031249999 0.42336750468749995 0.8639334046875
0 0.50947525 1 0.5092176234375 0.99147908125 0.46035994375 0.987876559375 0.4605689984375 0.9983152953125 0.49272487343750004 1 0.50947525 1
0 0.557693321875 0.9137248859374999 0.5595349796875 0.8741957984375001 0.5210828656250001 0.8711384453125 0.5181521859375 0.911653253125 0.557693321875 0.9137248859374999
0 0.5585359578125 1 0.56025334375 0.99311015625 0.5603274765624999 0.969130140625 0.52286745 0.9671675421874999 0.5196003874999999 0.9701247093750001 0.51906314375 1 0.5585359578125 1
0 0.605157596875 1 0.6050457296875 0.9944141328124999 0.5685777953125 0.9935462890625001 0.56870704375 1 0.605157596875 1
0 0.6179030625 0.8751682515624999 0.5783619234375 0.8730966203125 0.5774154265625 0.9158009390625 0.6138833609375001 0.9166687828125 0.6179030625 0.8751682515624999
0 0.8607416656250001 1 0.867054990625 0.900735109375 0.8858819312499999 0.89963593125 0.9050168765625 0.6232594296875 0.905672584375 0.5867965453124999 0.7581074531249999 0.574894228125 0.67793615625 0.5717366875 0.6488792703125 1 0.8607416656250001 1
0 0.3667516421875 0.75988653125 0.6481303703125 0.7826474343750001 0.6557339953125 0.619444321875 0.3770962296875 0.6067647 0.36552875937499996 0.68283205625 0.3667516421875 0.75988653125