0 0.9762443968750001 0.6671020859375 0.993826128125 0.5363991343750001 0.9986251609375 0.1239712609375 0.9343397890625 0.6622444359374999 0.9762443968750001 0.6671020859375
0 0.8179373484375001 0.919164525 0.819505078125 0.9237344765625 0.9096076312499999 0.9353384578125 0.9142900921875 0.9086411812499999 0.9231600734375001 0.9075994906249999 0.9254703531249999 0.8904248203125 0.804405359375 0.8737412843750001 0.797701403125 0.9154663968750001 0.8179373484375001 0.919164525
0 0.7808073453125 0.9842714906250001 0.8969422687499999 0.997044065625 0.9103297296875 0.986756046875 0.91148486875 0.9781687124999999 0.9022023015625 0.96605311875 0.9041618937499999 0.9433732234375001 0.78617045625 0.9281775328125 0.7761660609375001 0.9782136937500001 0.7808073453125 0.9842714906250001
0 0.9168272562500001 0.8816676187500001 0.9243975656250001 0.83350200625 0.8312214593749999 0.8204101765624999 0.8236511468750001 0.868575790625 0.9168272562500001 0.8816676187500001
0 0.925036765625 0.723291053125 0.8217736375 0.7121761906249999 0.8159360328125 0.7474608046875 0.8233001874999999 0.7495012187500001 0.8264356453125 0.7586411234375 0.9211175812500001 0.7686508437499999 0.9233659578125 0.7438241140625 0.9343812375 0.74305870625 0.9364027328125 0.7280308718749999 0.925036765625 0.723291053125
0 0.837306396875 0.7021644609375 0.9304825031249999 0.7152562875 0.937475246875 0.6713843421875 0.9261092796874999 0.666644521875 0.8445879218749999 0.6561456796875 0.837306396875 0.7021644609375
0 0.9160432546875 0.82259796875 0.9230359968749999 0.7787260218750001 0.8062616 0.76259505625 0.7992688609374999 0.8064670046875 0.9160432546875 0.82259796875
0 0.7301862546875 0.8576307984374999 0.737178996875 0.8137588499999999 0.6761823703125 0.804811303125 0.6691896296875 0.84868325 0.7301862546875 0.8576307984374999
0 0.71867603125 0.9107490671875 0.723234690625 0.86874766875 0.6708192609375 0.8609052640625 0.664115303125 0.902630375 0.71867603125 0.9107490671875
0 0.727834525 0.793991196875 0.7339609125 0.75655975 0.679400184375 0.7484410593749999 0.6735625828125 0.7837256703125 0.727834525 0.793991196875
0 0.7001523421875 0.9673321500000001 0.70743386875 0.9213133687499999 0.6635996359375 0.914576103125 0.6541728109375 0.9603185984374999 0.7001523421875 0.9673321500000001
0 0.7160971453125 0.7433390140625 0.721233375 0.6970439500000001 0.6878368499999999 0.6938349421875001 0.6817723640625 0.7389184484375 0.7160971453125 0.7433390140625
0 0.6031601281250001 0.9744970984375 0.6111018515625 0.9722438468749999 0.6171663359374999 0.927160340625 0.6064398421874999 0.9257789140625 0.6099052625 0.9000169109374999 0.60590345 0.89731750625 0.6212093265624999 0.8971046703125 0.6282020687500001 0.8532327234375 0.520937125 0.8394184578124999 0.51567709375 0.8704094015624999 0.5304054015624999 0.8744902343750001 0.529600946875 0.888582796875 0.5627086875 0.8939386328125 0.5581293046875 0.895532896875 0.5537356265625 0.920083340625 0.5224844015625 0.9171506203125 0.5173481734375 0.9634456874999999 0.6031601281250001 0.9744970984375
0 0.624777825 0.8462396515625 0.6320593531250001 0.8002208703125 0.58607981875 0.7932073203125001 0.5787982921875 0.8392261 0.624777825 0.8462396515625
0 0.587234959375 0.7846199859375 0.6301409359375 0.790145690625 0.6365561093750001 0.7505674109375 0.6337713375 0.746932734375 0.5905765765625001 0.7435538609375001 0.58676046875 0.7638106390625 0.587234959375 0.7846199859375
0 0.5826542124999999 0.2183675203125 0.520440546875 0.2103552453125 0.521760665625 0.1843169578125 0.4852905859375 0.17962010781249999 0.4811856953125 0.20202371718749998 0.47753456875 0.20482954062499997 0.4441380453125 0.201620534375 0.43576327968750006 0.2638787109375 0.4350826296875 0.2932753921875 0.55765345 0.30687682031249996 0.554311834375 0.3479429453125 0.624467225 0.3537019671875 0.628675196875 0.306195340625 0.635399878125 0.3048773640625 0.638163921875 0.26810490625 0.579312596875 0.25943364375 0.5826542124999999 0.2183675203125
0 0.4388381984375 0.833213284375 0.43524897500000004 0.8436711656250001 0.4159412859375 0.8411845984375 0.4149511265625 0.8323209796875 0.35702805625 0.8248612765625 0.350035315625 0.8687332234375 0.49040799843749994 0.8879033265625 0.49556495156249997 0.8820153968750001 0.5075084875 0.88246155 0.5127066171875 0.84381854375 0.4388381984375 0.833213284375
0 0.38664965156250003 0.8155719828124999 0.4638804109375 0.825518253125 0.49971101874999996 0.8268567109375 0.5045584609375 0.7827084796875 0.39271413593750004 0.7704884765625 0.38819665625 0.7797348000000001 0.38664965156250003 0.8155719828124999
0 0.4841779875 0.723299096875 0.40909252656249995 0.7136291109374999 0.400222546875 0.714670803125 0.3972108921875 0.72083501875 0.391703253125 0.7212177234375 0.390259328125 0.731951890625 0.39640644062499997 0.7349275796875 0.3923015484375 0.757331190625 0.48147584375 0.7677236125 0.48667397343749996 0.7290806078125 0.4841779875 0.723299096875
0 0.2099925953125 0.8146612093750001 0.2172741203125 0.7686424296875 0.15413219843749998 0.759418596875 0.14685067031250001 0.8054373765625 0.2099925953125 0.8146612093750001
0 0.25499589375 0.0014835234375 0.249369340625 0.0433114375 0.25766175156250004 0.0465634140625 0.23946829687500001 0.18181393125 0.2438207953125 0.1900185640625 0.28458147500000003 0.19526798437499998 0.310605203125 0.0018070484375 0.25499589375 0.0014835234375
0 0.1905403765625 0.7564633875 0.194005796875 0.730701384375 0.20473229062499998 0.732082809375 0.20396901406249998 0.7134202953125001 0.159557209375 0.710976696875 0.153781509375 0.7539133703124999 0.1905403765625 0.7564633875
0 0.2365602671875 0.390013825 0.239571921875 0.383849609375 0.2493701578125 0.38401947812500004 0.25364003125 0.3441649109375 0.20951701250000002 0.3395744796875 0.2034525265625 0.3846579875 0.2365602671875 0.390013825
0 0.241284178125 0.44413081718749997 0.2464204078125 0.39783575312499997 0.20229738749999998 0.39324532031250004 0.196232903125 0.43832882656249994 0.241284178125 0.44413081718749997
0 0.205474840625 0.7103381875 0.2108998546875 0.6618962890625 0.166776834375 0.6573058578125 0.1601347796875 0.70668303125 0.205474840625 0.7103381875
0 0.24070633749999998 0.3348551390625 0.24474932656249998 0.30479946875 0.25576460624999997 0.30403406093749996 0.2544237609375 0.2896652140625 0.21673663593749998 0.2859036390625 0.2106721515625 0.3309871453125 0.24070633749999998 0.3348551390625
0 0.1801029390625 0.866504471875 0.1852391671875 0.82020940625 0.1454067453125 0.8161715453125 0.1393422609375 0.8612550499999999 0.1801029390625 0.866504471875
0 0.2546506421875 0.27986632031249997 0.261643384375 0.23599437499999998 0.2239562625 0.23223279843750003 0.2181805609375 0.2751694703125 0.2546506421875 0.27986632031249997
0 0.20683613906249998 0.651544825 0.21139479687499999 0.6095434265625 0.173707675 0.60578185 0.1682207578125 0.6465716890625 0.20683613906249998 0.651544825
0 0.2230492765625 0.49856706562499997 0.22818550312500002 0.45227200156249997 0.194788978125 0.44906299375 0.18872449375 0.4941465 0.2230492765625 0.49856706562499997
0 0.2161184359375 0.5500910734375 0.2212546640625 0.5037960078125 0.1878581375 0.5005870031249999 0.181793653125 0.5456705093750001 0.2161184359375 0.5500910734375
0 0.20947638125 0.5994682484375 0.214323825 0.5553200140625 0.1809272984375 0.552111009375 0.1751515984375 0.59504768125 0.20947638125 0.5994682484375
0 0.1519871703125 0.8727116578125 0.13760955 0.8741360531250001 0.13183385 0.9170727265625 0.1477792 0.9202182828125001 0.14934692968750002 0.9247882359374999 0.161290465625 0.9252343875 0.16822130468750002 0.8737103796874999 0.165436534375 0.8700757031249999 0.154710040625 0.868694275 0.1519871703125 0.8727116578125
0 0.23488891406249998 0.183408196875 0.23845741406249998 0.132543178125 0.230598315625 0.18285562500000002 0.23488891406249998 0.183408196875
0 0.58481495 0.257224415625 0.6456502265624999 0.2667386859375 0.6450145734375 0.2215414140625 0.5903674203125 0.21594724375 0.58481495 0.257224415625