0 0.8357753046875 0.075260484375 0.927556096875 0.07953350625 0.9369834578124999 0.0728252015625 0.937482021875 0.0585539921875 0.931576971875 0.0521528921875 0.9342575578125001 0.0338991484375 0.837342221875 0.0304081078125 0.8357753046875 0.075260484375
0 0.65272524375 0.0228339578125 0.42338010156249994 0.0090932875 0.4218131859375 0.053945660937499994 0.5645833046875001 0.0605925859375 0.5671214421874999 0.0464163296875 0.581398453125 0.047081021875000004 0.5829394625 0.0614471890625 0.6502453765625 0.0645807390625 0.65272524375 0.0228339578125
0 0.7382448671875 0.0308996 0.6943584328125 0.029877417187499998 0.6950447609375 0.0687085171875 0.7378757968749999 0.07070259375 0.7382448671875 0.0308996
0 0.1435765609375 0.06549657187499999 0.23725447812499997 0.07394204062500001 0.242389021875 0.0731600578125 0.2452962296875 0.0191808109375 0.146412546875 0.01355606875 0.1435765609375 0.06549657187499999
0 0.078051234375 0.0113944140625 0.0168933109375 0.00770789375 0.0153642796875 0.05147586562499999 0.0377324296875 0.054442625 0.0775397171875 0.0552748953125 0.078051234375 0.0113944140625
0 0.9264294734374999 0.0825441453125 0.8233954203125 0.0787682375 0.8218285046875 0.1236206125 0.923807159375 0.1283684140625 0.9264294734374999 0.0825441453125
0 0.5185148515625 0.06355293749999999 0.4196311671875 0.05792819375 0.41616712343750006 0.098608125 0.51610620625 0.10326097187500001 0.5185148515625 0.06355293749999999
0 0.690454096875 0.11239908750000001 0.7015649125000001 0.1159794609375 0.7627521078124999 0.1188281421875 0.7651607515625 0.0791201046875 0.6949023140625 0.07278600625000001 0.690454096875 0.11239908750000001
0 0.6406043453125 0.077405275 0.5947495609375 0.0742493921875 0.593396315625 0.112985534375 0.6382669234375 0.11507456875 0.6406043453125 0.077405275
0 0.42247360624999997 0.151995303125 0.5141831734375 0.15830706875 0.5478717421875 0.1588544734375 0.5502803859375 0.11914643437500001 0.422842678125 0.1121923109375 0.42247360624999997 0.151995303125
0 0.70949658125 0.152084790625 0.7121642125000001 0.16344031875 0.8040162265624999 0.1656745953125 0.8041716265625001 0.13198783593750002 0.7113354390625 0.1286867078125 0.70949658125 0.152084790625
0 0.7537261796875 0.172522521875 0.6914835890625 0.170645734375 0.6898454484375 0.2175368546875 0.751103865625 0.218346790625 0.7537261796875 0.172522521875
0 0.41184839999999995 0.16375299062499998 0.40059513750000003 0.1642501046875 0.39945556249999997 0.1968700125 0.4106376015625 0.19841164375 0.4125347265625 0.2025840890625 0.4859593609375 0.20600250468749998 0.488439228125 0.16425572500000002 0.48548670312500003 0.161055175 0.41417286718749996 0.15569296875 0.41184839999999995 0.16375299062499998
0 0.9351769624999999 0.1830123546875 0.8077392546875 0.176058228125 0.806101115625 0.22294935 0.9325546484375 0.22883662500000002 0.9351769624999999 0.1830123546875
0 0.2008335109375 0.2100854640625 0.2007493328125 0.2417334796875 0.24765951562500002 0.2439174703125 0.25021060624999997 0.20013194374999999 0.20442704687500002 0.194937315625 0.2008335109375 0.2100854640625
0 0.9301460046875001 0.268544659375 0.9179797890625 0.26593618124999996 0.918135190625 0.23224942187500003 0.8283227500000001 0.23011009843750002 0.8287241828124999 0.27709617343750004 0.9286632656249999 0.28174902031250004 0.9301460046875001 0.268544659375
0 0.1858895796875 0.2869880125 0.1778025109375 0.2845694453125 0.17935647500000002 0.269326340625 0.1416599828125 0.26655028125 0.1440815796875 0.1972329734375 0.1043455171875 0.194361959375 0.10158075468750001 0.2442637171875 0.12500023437500002 0.24637508437500003 0.12463116406250001 0.28617807812499996 0.14298732187500002 0.28703268125000003 0.1386297359375 0.4410053578125 0.178437025 0.44183762968750007 0.1858895796875 0.2869880125
0 0.0066292296875 0.301513296875 0.0209560984375 0.30075086875 0.0226395546875 0.3110395453125 0.0359323921875 0.31063738750000003 0.0406072328125 0.23529880312499998 0.009019521875 0.23309208906249998 0.0066292296875 0.301513296875
0 0.6807482968749999 0.273269978125 0.6823475765625 0.315206671875 0.7221548624999999 0.3160389421875 0.72266638125 0.272158459375 0.6941123578124999 0.27082907500000003 0.6807482968749999 0.273269978125
0 0.814375946875 0.2784702265625 0.81182485625 0.3222557515625 0.8372126859375 0.3265008203125 0.9167560359375001 0.3302041046875 0.926254621875 0.3214570578125 0.9268956328125 0.303108359375 0.9330855765624999 0.301354484375 0.9336553640625 0.285044528125 0.814375946875 0.2784702265625
0 0.61278841875 0.3180944 0.6444374140625 0.3185468453125 0.6470597296875 0.2727225765625 0.5981099750000001 0.2704436296875 0.595927953125 0.2744261640625 0.576516396875 0.2745434515625 0.5751631515625 0.313279596875 0.61278841875 0.3180944
0 0.5082975328125 0.268304309375 0.40533470156250007 0.26248965625 0.40004475624999997 0.2969583984375 0.40693398125 0.3044263515625 0.4782478171875 0.30978855625 0.5078572390625 0.310146046875 0.5082975328125 0.268304309375
0 0.23646452031249998 0.271985109375 0.1956730578125 0.2700859890625 0.18666654062500002 0.44017870937500003 0.2162047390625 0.44257494375000006 0.2180306421875 0.44878613125 0.24152134374999998 0.44885875468750003 0.2423048015625 0.42643256718749994 0.23829687968750002 0.4242039125 0.2455357640625 0.275470528125 0.23646452031249998 0.271985109375
0 0.086721003125 0.2895182515625 0.0429057921875 0.28645732343749997 0.0375769859375 0.40975388125 0.07942384687500001 0.4106811046875 0.086721003125 0.2895182515625
0 0.7573455796874999 0.41978032499999995 0.6726676828125 0.416859021875 0.6727842234375 0.47200007499999996 0.9360316015624999 0.48017191718749996 0.9399618453125 0.33843170625 0.73902828125 0.33009790625 0.7383872703125001 0.34844660625 0.7597671765625 0.3504630171875 0.7573455796874999 0.41978032499999995
0 0.13691391875 0.3439276109375 0.11349443906250001 0.3418162453125 0.1120958765625 0.3233725890625 0.090573525 0.32543366875 0.0882814203125 0.4202827578125 0.1342074265625 0.421399896875 0.13691391875 0.3439276109375
0 0.6034387359375 0.4687715703125 0.6340323328124999 0.4701959109375 0.6372697515625 0.465241484375 0.6414589828125 0.3745648390625 0.46015064531250005 0.35999751562500004 0.38159146875 0.35736108125 0.3772597921875 0.452115215625 0.6034387359375 0.4687715703125
0 0.033808640625000004 0.342190446875 0.005230296875 0.3415572171875 0.0024166359375000003 0.422097184375 0.0299755265625 0.42267337187500004 0.033808640625000004 0.342190446875
0 0.489520446875 0.7473142765625 0.51912986875 0.7476717671875 0.5283371046875 0.6010720875 0.5090679953125 0.5971118859375 0.3704482453125 0.5886161328124999 0.365715134375 0.6363841906250001 0.362225184375 0.7362826640625 0.489520446875 0.7473142765625
0 0.9295632203125 0.63608838125 0.9246423453125001 0.6307541296875 0.9107214515625 0.619895715625 0.6670280749999999 0.6075290984375 0.6596337890624999 0.7899492390625 0.6902273859375 0.7913735796875 0.6918396171875 0.8037010015625 0.824411871875 0.8098731453125 0.860981740625 0.8156598421875 0.9171056125 0.8172517609375 0.9280675265625 0.6789020140625001 0.9295632203125 0.63608838125
0 0.075998621875 0.6841577187500001 0.11362388906250001 0.688972521875 0.12079800624999999 0.6882854953125 0.1262563078125 0.590520721875 0.080401521875 0.5873648390625 0.075998621875 0.6841577187500001
0 0.1780161390625 0.60007770625 0.1300505578125 0.5988656109375 0.12711744375 0.7120634015625 0.17304345000000002 0.713180540625 0.1780161390625 0.60007770625
0 0.22607235 0.7156493984375001 0.2318867671875 0.607690903125 0.22689467031250002 0.6043953953125001 0.185047809375 0.6034681703125 0.180003896875 0.718609746875 0.22283493281250003 0.7206038234375 0.22607235 0.7156493984375001
0 0.032798515625 0.721966634375 0.0603683640625 0.72222916875 0.0656971703125 0.5989326140625 0.029969028125 0.5982902546875 0.02443950625 0.698093771875 0.030487001562499998 0.700417384375 0.029845990625000002 0.718766084375 0.032798515625 0.721966634375
0 0 0.8184710171875 0.0120790296875 0.8179998640624999 0.0181912921875 0.672277121875 0 0.6719219843750001 0 0.8184710171875
0 0.17939524843750002 0.8237475156249999 0.1986643578125 0.827707715625 0.22011548749999998 0.82768538125 0.2244471640625 0.732931246875 0.18056073125 0.7319090640625 0.17939524843750002 0.8237475156249999
0 0.164302415625 0.7587199421874999 0.1225267796875 0.755753971875 0.119263453125 0.819926940625 0.1611103140625 0.8208541671875 0.164302415625 0.7587199421874999
0 0.07136909687500001 0.8166761015624999 0.10083607187500002 0.8211110796875 0.114128909375 0.8207089218749999 0.1177353984375 0.7759515015625 0.0759597609375 0.77298553125 0.07136909687500001 0.8166761015624999
0 0.44531025937499996 0.8432748859375 0.44341313125 0.8391024390625 0.42920734375 0.8363990031249999 0.3720992953125 0.833740234375 0.368350359375 0.8825751421874999 0.4376958453125 0.8858036468750001 0.4415030515625 0.8645392656249999 0.4578196359375 0.8652989140624999 0.46057144531249994 0.845006428125 0.44531025937499996 0.8432748859375
0 0.06331439062500001 0.9010466015624999 0.1672613953125 0.9079281046875 0.1825938046875 0.9076209046875 0.18296287656250002 0.867817909375 0.0636834609375 0.861243609375 0.06331439062500001 0.9010466015624999
0 0.3626330734375 0.9292763515625 0.41559075156249997 0.933783953125 0.44316060156250003 0.9340464875000001 0.44571169218750006 0.8902609609375001 0.36307336874999996 0.8874346125000001 0.3626330734375 0.9292763515625
0 0.6471179125 0.9435420921875 0.6643474484375 0.947407334375 0.6980360171875 0.9479547359374999 0.700515884375 0.90620795625 0.6505819546875 0.9028621609374999 0.6471179125 0.9435420921875
0 0.7926981078125 0.9574670546874999 0.8926371906250001 0.9621198984375001 0.902135775 0.9533728515625001 0.9033465749999999 0.9187141984375 0.8922357562500001 0.9151338234375 0.7963758203125 0.9106708906250001 0.7931384031250001 0.9156253171875001 0.7926981078125 0.9574670546874999
0 0.061533803124999994 0.9520152124999999 0.183908190625 0.9577125750000001 0.18728805625 0.948680659375 0.1884988546875 0.9140220046875 0.0447445625 0.90630823125 0.04233591875 0.9460162671875001 0.057668328125 0.9457090656249999 0.061533803124999994 0.9520152124999999
0 0.45420019375000004 0.9396656078125 0.3686093453125 0.93363870625 0.36537192812499997 0.9385931359375 0.3618366625 0.9813118093750001 0.401501503125 0.9862215687500001 0.44025339218750004 0.9880257359375 0.4406095109375 0.9778320125000001 0.4630448140625 0.978876528125 0.46531101093749994 0.9432459828124999 0.45420019375000004 0.9396656078125
0 0.7383725734375 1 0.7425505078125 0.9602374921875001 0.6497855421875001 0.9548976187499999 0.6482186265625 0.9997499953125001 0.653588509375 1 0.7383725734375 1
0 0.0980324484375 0.9598406531249999 0.0970709328125 0.9873637015625001 0.1889572171875 0.9916416343750001 0.19079741562500002 0.9651805250000001 0.0980324484375 0.9598406531249999
0 0.45719963906250005 1 0.45741170468750003 0.993929721875 0.4422217421875 0.990159434375 0.3667575359375 0.9866460609375001 0.3662945828125 0.9998979 0.3684876015625 1 0.45719963906250005 1