0 1 0.5359908640625 0.8863014250000001 0.3695682 0.8504530499999999 0.4430722359375 1 0.64649660625 1 0.5359908640625
0 0.46891962343750004 0.9973057531249999 0.501740009375 0.9082574578125 0.26453186875 0.692313575 0.2527183953125 0.742153875 0.2188442453125 0.8386807203125001 0.3874326015625 0.9904035953125 0.38475066562500004 0.9977954328124999 0.46891962343750004 0.9973057531249999
0 0.44697081406250005 0.0786399875 0.43144156093749997 0.101670559375 0.434660409375 0.124400153125 0.4721769734375 0.1475619625 0.48476862968749995 0.1200657109375 0.44697081406250005 0.0786399875
0 1 0.8618400640624999 0.757253665625 0.5173699968750001 0.721040615625 0.486703834375 0.7087999828125 0.46546614843749995 0.667418459375 0.533023025 0.6907859843749999 0.637975446875 0.9233805687500001 0.9803815515625001 1 0.97725955 1 0.8618400640624999
0 0.92822589375 0.18007989375 0.9941364531250001 0.27140910625000003 0.9880083265625 0.12101410937499998 0.968927396875 0.0931290109375 0.9415519515625 0.08079697500000001 0.910956671875 0.12470087187500001 0.92822589375 0.18007989375
0 0.5318549171875 0.3299341984375 0.5189242796875 0.349111221875 0.5057327578125 0.334834440625 0.5007955921875 0.3619085703125 0.5025659124999999 0.3783041109375 0.4881769578125 0.389824778125 0.48866267499999994 0.4131066375 0.48322551718750006 0.42845111406249997 0.504678646875 0.4572055546875 0.5628708 0.4581191234375 0.6306544734374999 0.3313976515625 0.61613164375 0.29797384843749997 0.6108299749999999 0.30257684687499997 0.5841572734375 0.2669145234375 0.5910948265625 0.2353719125 0.57717463125 0.21673784999999998 0.5654620593749999 0.1716699609375 0.540136240625 0.1831292328125 0.5439889640625 0.2235792890625 0.5585857390625 0.2723434546875 0.5287389375 0.30702405625 0.5318549171875 0.3299341984375
0 0.32220095312499997 0.586792753125 0.3370640125 0.5263126859375 0.2421188875 0.3916721515625 0.21655254375 0.4194104921875 0.2334919765625 0.46344973593749994 0.230410778125 0.4765598390625 0.32220095312499997 0.586792753125
0 0.170860171875 0.8156147515625 0.2114396953125 0.8555162421875 0.2527183953125 0.742153875 0.26453186875 0.692313575 0.1967235609375 0.6431383375 0.1519765546875 0.7557822671875 0.170860171875 0.8156147515625
0 0.4424645328125 0.226657928125 0.4403628140625 0.2156548890625 0.42881326406250003 0.19676991562499999 0.39575247812500003 0.16447624375 0.40442560156249996 0.1452302046875 0.3826827765625 0.11639938593750002 0.3758919984375 0.1299031390625 0.3815274875 0.1562157890625 0.3478319671875 0.1251163703125 0.3433015296875 0.14864671406250002 0.4172745390625 0.2549761546875 0.4424645328125 0.226657928125
0 0.45976958124999995 0.3548724453125 0.45714936875 0.3462934484375 0.42835099374999996 0.30174538906250004 0.41302385468749997 0.3183746515625 0.41459927499999993 0.3343151890625 0.44524464531249996 0.390648240625 0.473742115625 0.4283525390625 0.48866267499999994 0.4131066375 0.4881769578125 0.389824778125 0.45976958124999995 0.3548724453125
0 0.1989905453125 0.9988761546875 0.1785004390625 0.9814792656250001 0.1736452984375 0.9461845156249999 0.1059512203125 0.8884511328125001 0.0812291546875 0.937450621875 0.09323721562500001 0.9962626046875 0.0968913703125 0.99947015 0.1989905453125 0.9988761546875
0 0.30151149374999997 0.16776514375 0.2913558015625 0.1728084234375 0.29538272499999996 0.20130294375000002 0.31363449062500004 0.22723379375000002 0.3281208953125 0.2094483515625 0.30151149374999997 0.16776514375
0 1 0.736479384375 0.7626515687500001 0.40097246249999996 0.7338608515625 0.369055925 0.7012746359375 0.430103840625 0.7087999828125 0.46546614843749995 0.721040615625 0.486703834375 0.757253665625 0.5173699968750001 1 0.8618400640624999 1 0.736479384375
0 0.0813571390625 0.6592585125 0.0730204984375 0.6515958375 0.0775694296875 0.6398809062499999 0.070656021875 0.6341442984375 0.0714423140625 0.623684934375 0.028060232812500002 0.5880421140625 0.012484009375 0.6212814734375 0.017569659374999998 0.6552000375 0.0676924828125 0.6928829265625 0.0713890609375 0.6726933234375 0.0813571390625 0.6592585125
0 0.40383579843749995 0.0295836890625 0.3924037671875 0.0011704515625 0.353899540625 0.0027393781249999997 0.2962812390625 0.1075747328125 0.29768290625 0.14197408281249999 0.3175574375 0.16823561874999998 0.40383579843749995 0.0295836890625