0 0.8080191640625 0.5971583218750001 0.82453226875 0.5824533625 0.8170033203125 0.5662910609375 0.7971042625 0.5831523296875 0.8080191640625 0.5971583218750001
0 1 0.6132817968750001 0.940542584375 0.6186806765624999 0.9416444765625 0.656554125 0.9999617796875 0.6528165968749999 1 0.648110234375 1 0.6132817968750001
0 0.9498569546875 0.536776075 0.9897261531250001 0.5145083421875001 0.9867050562499999 0.48553412187499995 0.946936075 0.513326053125 0.9498569546875 0.536776075
0 0.009345996875 0.065859646875 0.0727735296875 0.0658556 0.09794859375000001 0.064664490625 0.096325228125 0.006411490625 0.00767644375 0.0084750234375 0.009345996875 0.065859646875
0 0.2033490234375 0.0039202296875 0.21122309062500003 0.58220746875 0.29897702187499997 0.5823431078125 0.3015514546875 0.4351443203125 0.30062407812499997 0.3644505078125 0.30110961718749996 0.34162713437500003 0.30091175468750003 0.2960076 0.2929852375 0.258555221875 0.2810021109375 0.199514709375 0.275949990625 0.1825283 0.2613370265625 0.15093962656249998 0.25971052031249997 0.13385330625 0.26323735 0.0984135109375 0.2661662625 0.0812413234375 0.273131978125 0.0468509890625 0.27371362499999996 0.002282309375 0.2033490234375 0.0039202296875
0 0.906971309375 0.5718210140625 0.9495451718749999 0.5461623015625 0.9403658296874999 0.51347899375 0.901752825 0.542877771875 0.906971309375 0.5718210140625
0 0.04939219375 0.1404836234375 0.04519949375 0.3235618546875 0.08577580312500001 0.3297574515625 0.0911630171875 0.2424984140625 0.07737752656249999 0.23172590624999997 0.0730819140625 0.21994587187499998 0.07035832343750001 0.20812924531250002 0.0699894625 0.1954510109375 0.079910253125 0.179447278125 0.08246253125 0.16111400625 0.090106896875 0.1514360765625 0.097730521875 0.14173845937500001 0.0938301453125 0.1172018984375 0.0541931796875 0.11348549375000001 0.04939219375 0.1404836234375
0 0.8897855390625 0 0.9957706796875 0.14622386406250001 0.99151643125 0 0.8897855390625 0
0 0.8271462843749999 0.5807990984375 0.863243475 0.540486496875 0.8592253203125001 0.5153677515624999 0.8188617859375 0.5601565140625 0.8271462843749999 0.5807990984375
0 0.38021399218749996 0.8222277734375 0.3938962125 0.7843934124999999 0.377631025 0.7722667359375001 0.3604102234375 0.8056250875 0.38021399218749996 0.8222277734375
0 1 0.47313412499999996 0.989830671875 0.47997517343749996 0.9928402546875 0.5078604906249999 1 0.504137775 1 0.47313412499999996
0 0.817677884375 0.63037505625 0.8553456562499999 0.605919715625 0.8518235765625001 0.5791354984375 0.811526265625 0.607484315625 0.817677884375 0.63037505625
0 0.1258509828125 0.9993355171875 0.161327596875 0.9991291203125 0.170152234375 0.9950312890624999 0.2534847328125 0.889640484375 0.3402150453125 0.7443755249999999 0.3828657203125 0.6478786046875 0.4199773890625 0.516273940625 0.433734784375 0.4033859171875 0.44279271875 0.2849395671875 0.4188639671875 0.28321738281250003 0.4158120109375 0.373104646875 0.38587156875 0.5557132234375 0.3318950375 0.693398353125 0.263997 0.821181440625 0.185748290625 0.9446470890625 0.1258509828125 0.9993355171875
0 0.688528903125 0 0.69359629375 0.2065102625 0.7623629109375 0.206321428125 0.7994838453125 0.1998097890625 0.80273165625 0 0.688528903125 0
0 0.128976746875 0.0573870359375 0.131043734375 0.17418270625 0.16651541406249998 0.1456436734375 0.16910879375 0.053165174999999995 0.128976746875 0.0573870359375
0 0.8612919859374999 0.6030382046875 0.8984112718749999 0.57914021875 0.8908845671875 0.546418440625 0.856565840625 0.5729943328125 0.8612919859374999 0.6030382046875
0 0.44142943125 0 0.43760265 0.5162267218750001 0.5281042453125 0.5213811984375 0.530468696875 0 0.44142943125 0