0 0.794999490625 0.5559062546875 0.7970728375 0.53432159375 0.7499456640625 0.5337527890625 0.7508546671875 0.556317146875 0.794999490625 0.5559062546875
0 0.7299979078125001 0.6909071890625 0.7713869156250001 0.6884822734375 0.789653534375 0.653717475 0.77551096875 0.6292895203125 0.6236487484375 0.63049103125 0.5889699984375001 0.644516725 0.5848875796875 0.6963464765625 0.62246836875 0.6942531515625 0.656035425 0.6902277578125 0.6705879015625 0.6762486484375 0.693493115625 0.6746898828125001 0.7141884984375 0.661805640625 0.7195610140625 0.6648914031250001 0.71431200625 0.6790647171875 0.7299979078125001 0.6909071890625
0 0.8428561546875001 0.2177285546875 0.8556456062500001 0.179865803125 0.8479443124999999 0.167806909375 0.7425515078125 0.1719320921875 0.7161398203125 0.18005866875 0.71732416875 0.1859326015625 0.7390571734375 0.1926169125 0.7788953046875 0.196081890625 0.78481544375 0.2020667953125 0.7962749640625 0.2078482984375 0.8001979 0.2137474546875 0.7917358078125 0.225384328125 0.8264952062500001 0.224537146875 0.8428561546875001 0.2177285546875
0 0.10535904843749999 0.8963026031249999 0.18768484375 0.8889604671875 0.20520360312500002 0.9047166578124999 0.2333081671875 0.9081857984375 0.2682331546875 0.9088592140625 0.3457736265625 0.8830215046875001 0.36140680000000003 0.8276781953125001 0.36034861406249996 0.7989688234375001 0.17169364843749998 0.7999810843749999 0.1297653828125 0.8117998265624999 0.10535904843749999 0.8963026031249999
0 0.7675152203125 0.692861646875 0.88416620625 0.6999245375 0.943235071875 0.6758641578125 0.9421727640625001 0.622215390625 0.907784978125 0.59917053125 0.9077428718749999 0.623035675 0.7739441515625 0.6253333546875 0.7881194921875 0.652702475 0.7675152203125 0.692861646875
0 1 0.4565634046875 0.9621604328125001 0.469867390625 0.9486500343750001 0.5535014671875 0.9725866062499999 0.5600059046875 0.9977151718749999 0.5475890390625 1 0.5504267031250001 1 0.4565634046875
0 0.46452075156249995 0.212269865625 0.4849429203125 0.2077211703125 0.5074026593750001 0.197657478125 0.5226684968749999 0.1434014515625 0.518922140625 0.11934800625 0.5191798249999999 0.104980925 0.44549347343749995 0.1033667765625 0.43471499218750004 0.171706209375 0.46452075156249995 0.212269865625
0 0.5702658796875 0.1713178984375 0.5698962453124999 0.10583721875 0.527095078125 0.10721645625000001 0.5291597296874999 0.1718746390625 0.5702658796875 0.1713178984375
0 0.6817610265625 0.60995013125 0.6790854328125 0.49869643124999996 0.488721590625 0.4975677453125 0.489518903125 0.61451001875 0.6817610265625 0.60995013125
0 0.29223248125 0.7495290031249999 0.313486021875 0.732307825 0.3095149171875 0.676802640625 0.102206371875 0.6766010484375 0.0689081 0.6140778171875 0.029697875000000002 0.6117018046875 0.014175334375000001 0.617352696875 0.01703986875 0.6524446734375 0.0303129453125 0.6801892171875 0.0192091078125 0.679018965625 0.0261628125 0.7642053734375 0.18464324375000002 0.7587467921875 0.2505786765625 0.7573449359375 0.29223248125 0.7495290031249999
0 0.8401026015624999 0.167742159375 0.8446246343749999 0.1177423390625 0.7975277171874999 0.118560059375 0.7945056828125 0.170427640625 0.8401026015624999 0.167742159375
0 0.0644043125 0.6127454921875 0.0724065421875 0.621379890625 0.27786247343750003 0.61920349375 0.333891784375 0.6066690484375 0.34572901875 0.5241251890624999 0.28076949375 0.5247839812499999 0.2811192109375 0.5128142140625 0.005997553125 0.515428396875 0.006021196875 0.517460375 0.0142409890625 0.6181569796875 0.031097853125 0.6108204703125 0.0644043125 0.6127454921875