0 0.5651935328125 0.74616355 0.44150694843749994 0.7460007281250001 0.44718584687499996 0.8207018046875 0.5646132015625 0.8282806656249999 0.5651935328125 0.74616355
0 0.20679861718749998 0.7086136921875 0.204655890625 0.6935667828125001 0.145629328125 0.6947303 0.1365649046875 0.7437772375 0.3915022546875 0.8183956265625 0.39453915156249997 0.758478059375 0.2916248625 0.7398247812500001 0.2883873296875 0.70865641875 0.2725184578125 0.7087180640625 0.267807171875 0.738862865625 0.243018821875 0.7329490296875 0.20679861718749998 0.7086136921875
0 0.6138404953125 0.482371925 0.6115517953125 0.39295680625 0.5989597140625 0.3739111890625 0.5805399453125 0.37457288437499997 0.5598833171875001 0.39322739218749997 0.5646125546875 0.4851111078125 0.570821703125 0.49171766406249995 0.5839749796875 0.48915803125 0.6138404953125 0.482371925
0 0.7545971796875001 0.378531825 0.7503006578125 0.36038010625 0.74573531875 0.3477117140625 0.7334564296874999 0.3439861171875 0.7177946687500001 0.3436343328125 0.7065943515625001 0.3553285609375 0.7050621609375 0.4492391859375 0.7088472140625 0.454596959375 0.7140660703124999 0.45698093437500004 0.727636365625 0.46043449531249997 0.74955794375 0.45482115937499995 0.7545971796875001 0.378531825
0 0.0730418390625 0.30546823125 0.0685796421875 0.3111042625 0.061085159374999996 0.3098679125 0.0602009078125 0.2920057015625 0.0517507546875 0.29323552343750003 0.0467993515625 0.3698601578125 0.081049503125 0.39200846718750004 0.0790660453125 0.31797710156250003 0.0730418390625 0.30546823125
0 0.22503594062499999 0.21245918125 0.207822859375 0.22990461875 0.2004524390625 0.23963053125 0.179720134375 0.2291547 0.160544765625 0.22438731562499997 0.16214318125 0.3316601140625 0.231506140625 0.3409640296875 0.2299178859375 0.2585641328125 0.22503594062499999 0.21245918125
0 0.31130417499999996 0.43641872031249995 0.2659477828125 0.4318126578125 0.2678056546875 0.4618813828125 0.311189184375 0.467182303125 0.31130417499999996 0.43641872031249995
0 0.20025426249999997 0.33999777343750004 0.1648967140625 0.3392086125 0.167879590625 0.42030066250000003 0.20566943593749998 0.4228966953125 0.20025426249999997 0.33999777343750004
0 0.25191493593750003 0.43773573125 0.24617498593749998 0.4380235640625 0.24385786406249998 0.42541516562500004 0.21152794687499998 0.42009830312499996 0.2120157296875 0.4432199328125 0.2346984703125 0.4468901984375 0.233977378125 0.43811702500000005 0.240953871875 0.4398687578125 0.24267735 0.4629572125 0.25623090625 0.4644654984375 0.25191493593750003 0.43773573125
0 0.2438668640625 0.5645676328125 0.2324312703125 0.546747996875 0.2157683609375 0.554633915625 0.0961118171875 0.5252672984375 0.0932371484375 0.5627244453125 0.09187852656249999 0.6131324453125 0.389474684375 0.6949132953125 0.3979880796875 0.633805625 0.3981107203125 0.60225285 0.2438668640625 0.5645676328125
0 0.6812491656249999 0.38169459687499996 0.677594528125 0.373575209375 0.6728881859375 0.3670286015625 0.662322659375 0.36162219375000004 0.6499332812499999 0.3606543328125 0.6325862296875 0.37215587031249997 0.6336514296875 0.4621822046875 0.6403108343749999 0.46834874531250004 0.6521942859375 0.47009911875 0.669283259375 0.47085722343749997 0.6823088187499999 0.45814447343750003 0.6812491656249999 0.38169459687499996
0 0.47397458124999997 0.5126785140625 0.48716121718750005 0.56251546875 0.4402773984375 0.5951665671875 0.45984078593750005 0.671581009375 0.4948024078125 0.659429365625 0.489652315625 0.6497353765625 0.8448293687499999 0.5774047828125 0.940066584375 0.5674326890625 0.914938471875 0.5006622484375 0.9233743734375001 0.484054234375 0.9031719390624999 0.404551146875 0.8807516359375 0.3992958578125 0.7602563578125 0.4537549671875 0.47397458124999997 0.5126785140625
0 0.5421129062500001 0.99803571875 0.5571896078125 0.9810889390625 0.5583479890625 0.9674310828125 0.531063496875 0.920503409375 0.522338525 0.9320475984375 0.51999589375 0.9545799296874999 0.5421129062500001 0.99803571875
0 0.7764932625000001 0.4276067265625 0.78066975625 0.4349197734375 0.787201340625 0.44044785624999994 0.8019244828125001 0.436214609375 0.8135401640625 0.4264917296875 0.8140247984375 0.34431032031250003 0.8069805453125 0.332808384375 0.7936658875 0.3306317359375 0.7810184312499999 0.34192351875 0.7764932625000001 0.4276067265625