0 0.0391455390625 0.649625428125 0.06849652187500001 0.6218287 0.0546145796875 0.60791529375 0.0295978140625 0.6355353625 0.0391455390625 0.649625428125
0 0.266981740625 0.8406487015625 0.2752618265625 0.854604271875 0.27391819375000004 0.867049115625 0.2440078640625 0.8997088390625001 0.248893984375 0.9433610484375 0.324197303125 0.9440977046875 0.32323139843750004 0.8212084640624999 0.26519025625000003 0.8226020046875 0.266981740625 0.8406487015625
0 0.6537540421875 1 0.75908081875 0.9957069531249999 0.762737684375 0.875152815625 0.58933168125 0.817022846875 0.5718688953125 0.98778275625 0.58636925625 1 0.6537540421875 1
0 0.28025334218750003 1 0.27986497187500003 0.9916590062499999 0.21756373281250002 0.9663982515624999 0.175242121875 0.9101443015624999 0.1542450046875 0.9197290328125 0.15482669843750002 0.9490981484375001 0.1660849859375 0.9692825031250001 0.1566723625 0.9887373625 0.1573288078125 1 0.28025334218750003 1
0 0.0038363671874999997 0.6595969640625 0.026900759375 0.634900646875 0.019700459375 0.60327778125 0.0022400625 0.6253132484374999 0.0038363671874999997 0.6595969640625
0 0.9414775515624999 0.7356308234375 0.9958297500000001 0.7284412312499999 0.9968002125 0.561632853125 0.9683978671875 0.5645888546875 0.9414775515624999 0.7356308234375
0 0.79700411875 0.14909168281250001 0.7662427640625 0.151483146875 0.7631695828125 0.1836281765625 0.735941025 0.1881716390625 0.71954145 0.179697478125 0.7242910250000001 0.2572780046875 0.741888278125 0.3651962984375 0.7175698546875 0.40737055 0.85618593125 0.5114938546875 0.9231291140625 0.40240505937500004 0.9277441937500001 0.40337528906250003 0.9155050953125 0.31238613593750003 0.9633957656250001 0.08855038750000001 0.9009175421875 0.072811765625 0.8752144984375001 0.28198789999999996 0.8511467234375001 0.28069357968749997 0.8514612296875 0.140004759375 0.7903018453125 0.054443209375 0.75015268125 0.0515083640625 0.79700411875 0.14909168281250001
0 0.6522003265625 0.355737878125 0.630725846875 0.3537380015625 0.6113928625 0.35642898437500004 0.61193775 0.39566615625 0.6193227218749999 0.4103821734375 0.6486572578125 0.4031052421875 0.6522003265625 0.355737878125
0 0.9454932453125 0.5882754968749999 0.9059258109374999 0.5627500359375001 0.8733834328125001 0.5455430328124999 0.645342528125 0.47092037812500004 0.6266177390625 0.5945915109375 0.6137951390625 0.6260790046875 0.9432809531249999 0.722401909375 0.9676247203124999 0.566192396875 0.9454932453125 0.5882754968749999
0 0.6578949609375 0.3203833078125 0.6292143078125 0.307507465625 0.6263285671875 0.321028709375 0.6431612875 0.3401377859375 0.6547072734375 0.3482926625 0.6578949609375 0.3203833078125
0 0.372880146875 0.5058957875 0.43507248125000003 0.3969178921875 0.43414263281250004 0.3649567109375 0.36850826406250003 0.4950490875 0.372880146875 0.5058957875
0 0.3972875859375 0.77473163125 0.39499546093750004 0.7938962625 0.41539925625 0.8057649671875 0.41513214062500003 0.8169041703125 0.38813994375 0.81719765625 0.3927583703125 0.8479949484375 0.42184388281249996 0.8420313 0.45680539375 0.8596774999999999 0.4630602296875 0.8403513515625001 0.47480129531250004 0.8367080484375 0.4873536828125 0.8504894843749999 0.5142962828125001 0.697690428125 0.41875015 0.6729986984375 0.420198684375 0.68723271875 0.43720295625 0.694482525 0.44401320312500003 0.7212810921874999 0.41329596874999996 0.760592778125 0.421285921875 0.77853161875 0.3972875859375 0.77473163125