0 0.7313734968750001 0.6356571109375 0.7308699562500001 0.6173059640624999 0.6999161796875 0.621642065625 0.6994855624999999 0.638222809375 0.64037011875 0.64665548125 0.635545353125 0.6627494125 0.65512403125 0.6848807390625 0.7521114718749999 0.663466465625 0.752974465625 0.6363832984375 0.7313734968750001 0.6356571109375
0 0.3993005609375 0.180696909375 0.429540946875 0.1818110390625 0.44199776875 0.143124246875 0.39960304999999996 0.13456512812500002 0.37028616875 0.1305447390625 0.3650742453125 0.1407615921875 0.362055003125 0.1689068796875 0.37726223281250004 0.1713641078125 0.3754358921875 0.1784799171875 0.3993005609375 0.180696909375
0 0.46013122187500005 0.22382357343749998 0.47355144843749997 0.1892075078125 0.47936118437499997 0.18718815625000002 0.4747924515625 0.1815999578125 0.44073528125 0.176220953125 0.429540946875 0.1818110390625 0.4258787875 0.18634506875 0.37650655624999996 0.1814038234375 0.371500253125 0.2035760953125 0.41826733593750004 0.21329044375 0.46013122187500005 0.22382357343749998
0 0.7028073953125 0.19202138124999998 0.6922584171875 0.18091221562499998 0.6727491796875 0.1800315296875 0.65317393125 0.20032549375 0.6875761546875 0.2070233984375 0.7028073953125 0.19202138124999998
0 0.296581309375 0.1523429671875 0.28912931875000003 0.1619050875 0.28227313593750003 0.1857832671875 0.297799015625 0.19289029375 0.3362955890625 0.19369940624999998 0.3444962984375 0.1595824828125 0.319765275 0.15182155625 0.296581309375 0.1523429671875
0 0.0939633 0.0217090421875 0.11398774062499999 0.009677426562499999 0.123095928125 0.0072307 0.12042351250000001 0.002706371875 0.1118055609375 0.004048703125 0.09785160625 0.000569284375 0.049797978124999996 0.000289715625 0.04733886875 0.0265832078125 0.0854950921875 0.0338622265625 0.08371604375 0.0282781625 0.0939633 0.0217090421875
0 0.6981008890625 0.12911277968749998 0.6737958328125 0.121805609375 0.6489857765625 0.1148897109375 0.6311432906250001 0.11752750000000001 0.607074815625 0.1721458453125 0.6559457796875 0.1789627375 0.670155440625 0.1657380625 0.686643575 0.16756472656250002 0.6981008890625 0.12911277968749998
0 0.8503049921875 0.7909474265625 0.83568268125 0.9274777765625 0.8205439578125 0.9262478296875001 0.819774340625 0.9344767921875 0.8208732734374999 0.9612691109375 0.8473787156249999 0.9644291671874999 0.9048721921875 0.97029046875 0.9653575765625 0.9678966078125001 0.9856565828124999 0.750853815625 0.9295021765625 0.7415624890625 0.840839996875 0.7493034578125 0.8339149625 0.7887250671875 0.8503049921875 0.7909474265625
0 0.582099096875 0.6817709609375 0.5753535750000001 0.6826905578125 0.5707847671875 0.6544567578125 0.5526012625 0.62916650625 0.4838262953125 0.645940978125 0.5183658765625 0.7040843953125 0.531568478125 0.705547065625 0.5859591328125 0.6999451015625 0.582099096875 0.6817709609375
0 0.7159063078125001 0.87267769375 0.7102884609375 0.8484746234375 0.66083088125 0.8379133421875 0.6421132671875001 0.8303104171875001 0.6065927046875 0.8388363890624999 0.6277638859375 0.855045690625 0.6821793734375 0.8966485109375 0.7101001828125 0.8951272640625 0.7159063078125001 0.87267769375
0 0.141980334375 0.9112841578124999 0.010928251562500001 0.9391716718750001 0.0110566015625 0.9502020218749999 0.154289015625 0.9660702515624999 0.1762688140625 0.9603537171875001 0.220035325 0.95272095625 0.20271565468750002 0.9249447249999999 0.19100129375 0.9167150218750001 0.141980334375 0.9112841578124999
0 0.14598871875 0.0383483359375 0.20826506406249998 0.0529520984375 0.2158046609375 0.0306945734375 0.15237396406249998 0.0181990234375 0.14598871875 0.0383483359375
0 0.831971509375 0.569758221875 0.8192013625 0.5932861375 0.82099834375 0.6156632609375 0.9558698578125 0.634487896875 0.9689284484374999 0.6076581156249999 0.9661465046875 0.58405381875 0.8426501625 0.574254765625 0.831971509375 0.569758221875
0 0.5265026328125 0.5776704515625 0.4821758375 0.47697325625 0.43292142343749995 0.4801356765625 0.0062290546875 0.5353236578125 0.0075046296875 0.6449462875 0.4718904453125 0.5869476 0.5265026328125 0.5776704515625
0 0.6414436125 0.249317846875 0.6851961281250001 0.2557709640625 0.6905183625 0.22651882968749998 0.6971631328125001 0.22406345625 0.686130015625 0.21834860625000002 0.661699909375 0.21499157656249998 0.6414436125 0.249317846875
0 0.5386882046875 0.8571912546875 0.5568029015625 0.8564334875 0.5704555796874999 0.8491642468749999 0.5737105890625 0.843975265625 0.5602466500000001 0.8346369656249999 0.5305280421874999 0.8405735359375001 0.5217839171875001 0.8349903062499999 0.5034547046875 0.838041721875 0.496275275 0.8455605625 0.4818503265625 0.8462798843750001 0.47121007812500004 0.8561799453125 0.4572419109375 0.8620319171874999 0.437542046875 0.8649314828125 0.4150442671875 0.862906578125 0.40539497343750003 0.8572027406249999 0.31311021875 0.8788534125 0.3220537125 0.886877784375 0.31946575781250003 0.9049677468749999 0.333220184375 0.9162084234375 0.36634644843749997 0.9184757234375001 0.39133456093749996 0.9184794406250001 0.40700032343750003 0.9193002265624999 0.52795040625 0.89295828125 0.5199690734375 0.8842273796875 0.520446321875 0.8741161625 0.5268466578125001 0.86512869375 0.5386882046875 0.8571912546875