0 0.5691699406249999 0.3603657265625 0.5945098671875 0.51297595625 0.678590284375 0.47824142031249994 0.65148185625 0.330782559375 0.5691699406249999 0.3603657265625
0 0.8568001531249999 0.37853768125 0.8905671249999999 0.3702471984375 0.8790593250000001 0.2934005234375 0.8756348328125 0.2806828546875 0.8460657203125 0.2905086109375 0.8568001531249999 0.37853768125
0 0.6215779718750001 0.0056616687499999995 0.65148185625 0.330782559375 0.6651177796875001 0.392315765625 0.7386138171875001 0.3765386859375 0.7335909984375 0.33973088125 0.680334990625 0.0070288375 0.6215779718750001 0.0056616687499999995
0 0.680334990625 0.0070288375 0.7335909984375 0.33973088125 0.7386138171875001 0.3765386859375 0.7725746171875 0.5451630828125 0.8128689671875 0.5179924015624999 0.7348248500000001 0.008296715625 0.680334990625 0.0070288375
0 0.150694159375 0.6013499296875 0.193044253125 0.62662430625 0.2164092078125 0.55432251875 0.17539639375 0.527920596875 0.150694159375 0.6013499296875
0 1 0.8474222625 0.9896787546875 0.784264221875 0.9267698125000001 0.787992965625 0.9488735515625001 0.8881521250000001 1 0.8781751609375 1 0.8474222625
0 0.046462340625 0.38854184531249997 0.023519959375 0.3697912921875 0.009987748437500001 0.39739157187499996 0.034146375 0.41737199687500004 0.046462340625 0.38854184531249997
0 0.6551016421875 0.5939257484375 0.7725746171875 0.5451630828125 0.7386138171875001 0.3765386859375 0.6651177796875001 0.392315765625 0.678590284375 0.47824142031249994 0.5945098671875 0.51297595625 0.6045452671875 0.588350771875 0.6551016421875 0.5939257484375
0 0.9346125859375001 0.137394184375 0.8860638125 0.1482802875 0.896975525 0.209535540625 0.9420359093749999 0.1895350046875 0.9346125859375001 0.137394184375
0 0.7870053015625 0.7725535031249999 0.8482281328125 0.763507184375 0.8128689671875 0.5179924015624999 0.7725746171875 0.5451630828125 0.7519077890625 0.5558396796875 0.7870053015625 0.7725535031249999
0 0.007158526562500001 0.256569884375 0.0256113109375 0.2169610703125 0.007477320312500001 0.20179079375 0.007158526562500001 0.256569884375
0 0.0909657796875 0.040112325 0.062013553124999996 0.0103219375 0.0448898828125 0.031766406250000004 0.0774480390625 0.0689145140625 0.0909657796875 0.040112325
0 0.228403509375 0.8168023 0.1932787984375 0.7928547046875 0.17976105625 0.82165689375 0.20999993125 0.8442677734374999 0.228403509375 0.8168023
0 0.08358538125000001 0.6628925437500001 0.0712905171875 0.6880970046875 0.0930594625 0.7019495890624999 0.1065419953125 0.6791973640625 0.08358538125000001 0.6628925437500001
0 0.34042984375 0.951582128125 0.312729640625 0.9316265796875 0.2917665 0.9710911531249999 0.323107715625 0.992375909375 0.34042984375 0.951582128125
0 0.29116309375 0.654333525 0.256122990625 0.6269119140625 0.2364407 0.674946053125 0.26904816875000004 0.7036199171875 0.29116309375 0.654333525
0 1 0.5518608875 0.9514512828124999 0.5669196984375 0.9703871218750001 0.66927955625 1 0.654950846875 1 0.5518608875
0 0.65148185625 0.330782559375 0.6215779718750001 0.0056616687499999995 0.516097284375 0.0032073249999999996 0.5691699406249999 0.3603657265625 0.65148185625 0.330782559375
0 0.29448606875 0.10915355468750002 0.263073259375 0.0817305203125 0.24102286875 0.1236158578125 0.27371606875 0.1486226234375 0.29448606875 0.10915355468750002
0 0.179420871875 0.6772669421875 0.1383359796875 0.641122009375 0.12352445781250002 0.682017121875 0.1597730671875 0.7119987375 0.179420871875 0.6772669421875
0 0.02304689375 0.451079665625 0.0060935421875 0.43956924218750004 0.005889940625 0.4745547421875 0.0095217984375 0.47745707812499993 0.02304689375 0.451079665625
0 0.14851003125 0.1615872546875 0.090536103125 0.12869698125 0.056085695312499996 0.2212319640625 0.1187734 0.255519321875 0.14851003125 0.1615872546875
0 0.080625196875 0.9613290703124999 0.0492832890625 0.9254108375 0.027246035937500003 0.95766243125 0.059818300000000005 0.992386259375 0.080625196875 0.9613290703124999
0 0.270357628125 0.8953658703125 0.2327939203125 0.873764671875 0.219297609375 0.909948459375 0.25925849375 0.9363902749999999 0.270357628125 0.8953658703125
0 0.832639025 0.038123056249999995 0.7988595703125 0.048558915625 0.809830975 0.0958687125 0.8443063859375 0.0875518 0.832639025 0.038123056249999995