0 0 0.8323067921874999 0.0489167140625 0.8409511171874999 0.36252677499999997 0.8667529703125 0.3498357265625 0.8570058656249999 0.34674675 0.8259887671874999 0.36812139843749997 0.8080019421875001 0.0005867375 0.7715185796874999 0 0.77242596875 0 0.8323067921874999
0 0.7411183609374999 0.48845725 0.7328421140625 0.4544566203125 0.7455808 0.43131623750000003 0.7152311234375001 0.42263586562500005 0.38762531093749997 0.40397980312500004 0.35254248593750004 0.42682475000000003 0.37570839375 0.4634101734375 0.41573311874999996 0.467416575 0.4406207390625 0.48834843906250003 0.735716553125 0.5095528203125 0.7411183609374999 0.48845725
0 0 0.721812934375 0.0178188796875 0.7218248390625 0.025515175 0.6797460578125001 0 0.6717084578125 0 0.721812934375
0 0.8063727 0.730323571875 0.8112395812500001 0.7314239671875 0.8136183203125 0.7332174578124999 0.8198345578125 0.7401574546874999 0.8236918531249999 0.7453260625 0.8257705921875 0.7528421703125 0.8280857375 0.7554489796875 0.8312365578125 0.75810444375 0.8368099140625 0.76171798125 0.842512465625 0.7628670359374999 0.8474429390625 0.763154115625 0.8532912609375 0.7671188515625 0.8589868015625 0.7664030171875 0.8635164203125001 0.7639433609374999 0.8689145609375 0.760905796875 0.876950221875 0.7515275484374999 0.8770141390624999 0.742313615625 0.8904498656250001 0.74345205625 0.8921232234375 0.74271151875 0.897139096875 0.741369534375 0.9136683828125 0.7398599546875 0.9111624546874999 0.7249029515625 0.8415109234375 0.7192134109375 0.8355083703125 0.7237869734375 0.8346935890625 0.72373953125 0.8271468734375 0.726589146875 0.810811296875 0.724003959375 0.8053244375 0.71874046875 0.7022089578124999 0.70781344375 0.6880386140625 0.7110944109374999 0.6787987453125 0.7146624593750001 0.6655494765625 0.7163630203125 0.658946740625 0.716795590625 0.654851940625 0.71655716875 0.630348575 0.7126793874999999 0.6181297828125001 0.7103129515625 0.6034457546875001 0.7078029796875 0.5978932921875 0.7041906578125 0.591312365625 0.7038074796875 0.577547403125 0.715345090625 0.5849838015625 0.7305891734375 0.6013838890625001 0.731544078125 0.604577409375 0.7333850109375 0.614137259375 0.739702671875 0.6205680953125 0.7425491171874999 0.6253495734375 0.7452785828125 0.6358534 0.7491792 0.6448348765625 0.75054011875 0.6571401640625 0.7512566015625 0.66539445 0.7508992453125 0.664730675 0.7475715703125 0.6650317718750001 0.7418280671875 0.66537556875 0.7352700328124999 0.6686982859375 0.73464648125 0.670306040625 0.7355571125 0.686490434375 0.740626453125 0.7546416 0.743756628125 0.7588218 0.742365984375 0.76634670625 0.7403321187499999 0.7705280015625 0.738920590625 0.7812891296875 0.7379131250000001 0.7919866640625 0.7377189765625001 0.795567778125 0.7321664546875 0.79972616875 0.731591559375 0.8063727 0.730323571875
0 0.29778897031249996 0.490716071875 0.3136179265625 0.420619890625 0.2425754875 0.400289659375 0.006888553125 0.3834871125 0.00529159375 0.38596820625 0.0013181171875 0.46176352343750005 0.0461628421875 0.47376057187500004 0.29778897031249996 0.490716071875
0 0.6896764765625 0.4084317609375 0.8063041171875 0.4082463890625 0.8115099078125001 0.3808965390625 0.7909347062500001 0.3696429140625 0.7370994765625001 0.365251371875 0.7399579546874999 0.3439029671875 0.6736824078125 0.3397716953125 0.6642479484375 0.38782453906250003 0.6896764765625 0.4084317609375
0 0.79395843125 0.57139229375 0.9608459312500001 0.582240675 0.9655122 0.536801190625 0.8021703046875001 0.5238757890625 0.79395843125 0.57139229375
0 0.7422383828125 0.49147630312499996 0.7479418812499999 0.487011021875 0.7496437359375 0.480930096875 0.752013034375 0.47490898281250005 0.756251265625 0.4724114078125 0.75898809375 0.4725707625 0.7651150531249999 0.47361883281250006 0.7760414812499999 0.4742550296875 0.77888670625 0.472346721875 0.7844315328125 0.47130787500000004 0.789941325 0.47093736093749994 0.795199290625 0.47537050625 0.797757653125 0.478934190625 0.807872109375 0.48226745624999995 0.812441740625 0.48663957187499995 0.812262178125 0.49006478593749997 0.811322015625 0.49480741406249995 0.8110712859375001 0.49959018593750004 0.8231970125 0.5037318843749999 0.8410825203125001 0.5043333453125001 0.9332382828125001 0.5132605375 0.9432083531250001 0.4509934140625 0.9008269312499999 0.43557911718750003 0.749262378125 0.42264813281249997 0.7328311656250001 0.454665475 0.7422383828125 0.49147630312499996
0 1 0.2857774609375 0.964398590625 0.2866237046875 0.9656047843750001 0.29639342343749997 0.9681176062500001 0.302824496875 0.9724924625 0.3065148953125 0.97511595625 0.3112345796875 0.9712714468750001 0.3190133296875 0.9634839749999999 0.3368485609375 1 0.3382910796875 1 0.2857774609375
0 1 0.3502691875 0.9574640515624999 0.3473497390625 0.954583384375 0.4022993875 1 0.406813565625 1 0.3502691875
0 0.9951077359375 0.6122322953125 0.962926003125 0.6105175296875001 0.956084978125 0.7010387890625001 0.9904172078125001 0.7017056046875 0.9951077359375 0.6122322953125