0 0.30356340312499996 0.4042370015625 0.298396584375 0.3822449875 0.2747461625 0.37580905 0.1205113765625 0.41388529375000005 0.1210093328125 0.4410851296875 0.1442979890625 0.46460041093750004 0.20553800937500002 0.47167622812500004 0.2178341484375 0.491446084375 0.33375207812499996 0.45684404531249995 0.3315166421875 0.43641766562499995 0.30356340312499996 0.4042370015625
0 0.7831440234375 0.8490400156250001 0.8457406640625 0.8429887203125 0.8408845078124999 0.8236302796875 0.8022573046874999 0.8139949140624999 0.7605327625 0.8231821187499999 0.763603715625 0.8441488843749999 0.7831440234375 0.8490400156250001
0 0.4371286828125 0.6750191515624999 0.3854294671875 0.6814831484375 0.3923909671875 0.702598809375 0.44540941875 0.6960683921874999 0.4371286828125 0.6750191515624999
0 0.8282440171875001 0.593722090625 0.7340683953125 0.59790648125 0.7323543906250001 0.6307165234375 0.7660540671875 0.6342180625 0.8385561078125001 0.631685721875 0.8656570765625 0.62996615625 0.8638237140625 0.602935015625 0.8282440171875001 0.593722090625
0 0.13259796562499998 0.012527734374999999 0.00009980781250000001 0.0171556125 0.000209915625 0.036081312500000004 0.1263624765625 0.035324840625 0.13259796562499998 0.012527734374999999
0 0.22307576093749998 0.690001659375 0.2867885171875 0.6664174968750001 0.266373628125 0.64455123125 0.2059078484375 0.6669642125 0.2146836859375 0.6786999921875 0.22307576093749998 0.690001659375
0 0.1210093328125 0.4410851296875 0.0027474453125 0.47224573124999997 0.0028952015625 0.49764282968750007 0.1442979890625 0.46460041093750004 0.1210093328125 0.4410851296875
0 0.93024663125 0.346343440625 0.996737759375 0.34103705 0.9923361249999999 0.2329912625 0.5947508 0.24333426406249997 0.5815346265625 0.2883442546875 0.5958228375 0.34752782031249996 0.6653340156249999 0.3584441140625 0.679243921875 0.3504318328125 0.9003228546875001 0.3406758453125 0.93024663125 0.346343440625
0 0.227849915625 0.5111531953124999 0.20553800937500002 0.47167622812500004 0.1442979890625 0.46460041093750004 0.0028952015625 0.49764282968750007 0.0029596906249999997 0.5087275421874999 0.006966846875 0.6070902015625 0.061188615625 0.59864634375 0.0437470046875 0.5658951140624999 0.191652234375 0.5262091921875001 0.227849915625 0.5111531953124999
0 0.42567314375 0.35538290781250004 0.40778559531249997 0.3521224125 0.396995096875 0.3458475578125 0.296605075 0.37321480937499996 0.30356340312499996 0.4042370015625 0.3315166421875 0.43641766562499995 0.33375207812499996 0.45684404531249995 0.48267305625 0.40664665937500005 0.4675251484375 0.40274124687499996 0.46013312968750003 0.3980157109375 0.452194809375 0.39385848437500004 0.4443011765625 0.39079815 0.43693150000000003 0.386621059375 0.4299988234375 0.38019111875 0.429868215625 0.363006921875 0.42567314375 0.35538290781250004
0 0.996737759375 0.34103705 0.93024663125 0.346343440625 0.9296665687500001 0.385521521875 0.9987703218749999 0.3909298484375 0.996737759375 0.34103705
0 0.93024663125 0.346343440625 0.9003228546875001 0.3406758453125 0.679243921875 0.3504318328125 0.689767296875 0.425532075 0.7479020171874999 0.4407513359375 0.8961978343749999 0.43461561875 0.9071861125 0.421782684375 0.9826964625000001 0.41721280624999996 0.9816827546875 0.39232959843750004 0.9296665687500001 0.385521521875 0.93024663125 0.346343440625
0 0.4942064828125 0.49955131250000007 0.5124248671875 0.495456890625 0.5296206078125001 0.49371714375 0.548996584375 0.4895822890625 0.566031340625 0.48439007187499994 0.5841765234375 0.47799959062499997 0.6013047874999999 0.4751027234375 0.6196841546875 0.4744607703125 0.6368587609375 0.47270141875 0.6513847546875 0.46184011875 0.676821690625 0.4357482640625 0.6500290453125 0.4021031421875 0.5782314671875 0.388479890625 0.33375207812499996 0.45684404531249995 0.346541415625 0.48872034375 0.3842582046875 0.5379114796875 0.419610575 0.532059125 0.44440704531249997 0.5196999625000001 0.4588655609375 0.5076815406249999 0.47596696562499996 0.5036261328125 0.4942064828125 0.49955131250000007
0 1 0.5336435265625 0.978921578125 0.5362216953125001 0.9771317859374999 0.586141778125 1 0.5878706671875 1 0.5336435265625
0 0.8618080484374999 0.1505851109375 0.8640268000000001 0.1366549 0.8509344875 0.1287924203125 0.8043820640625 0.129299603125 0.8035740562499999 0.150401853125 0.8263709625000001 0.1528602796875 0.8618080484374999 0.1505851109375
0 0.0447583390625 0.3261325609375 0.0352652125 0.3242468875 0.026868757812499998 0.3223229078125 0.018952781250000002 0.318714128125 0.015306870312500002 0.3110912734375 0.0018219937499999999 0.3131742359375 0.0020596609375 0.3540256234375 0.01104224375 0.3561750984375 0.0658596890625 0.34038738749999997 0.06595416875 0.328728278125 0.0447583390625 0.3261325609375
0 0.191652234375 0.5262091921875001 0.0437470046875 0.5658951140624999 0.061188615625 0.59864634375 0.0922963953125 0.6298828171874999 0.1390094953125 0.6433041046875 0.4124438421875 0.565812265625 0.3842582046875 0.5379114796875 0.346541415625 0.48872034375 0.32688408125 0.48594883906249997 0.227849915625 0.5111531953124999 0.191652234375 0.5262091921875001
0 0.45678058750000006 0.54087069375 0.40465275156249997 0.554286190625 0.4248232484375 0.5741471625 0.43934165312499995 0.5770778171875001 0.489276909375 0.5647559875 0.4882583734375 0.5497386875 0.4730478859375 0.5457947765625 0.45678058750000006 0.54087069375
0 0.2545812078125 0.1803581140625 0.09557550468750001 0.2011681375 0.0978030421875 0.233881196875 0.26467934843749996 0.21356925468750002 0.2545812078125 0.1803581140625
0 0.5063659125 0.25537171875000003 0.5020827406249999 0.26904856875 0.5113309859374999 0.299868728125 0.52897534375 0.301652771875 0.5445217687499999 0.3083514234375 0.55871144375 0.306208128125 0.5738617296874999 0.3056789609375 0.5815346265625 0.2883442546875 0.59376846875 0.24418224375 0.5063659125 0.25537171875000003