0 0.52042233125 0.435208171875 0.547960475 0.41424875625 0.5406791734375 0.34681239375 0.534959071875 0.32423524531250003 0.49850827343750004 0.334339421875 0.49828668125000003 0.3770235 0.5188070296875 0.394952240625 0.52042233125 0.435208171875
0 0.467672640625 0.651519565625 0.451254659375 0.65977174375 0.46939095468750003 0.746572178125 0.4786548953125 0.74592464375 0.48251209843750004 0.733355471875 0.467672640625 0.651519565625
0 0.9179945343749999 0 0.9045620812499999 0.006599189062499999 0.8400740546875 0.0186631203125 0.826605784375 0.1254751984375 0.84549141875 0.33162549375 0.8641253437499999 0.3643470015625 0.8539370578125001 0.426515878125 0.8588942390625001 0.47436147812499996 0.9415753875 0.458664525 0.9625112687499999 0.3574699859375 0.9524800328125 0.24521643124999998 0.9594932984375 0.236697621875 0.9585990609374999 0.19327019843749998 0.9652044765625 0.192808490625 0.9523325625 0.117631640625 0.9352358625000001 0.1088884640625 0.92734720625 0 0.9179945343749999 0
0 0.6431633437500001 0 0.6559485453125 0.1258640421875 0.756583875 0.1114582734375 0.7809040234375 0.142837784375 0.826605784375 0.1254751984375 0.8400740546875 0.0186631203125 0.9045620812499999 0.006599189062499999 0.9179945343749999 0 0.6431633437500001 0
0 0.7315455765625 0.7247778359375 0.7381311312500001 0.761175128125 0.789139271875 0.752887040625 0.7880591781249999 0.721299896875 0.7315455765625 0.7247778359375
0 0.6600353 0.7356078 0.64714281875 0.7065711375 0.6523785328125 0.6959589578125 0.6473584625 0.6730864765625 0.62264218125 0.680707215625 0.6339848421875 0.75317786875 0.6530075234375 0.7487065921875 0.6600353 0.7356078
0 0.7841159546875 0.7620059625 0.7745787515625 0.7660811562500001 0.7784450421875 0.7981922203125 0.7875607703124999 0.8016412109375001 0.7952695249999999 0.7972420859375 0.7932762421875 0.7661499765625 0.7841159546875 0.7620059625
0 0.5116425640625 1 0.6649674484375 0.9892828390625 0.6376667578124999 0.7615856421875 0.554418021875 0.735105415625 0.447350503125 0.7674142500000001 0.4772839875 1 0.5116425640625 1
0 0.329917753125 0.9004662187499999 0.3416258765625 0.893405659375 0.3485916359375 0.8742127562500001 0.3429310875 0.7961704921874999 0.31448433750000004 0.7978303390625 0.31100520625 0.810208815625 0.317357703125 0.899044396875 0.329917753125 0.9004662187499999
0 0.8500303859375 0.5017567171875 0.8527510890625001 0.5531672015625 0.8996530093749999 0.5413879671874999 0.897004384375 0.4911017875 0.8500303859375 0.5017567171875
0 0.6559485453125 0.1258640421875 0.6528087593749999 0.17429613906250002 0.689254740625 0.5040831375 0.7873509234375 0.4853169515625 0.7962804328125 0.438759378125 0.756583875 0.1114582734375 0.6559485453125 0.1258640421875