0 1 0.6905161921875 0.947058615625 0.7067116859375 0.9589727578125 0.8019599796874999 1 0.7956136203125 1 0.6905161921875
0 0.034134184375 0.0604124046875 0.06506859375 0.266414040625 0.10749386875 0.260994346875 0.073350634375 0.0546680421875 0.034134184375 0.0604124046875
0 0.446566275 0 0.4390596234375 0.0010995625 0.4455336359375 0.0103804 0.4497226453125 0.0225634171875 0.446621871875 0.034224840625 0.4382745828125 0.0321872546875 0.4299191484375 0.023834060937500002 0.41945774374999995 0.0182141828125 0.44282115937500005 0.1564309203125 0.45466733593750003 0.187502321875 0.557808034375 0.17076429375 0.5306523875 0 0.446566275 0
0 0.84304345625 0.952612778125 0.82244155 0.8222237546875 0.7969101796875 0.8123518625000001 0.7898171375 0.8021836140625 0.781265025 0.79304415625 0.7724649296874999 0.7815161875000001 0.765374809375 0.7713678859375 0.7414792390625 0.7612563859375 0.76467235 0.859498459375 0.768108925 0.8773953046875 0.7737997062499999 0.8949619578125001 0.7780685109375 0.9071332859375 0.7802483687499999 0.9220150578125 0.783756309375 0.9351129078125 0.785591365625 0.9476407281249999 0.7880671875 0.9606656156250001 0.84304345625 0.952612778125
0 1 0.7955679875 0.9553819812500001 0.8024859515625 0.971066171875 0.9338602125 1 0.9296220296875 1 0.7955679875
0 0.871614734375 0.8076445515625 0.8943455359374999 0.9450981296875 0.9354942578125 0.9390707296875 0.9061926921874999 0.7659014265625 0.90079786875 0.774699725 0.8939334703125 0.7823684171874999 0.88705204375 0.79005998125 0.879432909375 0.7971667906250001 0.8733033000000001 0.8054002875 0.871614734375 0.8076445515625
0 0.7900711203124999 0.308682003125 0.7964762828125 0.3524096796875 0.832840115625 0.34469908125000004 0.8481298 0.3401568953125 0.8378000703125 0.2969022 0.7900711203124999 0.308682003125
0 0.43137502968749997 0.24939549374999997 0.46131381875 0.4343103640625 0.4788873640625 0.4691479796875 0.531505446875 0.45471623125000005 0.49270077187499994 0.235705559375 0.43137502968749997 0.24939549374999997
0 0.4933759203125 0.5353694296875 0.48105045625000004 0.53316061875 0.46169161875000003 0.5376060359375 0.5431578406249999 0.996539553125 0.632556396875 0.9834445921875 0.5621101656249999 0.5621018046875 0.5400247734375 0.5205283046875 0.5186538656249999 0.52765253125 0.5147750921875 0.5394279140625 0.503256115625 0.5427249609375 0.4933759203125 0.5353694296875
0 0.7952511531249999 0 0.796353759375 0.008386128125 0.80822079375 0.017203032812499998 0.816849834375 0.030345445312500004 0.8208108640624999 0.044171621875 0.8283576125 0.0632799484375 0.8225753265625 0.089047725 0.8156573703125 0.10734056562500001 0.8558874421875 0.0995934390625 0.8690183656249999 0.15042551875000001 0.9362657999999999 0.1309777578125 0.9133281578125001 0 0.7952511531249999 0
0 0.7212011015625001 0.568426246875 0.7272666375 0.5903597671874999 0.718256540625 0.5984038875000001 0.7205458625000001 0.6168151859375001 0.73398680625 0.668233534375 0.740991915625 0.65763035 0.7908199312499999 0.6315238562500001 0.7597764234375 0.46313335625 0.7378313015625 0.4008161265625 0.6847854171875001 0.4144139625 0.6894978109375 0.4326741015625 0.6929155046875 0.447659834375 0.697496965625 0.46919943750000004 0.70234646875 0.493960059375 0.7048684359374999 0.50561294375 0.7077017171875 0.516608925 0.7107878703125 0.5265490265625 0.7121522453125 0.5414279890625 0.7212011015625001 0.568426246875
0 0.6838560453125 0.2472567578125 0.71357458125 0.3716848640625 0.7335800234375001 0.40323200468750003 0.7833853296875 0.389212265625 0.75663833125 0.232764890625 0.6838560453125 0.2472567578125
0 0.894023321875 0.6541649515625 0.8636434171875 0.4598394953125 0.8169681000000001 0.4696310546875 0.8500998109375001 0.662432709375 0.894023321875 0.6541649515625
0 0.916229359375 0.437954553125 0.913657709375 0.44766380781250004 0.9413874453125001 0.55962736875 0.9376486890625 0.606858209375 0.940583790625 0.6224444265625 0.9916387906249999 0.6062447109375 0.9585308015624999 0.394407671875 0.9260417500000001 0.40047072968749997 0.9240029796875 0.41813038125 0.916229359375 0.437954553125
0 0.304305675 0.48463392812499995 0.2836939734375 0.42043011249999995 0.2506645640625 0.4244735125 0.245893828125 0.43558485625000004 0.23954421718750002 0.44690709218749997 0.2312967234375 0.456123246875 0.222040384375 0.46387740937500005 0.21086328906250001 0.46950845937499996 0.1992047890625 0.46642763593750003 0.1859674140625 0.46355770781250005 0.1723825390625 0.45275098125 0.26348873125 0.9985009140625 0.390882496875 0.9977597593749999 0.304305675 0.48463392812499995
0 0.8854221671875001 0.35547868125000004 0.96187451875 0.340306590625 0.9521623078125 0.2830441 0.9395419515625001 0.2515563046875 0.8624788859375 0.2697928609375 0.872820746875 0.323702834375 0.8854221671875001 0.35547868125000004
0 0.8575303921874999 0.45024088124999995 0.8500057406250001 0.40360029218750004 0.8170378062499999 0.4088980515625 0.8237748421875001 0.4674114078125 0.8394812578125 0.4646013375 0.8578529390625 0.46078955937500005 0.8575303921874999 0.45024088124999995
0 0.617650890625 0 0.6547624140625 0.1784268484375 0.737441646875 0.158328428125 0.709139678125 0 0.617650890625 0
0 0.0621636203125 0.938103271875 0.07117446093749999 0.9996197656250001 0.182782765625 0.9989704484375 0.1117175171875 0.8689484937499999 0.0621636203125 0.938103271875