0 1 0.6131263546875 0.7586420546875 0.6658469765625 0.41989874218749995 0.7252359421875 0.2297764875 0.7631379515625001 0.254331390625 1 0.40860811249999995 1 0.40433529999999995 0.9919576078125001 1 0.894443365625 1 0.6131263546875
0 0.685772578125 0.13020972343749998 0.52501575 0.16579074062500002 0.5374339765625 0.2041798859375 0.592622771875 0.19507468125 0.6799716484375 0.1787760515625 0.7065060703125 0.1392682046875 0.685772578125 0.13020972343749998
0 0.9233346140625001 0.92655955 0.9200749640625 0.918979303125 0.8598862953124999 0.9310455390625 0.8612979125000001 0.9393849390625 0.9233346140625001 0.92655955
0 0.46990441875 0.0692101375 0.5479796218749999 0.0490466453125 0.5392788890625 0.020677996875 0.45616848593750003 0.0392009109375 0.46990441875 0.0692101375
0 0.3589386484375 0.5711427671875 0.38138751875 0.6281982968750001 0.4846326578125 0.6060574437499999 0.5073829703125 0.60805794375 0.5582949312500001 0.6008844078125 0.5487769015625 0.558711340625 0.5191920359375 0.5665036453125001 0.5079673921875 0.5688242140625 0.4994828203125 0.5577361984375 0.459990165625 0.5530587515625001 0.3589386484375 0.5711427671875
0 0.8219094921875 0.4866368 0.7547837937499999 0.4899766328125 0.7638872203125 0.5517813921875 0.8273711109375 0.5480422359375 0.8364532062500001 0.5119748625 0.8219094921875 0.4866368
0 1 0.8946800765624999 0.933538475 0.9060143671875001 0.9384242171875 0.9234399453125001 1 0.9107098453125 1 0.8946800765624999
0 0.5281907390625 0.165469540625 0.3220987359375 0.180088071875 0.1026079 0.23606582656250003 0.15829541875 0.29406384218750004 0.5243295484375 0.28733555 0.5281907390625 0.165469540625
0 0.678108040625 0.1788680359375 0.5287298421875 0.205560375 0.5209229750000001 0.3047995046875 0.9702758046875 0.313251434375 0.9430607453125001 0.18505631718749999 0.678108040625 0.1788680359375
0 0.25904131406249997 0.309331928125 0.2051501 0.331744215625 0.41997339375 0.859235115625 0.45405215937500004 0.88355126875 0.47178824218750004 0.8686345984375 0.25904131406249997 0.309331928125
0 0.1153197328125 0.07126692812499999 0.16429354062499998 0.07434039375 0.282489265625 0.053927084375 0.2777815734375 0.0376797734375 0.1153197328125 0.07126692812499999
0 0.7796381890624999 0.16215154062499998 0.9322846203124999 0.13429594375 0.9194864468749999 0.074010809375 0.7032326671875 0.12207493124999999 0.711662015625 0.1682858984375 0.756561046875 0.16738337187500002 0.7796381890624999 0.16215154062499998
0 1 0.4532657140625 0.9702029921875001 0.3129084609375 0.8888076843749999 0.31191340625 0.6272963359375 0.334846821875 0.45465504843750004 0.375356871875 0.3861290421875 0.3885601703125 0.3253892546875 0.388568625 0.28371799062499997 0.387525921875 0.3599996796875 0.55613299375 0.441707940625 0.5459865015625 0.586902278125 0.5169328906249999 0.6692987375 0.5008620328125 0.7935545 0.488099459375 0.867072478125 0.487963209375 0.9278303234375 0.474438528125 1 0.470550025 1 0.4532657140625
0 0.7647510265624999 0.9593449203125 0.7595741765625 0.9494585343749999 0.6700256890625 0.9656462687499999 0.6739461875 0.9781177984375 0.7647510265624999 0.9593449203125