0 0.6477219437499999 0.30742141875 0.6690655 0.304633646875 0.695592278125 0.3061409484375 0.7073519546875 0.28849366249999997 0.7005090296875001 0.267962696875 0.6630779640625 0.2676390796875 0.6616148359375 0.2796837375 0.6438418218749999 0.2856604046875 0.6477219437499999 0.30742141875
0 0.9892043078125001 0.921961640625 0.97002875 0.9198969968749999 0.9245123109375 0.9204913343750001 0.919091090625 0.9652685375000001 0.9616470671874999 0.9679583859375 0.961397990625 0.970250884375 0.9886608718750001 0.9686644531249999 0.9892043078125001 0.921961640625
0 0.6199635609375 0.685029265625 0.6921082609375 0.6629732390624999 0.9401235937499999 0.678317953125 0.9641161109375 0.645639959375 0.945194278125 0.61995414375 0.5061290765625001 0.5978483875 0.46636035624999994 0.6090914921875 0.4623485734375 0.65697995625 0.58493404375 0.6662198390625 0.6199635609375 0.685029265625
0 0.6862626265625 0.10383985 0.7126613734375 0.1047037421875 0.71331928125 0.12083521562499999 0.79739355 0.1117530234375 0.78950314375 0.050563701562499994 0.72094654375 0.0437935203125 0.71830196875 0.0523272078125 0.6871304359375 0.0517410453125 0.6862626265625 0.10383985
0 0 0.557466503125 0.09907704375000001 0.53706561875 0.1213207421875 0.55385290625 0.1128031375 0.5776167234375 0.0890319296875 0.586769590625 0.14348354531250002 0.58962148125 0.23725144999999997 0.5606528671875 0.253118353125 0.5054439375 0 0.48664968125 0 0.557466503125
0 0.551781284375 0.2771256671875 0.560497709375 0.2792015484375 0.561736359375 0.28860759375 0.5875144359375 0.28623297187499996 0.5892877296875 0.266319290625 0.6062298359375 0.2584383984375 0.60747986875 0.2471587 0.55128665 0.2435335609375 0.5294664171875 0.25859333906250004 0.5091122765625 0.2666727765625 0.48450250781250004 0.27672869218749996 0.4803600796875 0.30194641875 0.5261664421875001 0.30446746562500004 0.5370765578125 0.296937578125 0.53984271875 0.28040346562499996 0.551781284375 0.2771256671875
0 0.650985459375 0.105912971875 0.6587545453125 0.021866303125 0.606987365625 0.0214412953125 0.5957647984375 0.105668584375 0.650985459375 0.105912971875
0 0.29274398125 0.919972046875 0.3289735296875 0.931267453125 0.5166133281249999 0.927792859375 0.5174011625 0.9471100421875001 0.8654594140625 0.9670469781250001 0.911773146875 0.9330904484375001 0.9213520703125001 0.8759490734375 0.3120756078125 0.8458900109374999 0.21759072656249998 0.867761246875 0.1741295921875 0.9357218328125001 0.29274398125 0.919972046875
0 0.9919794015625 0.423348096875 0.3948205359375 0.3899083828125 0.35082614843750004 0.40735679999999996 0.3259968984375 0.456456634375 0.3860042390625 0.4772296015625 0.5674719515625 0.46817508124999996 0.556357459375 0.488164525 0.6676766203125 0.4772325390625 0.6702980234375 0.46813069843750005 0.795727890625 0.4742355296875 0.8171511312499999 0.4878772859375 0.9943168609375 0.482589909375 0.9943343234375 0.4810891984375 0.9919794015625 0.423348096875
0 0.854984209375 0.321354446875 0.9354564828124999 0.320292153125 0.9356233749999999 0.3044177765625 0.94394936875 0.26447501406249996 0.9008166828125 0.264117065625 0.8880362765625 0.2856882203125 0.8620372734374999 0.3001165703125 0.854984209375 0.321354446875
0 0.7410607031249999 0.1790795421875 0.74491038125 0.1676485671875 0.7579324671875 0.1694739046875 0.766415315625 0.1448578578125 0.7632748968749999 0.1312505421875 0.68054983125 0.13348123125 0.6699436296875 0.1694277984375 0.696248034375 0.17995835468750002 0.7410607031249999 0.1790795421875
0 0.25403254531249997 0.19092458750000002 0.2687907546875 0.170926509375 0.263653015625 0.1622558375 0.20424748125 0.15973289375 0.1918905484375 0.165231684375 0.1832701859375 0.188472659375 0.20243046250000002 0.1885577390625 0.2200707875 0.1953008640625 0.25403254531249997 0.19092458750000002
0 0.08096800625 0.0990342453125 0.025717759375 0.0950694859375 0.0101510578125 0.124694428125 0.0601371890625 0.1313655453125 0.08096800625 0.0990342453125
0 0.44953960000000004 0 0.44854092031250004 0.0114406609375 0.43887631718750003 0.0190607890625 0.5150179625 0.01963356875 0.5136183203125 0 0.44953960000000004 0
0 0.40625227500000005 0.032776328125 0.4265950328125 0.0453826359375 0.436725546875 0.061166289062500004 0.41878167812499995 0.0864142296875 0.3913198890625 0.1318637984375 0.382241196875 0.141870209375 0.36533467656249996 0.1506236203125 0.352966565625 0.1857981234375 0.376236478125 0.1853186328125 0.3662608765625 0.23672706406250002 0.395667878125 0.23847355 0.39414036874999997 0.2644137078125 0.430376471875 0.2648882171875 0.4335947203125 0.2379750859375 0.430723678125 0.1890430453125 0.4409554 0.185844228125 0.44156345156250004 0.1797884078125 0.488919871875 0.17788698281249998 0.48964133906249996 0.1321832390625 0.47674466249999997 0.1329336984375 0.4814976265625 0.10172102499999999 0.45637852968750003 0.098789415625 0.4668562546875 0.038727895312499996 0.40625227500000005 0.032776328125
0 0.215772596875 0.2731047859375 0.24445217187499999 0.25701534375 0.22950545937500003 0.2279659609375 0.12882235625 0.22664494531249998 0.13437635781249999 0.24552207187500003 0.15689305 0.2525306015625 0.14263889375 0.271909509375 0.215772596875 0.2731047859375