0 0.4820323421875 0.20828742656250002 0.48691784531250004 0.2180971046875 0.71726345 0.22333390625 0.70460821875 0.16768524375 0.6700899609375 0.15436939375 0.46714392499999996 0.1580484671875 0.4679151828125 0.1698903125 0.48410595 0.186442153125 0.4820323421875 0.20828742656250002
0 0.93725036875 1 0.9407697765625 0.9726529671874999 0.8993648625 0.976223859375 0.904114021875 1 0.93725036875 1
0 0.2962117109375 0.80423040625 0.3031392375 0.7675989375000001 0.28198755468750003 0.7432565359375001 0.1949645015625 0.7439636984375 0.190245125 0.770284371875 0.20197899375 0.80267766875 0.2962117109375 0.80423040625
0 0 0.8280312453124999 0.1125541140625 0.831602228125 0.1286067078125 0.7904684921875 0.09187548281249999 0.7749209984375 0.046769442187499996 0.773173753125 0.0549259234375 0.7715798281249999 0.0518553375 0.7500561984375 0.0392982328125 0.7450792890625 0.036244828125 0.7243775968749999 0 0.7224344421875 0 0.8280312453124999
0 0.3493689578125 0.755678390625 0.31932674843750003 0.7586978375 0.33109087656249997 0.819519059375 0.35420145625 0.8251368796874999 0.37900951250000003 0.825685915625 0.3808491578125 0.8238118703125 0.3681042015625 0.7623315984375 0.3493689578125 0.755678390625
0 0.6969730125 1 0.686290784375 0.940605165625 0.6445415609375 0.9392079531249999 0.6088777171875 0.9421187218749999 0.6171520234375001 1 0.6969730125 1
0 0.34724289062499997 0.9327117234375001 0.34340376093749997 0.829259940625 0.319047959375 0.8159608734375 0.3196663484375 0.7963465171874999 0.302712596875 0.794799953125 0.2962117109375 0.80423040625 0.20197899375 0.80267766875 0.17192297031249998 0.8580349015625 0.18912454843749998 0.8774014343750001 0.1889099765625 0.8989736265625 0.21278548593750002 0.9306547374999999 0.34724289062499997 0.9327117234375001
0 0.24951527968749998 0.49588504218749996 0.2894483015625 0.4934007328125 0.2962218234375 0.494272446875 0.29936033906250004 0.475617703125 0.31290738125 0.4773611328125 0.32483340156249996 0.473547225 0.32176265000000004 0.43196075624999997 0.29736636875 0.43187457656249995 0.2922469125 0.42053878750000007 0.2089948390625 0.4214033625 0.197756634375 0.43643358125000004 0.1068766015625 0.43844777031250004 0.07766424375 0.45938257968749996 0.0820518671875 0.4972653125 0.122596003125 0.5139183046875 0.18463454375 0.5119631234375001 0.1907469640625 0.49981856406249997 0.20795863906249998 0.4928321734375 0.24951527968749998 0.49588504218749996
0 0.12083257812499999 0.1425804703125 0.1163156296875 0.138187434375 0.0483011375 0.13832839218749998 0.039975359375000005 0.1375753234375 0.0329638125 0.1920574953125 0.16903004531250002 0.203110615625 0.1677619546875 0.1892374859375 0.2645537859375 0.1955870796875 0.266292025 0.18208035312499998 0.24381977031250002 0.144431878125 0.12083257812499999 0.1425804703125
0 0.560386278125 0.8833951265625 0.5137397890625001 0.883744875 0.4883933921875 0.8814871015625 0.44015410624999995 0.880996575 0.4294286703125 0.8853543609375001 0.4219544328125 0.899004103125 0.4395212 0.9254058046875 0.45953937656250005 0.9279820328125 0.4655351171875 0.942381609375 0.4869631015625 0.9371879171874999 0.5176104125000001 0.9410910671874999 0.5310252796875 0.9403583031249999 0.5305361765625001 0.9244131484375 0.5680568859374999 0.9225200906250001 0.560386278125 0.8833951265625
0 0.806506903125 0.654109375 0.47626145 0.6590298671875 0.46803366874999996 0.6691397765625 0.45313115000000004 0.666463659375 0.46128510624999997 0.7453051171875 0.4779427515625 0.7520188390625 0.4826628234375 0.7747384203125 0.5155922312500001 0.7736480218749999 0.5075288375 0.724676775 0.6045843171875 0.7299331734375001 0.6199350859375 0.7410691796875 0.9011909796875001 0.7360739359374999 0.8955926515625 0.6789357546875 0.8702792125000001 0.6780142812500001 0.806506903125 0.654109375
0 0 0.696063221875 0.058333059374999996 0.6963779999999999 0.05715858593749999 0.6609171125 0.044610779687500005 0.6623967515625 0 0.660164915625 0 0.696063221875
0 0.8864135234375 0.980520609375 0.8771928687500001 0.9204775671875 0.8522941062499999 0.9150599734375 0.8040595671874999 0.9229722609375001 0.8113991046875 0.9872817125 0.8692047531249999 0.982548025 0.8864135234375 0.980520609375
0 0.7708926796875 1 0.7670998421874999 0.9751252984375001 0.7298612859375 0.972915046875 0.7254730828125 0.9469797609375 0.7057519343750001 0.9459172703125001 0.70052660625 0.9408182734375 0.686290784375 0.940605165625 0.6969730125 1 0.7708926796875 1
0 0 0.9305880359375 0.0559577609375 0.931559378125 0.054825251562499996 0.920613728125 0.040532103125 0.9181389921875001 0.033671951562500003 0.8405501796875001 0 0.8393195718750001 0 0.9305880359375
0 0.8158676546875 0.8988959187500001 0.8159319343749999 0.9103393828125 0.8873227343750001 0.9065752874999999 0.899601009375 0.9119671640625 0.9254890781249999 0.9122453265624999 0.9318558749999999 0.9161181796875001 0.9411374921875 0.9150174359375001 0.942971721875 0.9007648156249999 0.9503036343750001 0.897138415625 0.9471597875000001 0.8860568750000001 0.9299182593750001 0.8541023937500001 0.9430656562499999 0.8527409046875001 0.9433879390625 0.8382937078125 0.923989896875 0.8350390421875 0.92590745625 0.8152025109375 0.9407635890625 0.8133026796875 0.940660740625 0.79929260625 0.8846130515624999 0.777467953125 0.8745086000000001 0.762191221875 0.7897012078125 0.7595357421875 0.7914367578125 0.8611798171875 0.8049241671875 0.8654567234374999 0.7931065484375 0.8921549640625 0.8158676546875 0.8988959187500001
0 0.11044294218749999 0.7091502265625 0.14103079375 0.714152353125 0.1790168203125 0.7153316750000001 0.17766135 0.692901646875 0.1731802921875 0.6536748343750001 0.062032389062500005 0.6531421421875 0.063443315625 0.6956831125 0.0859077421875 0.698041334375 0.11044294218749999 0.7091502265625
0 0.584657628125 0.33746559062500003 0.5669550250000001 0.3269286171875 0.55835135625 0.2469636390625 0.54407258125 0.24469568593750002 0.5473961796875 0.22922071093750002 0.43572375 0.22941975 0.43377891562500004 0.32956552031249997 0.46290422500000006 0.340199490625 0.584657628125 0.33746559062500003
0 0.6034563078125 0.40779925156249996 0.46841695312500004 0.409786503125 0.4480244015625 0.45470626249999996 0.45027810312499994 0.4797110703125 0.4606925890625 0.49847055312500005 0.5973424796875 0.495911828125 0.8290053015625001 0.4945758921875 0.7630398765625 0.4733807484375 0.7525697890624999 0.404733725 0.6034563078125 0.40779925156249996
0 0.5632902296875 1 0.5588704484375 0.94390083125 0.5176104125000001 0.9410910671874999 0.4869631015625 0.9371879171874999 0.4655351171875 0.942381609375 0.47295982031249995 1 0.5632902296875 1
0 0.8993648625 0.976223859375 0.9407697765625 0.9726529671874999 0.9457261625 0.93414011875 0.9382306859374999 0.93234945 0.8891246875000001 0.9282430500000001 0.894402834375 0.97290066875 0.8993648625 0.976223859375
0 0.2958941640625 0.25780053125 0.19951485468750002 0.260029184375 0.218213925 0.406297734375 0.30927304218749996 0.40703218437500005 0.2958941640625 0.25780053125
0 0.6128212578125 1 0.6041886328125 0.9441588812499999 0.5588704484375 0.94390083125 0.5632902296875 1 0.6128212578125 1
0 0.17472368124999998 0.6486886875 0.1731802921875 0.6536748343750001 0.17766135 0.692901646875 0.1790168203125 0.7153316750000001 0.18406593437500002 0.7439341578125 0.1949645015625 0.7439636984375 0.215895978125 0.7435834828125001 0.21538840625 0.732718259375 0.335111903125 0.74050253125 0.33601110625 0.7088333421875 0.30784540625 0.6956792515625 0.2220294171875 0.6909881062500001 0.21800694531249998 0.658070728125 0.211595025 0.6534338187500001 0.17472368124999998 0.6486886875