0 0.064719246875 0.7667205781249999 0.0632060828125 0.76204385 0.0617478078125 0.7596277015624999 0.060346500000000004 0.7566381390625 0.0579828265625 0.7546798796874999 0.055627925 0.7530661328125 0.05365675156250001 0.7527832046875 0.0152988984375 0.8058596140625 0.015336740625000001 0.808075359375 0.0157042515625 0.81043500625 0.0168374109375 0.8130942421875 0.017825121875 0.8146208421875001 0.019006971875 0.81700635 0.020298537499999998 0.8182875078125 0.0227449875 0.8200617031249999 0.0253990296875 0.8208282859375 0.029208421875 0.819919346875 0.064719246875 0.7667205781249999
0 0.129160775 0.9325590421875001 0.1599305375 0.8825063078125 0.1594808765625 0.8783769015624999 0.15611762812500002 0.8732803703125 0.1526066859375 0.8696704625 0.14833125 0.8672640890625001 0.143589990625 0.8673826437500001 0.11228946718749999 0.9184501078125 0.11184803750000001 0.9250572953124999 0.116402696875 0.931144753125 0.12333689218749999 0.9349194296875 0.129160775 0.9325590421875001
0 0.1531254953125 0.9639872593750001 0.1531456953125 0.9665660624999999 0.17124900625 0.9685728921875001 0.1968109046875 0.9267461046875001 0.19580938125 0.9238438015625 0.1944458859375 0.9202572359375001 0.191934821875 0.917402309375 0.1885310203125 0.9148778468750001 0.1843627234375 0.91355691875 0.1531254953125 0.9639872593750001
0 0.129746909375 0.9482981125000001 0.1263203625 0.9438387046875001 0.121661853125 0.9409604390625 0.116685215625 0.9391204765625 0.10207477812500002 0.9609046328125 0.12444921718749999 0.9633849359375001 0.13191874374999998 0.9524037140624999 0.129746909375 0.9482981125000001
0 0.0832541375 0.90127503125 0.0521807625 0.9435644171875 0.0499716671875 0.9463255203125 0.0506339625 0.9504784984375 0.052997334375 0.954820046875 0.05414605625 0.9555915296874999 0.0621209671875 0.9564755828125 0.095997703125 0.9114909687500001 0.0933584 0.9077629734375 0.0904431640625 0.9046485296875 0.08753963125 0.902931021875 0.0832541375 0.90127503125
0 0.1222612828125 0.8353877828125 0.0885162828125 0.8872578359375 0.08962494531250001 0.8912455828124999 0.09164744375 0.8946904890624999 0.09503014374999999 0.897427325 0.100261615625 0.8988661109375 0.1351963828125 0.845839665625 0.1324288390625 0.8412386 0.12845043125 0.8380062984375 0.1222612828125 0.8353877828125
0 0.10555504062500001 0.925647971875 0.0811438296875 0.9585843468749999 0.1022722984375 0.960926528125 0.1184057453125 0.9369493546875001 0.11406371875000001 0.93088546875 0.1104894796875 0.927912684375 0.10555504062500001 0.925647971875
0 0.052511040625000005 0.8502220734374999 0.0522171078125 0.8523151531250001 0.052835559374999994 0.8547455625 0.053199178125 0.8575771484375 0.0557313421875 0.8602196984375 0.0591984375 0.8621070375000001 0.06502396875000001 0.8618939671874999 0.099830496875 0.807994453125 0.09844590156250001 0.8046202609374999 0.095977034375 0.8013405859375 0.09365750625 0.7987216046875 0.0905945796875 0.797093784375 0.0855546453125 0.795890946875 0.052511040625000005 0.8502220734374999
0 0.21509673281250002 0.9734336000000001 0.223188315625 0.9602883140625 0.2228353796875 0.9547525234375 0.2204509109375 0.9506233484375001 0.216621840625 0.94805174375 0.21302650625 0.945291334375 0.2074119625 0.9433806562499999 0.191429765625 0.9708100156249999 0.21509673281250002 0.9734336000000001
0 0.052477403125 0.8618128796875 0.0493101046875 0.8599373031249999 0.0167515796875 0.906356328125 0.0158999171875 0.9075716703125 0.01653946875 0.90978970625 0.017924062499999997 0.9131638984375 0.020584465625 0.91667951875 0.023668490625 0.9180949640625 0.027346575 0.91785855625 0.059121153125000006 0.8750027593749999 0.058481603125 0.872784725 0.05698986874999999 0.8683250859375 0.0556702171875 0.8664610890625 0.0544138609375 0.8639599671875 0.052477403125 0.8618128796875
0 0.17924328437499998 0.9001710031249999 0.1758482546875 0.8979910546875001 0.1710607140625 0.8959788109375 0.140802065625 0.944349025 0.14067745 0.9482000562499999 0.1409852234375 0.950295425 0.1406814 0.9533536203124999 0.14193386562500002 0.95632668125 0.14379792656249998 0.9583369156250001 0.14632620000000002 0.9614514062499999 0.149542025 0.9628385187499999 0.153675246875 0.9627813921874999 0.185273790625 0.9121763890624999 0.18407196406249998 0.90869363125 0.18133718906250001 0.9024643734375 0.17924328437499998 0.9001710031249999
0 0.0359658953125 0.8427839453124999 0.0064670015625 0.886536153125 0.00516948125 0.8885582812499999 0.0052148953125000005 0.8963642875 0.0064205421875 0.8980396531249999 0.0078387296875 0.9008593156250001 0.0113902234375 0.9018971546874999 0.013644809375 0.9030059375 0.0152825890625 0.9038316359375 0.018025740625 0.9043504390624999 0.0495438390625 0.8597485015625 0.0487971484375 0.8564450234375001 0.0473703546875 0.853495578125 0.0461350984375 0.8507820828125 0.043794473437499995 0.8483754765624999 0.0419002140625 0.845803640625 0.039071020312499996 0.8439870171875 0.0359658953125 0.8427839453124999
0 0.0031968671875 0.5494948468749999 0.0041477953125 0.7129454234375 0.0652170671875 0.6312270468750001 0.0031968671875 0.5494948468749999
0 0.04886279375 0.84777786875 0.051308090625000004 0.8480489406249999 0.05381246562500001 0.8477253640625 0.08561794218749999 0.795253821875 0.0852543234375 0.792422234375 0.08389082812500001 0.78883566875 0.0818050328125 0.7860278843749999 0.079081334375 0.7831493875 0.0752100671875 0.7810025328125 0.0724880140625 0.7802713546875 0.041465065625000005 0.8328725859375 0.0410414421875 0.8349727609375 0.0410852859375 0.8366953296874999 0.0410869328125 0.8388426499999999 0.0415771453125 0.8403999890625 0.0419829625 0.8428068218749999 0.043566545312499996 0.8450436218749999 0.0458915796875 0.8465252296875001 0.04886279375 0.84777786875
0 0.0527413921875 0.9426818265625 0.0824364015625 0.9023653062499999 0.082317559375 0.8998829265625 0.08106120312500001 0.8973818046875 0.0783586046875 0.8942909312499999 0.0756998484375 0.8929226296874999 0.0701064046875 0.8907995765625 0.0397958765625 0.9297381109374999 0.0404581734375 0.9338910874999999 0.0434805484375 0.9380909765625001 0.047054785937499996 0.941063759375 0.0527413921875 0.9426818265625
0 0.004946315625 0.8501994859374999 0.02274828125 0.8243563406250001 0.021555221875 0.8212180953124999 0.018065378125 0.8173958125 0.0135773078125 0.8149658671875001 0.0086234140625 0.8150608484375 0.0047766875 0.8210427593749999 0.004946315625 0.8501994859374999
0 0.0302376296875 0.8311985484375001 0.026513259374999997 0.8293041625 0.0211770890625 0.8271881578125001 0.004947134375 0.8503401374999999 0.0051470484375 0.8847025359374999 0.007720065625 0.8847426374999999 0.0362629265625 0.84195801875 0.0346235 0.8389850046875 0.03304736875 0.835374865625 0.0302376296875 0.8311985484375001
0 0.0758132703125 0.8744698296875001 0.0767936953125 0.8775845046875 0.07715731406250001 0.880416090625 0.079327503125 0.882374375 0.08332700937500001 0.8853943 0.08643213281249999 0.886597371875 0.08898375 0.8868802296875 0.12272875000000001 0.8350101750000001 0.1211917484375 0.8325208859375 0.11928628125 0.8291963078125001 0.11732190312499999 0.8266811125 0.1134506359375 0.8245342578124999 0.10977090468749999 0.8226233484375 0.0758132703125 0.8744698296875001
0 0.1322016921875 0.850016678125 0.099412721875 0.9009191421875 0.10058633125000001 0.9064170828125 0.10350321093749999 0.9116788453125 0.1063973484375 0.9150056640625 0.11260759375 0.91741180625 0.1469450078125 0.8617425781250001 0.1438365921875 0.8562448703125 0.1390920421875 0.852068784375 0.1322016921875 0.850016678125
0 0.1914040859375 0.9708071703125001 0.20771126562500003 0.9427482250000001 0.20717186875000002 0.9408204203125001 0.20575869375 0.9362191921875 0.20378798437499998 0.9337677093750001 0.20058059843749998 0.9322956453125 0.1950481765625 0.9293419734375 0.17118926406249999 0.9685662703125001 0.1914040859375 0.9708071703125001
0 0.050624096875 0.7434934625 0.0469183578125 0.7381657234375 0.0409657109375 0.7361960953125 0.004577028125 0.786724240625 0.004622575 0.794553121875 0.0062923625 0.7974106375 0.0113566859375 0.8026957390625 0.014591696874999999 0.8069192 0.05326784531249999 0.7530192203125 0.050624096875 0.7434934625
0 0.0700250859375 0.7708729984375 0.06799335625 0.7692521343750001 0.064313625 0.7673412234375 0.02799755625 0.8212881124999999 0.027631559374999996 0.8236738046875001 0.028517831249999997 0.826005075 0.029437860937499997 0.8279965421875 0.030795326562499996 0.8292635359375 0.0324659078125 0.8312737921875 0.0356900078125 0.8323612234375 0.038624365625000004 0.832686509375 0.04125243125 0.8328490140625 0.07378749375 0.7780106140624999 0.07393518437499999 0.776523990625 0.0720789046875 0.77356988125 0.0700250859375 0.7708729984375
0 0.06577230625 0.8673447640624999 0.0669864640625 0.8702706359375 0.07017762968749999 0.8727715265624999 0.0746218578125 0.8734789015625 0.077024134375 0.8731010640625 0.110367896875 0.8220239171875001 0.1097887109375 0.8181163375 0.10759577499999999 0.8142231078125001 0.10402153750000001 0.8112503249999999 0.09932083124999999 0.8087968078125 0.065491434375 0.8615163609375 0.06496231875 0.864678409375 0.06577230625 0.8673447640624999
0 0.10431649218750001 0.9186398375 0.10227289375 0.91540730625 0.09867755781250001 0.9126468984375 0.095275403125 0.9122697546874999 0.0624035484375 0.9565069078124999 0.0811415640625 0.958584096875 0.1074882046875 0.9235004234374999 0.10431649218750001 0.9186398375
0 0.1406512765625 0.94456849375 0.1725897078125 0.8935717437499999 0.171141815625 0.890834675 0.16928975468750002 0.887838090625 0.1662901234375 0.88557314375 0.162525996875 0.8845117328125 0.1591238421875 0.884134590625 0.1279077140625 0.93435255625 0.12846286875 0.9374200890625 0.1306769015625 0.941100940625 0.134080703125 0.9436254046875 0.1406512765625 0.94456849375
0 0.069583915625 0.8915146234375 0.0698582015625 0.8887537546875001 0.0688571734375 0.8864956484375 0.06783698906249999 0.88421395 0.0662214296875 0.8818662500000001 0.063492853125 0.8781713 0.06173576562500001 0.8770317796875 0.05899568125 0.8749673765624999 0.0264988046875 0.918601959375 0.026785151562499998 0.9204802390625 0.0274884921875 0.92270534375 0.02984095625 0.9239108640625 0.030664559375 0.9249254328125 0.032660257812499996 0.926692603125 0.033832353125 0.927445203125 0.0371919796875 0.9278176312499999 0.0401631921875 0.9290702734374999 0.069583915625 0.8915146234375
0 0.3068155015625 0.933658628125 0.2744295203125 0.98001089375 0.3531512078125 0.9887375296875 0.3068155015625 0.933658628125