0 0.6610089546875 0.673304559375 0.6694232515625 0.675462253125 0.6615074437499999 0.6938691234375 0.6974846171875 0.7077308859375 0.6159729859375 0.6974799859374999 0.6095206640625 0.7202247484375001 0.6797427390624999 0.733316978125 0.6557731578125 0.7483174703125 0.6293685906250001 0.7905748890625001 0.7100348624999999 0.8007814734375 0.7584725140625 0.7913450531249999 0.7736568921875 0.7510844046875 0.78201934375 0.725006609375 0.8154009625 0.6215198484375 0.73078671875 0.60595654375 0.72696763125 0.6126024765625 0.7481337953125 0.616276865625 0.6822520296875 0.646185428125 0.6815568578125 0.6581246890625 0.6621507703125 0.6536943734375 0.6610089546875 0.673304559375
0 0 0.8356149484375001 0.0791817421875 0.8397659531249999 0.093218321875 0.8271932218750001 0.131263090625 0.8336305984375001 0.17253548125 0.8609169765625 0.22437905156250001 0.8592120796874999 0.24367187656249997 0.80698915625 0 0.7636162171875001 0 0.8356149484375001
0 0.8617792609375 0.5149985234375001 0.89356650625 0.4981863984375 0.9230687546875 0.52027145 0.8763753124999999 0.5465612546874999 0.9390885203125 0.5447193578125 0.99446035625 0.556966365625 0.9970149125000001 0.5130929656250001 0.9972071515625001 0.480049984375 0.47800882187499993 0.3901479609375 0.395924684375 0.407413184375 0.40353353125 0.43553996406250006 0.40310970625 0.4601557875 0.5313640125 0.4432712703125 0.5634698171875 0.4736920265625 0.65285139375 0.472218234375 0.7085649218750001 0.4494709546875 0.7353653359375001 0.46525485624999996 0.7194261531249999 0.4921269640625 0.75157693125 0.50409174375 0.7340808187500001 0.5226830125 0.7685634140625 0.5296202796875 0.8617792609375 0.5149985234375001
0 0.53793339375 0.0013022296875 0.5311204359375 0.022008575 0.515017428125 0.019447807812500002 0.5090622890625001 0.048216584374999996 0.548140775 0.0528502015625 0.5471262796875 0.04080111875 0.6088344125 0.0534470140625 0.6256534328125001 0.00590084375 0.53793339375 0.0013022296875
0 0.5471262796875 0.04080111875 0.548140775 0.0528502015625 0.5090622890625001 0.048216584374999996 0.50955816875 0.039700046875 0.46276069218749993 0.035530162500000004 0.4569545640625 0.07630265 0.5778928515625 0.0852074703125 0.5943224671875 0.05268624374999999 0.5471262796875 0.04080111875
0 0 0.6497609625 0.07848809375 0.674149834375 0.0627243015625 0.6910749421875 0.12485420625000002 0.6898891 0.1668025890625 0.6802538546875 0.27384825468749996 0.6947514421875 0.2948016671875 0.6396670859375 0 0.5930360265625 0 0.6497609625
0 0.7792868359375 0.2213183375 0.7943535125000001 0.17406400625000001 0.7414160046875 0.173752628125 0.7224866421875 0.16044125781250002 0.743276434375 0.14180051093749999 0.745362334375 0.127127034375 0.7124268359375 0.1217047265625 0.706443071875 0.13986956718750002 0.6695381984375001 0.13916677500000002 0.6662233468750001 0.15379601874999999 0.6261167515625 0.1442818734375 0.6085218343750001 0.19265575937499999 0.7792868359375 0.2213183375
0 0 0.4799552734375 0.0657985796875 0.4794701203125 0.042697421875 0.4955057 0.128511025 0.5234105125 0.21316427187500003 0.5081379203124999 0.24882925625 0.487833375 0.2364205578125 0.5105890046875 0.27202614375 0.5124555828124999 0.23007924218750003 0.5348946109375 0.24235703125 0.535538259375 0.3325569640625 0.5304116609375 0.35187905625 0.4735252 0.00147833125 0.41286618906249994 0 0.4382559 0 0.4799552734375
0 0.8202798859374999 0.1729593609375 0.8060713296875001 0.2054758515625 0.896375009375 0.2200651265625 0.9010473734375 0.1821211046875 0.8202798859374999 0.1729593609375
0 0.42612868437499996 0.2159918671875 0.2692158390625 0.287839540625 0.3007211359375 0.31782491562500004 0.26647148593750003 0.3554300921875 0.47638514218749994 0.32580198125000004 0.6037396578124999 0.25363665156250004 0.5594329578125 0.189698628125 0.42612868437499996 0.2159918671875
0 0.3394813125 0.06475216406249999 0.3137749703125 0.0655452234375 0.28954336875000003 0.127000940625 0.420332778125 0.133150584375 0.43505883125 0.0189315890625 0.31528377343749997 0.00287809375 0.34428543125 0.0314801203125 0.3394813125 0.06475216406249999
0 0.5943224671875 0.05268624374999999 0.5802016921875001 0.0895896765625 0.5900491921875 0.0969520640625 0.6472203328125 0.0991009953125 0.6554325999999999 0.061039621875000005 0.5943224671875 0.05268624374999999
0 0.19142460625 0.270210509375 0.34088031406249997 0.1991836109375 0.28393710156249996 0.140762840625 0.135880528125 0.1662625140625 0.0118800453125 0.23422117656250002 0.0113129671875 0.24396053437499998 0.02846605625 0.29610028125 0.19142460625 0.270210509375
0 0.820336621875 0.764558065625 0.8045555453125001 0.8150667484375 0.8529136796874999 0.8073427437499999 0.914502040625 0.8216989453125001 0.957112765625 0.692159628125 0.889247596875 0.6826241265624999 0.84902481875 0.683080278125 0.8301903656249999 0.727430940625 0.78201934375 0.725006609375 0.7736568921875 0.7510844046875 0.820336621875 0.764558065625
0 0.5247611734375 0.6336478 0.47622297968750005 0.7620079875 0.5456993437500001 0.7733445390625 0.59916986875 0.7658885468750001 0.62892908125 0.63654389375 0.5611635578125 0.6252970296875 0.5247611734375 0.6336478