0 0.398437875 0.6482025 0.4168778421875 0.6682106546875 0.5020030515625 0.6228579609375 0.47652867812500005 0.598674025 0.398437875 0.6482025
0 0.381638353125 0.715743915625 0.41664686250000005 0.7426245953125 0.44564407812500006 0.723375546875 0.4161311953125 0.689893109375 0.381638353125 0.715743915625
0 0.9702757249999999 0.2216889953125 0.8713954656249999 0.29039942343749997 0.9445176859375 0.3385309734375 0.9819393203125 0.31661350312500003 0.9702757249999999 0.2216889953125
0 0.46359465 0.7088483250000001 0.5273087421875 0.6687143343749999 0.5014743265625 0.6244908125 0.422560321875 0.6727317875 0.46359465 0.7088483250000001
0 0.49656995000000004 0.9515547109375 0.47857674375 0.950546040625 0.44067413125000005 0.9329336453125 0.381353196875 0.97826905 0.36913511718750003 0.9973752828125001 0.3694802703125 0.9978504265625 0.493786721875 0.9971272328125 0.52139183125 0.978459234375 0.50748410625 0.956753528125 0.4968132609375 0.956153678125 0.49656995000000004 0.9515547109375
0 0.30341804687499996 0.8246249421874999 0.3411014578125 0.8531980796875 0.4047066734375 0.810955890625 0.3818233484375 0.7773068421875 0.30341804687499996 0.8246249421874999
0 0.747328990625 0.9453516984375 0.696080125 0.91479318125 0.668867059375 0.9400078984375 0.7126213296875 0.9735023875 0.7268588234375 0.9716714109375 0.747328990625 0.9453516984375
0 0.06326355781250001 0.9476858140625 0.2387115171875 0.8599990671875 0.1572581 0.744063840625 0.0346426109375 0.812521184375 0.051408575 0.9489714734374999 0.06326355781250001 0.9476858140625
0 0.0760615140625 0.976072334375 0.0506902515625 0.9431253703125 0.0564651375 0.9901244437500001 0.0760615140625 0.976072334375
0 0.5188179546875 0.6135786453125001 0.564480121875 0.6477281031250001 0.71038555 0.5437761453125 0.6023694453124999 0.462189640625 0.4547112515625 0.5651451359374999 0.47890795625000004 0.599182628125 0.5188179546875 0.6135786453125001
0 1 0.6102702484375 0.79268045625 0.7554237671874999 0.8372634828125 0.8185010609375001 0.8933386593750001 0.7851587125 0.9498045515625 0.8255286984374999 1 0.7828931890625 1 0.6102702484375
0 0.8763559828125 0.3730203859375 0.8356187109375 0.390649525 0.8530498 0.41222366250000003 0.8895691109375001 0.3913427265625 0.9167214578125 0.4145177234375 0.9659686187500001 0.39247155624999996 0.9334357546875 0.364264990625 0.8763559828125 0.3730203859375
0 0.6206098734375 0.9776181828125001 0.6372118343750001 0.9643362124999999 0.5872116843749999 0.926307303125 0.5390781328124999 0.9689392375000001 0.554101728125 0.9938883859375001 0.5565719421875001 0.9935707109375 0.5942464296875001 0.9654029015625 0.6206098734375 0.9776181828125001
0 0.26928715937500003 0.8176315390625 0.3038767359375 0.8236441890625 0.383776978125 0.7757479828125 0.36285051562500004 0.7451056046875 0.31616011093749996 0.7334893984375 0.24281254687499998 0.7729115656250001 0.26928715937500003 0.8176315390625
0 0.7149898734375 0.49936805937499995 0.757313978125 0.530967140625 0.798240353125 0.506496915625 0.7868710640625001 0.49218185937500003 0.7992565359375 0.476183809375 0.7747079609374999 0.4546461078125 0.7149898734375 0.49936805937499995
0 0.66592645625 0.8907608484375 0.6855661484375 0.8737441453124999 0.7279697281249999 0.89673701875 0.7853210015625 0.8240234234375 0.6962359234375 0.77202829375 0.64938568125 0.8010117109375001 0.6374377265625 0.8184754765625 0.624527915625 0.8220006734374999 0.584559121875 0.8526929203125 0.5932334859374999 0.8660254953125 0.6191893562499999 0.863051925 0.66592645625 0.8907608484375