0 0.4002504828125 0.603243821875 0.43747550156250004 0.46049395468750004 0.38388788749999997 0.43918402656250005 0.33602399374999997 0.5814851062499999 0.4002504828125 0.603243821875
0 0.28359485625 0.8081988390625 0.2927796609375 0.771333015625 0.252290665625 0.76305490625 0.2438620203125 0.79531144375 0.28359485625 0.8081988390625
0 0.3397325890625 0.45858770781249997 0.3737877703125 0.47005222968749993 0.37802990937500003 0.4346977984375 0.34957146875 0.42723065312499997 0.3397325890625 0.45858770781249997
0 0.2492149046875 0.9659208890625001 0.2539699515625 0.9450756078125 0.24219058593749998 0.9325873124999999 0.250888 0.894920175 0.266187771875 0.8934938578124999 0.2667729171875 0.88225234375 0.1975530640625 0.864135178125 0.1766549046875 0.9548404453125 0.2492149046875 0.9659208890625001
0 0 0.9278639484375001 0.0943283828125 0.9422685828124999 0.10516251875 0.8670655281249999 0 0.849868015625 0 0.9278639484375001
0 0.6459206828124999 0.896131621875 0.6754356015625 0.8998905 0.684651721875 0.84150080625 0.6625451124999999 0.8360298234375 0.6459206828124999 0.896131621875
0 0.4690038375 0.7900555796875001 0.461481425 0.8104141281249999 0.4231181421875 0.8019261562500001 0.41865608437499996 0.8258733765624999 0.4897004609375 0.8424947015625 0.5015993937500001 0.7987103484375 0.4690038375 0.7900555796875001
0 0.6829699078125 0.5921144875000001 0.7111208984374999 0.5985940078125 0.7167835359375 0.5640764875000001 0.6902711984375001 0.5582747828125 0.6829699078125 0.5921144875000001
0 0.5976734546875 0.8697152265625 0.634106096875 0.8787849140624999 0.6459053796875 0.830795059375 0.6134435515625001 0.8214552046874999 0.5976734546875 0.8697152265625
0 0.6983564109375 0.7293442328124999 0.374189640625 0.6485427359375 0.3436913109375 0.7487280359375 0.684651721875 0.84150080625 0.6983564109375 0.7293442328124999
0 0.3436913109375 0.7487280359375 0.3324670609375 0.78098524375 0.3782012921875 0.7973545765625001 0.38598241875 0.759419240625 0.3436913109375 0.7487280359375
0 0.6279915390624999 0.21961313124999998 0.692590803125 0.252887915625 0.7166188890625 0.207492375 0.6518964515625 0.17496842343750002 0.6279915390624999 0.21961313124999998
0 0 0.7747076875000001 0.1184206546875 0.7953539703125 0.1272281375 0.728008209375 0 0.7026220000000001 0 0.7747076875000001
0 0.7244278515625 0.499268234375 0.660344915625 0.4811872484375 0.6516167546875 0.5206027703125 0.7219330796875 0.5373694640625 0.7244278515625 0.499268234375
0 0.6196579671875 0.9719289234374999 0.6144904906249999 0.9963911515625 0.6337413890625 0.9962791531249999 0.6371035375 0.9745929890625 0.6196579671875 0.9719289234374999
0 0.64672088125 0.5228695734375 0.6573854765625 0.4762029734375 0.5367223515624999 0.4494604 0.5259104921875 0.49234180624999996 0.64672088125 0.5228695734375
0 0.24053176562499998 0.7581165234375 0.20354136875 0.7508857734375 0.1964822765625 0.787541734375 0.23280538437499998 0.7957181546875 0.24053176562499998 0.7581165234375
0 0.5253021921875 0.8352963578124999 0.5812951296875 0.8511798859375 0.5896382375 0.8194447640625 0.531622615625 0.8063950703125 0.5253021921875 0.8352963578124999
0 0.3563907109375 0.9002561953124999 0.3446685609375 0.9804973609375001 0.41364222812499996 0.9910301453124999 0.416478859375 0.9572569203124999 0.439579003125 0.961874809375 0.446366565625 0.9139961671875 0.3563907109375 0.9002561953124999
0 0.1100996734375 0.7152161625 0.1393750859375 0.720434996875 0.1445963296875 0.6978436921875 0.11605297343750001 0.69271526875 0.1100996734375 0.7152161625
0 0.3036511546875 0.7688028874999999 0.28879831718750004 0.8116016828125 0.30775912656250004 0.8171267562500001 0.32180125625 0.776277921875 0.3036511546875 0.7688028874999999
0 0 0.849868015625 0.10516251875 0.8670655281249999 0.1184206546875 0.7953539703125 0 0.7747076875000001 0 0.849868015625
0 0.5692147703125 0.9422482640625001 0.6140935890625 0.9530353234375 0.6287448484375 0.8823275296875 0.58564048125 0.8739921 0.5692147703125 0.9422482640625001
0 0.32214224375 0.115868528125 0.3578122171875 0.131278209375 0.3735524625 0.0959479234375 0.33925537031249997 0.0817954640625 0.32214224375 0.115868528125
0 0.3073761546875 0.47449116875 0.338681034375 0.48450950937500004 0.34449515937499997 0.4618163296875 0.3133613546875 0.45075516406249994 0.3073761546875 0.47449116875
0 0.5146764593750001 0.9238717328125 0.5618200718749999 0.93151986875 0.5667847171875 0.901257075 0.5192005015625 0.8935630375000001 0.5146764593750001 0.9238717328125