0 0.1282685671875 0.7218052328125 0.134158559375 0.68392374375 0.115112471875 0.681198959375 0.10771338125 0.720198659375 0.1282685671875 0.7218052328125
0 0.34885202187500003 0.6882560890625 0.3503593859375 0.6807832281249999 0.35513445312499997 0.6691042265625 0.3605710671875 0.6690530046875 0.36842201406249997 0.6309189125 0.3465531734375 0.6291168953125 0.3246881421875 0.6275331859375 0.317937953125 0.69119780625 0.340687646875 0.6934211953125 0.34885202187500003 0.6882560890625
0 0.023447089062500003 0.8730681390624999 0.021457382812500002 0.8779289312499999 0.018447346875 0.8831350953125 0.01543769375 0.8883630890624999 0.0127651375 0.8928864031250001 0.0068172765625 0.894924990625 0.006964471875 0.9033577796875001 0.0340815 0.9055730828125 0.0356991015625 0.9031645718749999 0.0352476859375 0.8973200312499999 0.037558756250000006 0.8921042296874999 0.0419742328125 0.8885986890625001 0.0439578421875 0.8833886046874999 0.045947546875 0.8785278109375 0.0496579609375 0.874663340625 0.054434539062499995 0.8718284531249999 0.059939806250000005 0.870706003125 0.06544686718750001 0.8709374375 0.0719663671875 0.8691203218749999 0.0705192796875 0.866284884375 0.0221985078125 0.8603368984375 0.02576425625 0.8682016296875 0.023447089062500003 0.8730681390624999
0 0.21508907812500003 0.6764839765625 0.2246188203125 0.675728025 0.23356816875000003 0.6767510328124999 0.2402423765625 0.683797196875 0.24868536562500002 0.6895895921874999 0.27785122812499996 0.6890805 0.278958559375 0.6837110125 0.31130107812499996 0.695047846875 0.32352465937499997 0.609668675 0.2876425625 0.6019749546875001 0.2942498703125 0.5601502140625 0.05520281875000001 0.526762490625 0.0382596703125 0.6069830703125 0.0419081671875 0.614584309375 0.036756153125 0.627187059375 0.041081675 0.6360430484374999 0.04599788125 0.643709509375 0.05089187656250001 0.6513545203125 0.0569548234375 0.658411353125 0.0581863796875 0.660158684375 0.2062643359375 0.6825996203125 0.205633371875 0.6802303578125 0.21508907812500003 0.6764839765625
0 1 0.5325149265625 0.9985908125 0.5325042140625 0.9443551031249999 0.5304810171875001 0.9329561562500001 0.5592651265625 0.9179738546875 0.554154646875 0.9096376265625 0.5882572921875 0.9186494671875 0.5928605421875 0.917192009375 0.61195001875 1 0.6242638375 1 0.5325149265625
0 0.10750219999999999 1 0.13642131562499998 0.9511738640624999 0.12139851093750001 0.9449940578125 0.116164296875 0.9516366390625001 0.1091074640625 0.9576995859374999 0.10085244687499999 0.961425009375 0.0919339640625 0.962170290625 0.08301548125 0.9629155734375001 0.07407555 0.9636830671875 0.073506696875 0.964872215625 0.0520613578125 0.9985922359374999 0.054410379687499996 1 0.10750219999999999 1
0 0.40670526406249996 0.6886001734375 0.41253385 0.6909878968750001 0.4184054953125 0.6958424953125 0.42346940312500003 0.700711190625 0.42933418906250004 0.705172834375 0.4364357046875 0.7091761421875 0.4435227421875 0.712349884375 0.4497516328125 0.7139007984375 0.45680284843749996 0.7150224515625 0.46425436875 0.71530729375 0.4708401234375 0.7135326984375 0.4769825109375 0.7101280375 0.4822877109375 0.706301240625 0.4880080765625 0.7024890359375 0.4954668375 0.7031886640625 0.5012950421875 0.70555455625 0.505129078125 0.7112745421875 0.5093492093750001 0.7165947125 0.5115385890625 0.723173225 0.5169375281249999 0.7247167906249999 0.530159715625 0.7240710859374999 0.538083940625 0.7276669625000001 0.5467653328125001 0.727100515625 0.5602868421875 0.7198328593750001 0.57334326875 0.709690784375 0.5779061203125 0.6595816875 0.48418096874999994 0.6446212499999999 0.368372478125 0.6280809171875 0.3605710671875 0.6690530046875 0.36581931875 0.668218925 0.3720409671875 0.6693550562499999 0.37748334843750003 0.6733873265625 0.38214733437500004 0.6791146593749999 0.387203890625 0.6848133046875 0.393868903125 0.687579503125 0.40049085624999997 0.6878788265625 0.40670526406249996 0.6886001734375
0 0 0.26351783125 0.1437460921875 0.2823852171875 0.1551070625 0.1938765171875 0.1104841171875 0.192100440625 0.0932950546875 0.1906753234375 0.07955525 0.1891899984375 0.0699601359375 0.17994556718750002 0.057086590625 0.17929678124999998 0.050336531250000004 0.185419884375 0.0254416015625 0.1841511125 0.026172965625 0.17725956874999999 0 0.17397503125 0 0.26351783125
0 0.31141598125000003 0.2074606625 0.225438884375 0.196011828125 0.21568905468750002 0.2254441109375 0.21366632187499998 0.2571873046875 0.22315702656249997 0.2604501140625 0.24303479687500001 0.269536896875 0.4211210796875 0.2971972671875 0.43280469374999997 0.228423934375 0.4128815671875 0.2254960859375 0.3993637578125 0.23422678281249998 0.3874464015625 0.2395665875 0.374647925 0.24321845468749997 0.35922845468750003 0.2443392609375 0.347117140625 0.2385672203125 0.33668510937499996 0.23016721874999999 0.32297540625 0.23040652343749998 0.3125285140625 0.2211551234375 0.31057944375 0.20832692343749998 0.31141598125000003 0.2074606625
0 0.5130714249999999 0 0.5079917421875 0.032059996875 0.5701899453125 0.042373439062500004 0.572717709375 0.020797653125000003 0.5679443015625 0.0138056609375 0.55695653125 0.00984835 0.5408490515625 0.0040805500000000005 0.541462353125 0 0.5130714249999999 0
0 0.1429523375 0.120562196875 0.1430910421875 0.1285085859375 0.1952919703125 0.13406128125 0.20110824843750003 0.0982119546875 0.21626039375 0.027980484374999996 0.19786606874999998 0.0263143578125 0.1894218765625 0.02545723125 0.1820122703125 0.027573768749999998 0.1756503203125 0.03216148125 0.16278303125 0.03437328125 0.1553212234375 0.033499007812499995 0.1399221703125 0.033287378125 0.1363729671875 0.028872665625 0.1286042625 0.037939759375 0.12053669843749999 0.031136290625 0.1159186109375 0.0217831484375 0.10430184375 0.0105649671875 0.0762964 0.007319609374999999 0.033758290625 0.008062115625000001 0.0174308015625 0.06425082343750001 0.0309893609375 0.07536959843749999 0.0757025671875 0.0785635328125 0.076204675 0.0785547671875 0.08271409375 0.08241555 0.0901842875 0.0837701 0.09763733125 0.084142265625 0.1055749546875 0.0835014546875 0.1130280015625 0.0838736203125 0.12049819218749999 0.08522817031249999 0.130435259375 0.0865396609375 0.13743802031250002 0.08988957187499999 0.1390612171875 0.09781004843749999 0.141177753125 0.10521965156249999 0.1428140140625 0.112637640625 0.1429523375 0.120562196875
0 0.46237267031249996 0.13335193750000002 0.6401679140625001 0.16060247656249999 0.652614253125 0.0854829875 0.550578178125 0.069794125 0.5469965125 0.0772813546875 0.483937275 0.0676817375 0.4661051578125 0.10948403437500001 0.46237267031249996 0.13335193750000002
0 0.016213521875 1 0.025880840625000002 0.93117861875 0.007378834375 0.9270965671875 0.008651368750000001 1 0.016213521875 1
0 0.774016721875 0.79281693125 0.7309616796875 0.78328305 0.72763425625 0.8303570265625 0.7807834312499999 0.8364391046874999 0.774016721875 0.79281693125
0 0.942368103125 0.21147147500000002 0.9436125750000001 0.20144822968749998 0.9529124703124999 0.20128590000000002 0.95416951875 0.1919830671875 0.962016009375 0.1911254734375 0.972747475 0.1916587890625 0.9848853625 0.1914469203125 0.9947215125 0.19323223437499998 0.99382266875 0.14173750937500001 0.9130437609375001 0.1290886140625 0.8951236203124999 0.1658480078125 0.8936109359375 0.2030416453125 0.942368103125 0.21147147500000002
0 0.323635859375 0.12061845 0.38297004375 0.13074167187500002 0.3946201875 0.055046471875 0.2534537484375 0.036983398437499995 0.2421065671875 0.1125204484375 0.295268540625 0.116833475 0.30635724999999997 0.114063109375 0.323635859375 0.12061845
0 0.8879335703125 0.339427878125 0.881706475 0.3392308484375 0.8754786187500001 0.33899015781249997 0.869621884375 0.3387429890625 0.86654375 0.33879671875 0.8606805390625001 0.338178428125 0.8554328890624999 0.3365448703125 0.8499079187499999 0.33528739218750003 0.847398528125 0.3353967046875 0.8402737968749999 0.3901145359375 0.9986602296875 0.41888120312500005 0.997679040625 0.3626689328125 0.99545230625 0.3627078 0.9903167484375001 0.36249171874999997 0.985128875 0.36052955937500003 0.9798686515625 0.3581755890625 0.9746929734374999 0.3569120125 0.96953798125 0.3555825640625 0.964296428125 0.3542983 0.958409971875 0.352348334375 0.953571009375 0.350358246875 0.9490140515625001 0.34700931874999996 0.9458398906250001 0.341561703125 0.9461687171875001 0.3391320125 0.8994725140625001 0.32992373750000004 0.898547609375 0.33823808906249997 0.8934349156250001 0.3393318515625 0.8879335703125 0.339427878125
0 0.9572560984375 0.77415760625 0.9464304703125 0.8420424687500001 0.9936915546874999 0.8473319921875 0.998096134375 0.8069214546874999 0.9572560984375 0.77415760625
0 0 0.363504828125 0.0254815953125 0.3678465140625 0.0339020625 0.3598380734375 0.0423565546875 0.3525278375 0.0530255265625 0.3494809109375 0.06516341718749999 0.34926904375 0.0773357109375 0.3497772109375 0.0887905296875 0.35171732968749997 0.1010253171875 0.35580573437499996 0.11256739843750001 0.36274509374999997 0.1205636421875 0.3704669765625 0.124293640625 0.3789839640625 0.1572609265625 0.3848287078125 0.1668376296875 0.3167036 0 0.289173665625 0 0.363504828125
0 0.5540937328125 0.2461788484375 0.53750126875 0.25891578125 0.528895715625 0.341392940625 0.60173599375 0.3496207734375 0.6008288625 0.33893628593749997 0.6006166140625 0.3267765671875 0.6004173203125001 0.31535909218749997 0.600217646875 0.30391978750000004 0.6043064328125001 0.2917068296875 0.606233596875 0.27950976562499996 0.6074533015625 0.268067521875 0.6079866171874999 0.25733605625 0.60070370625 0.2516981109375 0.5540937328125 0.2461788484375
0 0.6561526 0.7385774734375 0.65770505 0.7236791140625 0.7884832687500001 0.744609515625 0.794318453125 0.7373668359375001 0.80318473125 0.7336307421875 0.8120616765625 0.7305059109375 0.8209386249999999 0.727381078125 0.8298254796875 0.7248238453125 0.8393655109375 0.7246573234375 0.8483361984375 0.7269028515625 0.8567791859374999 0.7326952484375 0.8646112953125 0.73852014375 0.8718642640625 0.744944759375 0.8808761046875 0.7495480078125001 0.91269201875 0.7607411734375 0.9238838312500001 0.7225924406249999 0.9332621640625 0.6456048140624999 0.7857633484375001 0.6225641609375 0.7848811578125 0.6070531781249999 0.7617100921875 0.6057106390625 0.7591274046875001 0.62038676875 0.629977396875 0.6026598812499999 0.614486534375 0.7047798484375 0.6223713390625 0.712372653125 0.6229710578125001 0.7129517937500001 0.6302137375 0.71878698125 0.634528971875 0.7270535390624999 0.6378338343750001 0.739989096875 0.6561526 0.7385774734375
0 0.738186515625 0.1488026828125 0.7436438671875 0.15244161875 0.748678703125 0.1568959109375 0.75452176875 0.160113203125 0.76157260625 0.1612130234375 0.7681800796875 0.1606827796875 0.7743297078125 0.157692903125 0.7804934375 0.1555107625 0.786678884375 0.1545729734375 0.795324459375 0.15195444062500002 0.80150990625 0.151016653125 0.808553884375 0.1517235203125 0.8168349734374999 0.15199388281249998 0.8230562421875 0.153108184375 0.8293068515625001 0.15590345156250002 0.8347351328125001 0.159127984375 0.8401630328125 0.162330684375 0.8468211875 0.1647039296875 0.85427270625 0.1649887734375 0.8540633968750001 0.1542484328125 0.830827553125 0.14919466875 0.8346229140625001 0.1289288375 0.793989609375 0.1230213640625 0.7896812828125 0.11890378906250001 0.6939951765625 0.10419595625 0.6850053140625 0.110860415625 0.6777452703125 0.14531551250000002 0.6865204031250001 0.150119428125 0.6926845125 0.14795911875 0.699263025 0.1457697390625 0.7058632578124999 0.1448247109375 0.7120487062499999 0.1438869234375 0.7182341546875 0.142949134375 0.7252636531250001 0.142826434375 0.7319362859375 0.14602924687500002 0.738186515625 0.1488026828125
0 0.874200225 0 0.87345536875 0.014150665625 0.9146114687500001 0.0199835 0.9159796109375 0 0.874200225 0