0 0.5269735703125 1 0.549803209375 0.7165319578125 0.3247441390625 0.7057668203125 0.305346975 0.9925969234375 0.43245289218750005 1 0.5269735703125 1
0 0.77358999375 0.8893885046875001 0.7757686875 0.9088187703124999 0.786670834375 0.9076480874999999 0.7850192 0.8887644234375 0.77358999375 0.8893885046875001
0 0.6630006484375001 0.6456750203125 0.6718377328125 0.7475001734375 0.7921810859375 0.7347975828125 0.77936693125 0.6285490796875 0.6630006484375001 0.6456750203125
0 0.9188502250000001 0.8939796781249999 0.9228667140625 0.9099056609374999 0.9517142390625001 0.9036323328125 0.946846003125 0.88572210625 0.9188502250000001 0.8939796781249999
0 0.46415359531249994 0.671303003125 0.4653885765625 0.70841246875 0.5366810609375 0.707470240625 0.538437409375 0.66771903125 0.46415359531249994 0.671303003125
0 0.5466582609375 1 0.5502128125 0.954193634375 0.5313642765625 0.953396778125 0.526991121875 1 0.5466582609375 1
0 0.43385841249999996 0.6976337265625 0.4346804171875 0.676508084375 0.35091977343749997 0.674875471875 0.35093784375000003 0.6952331968750001 0.43385841249999996 0.6976337265625
0 0.817719540625 1 0.8171839078125 0.9639390234375 0.600000203125 0.967432978125 0.601302959375 1 0.817719540625 1
0 0.9132666953124999 0.7831652484375 0.9151340109375001 0.8241808171875 0.9364649406250001 0.8247998187500001 0.9333594312500001 0.78252985625 0.9132666953124999 0.7831652484375
0 0.867547190625 1 0.8645274531249999 0.9851829953125 0.850674971875 0.968361690625 0.8360675328125 0.9578592171875 0.8173359515625 0.9871635124999999 0.8176139359375 1 0.867547190625 1
0 0.5400157203125 0.8583726281249999 0.5614764359375 0.8589776921875 0.5668096203124999 0.7939835937499999 0.5462085203125 0.7915369515624999 0.5400157203125 0.8583726281249999