0 0.0028835296874999998 0.4956365546875 0.0030268765625 0.5202758375000001 0.1376961984375 0.48153844531249995 0.0903323875 0.396409990625 0.0057001859374999995 0.2535982578125 0.0028835296874999998 0.4956365546875
0 0.059833375 0 0.110668909375 0.0712112109375 0.14275941875 0.062431978124999996 0.156322925 0.0741982171875 0.153934171875 0.087690271875 0.14295786875 0.08977154062500001 0.1646788640625 0.1179413109375 0.2138081921875 0.10995535468749999 0.48351117343750005 0.5367707671875 0.46084454375000006 0.5472434796875 0.5263038375 0.64890759375 0.5753023484375 0.6273029609375 0.620450578125 0.6417899874999999 0.6321000421875 0.6955084234375 0.6223976312499999 0.7355064125 0.623036421875 0.7640727296875001 0.6866567671875 0.8603945609375 0.69626018125 0.8519873562500001 0.7198945078125 0.8666774390624999 0.723395453125 0.894343246875 0.7193185062499999 0.9161740296875 0.7435707218750001 0.9594507265625 0.76584285625 0.9526903250000001 0.7876268796875 0.9701168484375 0.7896175578125 0.9872805609374999 0.784616759375 1 0.9971664609375 1 0.997249884375 0.9928313 0.356574928125 0 0.059833375 0
0 0.8851886375 0.126177515625 0.8990564578125 0.1455320953125 0.9179900562500001 0.13976719843750002 0.9020411203125 0.116347165625 0.8851886375 0.126177515625
0 0.32967076562500003 0.29304045 0.30848882187500004 0.2984561734375 0.28979802499999996 0.3135439625 0.2675093171875 0.31995281875 0.24534297187499998 0.31584674375 0.2149806875 0.32705295625 0.20577520312500003 0.3225738890625 0.12041154999999999 0.34205615 0.139105771875 0.37816936874999996 0.3493432546875 0.324996975 0.32967076562500003 0.29304045
0 0.7862991828125 0.40056062812500004 0.97410718125 0.3534640390625 0.9301772609375 0.2698005453125 0.9106616656250001 0.23501603750000002 0.716993946875 0.27424136718750003 0.7091348156249999 0.28902231093749997 0.714614634375 0.3082304921875 0.7332859968750001 0.3196726359375 0.741182159375 0.33012089218749996 0.7383357546875 0.343873565625 0.7538371828125 0.3613557328125 0.7603717999999999 0.3591762796875 0.7862991828125 0.40056062812500004
0 0.936047253125 0.0193117609375 0.9266806328125 0.007370825 0.8489366453124999 0.0060139375 0.8860110390625 0.0572834125 0.94863535 0.03854069375 0.946192196875 0.035398721875 0.936047253125 0.0193117609375
0 0.17695740937499999 0.30049957968749996 0.1770163078125 0.29543836875 0.1264064109375 0.304576228125 0.1273120015625 0.315543003125 0.17695740937499999 0.30049957968749996
0 0.556708309375 0.0889345890625 0.5786968296875 0.099442840625 0.6149839312500001 0.067429884375 0.5829296562499999 0.051787021875000006 0.556708309375 0.0889345890625
0 0.40782176875 0 0.41855710625000003 0.0205696328125 0.47114527031250003 0.0190080046875 0.51892501875 0.0044692375 0.5180443546875 0.0002387765625 0.5043634625 0 0.40782176875 0
0 1 0.0971084640625 0.9369445296875 0.1073484203125 0.9628857734375 0.12800881718749998 0.9645055156250001 0.14686035625 1 0.1380019796875 1 0.0971084640625
0 0.3652489359375 0 0.400456171875 0.0542223796875 0.4212017484375 0.0614443109375 0.5369656140625 0.03459966875 0.533823653125 0.0275816671875 0.42517601406249994 0.051988396874999995 0.4073639046875 0.0483922265625 0.3779014921875 0 0.3652489359375 0
0 0.6927011140625 0.026697392187500002 0.79681119375 0.0051041765625 0.687787803125 0.0032013593749999998 0.6325609296875 0.0024440890625 0.667011671875 0.0607549109375 0.7063524203125 0.0540031421875 0.6927011140625 0.026697392187500002
0 0.9287759796874999 0.122082640625 0.9297252281249999 0.11154082031250001 0.9202309546875 0.11056928749999999 0.9196855312500001 0.12192398125 0.9287759796874999 0.122082640625
0 0.8704881109375 0.1428639515625 0.8376276593749999 0.0917300109375 0.848400725 0.0893559234375 0.8454733140625 0.0798828640625 0.831321846875 0.0813508359375 0.8233163875 0.06964028125 0.809907234375 0.04283465 0.591810809375 0.08768764375 0.65432864375 0.1935155078125 0.8063036546875001 0.169596375 0.8704881109375 0.1428639515625
0 0.9324592781250001 0.412864165625 0.9343006046875001 0.3913662828125 0.9125534734375 0.386750971875 0.9093829124999999 0.41060180781250005 0.9324592781250001 0.412864165625
0 0.9628094656249999 0.29437956875000004 0.9671599625 0.31119188593749997 0.9804184921875001 0.308323959375 0.976260171875 0.2927547296875 0.9628094656249999 0.29437956875000004
0 0.8521981359374999 0.114630090625 0.87210823125 0.11551480624999999 0.87380208125 0.090708396875 0.8527201156249999 0.0910842875 0.8521981359374999 0.114630090625
0 0.9001700609375 0.1013344109375 0.9874303578125 0.0822365078125 0.975510290625 0.041117296875 0.8810290234375 0.0627752546875 0.9001700609375 0.1013344109375