0 0.5044837046875 0 0.4393633375 0.3674717265625 0.5206534953124999 0.38614944375000004 0.52716280625 0.3810888140625 0.55780188125 0.2269334484375 0.562270109375 0.2247493515625 0.58640903125 0.095753634375 0.5744241140625 0.095556153125 0.5772987421875 0.07267615 0.5807268359375 0.06267600625 0.5834778765624999 0.05093631875 0.587298984375 0.0366934125 0.5887124234375001 0.0205377328125 0.5891595703125 0.015426821875 0.588267221875 0.0059215734375 0.5882225531249999 0.0058085546875 0.5218304703125 0 0.5044837046875 0
0 0.9581655874999999 1 0.966899821875 0.9001672421875 0.8660187953125 0.8759399 0.8382485687499999 1 0.9581655874999999 1
0 0.11815357343749999 0.40723646406249997 0.073103534375 0.465706503125 0.15319797968749999 0.555419884375 0.19982080468750002 0.4964327796875 0.11815357343749999 0.40723646406249997
0 0.342648296875 0 0.33381751249999997 0.0623290328125 0.3479726140625 0.0576754578125 0.3620926703125 0.065893896875 0.3713048671875 0 0.342648296875 0
0 0.3985996984375 0.2866548875 0.379541421875 0.30045942187499997 0.36236128437500004 0.3132498765625 0.40114250937499996 0.4142315390625 0.42037057187500004 0.4052209140625 0.4404285078125 0.3867247828125 0.3985996984375 0.2866548875
0 0.7747570671874999 0.48235778281249997 0.7024665984375 0.7621436625 0.8386624828125001 0.80674886875 0.9071023515625001 0.518595546875 0.7747570671874999 0.48235778281249997
0 0.7386097953124999 0.429091603125 0.7486024796875 0.394941265625 0.8953708812500001 0.4521463109375 0.9989331390625 0.041741075 0.8327883515625001 0.0272052890625 0.7717424765625001 0.263894159375 0.7146225171875 0.249556921875 0.6990972484375 0.2668784140625 0.661330096875 0.43167039531249995 0.7157273578125001 0.45043937187500005 0.7386097953124999 0.429091603125
0 0.9645828625 0.5545028125 0.95079184375 0.5579880203124999 0.9000403609375001 0.821305871875 0.9705090015625 0.85891413125 0.9959991453124999 0.567560453125 0.9645828625 0.5545028125
0 0.436351075 0.187393503125 0.42040652031250003 0.18381631874999999 0.4092887140625 0.1874262921875 0.3981852421875 0.2619595734375 0.41099226718750004 0.2602431609375 0.42369110781249997 0.267246153125 0.436351075 0.187393503125
0 0.3601381953125 0.30773077187500003 0.344302875 0.316623603125 0.3341696109375 0.3192067828125 0.375123034375 0.42579038750000003 0.38385759531249997 0.42572531874999997 0.39979219375 0.4107091453125 0.3601381953125 0.30773077187500003
0 0.41414795781249997 0.4361877203125 0.39831531875000004 0.5148899078125 0.47788376250000003 0.5307983359375 0.49113658125 0.45165221874999995 0.41414795781249997 0.4361877203125
0 0 0.9296923250000001 0.0042604125 0.9308241687500001 0.012961065625 0.9486066703124999 0.0097353015625 0.9590173156249999 0.15484800468749998 0.9717130328125 0.15730128125 0.9607328921875 0.10808668437499999 0.94383578125 0.11509304218750001 0.9176293093749999 0 0.8788543921875 0 0.9296923250000001