0 0.6420492984374999 0.9815598281250001 0.6448456593749999 0.9368899531249999 0.5976094062499999 0.8949506015625 0.5984679140625 0.8869972078125 0.5763224640625 0.8702068093750001 0.574745803125 0.875879159375 0.46359253593750005 0.79379724375 0.4618047234375 0.784700659375 0.4441637125 0.772107175 0.43573557812499997 0.7796335015625 0.3013753578125 0.6750734859375 0.2571762640625 0.69943625625 0.22964478281249998 0.7871375375 0.5103182859375 0.9941296062499999 0.6359440390625 0.9926678171875001 0.6420492984374999 0.9815598281250001
0 0.0057052390625 0.8949964296875 0.0312006703125 0.841478840625 0.006443967187500001 0.8315038453125 0.0048590390625 0.835197965625 0.005205834375 0.8948070343750001 0.0057052390625 0.8949964296875
0 0.34286409375 0.5544920624999999 0.3340350390625 0.5800181890625 0.347190659375 0.58860638125 0.3591536359375 0.5643752359375 0.34286409375 0.5544920624999999
0 0.0090977546875 0.46260324375 0.0312585078125 0.48356444062500004 0.05352269375 0.44077400312500004 0.035468115625000005 0.4198367 0.02041875 0.43868755000000004 0.0090977546875 0.46260324375
0 0.35484744687499997 0.1847094640625 0.374259184375 0.14752011874999998 0.3548350359375 0.12908578125 0.340127009375 0.1551735171875 0.35484744687499997 0.1847094640625
0 0.099302075 0.3299633796875 0.08424941875 0.35824086093749996 0.0999175015625 0.3703334453125 0.097554809375 0.38504484687499996 0.0780467203125 0.3756536453125 0.05860089375000001 0.40662929062500003 0.0764200171875 0.42037288437500003 0.062859759375 0.461192446875 0.0995050421875 0.49904842031249996 0.11924384531250001 0.49043883125 0.1851228265625 0.3582958046875 0.1991983703125 0.320734946875 0.1794859359375 0.28136028125 0.17365136406249998 0.2671331625 0.1775611828125 0.2584314734375 0.16626720625 0.24527910468749997 0.152006625 0.251196840625 0.1309290203125 0.28160973437500003 0.11896996875000002 0.279901659375 0.10270948124999998 0.31689655 0.118379778125 0.3306276390625 0.1171845734375 0.33825988749999997 0.099302075 0.3299633796875
0 0.7481856437500001 0.7121453859375 0.7324559765624999 0.6980309250000001 0.7265030421875001 0.69763454375 0.7035243703125 0.7433147828125 0.7252957703125 0.7593369578125 0.7481856437500001 0.7121453859375
0 0.45612832968749994 0.303355296875 0.46920628593749997 0.24912708281249998 0.4503275515625 0.24050559374999997 0.42002963125 0.313614584375 0.44798058906250005 0.3288428296875 0.45612832968749994 0.303355296875
0 0.21888771562499998 0.643717540625 0.3023522453125 0.4996754140625 0.2992619671875 0.48548554062499993 0.2363768875 0.4060251734375 0.20342020781249998 0.4260273 0.13839802343750002 0.57779465625 0.21888771562499998 0.643717540625
0 0.149977871875 0 0.1773764890625 0.0329143234375 0.2120705375 0.019029412500000002 0.22001071875 0 0.149977871875 0
0 0.13839943906250002 0.6471645828125 0.1046017359375 0.6242418375 0.0854779234375 0.66594403125 0.12611571093750001 0.6879915734375001 0.13839943906250002 0.6471645828125
0 0.1529960890625 0.8702120953125 0.149828696875 0.9083684 0.16290051249999998 0.9095296921875 0.18086037500000002 0.8654587453125 0.14127594999999998 0.846141059375 0.1529960890625 0.8702120953125