0 0.8540438640625 0.039426051562499995 0.8294525609375001 0.1275743140625 0.814472025 0.16771728125000002 0.9358545546875 0.1955245625 0.9541910828125 0.168893053125 0.98522971875 0.0539774578125 0.8540438640625 0.039426051562499995
0 0.0799732484375 0.24898540625 0.0252888125 0.2333362578125 0.010668692187499999 0.37235235 0.043779296875 0.3770809671875 0.0799732484375 0.24898540625
0 0.47467639375 0.1025650875 0.5616918015625 0.127743246875 0.575483884375 0.11015576093749999 0.60875553125 0.012218162500000001 0.5262038921875 0.0030613640625 0.50722025 0.0029509203125 0.4777295 0.0849904875 0.47467639375 0.1025650875
0 0.39315466718750003 0.3638056890625 0.42610761249999995 0.3451115765625 0.439794065625 0.3620925640625 0.5107174140625 0.3097557765625 0.4465924375 0.2321305765625 0.33403249375 0.3039304484375 0.39315466718750003 0.3638056890625
0 0.5854482828124999 0.8908890609375 0.7229975343749999 0.9185250437500001 0.7903086921875 0.684880590625 0.648956915625 0.6501898484375 0.5854482828124999 0.8908890609375
0 0.7558996078125 0.3313328734375 0.6850426625 0.5542754484375 0.6808748765625 0.5810421453125 0.8104180937500001 0.6040088640625 0.8206510859374999 0.575042053125 0.8827693562500001 0.35258773125 0.7558996078125 0.3313328734375
0 0.07467087812499999 0.000434421875 0.0720241734375 0.0120416015625 0.1380922359375 0.026974690625 0.1442735390625 0.0008393593749999999 0.07467087812499999 0.000434421875
0 0.29748613281249997 0.596564965625 0.23045770625 0.8450065421874999 0.34468957968749997 0.8742809375 0.3962463421875 0.6895446234375 0.4597509890625 0.7033272859374999 0.47864608437499995 0.6414381984374999 0.29748613281249997 0.596564965625
0 0.5130929156249999 0.1647697984375 0.52643824375 0.117263246875 0.47467639375 0.1025650875 0.4593992328125 0.0954838609375 0.45164293281249995 0.112557896875 0.3808039125 0.09274403437499999 0.391746509375 0.044970965625 0.3495965921875 0.0377607171875 0.33102608437500003 0.12188726093749999 0.5130929156249999 0.1647697984375
0 0.7069834968750001 0.22506043281250002 0.7685991296875 0.029948345312500003 0.61434121875 0.0128377390625 0.5673358109375 0.1882350578125 0.7069834968750001 0.22506043281250002
0 0.954322953125 0.735013065625 0.8716536125 0.7189567484375 0.8054267734374999 0.9531439578124999 0.910610521875 0.9800205249999999 0.9252353578125 0.9295929031249999 0.8949823968749999 0.9228150734374999 0.954322953125 0.735013065625
0 0.45151870625 0.5534890734375 0.49115616093750003 0.4219942546875 0.37520928124999997 0.39536025937499997 0.3406489015625 0.5274182359374999 0.45151870625 0.5534890734375
0 0.2759459078125 0.1934088078125 0.36002613125 0.1958486953125 0.364770178125 0.134460109375 0.08196897187499999 0.10841449375000001 0.0774310953125 0.1662348484375 0.160515346875 0.177542015625 0.1527556125 0.28468893125 0.2028006234375 0.2833535640625 0.266393803125 0.300716021875 0.2759459078125 0.1934088078125