0 0.9231956296874999 0.79508429375 0.91303880625 0.836275775 0.9225412109375 0.8472333796875 0.938314096875 0.849296065625 0.9472211375 0.8020061 0.9231956296874999 0.79508429375
0 0.606498759375 0.15120368906249998 0.5743241984375 0.212658340625 0.623414378125 0.2290773296875 0.6372992890625 0.22402653125 0.6526645796875 0.22884828750000002 0.6761403765625 0.18299254843749999 0.606498759375 0.15120368906249998
0 0.73060163125 0.9509976124999999 0.7615818953125 0.9482476906249999 0.7615962281249999 0.9291301875 0.7268382812499999 0.9298012546875001 0.7256993390625001 0.9391804609375001 0.7177803796875 0.9411184609375001 0.7238240109375 0.9472329593750001 0.73060163125 0.9509976124999999
0 0.64617409375 0.31876618749999996 0.65601070625 0.2390498375 0.5785481546875 0.223316628125 0.549313928125 0.3327109171875 0.5783118875000001 0.349649271875 0.6232974437500001 0.3518011796875 0.638153834375 0.315529603125 0.64617409375 0.31876618749999996
0 0.28224969375 0.14412986875 0.23641800625 0.2513170578125 0.239794940625 0.2684955515625 0.335293978125 0.29724206249999996 0.3644650734375 0.29612392656250003 0.41791123125 0.18373600625 0.28224969375 0.14412986875
0 0.27136213593749997 0.807094653125 0.283675621875 0.8140762625000001 0.3098575 0.8179989203125 0.38616021875 0.8223957140625 0.37828278593750003 0.6879671921875 0.32131408281249996 0.6901707625 0.2518186609375 0.681407478125 0.2559777171875 0.7563180468749999 0.24811861406250002 0.7628176140625 0.2579011328125 0.7902583562500001 0.270087215625 0.7908948703124999 0.27136213593749997 0.807094653125
0 0.5509682453125 0.41425535 0.552937565625 0.5538697640625 0.57074244375 0.565494528125 0.636420125 0.56822633125 0.7019680921875 0.5971147046875 0.7208480625 0.5848231609375001 0.7236773421875 0.54052556875 0.75983904375 0.542517328125 0.7562928359375001 0.49910353125 0.7069046796875 0.43190272343749997 0.677255325 0.3842672859375 0.5567951921875001 0.37605893125 0.5509682453125 0.41425535
0 0.29064269062500003 0.880504790625 0.23598327187499998 0.8702097171875 0.24131073593750002 0.9526028921874999 0.38722733125 0.96322994375 0.3985835828125 0.9345927578125 0.39332795625 0.909775459375 0.3452728546875 0.9066643437499999 0.29064269062500003 0.880504790625
0 0.9936729625 0.555380384375 0.9943021671875 0.5013066609375 0.939237821875 0.49771915 0.939103946875 0.5569822546875 0.992645953125 0.5608330640625 0.9936729625 0.555380384375
0 0.3780412390625 0.0769494 0.35334600625 0.07691560625 0.3505390046875 0.10395765937500001 0.45606250625 0.1324404078125 0.4741369015625 0.11573823750000001 0.49924805625 0.0739338640625 0.40409978906250005 0.0514176125 0.3780412390625 0.0769494
0 0.863462290625 1 0.87281031875 0.9503687015625 0.80310935 0.9348421296874999 0.8196701203125001 0.9718756078125 0.823619571875 1 0.863462290625 1
0 0.921232475 0.27853629999999996 0.8551181906249999 0.2488463859375 0.8343833640625 0.2821727125 0.8660243515625 0.29709837499999997 0.887162915625 0.30935103750000004 0.905526925 0.3107476859375 0.921232475 0.27853629999999996
0 0.2266269609375 0.44206469375 0.2499265109375 0.4378456984375 0.25444348125 0.4311201140625 0.3067526296875 0.3059655015625 0.21156342343749998 0.2805723890625 0.1527417609375 0.4251896421875 0.152341096875 0.43029210000000007 0.1852187546875 0.43877094375 0.2266269609375 0.44206469375
0 0.30684055625 0.07676378125 0.2922114 0.1148041296875 0.333106965625 0.12938826875 0.347671053125 0.0947876109375 0.30684055625 0.07676378125
0 0.6901857625 1 0.6896932484375 0.9371955953125 0.7256993390625001 0.9391804609375001 0.7286057078125 0.8932834890624999 0.7139245546875 0.8924460109375 0.7166600140625 0.8651887484375 0.6880397281249999 0.864572578125 0.6854276328125 0.8123910390625 0.5997645796875 0.8019947500000001 0.5535793421874999 0.8057362453125 0.5626863703125 1 0.629479134375 1 0.6364987421875 0.9985017421875 0.6402266109375 1 0.6901857625 1
0 0.6908535984374999 0.034034990625 0.67378338125 0.06233565625 0.7972194499999999 0.1097259953125 0.8361651234374999 0.0614043421875 0.6908535984374999 0.034034990625
0 0.5521140046874999 0.6571385828125 0.5751503015625 0.721438234375 0.5844945359375 0.7487067625 0.6313930421875 0.7596246890625 0.7053945921875 0.7583877218749999 0.7070832046875 0.7090784234374999 0.6869116671875 0.6990701015624999 0.6951812281249999 0.677181321875 0.705034234375 0.6797320046875 0.70555746875 0.64398858125 0.696981778125 0.6382265328125001 0.68987074375 0.5955310515625001 0.5509747234375 0.5679803125 0.5521140046874999 0.6571385828125
0 0.37781624687500004 0.4451670609375 0.2499265109375 0.4378456984375 0.2266269609375 0.44206469375 0.2335519109375 0.5070507109375 0.2938067140625 0.5073937875000001 0.314168578125 0.5212709640625001 0.364842753125 0.5317792734375 0.37781624687500004 0.4451670609375