0 0.52032844375 0.638190365625 0.5165664515625 0.60922643125 0.502298240625 0.5931960515625 0.4678519921875 0.623466703125 0.4764893859375 0.6383354296875 0.4802443296875 0.6622192609375 0.52032844375 0.638190365625
0 0.8314391203125 0.943972521875 0.8977673109375001 0.8886051703125 0.674493684375 0.17735482656249998 0.640283953125 0.20051762499999998 0.60815280625 0.2318087546875 0.8314391203125 0.943972521875
0 0.5795107203125001 0.006270971875000001 0.640283953125 0.20051762499999998 0.7075420078125 0.1450207046875 0.6658055734375 0.0184187890625 0.5795107203125001 0.006270971875000001
0 0.349714065625 0.610743315625 0.331620909375 0.5591850421875 0.30727395468749996 0.5807625640625 0.3230152625 0.6306874296875 0.349714065625 0.610743315625
0 0.502298240625 0.5931960515625 0.4966628828125 0.580529784375 0.4859589015625 0.5650011453125 0.4539566703125 0.5916003062499999 0.45995749375 0.6054250062500001 0.4635366484375 0.6202111421875001 0.502298240625 0.5931960515625
0 0.46814266718750003 0.76709026875 0.46056342656249993 0.7387176671875 0.417703040625 0.7727310265625 0.428271975 0.7991151671875001 0.46814266718750003 0.76709026875
0 0 0.7095842 0.0749186953125 0.9467207156249999 0.1594583421875 0.9586214500000001 0.030139414062499998 0.5632169015625 0 0.5922247109375001 0 0.7095842
0 0.39063931875 0.289834890625 0.360904115625 0.198153696875 0.044156201562500004 0.47096598125 0.0768435109375 0.565320128125 0.39063931875 0.289834890625
0 0.46959652968750004 1 0.415464903125 0.7813152640625 0.38263624687500003 0.8038042546874999 0.42371385000000006 0.9958209734375 0.45340054375000005 1 0.46959652968750004 1
0 0.28442855312500004 0.9342349765625 0.3004291640625 0.9784660593750001 0.3765985671875 0.98918850625 0.3279230125 0.8127504234374999 0.2926043390625 0.8328051515625001 0.3100245359375 0.9144177890625 0.28442855312500004 0.9342349765625
0 0.726928278125 0.027023095312500002 0.7434865875 0.0668830359375 0.78775028125 0.0823172625 0.8337629734374999 0.0420623265625 0.726928278125 0.027023095312500002
0 0.4359154015625 0.6644442203125001 0.425602084375 0.63766195 0.397323621875 0.6574488109375001 0.4074329171875 0.683008553125 0.4359154015625 0.6644442203125001
0 0.9505566140624999 0.40329719375 0.9950574812499999 0.424759065625 0.99651835 0.2992123015625 0.9816139421875001 0.29191311875000003 0.9505566140624999 0.40329719375
0 0.2989105953125 0.6928234437499999 0.28646650625 0.663809421875 0.25888919062500004 0.6832608718750001 0.2713844265625 0.7162108093749999 0.2989105953125 0.6928234437499999
0 0.618692615625 0.9356427671875001 0.65846938125 0.9029534781249999 0.6380008140625 0.8480654421875 0.602494175 0.87846899375 0.618692615625 0.9356427671875001