0 0.3271344703125 0.180867203125 0.3067105921875 0.18566006875000002 0.44210623125000004 0.4735023515625 0.4638298625 0.49464324531250004 0.5163943734374999 0.4287787265625 0.36442675 0.1080044796875 0.3272455984375 0.15675186875 0.3271344703125 0.180867203125
0 0.09153297031249999 0.49460054218750005 0.07142444375 0.5378405093749999 0.0867761734375 0.55531600625 0.0435783390625 0.6357348953125 0.123857375 0.7360674875 0.0654337578125 0.8426455046875001 0.098900575 0.89753634375 0.150211371875 0.961053459375 0.3721965703125 0.990850275 0.2508273734375 0.8399997875 0.316146834375 0.7252247328125 0.1655970484375 0.5390371359375 0.09153297031249999 0.49460054218750005
0 0.00570953125 0.490675896875 0.0073537890625 0.631983028125 0.01318906875 0.6295176546875 0.0450070625 0.5438244546875 0.006340473437499999 0.4908828578125 0.00570953125 0.490675896875
0 0.0870476015625 0.1708974703125 0.08098 0.2254095140625 0.0921745515625 0.23289889062500002 0.1044707921875 0.236544984375 0.1037457296875 0.2491134953125 0.12343059375000001 0.252427753125 0.1441918375 0.2458882203125 0.1499795875 0.188019428125 0.1440514765625 0.17522985156249998 0.0870476015625 0.1708974703125
0 0.3745599171875 0.0043584 0.3552487625 0.0262569078125 0.5730595765625 0.4612888796875 0.6026755125000001 0.43170583437500004 0.6185776640625 0.453042746875 0.657247009375 0.4169776859375 0.45682725468749996 0.005315665625 0.3745599171875 0.0043584
0 0.9552192140625 1 0.9741714671875 0.8297307375 0.8628620937499999 0.7542588953125 0.8135843265625 0.7861917109375 0.8289092703125001 0.9347204015624999 0.9328010421874999 1 0.9552192140625 1
0 0.3271344703125 0.180867203125 0.32560051093750003 0.1407089375 0.3325388109375 0.132313965625 0.34020320000000004 0.003958621875 0.0576373671875 0.000670671875 0.05048704375 0.064910021875 0.24337796875 0.18332901875000002 0.284460890625 0.177318028125 0.2951971109375 0.184521890625 0.3271344703125 0.180867203125
0 0.4846546328125 0.0056394671875 0.6985969796875 0.4381058015625 0.7303844703125 0.41506570781249996 0.7488873796875 0.4240451546875 0.782464671875 0.3933647921875 0.6007224421874999 0.015588834375 0.530581309375 0.006173871875 0.4846546328125 0.0056394671875
0 0.39528511875 0.5778502265625 0.432252915625 0.5396426390625 0.348360534375 0.35949046875 0.355527409375 0.3556467828125 0.3095898015625 0.2583151171875 0.29040603125 0.25765423125 0.26839831406250003 0.2911704390625 0.337329584375 0.46740026874999996 0.3438632640625 0.47786828750000004 0.39528511875 0.5778502265625
0 0.8980962937499999 0.3342348359375 0.7416185515625 0.03450115625 0.633503328125 0.019988975 0.817921953125 0.3801028546875 0.8487946578125 0.3535393359375 0.8578504812500001 0.36721709375 0.8980962937499999 0.3342348359375
0 0.47710957968749995 0.608707796875 0.5568642484375 0.549364175 0.538301796875 0.49119989375 0.46129707656249996 0.551890065625 0.47710957968749995 0.608707796875