0 0.406535265625 0.7357412859375 0.388274815625 0.7398096109375001 0.38717901875 0.7452032890625 0.402561503125 0.7636783312500001 0.419586696875 0.753908725 0.406535265625 0.7357412859375
0 0.2759583734375 0.7540318921875 0.265810671875 0.7685862718750001 0.27519218749999996 0.7784233359375 0.3085583 0.795147165625 0.33507323125 0.7790665875 0.3050491140625 0.7426099765624999 0.2759583734375 0.7540318921875
0 0.2936489890625 0.6472489546875 0.3097068765625 0.6634346796874999 0.351128884375 0.6389128359375 0.3428659671875 0.6295944812500001 0.3626690671875 0.619784940625 0.352769628125 0.6047583640624999 0.3101642890625 0.620048028125 0.2936489890625 0.6472489546875
0 0.4982561296875 0.5472291890625 0.46764357656250005 0.5643948812499999 0.47990320468750003 0.5824650296875 0.511154709375 0.56658518125 0.4982561296875 0.5472291890625
0 0.43341108437500003 0.5759687265625 0.425417675 0.5706443890624999 0.409019615625 0.5785000109375 0.43265333906250003 0.5994715921875 0.44736889375000005 0.587088253125 0.43341108437500003 0.5759687265625
0 0.3817004109375 0.951238459375 0.35456617343749997 0.9118961953125 0.18492903125 0.9644880640625001 0.15802935468749998 0.9473514468750001 0.1342129453125 0.9595273390625 0.3297846921875 0.9835576953125 0.374839003125 0.968547759375 0.3817004109375 0.951238459375
0 0.373017809375 0.9046953484375001 0.359371634375 0.9110675078125 0.38808161406249997 0.9491842374999999 0.389254490625 0.9734750390625001 0.4127460515625 0.9934124499999999 0.6388121671875 0.92123515 0.6664083171875 0.8923032843750001 0.602468290625 0.816899646875 0.373017809375 0.9046953484375001
0 0.397615940625 0.7070037484375 0.37732575156250003 0.705294353125 0.373916340625 0.7163345156250001 0.38006213125 0.73602575 0.39981062343749996 0.72976795625 0.397615940625 0.7070037484375
0 0.35776501562499996 0.6333950234375 0.3822058765625 0.6581301453124999 0.452788721875 0.6308581515625 0.43184943750000004 0.6034184437500001 0.35776501562499996 0.6333950234375
0 0.4188825890625 0.6981577453125001 0.41050171406249997 0.7141153734375 0.42347939375 0.7267666109375 0.46298271562500004 0.7110746109375 0.4779453734375 0.695946884375 0.4650669109375 0.6825241296875 0.4188825890625 0.6981577453125001
0 0.74659315 0.7920130046875 0.7680028734375 0.788967078125 0.7860910999999999 0.7985818953125 0.9148014359375001 0.7518484453125 0.9514782109375 0.7273578015625 0.89741718125 0.6661521593749999 0.7574713734375 0.720591859375 0.7460979890625 0.733978934375 0.7246019171875 0.742140128125 0.7131003546875 0.7520800828125 0.74659315 0.7920130046875