0 0.8745682265625 0.2995179015625 0.878224040625 0.2228284953125 0.7377845546875 0.22730451875000002 0.7292918390625001 0.31146933125 0.8745682265625 0.2995179015625
0 0.8120356578125 0.6123452359375 0.84213938125 0.6803692625 0.9396932359375001 0.654883303125 0.9414774328125001 0.641624278125 0.9169789515625 0.5912961515624999 0.8120356578125 0.6123452359375
0 0.30571102968749997 0.126443590625 0.3024988046875 0.0372348359375 0.2368130765625 0.03609675625 0.23870236875 0.1267812375 0.30571102968749997 0.126443590625
0 0.27133671718749997 0.19805433125 0.2748523546875 0.2181146234375 0.3015632703125 0.2157033390625 0.2962407171875 0.171305728125 0.2534989921875 0.168807215625 0.25416037187499996 0.18300730781250002 0.26591256093750004 0.1856921953125 0.27133671718749997 0.19805433125
0 0.4030245484375 0.92808925 0.400635790625 0.9115005265624999 0.373946415625 0.916783921875 0.375722521875 0.9317850515625 0.4030245484375 0.92808925
0 0.9789318703125 0.7113260984374999 0.9829120250000001 0.721600653125 0.995884946875 0.7131354578125 0.9959629187499999 0.6997330546875 0.9923122015624999 0.687762871875 0.9291240296875 0.7021759234375 0.9151803656249999 0.6808729640625 0.84213938125 0.6803692625 0.7767497453125001 0.7072751546875 0.7971245453125 0.7591870093749999 0.9104118421875 0.739455209375 0.981996975 0.7236409874999999 0.9791165156250001 0.7152904765625 0.9208312140625001 0.72749990625 0.9170351515625 0.7206959390625001 0.9249689359375 0.7093502218750001 0.9764054156249999 0.69997375625 0.9789318703125 0.7113260984374999
0 0.9199362656250001 0.5145494953124999 0.897250146875 0.4515670796875 0.769372421875 0.46888086093750003 0.7985394343750001 0.5423356078125 0.9199362656250001 0.5145494953124999
0 0.4106177609375 0.2911161578125 0.40954565625 0.2319529875 0.3545879046875 0.23897948125 0.2748523546875 0.2181146234375 0.26652114843749997 0.302855515625 0.3684236609375 0.332182678125 0.4106177609375 0.2911161578125
0 0.75271564375 0.4659530375 0.87543565625 0.44874480156249996 0.8700160296874999 0.4094918953125 0.750746109375 0.423666325 0.75271564375 0.4659530375
0 0.9633590171874999 0.8627552765625 0.96992765 0.8442679046875 0.9935565859375 0.8344806859375 0.9951820453125 0.8339539437499999 0.9953211968750001 0.8100357015625 0.834624584375 0.8414341390625 0.903067984375 0.9845507390625 0.9774192453125 0.9810877734375 0.994344815625 0.9778614953125 0.9947930578124999 0.9008152234375 0.9907628640624999 0.90365535 0.9461700578125001 0.911052046875 0.9083175171875 0.9041283734375 0.902684965625 0.8829545828124999 0.902083290625 0.85750615625 0.92830175625 0.8435580109374999 0.9482583468750001 0.8392615843750001 0.9551976906249999 0.859095078125 0.9633590171874999 0.8627552765625
0 0.682311378125 0.6044705890625 0.46389344374999997 0.639783325 0.501771853125 0.7335277375 0.5317555859375 0.74162596875 0.710753396875 0.7115161875 0.682311378125 0.6044705890625
0 0.6797294421875 0.8820484593750001 0.813191475 0.8564388375 0.7965906421875 0.8079650468749999 0.6677533859375 0.8403400375000001 0.6797294421875 0.8820484593750001
0 0.2474506734375 0.373888146875 0.21343738750000002 0.348671565625 0.1523919046875 0.3763178671875 0.19020551875 0.48312899218750005 0.25257260000000004 0.4983158453125 0.28393828125 0.46668725625 0.2474506734375 0.373888146875
0 0.4333022296875 0.824907921875 0.46653966718750006 0.9192500765625 0.5319174828125 0.943656771875 0.552294959375 0.9315294640625 0.55707184375 0.914090734375 0.5657233390624999 0.9099617109375 0.5407969546875 0.8147835406249999 0.49851760624999997 0.826067909375 0.4333022296875 0.824907921875