0 0.7896539359375 0.30426773906250004 0.7851554390625 0.34957601875 0.7960722171875 0.357636553125 0.8340858984375 0.33926854687499997 0.8202558984375001 0.29631206875 0.7896539359375 0.30426773906250004
0 0.44694174531249997 0.9615836890624999 0.428708940625 0.8286378375 0.420663303125 0.8247199078125 0.2626928765625 0.8326469328125 0.24880629375000002 0.8258316203125 0.22953490781250002 0.8345414468750001 0.10427746874999999 0.85279771875 0.100003403125 0.9601257078125001 0.2225928375 0.9730025015624999 0.22585135312500002 0.9720782781249999 0.2558955765625 0.955302346875 0.34073716875 0.9810730703124999 0.44694174531249997 0.9615836890624999
0 0.05105035625 0.9088914421875 0.05976743125 0.8983047859375001 0.0800511875 0.8934177468750001 0.0826333015625 0.8611337328124999 0.049058421875 0.8582298968750001 0.0455905375 0.8667934046875001 0.033786364062500004 0.9026141453125 0.030293821874999998 0.9528034125 0.046755410937500005 0.9545325374999999 0.03923873125 0.9376729890625001 0.056116774999999994 0.92858719375 0.06244040468749999 0.9228566484374999 0.05105035625 0.9088914421875
0 0.3304633671875 0.1839685234375 0.36690041406249996 0.1739474375 0.36232870625 0.13985311250000002 0.329175384375 0.1504890296875 0.3304633671875 0.1839685234375
0 0.97811796875 0.1229191421875 0.950873075 0.044607253125 0.9495986703125 0.044473390625 0.8828126375 0.0820140140625 0.897946246875 0.1520153234375 0.9143329953125001 0.15373658750000002 0.97811796875 0.1229191421875
0 0.391783475 0.21501287812499997 0.43133022343749994 0.1797393203125 0.4161792734375 0.1461116828125 0.3765471875 0.1853833953125 0.391783475 0.21501287812499997
0 0.1964278703125 0.21907525 0.16487106406250002 0.23120765 0.1712137859375 0.263785496875 0.2029889453125 0.254894184375 0.1972398765625 0.24312020156249997 0.1964278703125 0.21907525
0 0.4797259796875 0.34618716250000003 0.44936468124999995 0.3596701125 0.43916062031249997 0.36682013750000003 0.4497941265625 0.39154378125 0.484958821875 0.371111725 0.4797259796875 0.34618716250000003
0 0.8029788734375 0.1443238 0.74424750625 0.1566746 0.7357086203125001 0.171743859375 0.7609508953125 0.25229534062500003 0.7881499562500001 0.2679418890625 0.8319585843749999 0.25146984375 0.8029788734375 0.1443238
0 0.44218784843750003 0.2474021140625 0.4046416625 0.2748715734375 0.40654045625 0.2898537578125 0.43336105937499997 0.2865046015625 0.45299657499999996 0.2781029328125 0.44218784843750003 0.2474021140625
0 0.25971321718749996 0.284729109375 0.2957358546875 0.28390370468750004 0.3001179359375 0.2422788796875 0.287411521875 0.24094419843749998 0.282277784375 0.251429715625 0.25771520625 0.2529605921875 0.2559749 0.27843995312500003 0.25971321718749996 0.284729109375
0 0.9143329953125001 0.15373658750000002 0.897946246875 0.1520153234375 0.8828126375 0.0820140140625 0.8187063640625001 0.12548345625 0.8154336234375 0.13919574375 0.8524313390625 0.24907336562500001 0.9052977765625 0.2508062 0.9291890140625 0.2290446421875 0.9143329953125001 0.15373658750000002
0 0.515461459375 0.5687958937500001 0.49222969531249994 0.4424671703125 0.4696368015625 0.4254150890625 0.39570767500000004 0.48788832812500005 0.421431753125 0.550614103125 0.4527005296875 0.6669283671875 0.47142647968749996 0.684217896875 0.4983440375 0.734923109375 0.55073219375 0.7027632046875001 0.5285955265625 0.6103920109375001 0.5337056062500001 0.603911125 0.525023671875 0.5691566765625 0.515461459375 0.5687958937500001
0 0.523445353125 0.0148667 0.5485433343749999 0.11905124843749999 0.5843280281250001 0.1028367703125 0.5636702078125 0.0039354624999999996 0.5498854171875001 0.0024875078125 0.523445353125 0.0148667
0 0.70723455625 0.39429346875000004 0.6767773375 0.30412110000000003 0.6836551296875 0.2810915078125 0.6780923343749999 0.25216669375 0.6248355359375 0.248088246875 0.5854644703125 0.2738503765625 0.598566896875 0.3358524796875 0.623775821875 0.42385411250000005 0.641700490625 0.43645025000000004 0.70723455625 0.39429346875000004
0 0.297965271875 0.16164049687499998 0.3562520328125 0.137865271875 0.3520921140625 0.0992049765625 0.2924610453125 0.1206174328125 0.297965271875 0.16164049687499998
0 0.391783475 0.21501287812499997 0.3859065796875 0.2403068796875 0.40502244374999996 0.2620389640625 0.43960134218749997 0.2364170953125 0.43150622812500006 0.20014635468750003 0.421132821875 0.1928903390625 0.391783475 0.21501287812499997
0 1 0.1460316578125 0.9880230234375 0.1145957859375 0.97811796875 0.1229191421875 0.9653342781250001 0.1307325046875 0.9635782125000001 0.13565556406249998 0.9900546109375 0.2035678828125 1 0.1992785375 1 0.1460316578125
0 0.6487770265624999 0.49030345468750003 0.661573025 0.5468128937500001 0.6788970453125 0.588475403125 0.7628504078125 0.5229649421875 0.7241595890625 0.44918115937499997 0.6487770265624999 0.49030345468750003
0 0.5049044281249999 0 0.5102389203125 0.015638771875 0.51621106875 0.018051640625 0.539401928125 0.001386321875 0.5262038890625 0 0.5049044281249999 0
0 0.13927382500000002 0.272244253125 0.16247437343749999 0.26936609843750003 0.1581552640625 0.2268688265625 0.13730110625 0.22787569375 0.13927382500000002 0.272244253125
0 0.9465317843750001 0.8877845125 0.9368584625 0.87389581875 0.90727419375 0.884574434375 0.8796086953125 0.8853433718750001 0.8549256046875 0.8744872765625 0.8179246734375001 0.8301350359375 0.7627796703125 0.8758330328125 0.7792380984375 0.9603202281250001 0.7999206015625 0.9928471546875001 0.9465317843750001 0.8877845125
0 0.27687944375 0.2198023203125 0.316139246875 0.2098078265625 0.3136397234375 0.1728375859375 0.27591629218749997 0.18095875625 0.27687944375 0.2198023203125
0 0.10151755468749998 0.4225627546875 0.058251156250000005 0.43566598125 0.040225625 0.4282705765625 0.016196753124999998 0.4367713484375 0.014348115625 0.44430073124999997 0.005384725 0.4473246046875 0.002756465625 0.4737961109375 0.0034259046874999997 0.588863096875 0.0253821609375 0.599951790625 0.1053376296875 0.57303369375 0.1299048203125 0.5480211765624999 0.21151759062500003 0.5267999265625 0.37341021093750004 0.475393453125 0.377584546875 0.366601628125 0.340535425 0.3505640625 0.19611286249999998 0.3927808265625 0.19151081875 0.3834734640625 0.16377391562500002 0.3849615796875 0.1677046 0.40082158593750006 0.1342803 0.4039338625 0.0989868 0.414573359375 0.10151755468749998 0.4225627546875
0 1 0.30996044375 0.97764074375 0.25933940624999996 0.9476047218750001 0.2653613453125 0.937955496875 0.28826592500000003 0.97319645 0.3967963296875 1 0.389930190625 1 0.30996044375