0 0.24757070468750003 0.9971192546875001 0.3293196625 0.99616801875 0.32874491093749997 0.9315823234374999 0.2958901421875 0.9576517421874999 0.242037009375 0.9386873734375 0.24757070468750003 0.9971192546875001
0 0.1593911875 0.537857190625 0.15736401093750002 0.5061829640625 0.021326875000000002 0.527767625 0.0275773671875 0.5598508875 0.1593911875 0.537857190625
0 0.6696799515625 0.8918142640625 0.5517558171875 0.8447983953125 0.4970716046875 0.8591706390624999 0.5124291984375 0.994037346875 0.5481445234375 0.9936217609375 0.6766532953125 0.9671468515624999 0.6696799515625 0.8918142640625
0 0.33017460625 0.6989701265625 0.3287373671875 0.6777269875 0.1625721609375 0.705769778125 0.166245253125 0.7257985359375 0.33017460625 0.6989701265625
0 0 0.530830578125 0.0176617375 0.5274034859375 0.0134549859375 0.4865393078125 0 0.48854379843749995 0 0.530830578125
0 0.8781845359375 0.6328041718749999 0.8676534 0.5881493359375 0.8341498749999999 0.59596525625 0.8467598046875 0.6383645328124999 0.8781845359375 0.6328041718749999
0 0.8965076359375 0.6269736078125 0.892984009375 0.5923185421875 0.87411505 0.5966398374999999 0.87921181875 0.6298515921875001 0.8965076359375 0.6269736078125
0 0.16082910781249998 0.74594105625 0.159525003125 0.7171557390625 0.10706720624999999 0.7247422968749999 0.1122789703125 0.7570167125 0.16082910781249998 0.74594105625
0 0.2826349125 0.37610511406249997 0.18236866093749998 0.4031571328125 0.202575284375 0.4880748453125 0.29594486249999996 0.46792553750000004 0.2826349125 0.37610511406249997
0 0.304925078125 0.57982455 0.2951496125 0.5052062921875 0.1747868546875 0.5253433890625 0.18656869843749999 0.6021521953125 0.304925078125 0.57982455
0 0.745374684375 0.27072302812500004 0.7470272687499999 0.339134525 0.7688040515625 0.3719478015625 0.9794633640624999 0.3348065578125 0.9586545843750001 0.2279967953125 0.745374684375 0.27072302812500004
0 0.26216959375000004 0.183750096875 0.2576244546875 0.1477294390625 0.1689642484375 0.15809184375000002 0.18629412343750001 0.1976914375 0.26216959375000004 0.183750096875
0 0.141737340625 0.65570008125 0.10928262343749999 0.638699978125 0.09028770625 0.6630561 0.120071478125 0.6779797234375 0.141737340625 0.65570008125
0 0.8960509578125 0.5772739140625001 0.8881055999999999 0.5179248328125 0.8075334828124999 0.5336103609375 0.822249284375 0.5906966546875 0.8960509578125 0.5772739140625001
0 0.2778628640625 0.33163428281249996 0.27476652968750004 0.278138578125 0.17075348125 0.29065890781250003 0.17998776249999998 0.3474583296875 0.2778628640625 0.33163428281249996
0 1 0.5575053609375 0.902616046875 0.57395705625 0.9109472140625 0.63270130625 1 0.619210196875 1 0.5575053609375
0 0.06737946875 0.4589843296875 0.0619861734375 0.43588378437499997 0.0231657078125 0.4414374296875 0.0288420859375 0.464228403125 0.06737946875 0.4589843296875
0 0.222674828125 0.7228527687499999 0.2355827109375 0.791458021875 0.3244563609375 0.7798410609374999 0.313763559375 0.7097972953125 0.222674828125 0.7228527687499999
0 0.74190924375 0.7488176609375 0.7139727046875 0.4127090796875 0.5604630046875 0.43814462968749995 0.5338338968749999 0.45292702343749996 0.554331384375 0.7084312796875001 0.598963471875 0.7730133578125 0.74190924375 0.7488176609375
0 1 0.7879762 0.9152495999999999 0.8078976140625 0.9328637609375001 0.9143633031249999 1 0.9005321390625 1 0.7879762