0 0.008650490625 0 0.0057235890625 0.1676991015625 0.07319755156249999 0.0758625390625 0.0650038609375 0.050474078125 0.084040978125 0.020463740624999997 0.0841840109375 0 0.008650490625 0
0 0.166939178125 0.6395391171875 0.1317657609375 0.5688711609375 0.11417104062500001 0.5943728015625 0.146745365625 0.6671595984375001 0.166939178125 0.6395391171875
0 0.88482085 0.8873099046874999 0.976244284375 0.7633961078125 0.9504519124999999 0.7270367453125 0.939563865625 0.69620288125 0.83861368125 0.8142818015625 0.8558391078125 0.850190175 0.88482085 0.8873099046874999
0 0.12150468750000001 0.4358182796875 0.139479784375 0.437060675 0.1974923140625 0.35340475625 0.1733992046875 0.3155773375 0.1522401078125 0.32510531875000004 0.1047906515625 0.391918771875 0.12150468750000001 0.4358182796875
0 0.1022559015625 0.8331135 0.0640141296875 0.7654061609375 0.053634925 0.7468528156249999 0.0439981578125 0.75915991875 0.0202532453125 0.7203240015625 0.0018263328125 0.7449687218750001 0.035793596875 0.8113451296875 0.07322722968749999 0.875633453125 0.1022559015625 0.8331135
0 0.17610872500000002 0.5734993875 0.1959210046875 0.542878140625 0.2296373484375 0.5016939265625 0.17601459531250002 0.40723329843749995 0.1454732359375 0.43816363750000004 0.1171401671875 0.465689403125 0.17610872500000002 0.5734993875
0 0.4659326109375 0.9644518265625001 0.491221834375 0.93019540625 0.5214168453125 0.89661600625 0.445024621875 0.7488658 0.411644728125 0.78734690625 0.3858963296875 0.813580234375 0.4659326109375 0.9644518265625001
0 0.7852298796875 0.41490148125 0.7594069171875 0.3850303546875 0.7449871156250001 0.3505598015625 0.6440181 0.485107953125 0.6608506046875 0.51630029375 0.689044446875 0.5452897812499999 0.7852298796875 0.41490148125
0 0.7708252234375 0.6980207984375 0.86592634375 0.5681984812499999 0.8356762156249999 0.527985009375 0.824947453125 0.49512790000000007 0.7251314125 0.622808253125 0.7430597703124999 0.6527734875 0.7708252234375 0.6980207984375
0 0.6127719140625 0.929336840625 0.555445209375 0.9967685140625001 0.6539956499999999 0.9961951640625 0.6264256109375 0.9603475390625 0.6127719140625 0.929336840625
0 0.21878276406250002 0 0.20196576249999998 0.023695845312499998 0.28490826406249997 0.1619547046875 0.3737133515625 0.051917515625 0.34865045625 0 0.21878276406250002 0
0 0.9981135734375 0.606629928125 0.9903549796875 0.594195678125 0.9684616968749999 0.6209284828125 0.9970331781249999 0.6685319671875 0.9981135734375 0.606629928125
0 0.9093577828124999 0.3764432140625 0.9413445875 0.346748890625 0.8696035671875 0.205975353125 0.827285375 0.22503131875000001 0.8062570062500001 0.25784949375 0.8927992218749999 0.41005732031250003 0.9093577828124999 0.3764432140625
0 0 0.5747918921874999 0.0150749953125 0.6062174453125 0.0699493015625 0.714207090625 0.08280869375 0.68536471875 0.11795178749999999 0.651222971875 0.06680808125 0.5413962875 0.0440824125 0.49980321562499996 0 0.5537588625 0 0.5747918921874999
0 0.572332625 0.831268728125 0.5870368640625 0.7997201390625001 0.62312765625 0.7692883312500001 0.5498118812499999 0.624032978125 0.5093998078124999 0.6569975375 0.48714734687499994 0.6794486515625 0.572332625 0.831268728125
0 0.3473568265625 0.8907881968750001 0.30878444374999997 0.9201579125 0.2888767953125 0.9420370468750001 0.3132882421875 0.994994440625 0.40053150468750004 0.9960097109375001 0.3473568265625 0.8907881968750001