0 0.6942722203125 0.338241165625 0.7572378703125 0.31594415625 0.744221090625 0.264907721875 0.6879065703125 0.289082325 0.6942722203125 0.338241165625
0 0.56132055 0.662197546875 0.578885115625 0.692596240625 0.6125107109375 0.6607291859375 0.6004113234374999 0.627013709375 0.56132055 0.662197546875
0 0.7573753062499999 0.4413026734375 0.7179680046875 0.5270764109375 0.7322386578125 0.574970209375 0.7089223921875 0.5963802406250001 0.7559236921875 0.695315434375 0.844767240625 0.6406800453125 0.8844398890624999 0.5893018640625 0.92430766875 0.5728383421875 0.9197402234375 0.5567219359375 0.881894334375 0.5677308062499999 0.85947989375 0.5120966890624999 0.8438378390624999 0.51102281875 0.8084503734374999 0.379165253125 0.7573753062499999 0.4413026734375
0 0.58864605625 0.7299492046875 0.6241299296875 0.7012668390625 0.6121265765625 0.6609823359375 0.578618375 0.691701028125 0.58864605625 0.7299492046875
0 0.5802412734375 0.7364610796875 0.5598988046875 0.6868946859375 0.54120115625 0.7002762875 0.5577386046874999 0.7521679453125001 0.5802412734375 0.7364610796875
0 0.6216661171875 0.0919094171875 0.6303217531249999 0.11144203281250001 0.6440394359375 0.10464643124999999 0.63508073125 0.08442484375 0.6216661171875 0.0919094171875
0 0.8700986625 0.165199590625 0.90273305625 0.1429354171875 0.868155634375 0.09298118125 0.88800135 0.073804740625 0.8699565109374999 0.05245875 0.8421654546875 0.047720120312499996 0.8182812265624999 0.07445033125 0.8700986625 0.165199590625
0 0.7175776468749999 0.526160121875 0.7564289796875 0.44245839687500005 0.5474403999999999 0.5118504828125 0.5460122296875001 0.5339336078125 0.5531518796875 0.554121190625 0.5437315328125 0.5867590296875 0.7058790765625 0.533661134375 0.7059211999999999 0.548963446875 0.7232888890625 0.5406021515625 0.7175776468749999 0.526160121875
0 0.20691963124999999 0.5248684390625 0.2610528703125 0.5103062281249999 0.258329140625 0.44504994218749994 0.202172465625 0.4626660546875 0.20691963124999999 0.5248684390625
0 0.29519346875 0.43455349062500004 0.3000961859375 0.3867212 0.27868185 0.3854066171875 0.274374271875 0.43395643906250003 0.29519346875 0.43455349062500004
0 0.6304565359375001 0.7311301671875 0.6166860546875 0.7069016421875001 0.5833028140625001 0.7385975859375 0.5936196109375 0.7643615500000001 0.598248740625 0.7621768062500001 0.6304565359375001 0.7311301671875
0 0.7495191203125 0.0360442609375 0.751558428125 0.0322707921875 0.714148040625 0.0258919796875 0.7025310124999999 0.0405233796875 0.7282289203125 0.0819745515625 0.75260219375 0.062274265625000005 0.7495191203125 0.0360442609375
0 0.7656666750000001 0.8038514140625 0.8075547265624999 0.90085259375 0.84705784375 0.8939288359375 0.8791164171875 0.8443326515624999 0.8248854140624999 0.7399373234375 0.7656666750000001 0.8038514140625
0 0 0.8842530203125 0.0107506171875 0.8825502609375 0.049902784374999995 0.8705107734374999 0.0345842515625 0.6341170296875001 0.0281006828125 0.634541034375 0.0236834390625 0.626607640625 0.0223948578125 0.580672484375 0 0.5873171734375 0 0.8842530203125
0 0.9028380328125 0.461601834375 0.8898905515625 0.4295686703125 0.86914040625 0.44616916562500003 0.8782760765625 0.466590871875 0.88335270625 0.47535896875 0.8840651390625001 0.47420585 0.9028380328125 0.461601834375
0 0.5165059875 0.99699505625 0.5600812046875 0.9967415421875 0.5454730234375 0.96962538125 0.5165059875 0.99699505625
0 0.6777623328125 0.988931703125 0.6498545453125 0.93448524375 0.6661932312500001 0.9166652031250001 0.6440859953125 0.865310871875 0.5937502234375 0.8842169078125 0.5711214874999999 0.9258190234375 0.581456803125 0.9540078718749999 0.5979845921875 0.996521028125 0.7643879859375 0.9955529203125 0.733372084375 0.9339404578125 0.6882444671875 0.9923122453125 0.6777623328125 0.988931703125
0 0.38104219375000004 0.9845209968749999 0.4562556671875 0.9973455828125 0.45687540625 0.9973419765625 0.44294515 0.9399073375 0.38104219375000004 0.9845209968749999
0 0.6331631625 0.6735976406249999 0.6575997703125 0.7083545640625 0.677350428125 0.685380621875 0.6578091875000001 0.6457227296875 0.6331631625 0.6735976406249999
0 0.3488332421875 0.8273523812500001 0.3650710765625 0.825043946875 0.3865023984375 0.9048126921874999 0.4112637671875 0.904594896875 0.429238084375 0.8924282828125 0.4661462453125 0.9095130265625 0.4947688640625 0.9017112328125 0.3942810140625 0.5442817625 0.33108705 0.5718506515625 0.353786725 0.6480331234375 0.32252719218750003 0.6744192359375 0.343375328125 0.76099259375 0.3305061375 0.7689950328124999 0.3339224234375 0.786104778125 0.3512312453125 0.7814510109375 0.358882140625 0.8090971703125 0.3461869734375 0.8135816609375001 0.3488332421875 0.8273523812500001
0 0.9001450015625 0.425326553125 0.930997034375 0.483780165625 0.898006890625 0.5186658937499999 0.921586809375 0.5629849015625 0.9542681625 0.5298521984375 0.97056303125 0.5628809875 0.9851540968749999 0.5619699812500001 0.9984940953124999 0.540813284375 0.9977054984375 0.52589353125 0.991806446875 0.5116743968749999 0.9994430984375 0.4979575484375 0.9920905078125 0.4803040875 0.985048378125 0.48161004218750003 0.9361927874999999 0.3819975375 0.9001450015625 0.425326553125
0 0.032414209375 0.2722369765625 0.03742549375 0.27270174375 0.035239046875 0.28872871093749997 0.10551148125000001 0.30325999062500003 0.1223828421875 0.21181675000000003 0.0705656234375 0.20094209062499999 0.0753879671875 0.15031323125 0.054111821875 0.1490574671875 0.032414209375 0.2722369765625
0 0.47753018281250004 0 0.4782304953125 0.025284510937499997 0.4687941578125 0.047531684375 0.49186145937500003 0.0658465390625 0.5323262140625 0.08069111875 0.5447479671875 0.0708916859375 0.5488973500000001 0.0611900109375 0.5440071359374999 0.050881699999999995 0.5526645703125 0.039803121875 0.5588253234375 0.0448260703125 0.5734642937500001 0.031113562500000004 0.5644198453125 0.013065407812499999 0.5707687625 0.0014445 0.5622970765625 0 0.47753018281250004 0
0 0.1361958875 0.28062084062500003 0.1368213828125 0.24695075000000002 0.122290528125 0.245110403125 0.1197386390625 0.282488240625 0.1361958875 0.28062084062500003
0 0.9652380078125 0.44131145 0.99920831875 0.40459598750000003 0.9645227562500001 0.3526052046875 0.9364728156250001 0.3825763671875 0.9652380078125 0.44131145
0 0.6694634390624999 0.4157125203125 0.66398199375 0.3544258546875 0.6726654609375 0.34753663281249997 0.6648303078125 0.302142196875 0.6321088031250001 0.30803422812500003 0.6297172765625 0.42654607968749997 0.6694634390624999 0.4157125203125
0 0.74324994375 0.1748832515625 0.7121321921875 0.201187321875 0.7380963890625 0.2402834140625 0.7682108828125 0.21533779062499997 0.74324994375 0.1748832515625
0 0.3065357109375 0.7226763046875 0.3011694625 0.7227809859375001 0.2950250125 0.6694749437499999 0.30226639375 0.6630621015625 0.29983706250000003 0.6580593375 0.2924063734375 0.662655471875 0.286712190625 0.605347503125 0.2943172515625 0.599761428125 0.29289118125 0.59340021875 0.1948613265625 0.6121189453125 0.15772281875 0.6379062609374999 0.178413875 0.9499710140625 0.310585940625 0.9725075609375 0.3306376078125 0.9646251515625 0.3304041 0.9587222046875 0.3229877421875 0.9617912687500001 0.3170170625 0.9031615609375001 0.3245206078125 0.8995975250000001 0.32411272812499997 0.8946845203124999 0.32068074375 0.89537393125 0.3133580546875 0.84008255625 0.31812771875 0.8375818828125 0.31507314218750004 0.8332372671874999 0.3091109125 0.8352796796874999 0.30547166875 0.809677109375 0.3182250109375 0.8052237812499999 0.299600090625 0.7316904703125 0.3068128109375 0.7283317671875 0.3065357109375 0.7226763046875
0 0 0.49407798593749996 0.0110705625 0.48231854687500003 0.017986284375 0.4783568765625 0.019765203125 0.45994491093749995 0.0073866171875 0.4490183046875 0.001965890625 0.44509510781249995 0 0.456255665625 0 0.49407798593749996
0 0.8967500218750001 0.4132763328125 0.9269463234374999 0.3840110375 0.90912846875 0.362278884375 0.8838996859374999 0.382619296875 0.8967500218750001 0.4132763328125
0 0.2188581953125 0.265293640625 0.2294790421875 0.2465623828125 0.23349692656249998 0.2237524515625 0.1489947078125 0.23723641718750002 0.1511844265625 0.3143191046875 0.180247971875 0.3137727078125 0.21719570312499997 0.301718478125 0.22111730000000002 0.28367185781250004 0.2188581953125 0.265293640625
0 0.5101250281249999 0.8079065578125 0.5385687453125 0.8034094484375001 0.567373140625 0.786865196875 0.5411348734375 0.7029416328125 0.5194314234374999 0.7141112609375 0.491377471875 0.7239856359375 0.5101250281249999 0.8079065578125
0 0.0085652984375 0.5847298750000001 0.021944089062499998 0.5810629734375 0.0235245875 0.62594325625 0.1285182953125 0.6094953359375 0.135541 0.5296285875 0.009494415624999999 0.5557213359375 0.0085652984375 0.5847298750000001
0 0.59096328125 0.10405127031250001 0.5725635734375001 0.08128520156249999 0.5511482859375 0.1079265515625 0.5732533828124999 0.1265234515625 0.5807718625 0.1257660703125 0.59096328125 0.10405127031250001
0 0.2572515890625 0.382857209375 0.26368708750000003 0.3505389125 0.22910946718749997 0.29914010156250004 0.21331061093749998 0.303414034375 0.1892907484375 0.3111084234375 0.184874 0.4024447484375 0.2572515890625 0.382857209375
0 0.2779942625 0.4953293296875 0.28587795625 0.45418710312500005 0.26754208125 0.45467201875 0.263184725 0.4938663296875 0.2779942625 0.4953293296875
0 0.7018377874999999 0.0403626921875 0.7138727953124999 0.0258450484375 0.6818930625 0.0203922109375 0.6737454953124999 0.0359975640625 0.6987623453125 0.06023180625 0.7063833234375 0.0470858546875 0.7018377874999999 0.0403626921875
0 0.8822753062500001 0.68399625625 0.9078972375 0.6672067671875 0.9157958765625 0.6376658953125001 0.898959771875 0.608071196875 0.8651081359375 0.63543863125 0.8822753062500001 0.68399625625
0 0.4983697796875 0.8870513359375 0.5260007421874999 0.88560213125 0.614471178125 0.8146520484374999 0.59925549375 0.7685090046874999 0.4848376296875 0.83376021875 0.4983697796875 0.8870513359375
0 0.6343461546875 0.7271198703125 0.598176084375 0.7625892828125 0.6110154859375 0.8017417453125001 0.651523053125 0.7585146234375 0.6343461546875 0.7271198703125
0 0.7480614671875 0.7513953171875001 0.7746478390625 0.7329858437500001 0.762135390625 0.6919772375 0.7330528140625 0.712510271875 0.7480614671875 0.7513953171875001
0 0.7830456609375 0.7286820734375 0.806097903125 0.76069625 0.843307696875 0.7159508812500001 0.8249368859375 0.6831416906250001 0.7830456609375 0.7286820734375
0 1 0.533513659375 0.9981790343749999 0.5410357265625 0.9853358890624999 0.5620222203125 0.9614423203125 0.5628553359375 0.916534984375 0.6366022984375 0.90798925 0.66656391875 0.8642856671875 0.6992617703125 0.8457910421875001 0.7346222515624999 0.8845915734375 0.8256587109375 0.9202919062499999 0.8197222734375 0.9322692109374999 0.8122050578125 0.9376466609375 0.8142053671875 0.9445882015624999 0.8041937796875 0.94159274375 0.797947353125 0.9582398921875 0.7750027968750001 1 0.5379265 1 0.533513659375
0 0.8185622109375 0.35163747968750003 0.795811428125 0.308755684375 0.7729968406250001 0.3298476328125 0.7902941890624999 0.3733290796875 0.8073376640625 0.369097421875 0.8185622109375 0.35163747968750003
0 1 0.0746323546875 0.9120993531250001 0.05964448906249999 0.911477421875 0.059920823437500007 0.8954102171875 0.0865606109375 0.9210637125 0.1136862703125 0.9137186796875 0.124181384375 0.924174353125 0.13771168125 0.9221242937499999 0.14103720625 0.897544765625 0.1764860484375 0.9188096546875 0.20985243437499998 0.9412258640625 0.182468290625 0.9390111703124999 0.1784155859375 0.94601621875 0.1718987171875 1 0.1254632953125 1 0.0746323546875
0 0.4191365421875 0.3760672765625 0.385174275 0.40093038906249995 0.3890187921875 0.42115093124999997 0.3614125078125 0.45185628125 0.3746005078125 0.4879454265625 0.4221218953125 0.44899449375 0.4089459765625 0.40392151875 0.425381365625 0.393022015625 0.4191365421875 0.3760672765625