0 0.9958955812499999 0.711307471875 0.9966180859374999 0.58711936875 0.8674629156250001 0.6151281281250001 0.8748159765624999 0.722198821875 0.8915687203125 0.7306973796875 0.9958955812499999 0.711307471875
0 0.478852565625 0.10955063125 0.685914275 0.0521298140625 0.6932104671875 0.0437104375 0.6869891109374999 0.0039967859375 0.4425996296875 0.00257496875 0.340306021875 0.025928021875000002 0.3559431046875 0.1426828625 0.4540049296875 0.1214914984375 0.47212928749999994 0.120402571875 0.478852565625 0.10955063125
0 0.631599196875 0.6091201296875 0.731462053125 0.5880404640625 0.71470668125 0.43733059843750005 0.7061037531250001 0.357196865625 0.655818771875 0.3397782296875 0.592763671875 0.35653747187499996 0.631599196875 0.6091201296875
0 0.52701391875 0.8573460031250001 0.5539440625000001 0.8562880625 0.5507430171875 0.8149724953125 0.5199537656250001 0.8182347796875 0.52701391875 0.8573460031250001
0 0.5322107546875 0.9035721328124999 0.5372603687499999 0.9472669578125 0.565813346875 0.9491132921875 0.559358153125 0.9034466625 0.5322107546875 0.9035721328124999
0 0.4083672296875 0.923277425 0.4431000796875 0.920685878125 0.4424794125 0.8812274906249999 0.409181465625 0.8807503593750001 0.4083672296875 0.923277425
0 0.46610207968750006 0.9093415796875 0.5027936640624999 0.907591415625 0.5016231390625 0.8686966484375 0.463831265625 0.8681933718750001 0.46610207968750006 0.9093415796875
0 0.353620453125 0.9351050765625001 0.381389859375 0.932452775 0.37973785000000004 0.89628809375 0.3498714234375 0.8975111437500001 0.353620453125 0.9351050765625001
0 0 0.2127655015625 0.003153553125 0.209539609375 0.009192051562500001 0.21200397187500003 0.020104776562500003 0.2048000078125 0.020761290625 0.19634200156249998 0.07478225625 0.1561690875 0.1020379625 0.1478658296875 0.0997028953125 0.1351595078125 0.1561285140625 0.0992112515625 0.1900837234375 0.0806632234375 0.1847122203125 0.0679392359375 0.22961782656250002 0.0391914109375 0.25201876562500003 0.0302526015625 0.250880728125 0.020569540625 0.276818759375 0.001610484375 0.06831734843750001 0.000397459375 0 0.0692161640625 0 0.2127655015625
0 0.9996562421874999 0.06490468125 0.9865049171875 0.06717864375 0.98537445625 0.0457543375 0.9504875265624999 0.0539524671875 0.952443809375 0.07957200156250001 0.8308911859375 0.119574709375 0.8440146546875 0.3169451875 0.8364615734375 0.317326359375 0.8587670578125 0.5231311062499999 0.9971955359375 0.48786432812499997 0.9978863140625001 0.36912945937499997 0.924606715625 0.389622978125 0.9166113875 0.319877746875 0.998400271875 0.280787678125 0.9996562421874999 0.06490468125
0 0.484629984375 0.6997054296874999 0.4975162015625 0.7116836375 0.5054467640625 0.7299287718749999 0.5228776390625 0.740172225 0.603084728125 0.722439859375 0.585486496875 0.560024290625 0.5693520249999999 0.389580528125 0.5456012234375 0.38349073125 0.44329059531250004 0.41123654531250003 0.4448077171875 0.5123419109375 0.3488272609375 0.534172934375 0.3754599234375 0.76518589375 0.4019411203125 0.7821421468749999 0.46132706093750003 0.738417325 0.4691598671875 0.71431228125 0.484629984375 0.6997054296874999
0 0.1829040265625 0.7928115499999999 0.20295423281249997 0.8051755765624999 0.22190501562499998 0.804698765625 0.2244359453125 0.5680050734375001 0.1626562171875 0.5673622375 0.169814825 0.5895503843750001 0.1574966125 0.601726096875 0.1382540796875 0.600156609375 0.12092534375 0.6245505484375 0.11553534218749999 0.799423896875 0.1532638734375 0.7760191125 0.17512280625 0.7767333484375001 0.1829040265625 0.7928115499999999
0 0 0.897675790625 0.07139904999999999 0.8977534515625001 0.078120090625 0.8872861234375 0.079600234375 0.8729622671874999 0.08657118281250001 0.6977539765625 0.1135085109375 0.6954612171875 0.11730154374999999 0.6454613484375 0.08584018125000001 0.6424644515625 0.087951340625 0.5788308546875001 0.0831319328125 0.5651586296875 0.001320446875 0.559419328125 0 0.5979789859375 0 0.897675790625