0 0.40105528437500004 0.99763288125 0.48965230625 0.9971174390625 0.49661491562500004 0.9920081140624999 0.463424671875 0.96770055 0.4419503953125 0.9601026671874999 0.40105528437500004 0.99763288125
0 0.269750071875 0.9983967921874999 0.395190084375 0.9976670046875 0.43425855 0.96126395625 0.390594334375 0.941165515625 0.35449404218749997 0.922674096875 0.269750071875 0.9983967921874999
0 0.642968796875 0.8916817234375 0.6921329515625 0.859657196875 0.5485346953125 0.8029504265625 0.521011925 0.8305635359375 0.50262489375 0.8728898765625001 0.61688795625 0.9281558984375 0.642968796875 0.8916817234375
0 0.5045355625 0.6689177453124999 0.45958482500000003 0.6491184484375 0.33301678749999997 0.7758885484375 0.366775928125 0.7879808390624999 0.41192086406249995 0.8149226484375 0.5366477359374999 0.702632175 0.5045355625 0.6689177453124999
0 0.246256503125 0.8504167468749999 0.21517508749999997 0.8312776187500001 0.0908932328125 0.9513722953125001 0.12005813750000001 0.96402738125 0.1591004375 0.9925454703125001 0.2829007578125 0.8786815875 0.246256503125 0.8504167468749999
0 0.3556407375 0.055700557812499996 0.3968739 0.0083659578125 0.290860540625 0.0295656609375 0.3556407375 0.055700557812499996
0 0.7571095015625 0.2170922515625 0.7843511000000001 0.23501023281250003 0.7975980093749999 0.22425865625000002 0.8242496671874999 0.2426086625 0.9263680828125 0.1561739109375 0.8632051203125 0.1221574046875 0.7571095015625 0.2170922515625
0 0.3168584828125 0.0467901796875 0.261884209375 0.035360114062499996 0.131382496875 0.061456803125 0.117282009375 0.08094225000000001 0.26671582968749996 0.121763453125 0.2833770953125 0.07896568125 0.3168584828125 0.0467901796875
0 0.996917853125 0.5239581906249999 0.9973642859374999 0.447222959375 0.9584489171874999 0.43205035937499997 0.9381961406249999 0.455822871875 0.9066662093750001 0.48777563125 0.996917853125 0.5239581906249999
0 0.36674499531250004 0.6131851609375001 0.3366943328125 0.5978388531250001 0.20360620468750001 0.7180824015625 0.2419286015625 0.7334495421875 0.2841923890625 0.75213214375 0.3991157984375 0.6493812328125 0.36674499531250004 0.6131851609375001
0 0 0.23412648125 0.1531780828125 0.2710939671875 0.169560378125 0.22259434531250002 0.200312684375 0.19341419531249998 0.0378149640625 0.1445276046875 0 0.1691785921875 0 0.23412648125
0 0.053313403125000006 0.839672715625 0.0997798078125 0.8056961734374999 0.0633537453125 0.7691385765625001 0.0367494046875 0.7597096828125001 0.046567928125000005 0.8117212015625 0.053313403125000006 0.839672715625
0 0.5111647406250001 0.3293152078125 0.477933309375 0.313348753125 0.4432515859375 0.28603141875000004 0.3177737515625 0.4012357296875 0.35123868593749996 0.40754546875 0.3891512828125 0.4410840109375 0.5111647406250001 0.3293152078125
0 0.74785416875 0.0627959375 0.6749169562499999 0.0184650078125 0.5376238953125 0.1315515421875 0.61766203125 0.1662552359375 0.74785416875 0.0627959375
0 0 0.389846528125 0.0334939984375 0.40109357812499996 0.0626431203125 0.359085671875 0.0890904109375 0.3255531265625 0 0.2953320390625 0 0.389846528125
0 0.9331195796875 0.6388003140625 0.9779572015625 0.6100905859375 0.83801194375 0.5410542953124999 0.8077350031250001 0.585758284375 0.7812909328125001 0.62475470625 0.9006653375000001 0.676528053125 0.9331195796875 0.6388003140625
0 0.640407746875 0.39701612656249996 0.5983667406250001 0.3663968390625 0.5638694796875 0.3528400125 0.441518546875 0.46771214375000003 0.47773564999999996 0.47759609062499997 0.5143124078125 0.5021686062499999 0.640407746875 0.39701612656249996
0 0.6842994078125 0.6696513937499999 0.65959559375 0.6959680015624999 0.639268096875 0.7411319921875 0.7621861515624999 0.8028954453124999 0.795854396875 0.767374553125 0.8275678859375001 0.7388396687500001 0.6842994078125 0.6696513937499999
0 0.8038084578125 0.47113949687499995 0.7600362671875 0.4426879046875 0.7298004 0.42191411093750003 0.609250465625 0.5442146078125 0.639729140625 0.5512680750000001 0.6745226875 0.580845165625 0.8038084578125 0.47113949687499995
0 0.8888551093749999 0.296938584375 0.9247783203125 0.30604382812500003 0.9621928531249999 0.33183064375 0.974532471875 0.3250544984375 0.9580922109375001 0.23796575781249998 0.8888551093749999 0.296938584375
0 0.1889348453125 0.522534803125 0.0469120109375 0.6389120921875 0.10371052656249999 0.6604457906250001 0.12939845 0.6873632609375 0.2612992765625 0.5697230046875 0.2267235640625 0.54374536875 0.1889348453125 0.522534803125