0 0.2052464234375 0 0.19242465 0.006066925 0.21389727500000003 0.0333320890625 0.235501971875 0.0236793078125 0.22033222968750002 0.0046538890625 0.228655146875 0 0.2052464234375 0
0 0.2470139 0.6550464296875 0.2565145203125 0.67546796875 0.2876268609375 0.6719948859375 0.3295543875 0.7021588828125 0.33701221875 0.720789803125 0.35418280156250004 0.7468529937499999 0.3754397015625 0.75968024375 0.385970909375 0.77260006875 0.423472859375 0.8014001265624999 0.45361854687500003 0.8108147421874999 0.4648286078125 0.8299507625 0.6199149390625001 0.9473710234375 0.71324679375 0.9086108562499999 0.7134682406249999 0.8557596671875001 0.592593184375 0.7574988968749999 0.581791821875 0.763706096875 0.3687885734375 0.5871448609375001 0.3742941109375 0.5633659718749999 0.2513033390625 0.46940881718750005 0.15985193125 0.5168722796874999 0.16017045937500002 0.5544529859375 0.2204266203125 0.6077840375 0.2263460203125 0.637689290625 0.2470139 0.6550464296875
0 0.539102184375 0.514482696875 0.6168608234375 0.4823670046875 0.5926881734375 0.466676571875 0.5220912171875 0.48908461562500005 0.539102184375 0.514482696875
0 1 0.059487617187499994 0.8011184390625001 0.032715584375 0.555844028125 0.17094405 0.6414226796875 0.24684723125 1 0.069603134375 1 0.059487617187499994
0 0.7758477890625 0.6704466250000001 0.726159065625 0.6920773484375 0.7787374218750001 0.7395165453125 0.7561492171875 0.7657296390624999 0.8071671437499999 0.8094915140625 0.8227925624999999 0.8208132593749999 0.8662623484375 0.8009614078125 0.9548527375000001 0.8876518828125001 0.9659451234375 0.805249809375 0.8985290906250001 0.7423335625 0.8684054265625001 0.758666884375 0.8424821421875001 0.7370104625 0.7758477890625 0.6704466250000001
0 0.0491456296875 0.2277028015625 0.069337421875 0.2452034734375 0.0892691390625 0.2316298390625 0.0825387703125 0.21299303281249998 0.065146275 0.2077035640625 0.0491456296875 0.2277028015625
0 0.5710843046875 0.3307250515625 0.5249113265625 0.3495278703125 0.5031352765625 0.368936521875 0.5837205078125 0.4463060171875 0.702587328125 0.397384028125 0.671390984375 0.3681662984375 0.6260282109374999 0.3849604484375 0.5710843046875 0.3307250515625
0 0.33494740625 0 0.388269196875 0.04110868125 0.4742383390625 0 0.33494740625 0
0 0.61367515625 0.5968770078125 0.6616761984374999 0.65549289375 0.6815310546875 0.6446495062500001 0.7413384015625 0.6234258265625 0.68785215625 0.563760128125 0.61367515625 0.5968770078125
0 0.045291703125 0.1739708234375 0.085676346875 0.1594547671875 0.06623669843749999 0.13096839531249999 0.046349190624999995 0.140820465625 0.042676559375 0.1681033609375 0.045291703125 0.1739708234375
0 0.06530544687499999 0 0.0649605828125 0.002561890625 0.10545607500000001 0.054777459375000004 0.1822280703125 0.039553853124999996 0.1868473359375 0.0242096328125 0.166910446875 0.0062034578125 0.1570867375 0.00807841875 0.149463421875 0 0.06530544687499999 0
0 0.37991916875 0.3395813640625 0.342642734375 0.31959401875000004 0.374409721875 0.3686332953125 0.4426650828125 0.35174418749999997 0.42551255781249997 0.33295015 0.37991916875 0.3395813640625
0 0.29004630468750003 0.258407896875 0.367474321875 0.21455865468750002 0.29995364062499996 0.132677671875 0.2605776375 0.1452532953125 0.20848771406250002 0.176547340625 0.268421146875 0.2389079765625 0.29004630468750003 0.258407896875
0 0.7758477890625 0.6704466250000001 0.7413384015625 0.6234258265625 0.6815310546875 0.6446495062500001 0.726159065625 0.6920773484375 0.7758477890625 0.6704466250000001
0 0.45194679843749996 0.5041207515624999 0.5312340843750001 0.46851518593749997 0.5501587203125 0.4545568390625 0.49669327343749997 0.40106027656250004 0.4644216265625 0.3759747859375 0.279925475 0.48150426875 0.327104871875 0.514451440625 0.3331681078125 0.5088936765625001 0.37429562031249997 0.53944826875 0.4432874125 0.5013564078125 0.45194679843749996 0.5041207515624999
0 0.5499228265625 0.5329641953124999 0.6383699078125 0.5044257984375 0.6168608234375 0.4823670046875 0.539102184375 0.514482696875 0.5499228265625 0.5329641953124999
0 0.7620892078125 0.878769003125 0.8349422359374999 0.835591153125 0.8071671437499999 0.8094915140625 0.7396200828125 0.8470304203125 0.7620892078125 0.878769003125
0 0.887173284375 0.6184747953125 0.8139417890624999 0.6501202703125 0.963615121875 0.7858506953125 0.9694671406250001 0.7790857828125 0.9807498562499999 0.6952697953125 0.887173284375 0.6184747953125
0 0.6051298468749999 0.5758366328125 0.61367515625 0.5968770078125 0.68785215625 0.563760128125 0.6796272765625 0.5560713765624999 0.6051298468749999 0.5758366328125
0 0.878254615625 0.9160819734375 0.8935717390625 0.9043993625000001 0.84607114375 0.86520109375 0.8381784624999999 0.8712392671875 0.8360717781250001 0.8802570875000001 0.878254615625 0.9160819734375
0 0.1738250046875 0.462425734375 0.1757951 0.4052215171875 0.0485211015625 0.30699213593749997 0.0360608875 0.31426328125 0.0243847109375 0.30398813750000003 0.0073707484375000005 0.43037986093749997 0.0871634765625 0.5037655421875 0.1738250046875 0.462425734375
0 0.33999615156249996 0.3751915421875 0.36629269062500003 0.361685734375 0.342642734375 0.31959401875000004 0.30765073125 0.3309119640625 0.33999615156249996 0.3751915421875
0 0.5499228265625 0.5329641953124999 0.5755982828125 0.563556471875 0.5906565828125 0.5544135203125 0.6601291984375 0.52863600625 0.6383699078125 0.5044257984375 0.5499228265625 0.5329641953124999
0 1 0.49370498906250004 0.9509872265625001 0.536023290625 0.9955374453125 0.5854171453125 1 0.5522661359375001 1 0.49370498906250004
0 0.6051298468749999 0.5758366328125 0.6796272765625 0.5560713765624999 0.6601291984375 0.52863600625 0.5906565828125 0.5544135203125 0.6051298468749999 0.5758366328125
0 1 0.263065675 0.804785696875 0.38915421562499997 0.9081945125 0.47480734062499996 0.9601436484375 0.4440964421875 0.9731470375000001 0.44713411562500005 0.9913638203125 0.4348867828125 0.9922038203125 0.4286466640625 1 0.4237468375 1 0.263065675
0 0.30762333750000004 0.3548677078125 0.3134533 0.37479512656249997 0.32017264375 0.37623945000000003 0.33999615156249996 0.3751915421875 0.30765073125 0.3309119640625 0.30762333750000004 0.3548677078125