0 0.5975107390625001 0.7769160265624999 0.6811632750000001 0.767143871875 0.71786529375 0.745073384375 0.6925852859375 0.6515655703125 0.5798851968750001 0.6813039203125 0.5975107390625001 0.7769160265624999
0 0.4534926546875 0.098875765625 0.46858730312499997 0.09503084218749999 0.46066779843749994 0.0350676453125 0.39622203749999996 0.0586641125 0.41197807031250006 0.0910787703125 0.42124595468750003 0.13697886875 0.460044215625 0.12587582656250002 0.4534926546875 0.098875765625
0 0.264531803125 0.6137024046875 0.26848712343750003 0.5839409546875001 0.2283426859375 0.5371490453125001 0.24073894375 0.5034413468750001 0.227951903125 0.48356752187499996 0.042206609374999995 0.5494893890625 0.0682781421875 0.6730151109375 0.112813634375 0.67726665625 0.264531803125 0.6137024046875
0 0.3896107171875 0.688376634375 0.38941050625 0.697979209375 0.3635493453125 0.7052356515625 0.3822323546875 0.847757828125 0.5576281171875 0.803676328125 0.5429835140625 0.684625271875 0.4815222390625 0.665823315625 0.4568864265625 0.6719044625 0.45697592656249997 0.6638350843749999 0.434821140625 0.6679993640624999 0.43353206093749996 0.6807289890625 0.4149683765625 0.68638553125 0.41331842500000004 0.6814886984374999 0.3896107171875 0.688376634375
0 0.6468294109375 0.9405700343750001 0.6476980296875 0.990892896875 0.7989598421874999 0.980315640625 0.7935134406250001 0.9446303734375 0.7575135265624999 0.93217648125 0.737057628125 0.9095264984375 0.6468294109375 0.9405700343750001
0 0.8245086484374999 0.69198325625 0.9095770421875 0.670671184375 0.8772191640625 0.5738010796874999 0.8198341843750001 0.5852449734375 0.8116430843750001 0.5681442640625 0.74302389375 0.585037265625 0.7476195671875 0.624268775 0.75975814375 0.6448417109375 0.8245086484374999 0.69198325625
0 0.24048285625000002 0.768103915625 0.2414526484375 0.7741815046875 0.0987051625 0.8254814203124999 0.0994643953125 0.8522327546874999 0.1213119125 0.9490097109375 0.134457053125 0.9531245140625 0.30465366718750003 0.8870477609374999 0.281082275 0.85350160625 0.2797035484375 0.8256821875 0.290262465625 0.81712043125 0.271368984375 0.7625881453125001 0.2533333515625 0.7683167234375 0.2515073234375 0.7661998125 0.24048285625000002 0.768103915625
0 0.72465991875 0 0.72621929375 0.0053408625 0.792496771875 0.05468560625 0.841263578125 0.0331225828125 0.8333931218749999 0 0.72465991875 0
0 0.5670038500000001 0.9965355828125 0.561942209375 0.972264325 0.52878735625 0.9827330265625 0.5279721609375 0.9992649453125001 0.5670038500000001 0.9965355828125
0 0.5220847921875 0.334338509375 0.522624646875 0.3420587859375 0.5543852 0.3359588578125 0.55184614375 0.3217753375 0.593293271875 0.320816578125 0.5719423984375 0.181902334375 0.5545337625 0.16605635937500002 0.42035705468750006 0.20529424375 0.4434461328125 0.3522372296875 0.5220847921875 0.334338509375
0 0.336940378125 0.5765173781249999 0.4521797125 0.5494344546875001 0.4227582609375 0.406050559375 0.3970604140625 0.37138915156249996 0.2998777625 0.40145890937499995 0.336940378125 0.5765173781249999
0 0.7086934968749999 0.484578625 0.667448946875 0.49404397343750006 0.672926340625 0.5278093593750001 0.7133228375 0.5230450531249999 0.7086934968749999 0.484578625
0 0.8346660484375 0.94693925 0.7922289796875 0.935611046875 0.7935134406250001 0.9446303734375 0.7989598421874999 0.980315640625 0.9022964124999999 0.9730896437500001 0.9626825218749999 0.9536124859375 0.9535022375000001 0.8781124328125 0.9149984015625 0.9139944265625 0.886944115625 0.9035999875 0.8768545421875 0.9173154718750001 0.8346660484375 0.94693925
0 0.1206629859375 0.390302690625 0.10893576406250001 0.34631794375 0.083297521875 0.356762253125 0.09297944531249999 0.39300124062499997 0.1206629859375 0.390302690625
0 0.8455900843749999 0.1146280203125 0.768894209375 0.139429775 0.7626647359375001 0.16534048125 0.7260672328125 0.178621396875 0.69444868125 0.16743017031250002 0.6752360000000001 0.1513398796875 0.643927803125 0.16359716562499999 0.6641833390625 0.242594034375 0.673052459375 0.2640929421875 0.857034640625 0.20162857500000003 0.8455900843749999 0.1146280203125
0 0.33181948125 0.0398717015625 0.4153547625 0.004698021875 0.2431015140625 0.01674314375 0.26087828125 0.07871928593750001 0.3082128671875 0.0640991703125 0.29317675 0.023592843750000002 0.33181948125 0.0398717015625
0 0.6875243609374999 0.46762270156249997 0.9002962765625 0.435419428125 0.88382726875 0.32767535468750003 0.8035866875 0.3064601046875 0.6677313515625001 0.3444424609375 0.6875243609374999 0.46762270156249997
0 0.18932489218749998 0.296109715625 0.2006994953125 0.3490757203125 0.1566034234375 0.3648204953125 0.1517287109375 0.372396384375 0.16097325468749998 0.414222971875 0.17472998906249998 0.4236558921875 0.23621246718750002 0.40442895156249997 0.24309893749999997 0.4125335359375 0.25787010625 0.41060715468750003 0.2556222578125 0.38500593906249997 0.23370627968750002 0.35581143125 0.22736319218749998 0.342700225 0.21507625312499998 0.289776225 0.18932489218749998 0.296109715625
0 0.2542155671875 0.2826155171875 0.22984196250000002 0.2883950296875 0.23514845156250003 0.31940475468749996 0.2616471546875 0.312539575 0.2542155671875 0.2826155171875