0 0.659337215625 0 0.6900082359375 0.018238890625 0.7131151640625 0 0.659337215625 0
0 0.3302587890625 0.061918503125 0.4781303390625 0.131458984375 0.5088362984375 0.10418149843749999 0.5308169234375 0.060761287500000004 0.4242228203125 0.00061741875 0.4071456015625 0.0029145890625 0.3840462046875 0.031448495312500005 0.3302587890625 0.061918503125
0 0.703627846875 0.1745781421875 0.6687879531250001 0.1595371125 0.6228594937499999 0.128057509375 0.48449633125 0.2381179375 0.5162719250000001 0.2758633265625 0.5624344984375 0.2997930390625 0.703627846875 0.1745781421875
0 0.8482419468750001 0 0.7627662546875 0.0694976078125 0.7996535484375 0.10179885 0.8312381437499999 0.12409474218750001 0.9470072 0.025098734374999997 0.9437748234375001 0 0.8482419468750001 0
0 0.6355367046875 0.9329908515625001 0.5817173640625 0.98773006875 0.7129242296875 0.970080553125 0.6355367046875 0.9329908515625001
0 0.18006058125 0.7252635484375001 0.15309655625000002 0.7040996734375 0.0401516015625 0.7884049281250001 0.10463677656249999 0.8285673046875001 0.2222959859375 0.7355615171875 0.194683609375 0.71481365 0.18006058125 0.7252635484375001
0 0.6758665421875001 0.9450137578125 0.7491423859374999 0.96520860625 0.8662103953125 0.9494610046874999 0.8883221734375001 0.9224627968749999 0.7333238875 0.869290409375 0.7131332921875 0.9133246921874999 0.6758665421875001 0.9450137578125
0 0.002339946875 0.4022026625 0.0028252437500000003 0.4856181265625 0.0232863703125 0.49513258593750004 0.0460936625 0.47141642812500006 0.08128985625 0.43983053125 0.002339946875 0.4022026625
0 0.836477775 0.24431996093750002 0.7970293125000001 0.22551495781250003 0.7536302296875 0.20294515 0.6261861734374999 0.30360190781249996 0.6580819109375 0.3439833953125 0.6888130828125 0.362207459375 0.836477775 0.24431996093750002
0 1 0.76212784375 0.8621690671875 0.7193892749999999 0.8419222171875 0.76945899375 0.807715990625 0.7981717828125 0.9759883781250001 0.86073754375 1 0.8471239046875001 1 0.76212784375
0 0.557343640625 0.6840257484375 0.6966773453124999 0.5709413890625 0.6617922953125001 0.5620219843750001 0.6238921359375 0.5240702359375 0.48842101250000003 0.63376355625 0.52246668125 0.6528569359375 0.557343640625 0.6840257484375
0 0.44838285312500004 0.8406555796875 0.3661531359375 0.798627753125 0.22257202343750002 0.8990002265625 0.29672577499999997 0.9507068609375 0.44838285312500004 0.8406555796875
0 1 0.5918099781249999 0.996305003125 0.59030141875 0.9630004890625001 0.632658378125 0.9330644421875001 0.6662547187500001 1 0.6938222640625 1 0.5918099781249999
0 0.156925984375 0.3882502203125 0.1915848765625 0.34312456875 0.22185320625 0.3037625328125 0.0992109765625 0.24106470624999998 0.0626857546875 0.27868189375 0.0136622359375 0.30594649218750003 0.156925984375 0.3882502203125
0 0.43431445 0.6053787203125001 0.5703319312499999 0.492433575 0.5327656265625 0.4795566953125 0.495722634375 0.4511561546875 0.3563556078125 0.5535921078125 0.3987865328125 0.5887424390625 0.43431445 0.6053787203125001
0 0.378697725 0.1905584671875 0.2529341703125 0.11707963125000001 0.2152649421875 0.1522861234375 0.18008525625 0.18025307968749998 0.32684240781249996 0.2629417453125 0.3544974828125 0.2368418390625 0.378697725 0.1905584671875
0 0.2636636296875 0.52127913125 0.3982391890625 0.40037388125 0.3665474046875 0.39087149375 0.3316914109375 0.3573106296875 0.1886818796875 0.46433551093750003 0.23307068437499998 0.49731547656249997 0.2636636296875 0.52127913125
0 0.0883389453125 0.6424051296875 0.051034567187500005 0.6303698 0.013183143750000001 0.6006313171875 0.012169735937499999 0.6011082046875 0.0237387140625 0.6909389578125 0.0883389453125 0.6424051296875
0 0.9128069484375001 0.28174930625 0.76655363125 0.3969700453125 0.8014011562500001 0.42671804843750005 0.8399281203125 0.45165295937499994 0.9881627500000001 0.34466316875 0.9867784937499999 0.3339146984375 0.9382288328125 0.3118884359375 0.9128069484375001 0.28174930625