0 0.0802800234375 0 0.071402915625 0.048836535937499995 0.12066754375 0 0.0802800234375 0
0 0.09506478125 0.5283233828125 0.11652594062499999 0.60962276875 0.14229763906249998 0.5839564734375 0.11776560312499999 0.5044588046875 0.09506478125 0.5283233828125
0 0.937505890625 0.7662518375 0.8120988375 0.873648128125 0.823890028125 0.9139400640625001 0.847721325 0.9573709218750001 0.9352446953125 0.870950015625 0.9468725515624999 0.8069805109375 0.9435645125000001 0.8002281968749999 0.937505890625 0.7662518375
0 0.1808741609375 0.2528179609375 0.11999037500000001 0.3151270703125 0.1298792171875 0.3636937453125 0.1483927265625 0.3678554921875 0.2231677015625 0.289616728125 0.20455066406250003 0.2462243828125 0.1808741609375 0.2528179609375
0 0 0.8049131328125 0.0042050125 0.8159120281250001 0.0417344453125 0.7760726109375 0.0134983859375 0.6991821609375 0.0058651484375 0.6781283453125 0 0.683600403125 0 0.8049131328125
0 0.154447665625 0.3699633171875 0.1202127296875 0.3942343640625 0.1631688453125 0.5163602234375 0.1890573578125 0.4874953234375 0.2312414703125 0.44979918906250005 0.19156669843750002 0.3424838453125 0.154447665625 0.3699633171875
0 0.37189926406249996 0.7774865515625 0.3405785453125 0.8008177375000001 0.398102775 0.9713274343749999 0.430320184375 0.939533521875 0.46753240937499996 0.9092288171874999 0.41326958593749996 0.7425634265625 0.37189926406249996 0.7774865515625
0 0.6779757078124999 0.5337449750000001 0.70237959375 0.5685487140625 0.82493240625 0.4475219265625 0.8031496031250001 0.41217384218750003 0.7940348875 0.37383221875 0.6657855921875 0.4984470859375 0.6779757078124999 0.5337449750000001
0 0.7266892687500001 0.6553553265625001 0.740231353125 0.689544571875 0.76140255625 0.741280596875 0.88272873125 0.6206729640625 0.8581062609375 0.573805040625 0.8525603421874999 0.537738371875 0.7266892687500001 0.6553553265625001
0 0.5570980984375 0.9579929984375 0.5153602140625 0.9939355437499999 0.56641033125 0.9933415218749999 0.5660076640625 0.9925947109375001 0.5570980984375 0.9579929984375
0 0.3059746953125 0 0.34704969218750004 0.1033422203125 0.45842574531249997 0.0024208671875 0.45771077031249996 0 0.3059746953125 0
0 0.9976282937500001 0.39602550625 0.9486401515624999 0.24248851562499998 0.90128714375 0.255675671875 0.8737551859374999 0.28664419531249996 0.937828278125 0.4595872609375 0.9608400093749999 0.42707461406249997 0.9975921390625 0.40224015 0.9976282937500001 0.39602550625
0 0 0.5570375828125 0.02845651875 0.64658943125 0.04679664375 0.618477396875 0.08926015468750001 0.5883726578124999 0.0548015984375 0.46538410468749997 0.038254546875 0.418271853125 0 0.4525241734375 0 0.5570375828125
0 0.4960806625 0.656750440625 0.46905023124999995 0.676683378125 0.531776125 0.849004884375 0.55250201875 0.8183568046874999 0.595317003125 0.7922824015625001 0.5438316375000001 0.62871576875 0.4960806625 0.656750440625
0 0.28719565 0.875415134375 0.2419773765625 0.8999837218750001 0.21748779687500003 0.9196919703124999 0.22806856406249998 0.958031175 0.31791625 0.9728434703125 0.28719565 0.875415134375