0 0.5947954515625 0.20689575312500003 0.788794190625 0.2266202671875 0.9848444031250001 0.18768817499999998 0.997499415625 0.0457604765625 0.6178417203125 0.0035319250000000004 0.5947954515625 0.20689575312500003
0 0.49712344374999995 0.6023030140625 0.4432821171875 0.5517156265625001 0.292721884375 0.49443920468749997 0.207578725 0.46821895312499995 0.1757689796875 0.59174085 0.2280829359375 0.6203223828125 0.3247816953125 0.6570279828125 0.3903460875 0.6888690890625 0.47234394999999996 0.7158697234375 0.49712344374999995 0.6023030140625
0 0.8885520578125 0.6311930875 0.8898009109375 0.49728716406249995 0.7753397984375 0.5333816609375 0.785770290625 0.6659193203125 0.8885520578125 0.6311930875
0 0.592477784375 0.9536948921875 0.5963805671875 0.9929927875000001 0.904738146875 0.989404721875 0.9007722593749999 0.936153684375 0.8963717125 0.8530898921875 0.74379556875 0.75214335 0.656786540625 0.7840126281249999 0.662314946875 0.9561280703125 0.592477784375 0.9536948921875
0 0.698286784375 0.45733670625 0.74136246875 0.446146528125 0.7537285359375 0.3224511484375 0.5305896156250001 0.3215022375 0.5186716890625 0.448909396875 0.698286784375 0.45733670625
0 0.36615641718749997 0.212365084375 0.41413153593749996 0.21770125937499998 0.42393423124999996 0.2506187640625 0.47802329062500004 0.25448755 0.4907286015625 0.17592592812500002 0.37905654375000003 0.15166010000000002 0.36615641718749997 0.212365084375
0 0.523216428125 0 0.520267034375 0.0453248296875 0.51888898125 0.073268975 0.47810984375 0.0746555796875 0.476996296875 0.10633628749999999 0.49432714375 0.1208546828125 0.50196929375 0.147586884375 0.4963483875 0.19135696875 0.5015194828125 0.1971085765625 0.5337158484375 0.2051201984375 0.5580618 0.18784574999999998 0.5774348109375 0 0.523216428125 0
0 0 0.78410383125 0.045732675 0.8019887562499999 0.0596299875 0.7076461328125 0 0.6682553578125 0 0.78410383125
0 0 0.5423492359375001 0.11804264843750001 0.5717573546875 0.144811753125 0.5932253281250001 0.1733648625 0.4743368 0.14226552812499998 0.4345974234375 0.007730854687499999 0.3879520890625 0 0.4481523671875 0 0.5423492359375001
0 0.425766309375 0.319608109375 0.4308775765625 0.26838965937500003 0.36826023281250003 0.2673472453125 0.3609695921875 0.3183232875 0.425766309375 0.319608109375
0 0.057551240625 0 0.0442632296875 0.103473934375 0.10702190625 0.1288843421875 0.12231572187499999 0.12466305625 0.1518633515625 0.13608720624999998 0.18306968437499999 0.1632251609375 0.23850869531250002 0.1797670046875 0.25395497968749997 0.036477040625 0.161475134375 0 0.057551240625 0