0 0.1512137421875 0.3049645359375 0.21208814375 0.27546575624999997 0.1679414609375 0.1291331265625 0.1261119578125 0.165086703125 0.10309813906250001 0.1888113625 0.1385321578125 0.298915509375 0.1512137421875 0.3049645359375
0 0.5428385609374999 0.3250524203125 0.5820996218750001 0.288845825 0.5234426421875 0.129229346875 0.4410325359375 0.18624434375 0.44014437656250005 0.21677462187500002 0.402485346875 0.2355424203125 0.39157148125 0.2735038765625 0.4037044703125 0.3065271671875 0.41988967656250004 0.38767184062500004 0.4585796421875 0.371096453125 0.5428385609374999 0.3250524203125
0 0.4106274859375 0 0.4309284015625 0.0465868375 0.47087498125 0.029611314062499998 0.479238140625 0.0498154890625 0.4492204875 0.06858942343749999 0.4555888515625 0.085054421875 0.5579147140625 0 0.4106274859375 0
0 0.77643605625 0.979016721875 0.7739711671875 0.9910617265624999 0.9653012921874999 0.9888353984375 0.9633172953125 0.9691975109375001 0.77643605625 0.979016721875
0 0.60664929375 0.5207501234375 0.637942559375 0.6602997671875 0.861405784375 0.5410868171875001 0.850893103125 0.767430125 0.8878110890625001 0.8036496765625 0.968656415625 0.7701716546874999 0.9810072890624999 0.3906225625 0.9497801015625 0.3388198953125 0.60664929375 0.5207501234375
0 0.057898574999999994 0.15909746875 0.0163446234375 0.027677921875 0.011405123437500001 0.1974720109375 0.057898574999999994 0.15909746875
0 0.6674913578125 0 0.6081467859374999 0.0464830078125 0.6253351828125 0.0496097671875 0.6475473109375 0.036472328124999995 0.6879273984375 0.02377930625 0.6972093125 0.0485563828125 0.7010427984375001 0.07320661875 0.67245725625 0.11801333750000001 0.6386396328124999 0.154518409375 0.6770887734375 0.270918875 0.739599571875 0.21689719843750002 0.7423800765624999 0.18329790937499998 0.816393040625 0.14045045625000002 0.805129759375 0.0583468953125 0.8190107093749999 0.05046873281249999 0.8219759609375 0.010518803125 0.8381440781249999 0.0017492312499999998 0.7630052218750001 0 0.6674913578125 0
0 0.1857922171875 0.9285109281249999 0.2479016171875 0.9000929 0.22978655625000002 0.821093178125 0.2489396671875 0.81054673125 0.24089414062499998 0.7631911609375 0.228186828125 0.7676186 0.21292954062499997 0.698110475 0.004605446875 0.7916091703125 0.005718021875 0.9828443874999999 0.0209084640625 0.9831980218749999 0.16580346875000002 0.9139187265625001 0.1857922171875 0.9285109281249999
0 0.3940592328125 0.598973484375 0.38329257031249997 0.57137081875 0.34914738437500004 0.5874079296875 0.3604191046875 0.6160958203125 0.3940592328125 0.598973484375
0 0.0856910296875 0.49129641562500004 0.02954644375 0.53086710625 0.044288904687500005 0.5642087796874999 0.2848756171875 0.45035389375 0.21744955312499997 0.283748940625 0.1424955296875 0.32131448281249997 0.187694615625 0.4418009875 0.0856910296875 0.49129641562500004
0 0.270222209375 0.8928191312499999 0.0936300859375 0.984890978125 0.28622964375 0.98937469375 0.2822879046875 0.9606212812500001 0.2965149171875 0.9578179546875001 0.2953479546875 0.8902051171875 0.270222209375 0.8928191312499999