0 0.7816236171875001 0.3030860703125 0.7751969140625 0.263677709375 0.7368789718750001 0.271636346875 0.74014845625 0.28754486875 0.74933476875 0.2950447671875 0.7469335953125 0.3041977296875 0.7816236171875001 0.3030860703125
0 0.3572617078125 0.518548353125 0.4742779453125 0.5696383093749999 0.5030978109375 0.5292548515625 0.49564950625000004 0.5123932484375 0.37279215625 0.4792491515625 0.3572617078125 0.518548353125
0 0.0171654765625 0.82833740625 0.0345666546875 0.8310573218749999 0.11987626093749999 0.6904691359374999 0.0044236499999999995 0.6602705234374999 0.0171654765625 0.82833740625
0 0 0.486115503125 0.138697753125 0.5262102984375 0.18121057812500002 0.46311567499999995 0.17581298437499998 0.446086759375 0 0.3903097015625 0 0.486115503125
0 0.5080673531250001 0.0029558500000000003 0.478169528125 0.0027819093749999997 0.4386567046875 0.006005671875 0.40762644375 0.06031845 0.46054145156250004 0.08026414062500001 0.5080673531250001 0.0029558500000000003
0 0.8758058265625 0.327024609375 0.8810580265624999 0.304779696875 0.8452706046875 0.2972866828125 0.8341856468750001 0.32744810156250004 0.8758058265625 0.327024609375
0 0.5390521609375 0.43381908124999996 0.6772888859374999 0.480104403125 0.7494502921875 0.333390953125 0.61576130625 0.306266234375 0.5390521609375 0.43381908124999996
0 0.22659928125 0.0371772625 0.40328482499999996 0.06922534999999999 0.39605518125 0.0491108515625 0.4237917859375 0.00721846875 0.21912723281250002 0.02391659375 0.22659928125 0.0371772625
0 0.5048025703125 0.5517409265625 0.6615691515625 0.5985565671875 0.68315545625 0.5577523265625 0.536909965625 0.51416255 0.5048025703125 0.5517409265625
0 0.6600092828124999 0.6727059203125 0.4585735234375 0.606909578125 0.41911513593749994 0.6697347765624999 0.6339756015625 0.7364981734375 0.6600092828124999 0.6727059203125
0 0.7152508265625 0.6147396125 0.921987903125 0.696561771875 0.975527971875 0.6294941578125 0.76730088125 0.54162674375 0.7152508265625 0.6147396125
0 0.8317406 0.30186824687499997 0.8420991671875001 0.2618587390625 0.8005170734375 0.2627846 0.7906775921875 0.30323701718749996 0.8317406 0.30186824687499997
0 0.8264484078125 0.764387103125 0.8064481562499999 0.79889511875 0.9556415421875 0.9491427109374999 0.98934694375 0.9213392218750001 0.9900395171874999 0.8618197046875 0.8727762953125 0.751346971875 0.8264484078125 0.764387103125
0 0.21851616875 0.6552670875 0.38542168593750004 0.7136093781249999 0.4471977671875 0.592410534375 0.3005851828125 0.5303704609375 0.21851616875 0.6552670875