0 0.5708554546875 1 0.6037563359375 0.9937891046875 0.6208670093750001 0.95926663125 0.6093530109375 0.50168614375 0.5937325703125 0.49631060937499993 0.599047371875 0.4786369125 0.6070463640625 0.44589988125 0.6051176875000001 0.392112446875 0.49420537500000006 0.380450153125 0.492086065625 0.393445634375 0.47897775468750003 0.3929129609375 0.495269034375 1 0.5708554546875 1
0 0.063928790625 0.851885946875 0.1021217609375 0.8690248953124999 0.10714941250000001 0.8767705453125 0.15653339375 0.9030115328124999 0.160391903125 0.9005616218749999 0.23824571093750002 0.9348952484374999 0.25739868593750004 0.82713873125 0.0374019296875 0.7192330671875 0.063928790625 0.851885946875
0 0.4303588109375 1 0.43192900625 0.9336127062499999 0.38618071249999997 0.9339245859374999 0.3915359703125 1 0.4303588109375 1
0 0.07367339687499999 0.45179547031249995 0.0919590453125 0.4674546015625 0.100634271875 0.500072940625 0.13544676875 0.513897890625 0.1543319328125 0.40708537343750006 0.001916303125 0.329384559375 0.002567396875 0.441297990625 0.028548490625 0.459899934375 0.0417901234375 0.448269653125 0.0579861265625 0.44695554531250004 0.07367339687499999 0.45179547031249995
0 0.342999778125 0.4484582828125 0.3608410921875 0.45352352968750004 0.3673135703125 0.4077165640625 0.3481879421875 0.3977510046875 0.342999778125 0.4484582828125
0 0.340255209375 0.3669973078125 0.3237006234375 0.31117679374999996 0.31889751093749996 0.3196669 0.3137444 0.3228188171875 0.316457553125 0.3273622359375 0.3166054859375 0.3407142015625 0.327518653125 0.3429905375 0.3211383375 0.357945334375 0.3171841625 0.3724203421875 0.340255209375 0.3669973078125
0 0.726627896875 0.10613076875 0.7396640015625 0.1453349390625 0.8125646265625001 0.16957718125000001 0.8074903328125 0.004697840625 0.7609575921875 0.004427121875 0.757334934375 0.0102703359375 0.7312119906250001 0.0641451078125 0.7221190109375 0.075754921875 0.720923425 0.09315220937499999 0.726627896875 0.10613076875
0 0.3293313671875 0.30780396250000003 0.3342742640625 0.3234976671875 0.3459088796875 0.3581940984375 0.393806171875 0.3560165203125 0.3772926578125 0.2878979265625 0.3293313671875 0.30780396250000003
0 0.8067477609375 0.24051656562499998 0.7656887421875 0.24090204218750003 0.7731782828125 0.35620270625 0.7951099078125 0.36204298437500004 0.801677415625 0.4770818796875 0.833722928125 0.48794255 0.8393020359375001 0.48126717656249995 0.83709764375 0.3988107828125 0.82767631875 0.3862723796875 0.8299884921875 0.3632600515625 0.844844971875 0.3552473703125 0.8628665078125 0.3501238203125 0.8597717375 0.334647809375 0.843834940625 0.324211025 0.8410785203125 0.3060779703125 0.8478256296875 0.296545353125 0.814106440625 0.28166415312500004 0.8067477609375 0.24051656562499998
0 0.36461056406250003 0.4280133796875 0.3597085640625 0.48167384375 0.3671233234375 0.4857001625 0.382593828125 0.472821053125 0.40235749062500004 0.464884415625 0.41022012031250005 0.447121996875 0.36461056406250003 0.4280133796875
0 1 0.44452737343750004 0.9702919265625001 0.29596620156250003 0.9624991796875 0.29331144062500003 0.8937307125 0.33126616875 0.9078037234374999 0.7237957859375 0.911192390625 0.9355782359375 0.9116096875 0.9356737921875 1 0.918987825 1 0.46996777031250003 0.9985172984374999 0.4682084203125 1 0.4648004109375 1 0.44452737343750004