0 0.3343356125 0.13590616093750002 0.2172805234375 0.3163771265625 0.25187941875000003 0.3449370109375 0.275727771875 0.3633926234375 0.38893492812499997 0.19957761093749998 0.378412159375 0.1837331203125 0.3343356125 0.13590616093750002
0 0.1862520328125 0.26580104531250004 0.1912262828125 0.2570266109375 0.1611463609375 0.2250863546875 0.12477809687500001 0.285767509375 0.1313077125 0.3239114875 0.13448265312500002 0.333607515625 0.146881221875 0.3165499046875 0.1788390703125 0.2628835515625 0.1862520328125 0.26580104531250004
0 0.4217002890625 0.00245338125 0.355797125 0.0020699671874999997 0.3638262921875 0.010384678125000001 0.3706982875 0.010655121875 0.39744485625000003 0.038231985937500004 0.4217002890625 0.00245338125
0 0.22961057031249998 0.29648555781249997 0.1788390703125 0.2628835515625 0.146881221875 0.3165499046875 0.13448265312500002 0.333607515625 0.18223375625 0.373306271875 0.2172805234375 0.3163771265625 0.22961057031249998 0.29648555781249997
0 0.378412159375 0.1837331203125 0.483620703125 0.0028136234375 0.4222481359375 0.0024565671875 0.3343356125 0.13590616093750002 0.378412159375 0.1837331203125
0 0.43402314999999997 1 0.7447945375 0.466401890625 0.617550553125 0.3179634921875 0.3208986546875 0.8168741984375 0.327442446875 0.947242990625 0.36308743125 0.9885447390625 0.43272197187500006 1 0.43402314999999997 1
0 0.042182828125 0.36744582812500004 0.062234428125 0.3361003515625 0.042093915625 0.31721824375 0.027923420312500002 0.3140050296875 0.0168842546875 0.329936103125 0.011820103125 0.3596942015625 0.027839999999999997 0.375472959375 0.042182828125 0.36744582812500004
0 0.08656346718749999 0.0995346921875 0.11690326250000001 0.058612982812500006 0.08353646249999999 0.05738004375 0.0667170453125 0.0371074578125 0.0621634671875 0.06386530781250001 0.08656346718749999 0.0995346921875
0 0.342042615625 0.06239485 0.3465807796875 0.085700846875 0.3593167109375 0.09630814374999999 0.39744485625000003 0.038231985937500004 0.3706982875 0.010655121875 0.35790580312500003 0.030933715625000004 0.342042615625 0.06239485
0 0.25187941875000003 0.3449370109375 0.2172805234375 0.3163771265625 0.1188493875 0.47997660781249996 0.1634947296875 0.522648703125 0.18356365 0.5145050343750001 0.275727771875 0.3633926234375 0.25187941875000003 0.3449370109375
0 0.08659391875 0.41667300625000003 0.10842389999999999 0.43585509375000003 0.1158947328125 0.42755751875000003 0.1353516390625 0.4507155640625 0.18223375625 0.373306271875 0.13448265312500002 0.333607515625 0.08659391875 0.41667300625000003
0 0.15984662968750002 0.15659879999999998 0.20554168125 0.1955623828125 0.2982143515625 0.055184860937500003 0.24647000000000002 0.007750425 0.15984662968750002 0.15659879999999998
0 0.8948323171875 0.6163186125 0.96609425 0.7059742124999999 0.9663664765625001 0.7059281234375 0.993724084375 0.5451686828125 0.9961676390624999 0.3351701046875 0.9746724531250001 0.3451111265625 0.8815221328125 0.49114365312499997 0.9262029453125 0.5539332296875 0.9218762390625 0.5895856109375 0.8948323171875 0.6163186125
0 0.9961676390624999 0.3351701046875 0.996735196875 0.286394365625 0.9963411125 0.286267890625 0.9638218109375 0.337019196875 0.9746724531250001 0.3451111265625 0.9961676390624999 0.3351701046875
0 0.80428644375 0.5331716296875 0.6241091875 0.8049194937499999 0.6525948640625 0.8449332359374999 0.6945182375 0.86113590625 0.8863570281250001 0.5695408625 0.838719990625 0.5138950484375 0.80428644375 0.5331716296875
0 0.598499478125 1 0.6542338921875 0.9054716468749999 0.6136435687499999 0.8572258390625 0.5310416046875 1 0.598499478125 1
0 0 0.8292420843749999 0.123737678125 0.62356903125 0.078780046875 0.5802722046875 0 0.6929976296875 0 0.8292420843749999
0 0.6864394703125 0.02733473125 0.5985489703125 0.177165475 0.6346477312500001 0.20908145937499997 0.7488836890624999 0.03760714375 0.6864394703125 0.02733473125
0 0.17256675 0.0010039640625 0.07295965625 0.0004244671875 0.0668710796875 0.036202309375000005 0.08353646249999999 0.05738004375 0.131795528125 0.0548661609375 0.17256675 0.0010039640625