0 0.18340369375 0.7181015703125 0.08083791875 0.724193121875 0.1487586671875 0.9511338859375 0.2451906359375 0.9462654125000001 0.18340369375 0.7181015703125
0 0 0.8174357640625001 0.019342203125 0.821049003125 0.0367757421875 0.810526675 0.0229565421875 0.7500005734374999 0 0.7529561890625 0 0.8174357640625001
0 0.9663596249999999 0.7722313359374999 0.9007665609375 0.6513562296875001 0.8201705765625 0.6675932140625 0.8818080687500001 0.777978259375 0.9212145421875 0.7870542453125 0.9663596249999999 0.7722313359374999
0 0.7385986828125 0.7362725703125 0.7631398046875 0.7937267109375 0.8347249874999999 0.7762691046875 0.806140015625 0.72022569375 0.7385986828125 0.7362725703125
0 0.025707171875 0.739052246875 0.099890215625 0.9535044828125001 0.1487586671875 0.9511338859375 0.08083791875 0.724193121875 0.025707171875 0.739052246875
0 0.859456759375 0.8115497078124999 0.8644802687500001 0.7999994625 0.8542227375 0.7874583703125 0.78232414375 0.80513990625 0.7819063453124999 0.8134409078125 0.791361853125 0.8271594406249999 0.859456759375 0.8115497078124999
0 0.459812040625 0.9094668328125 0.45369364218749997 0.8871928328124999 0.41107770156249995 0.894210065625 0.402451075 0.8863713296875 0.3796563953125 0.8940082953124999 0.39522635781250004 0.9200803046875 0.395510275 0.9204014328125 0.414562440625 0.9145188953125001 0.459812040625 0.9094668328125
0 0.70145346875 0.936133228125 0.7163032578124999 0.9787001249999999 0.777447903125 0.966708728125 0.7514457234374999 0.9245564234374999 0.70145346875 0.936133228125
0 0.49849217343749996 0.84663085 0.5213464859375 0.8844954125 0.5746064015625 0.8669561734375 0.5594603218749999 0.8295347625 0.49849217343749996 0.84663085
0 0.3299479625 0.911435409375 0.27589240937500004 0.9222047 0.2974580859375 0.9527073453125 0.345046771875 0.940536625 0.3299479625 0.911435409375
0 0.1372679765625 0.6944992171875 0.145508703125 0.69017285625 0.1411464171875 0.6553589296875 0.09610283124999999 0.6553352015625 0.1015071359375 0.6910556875 0.1372679765625 0.6944992171875
0 0.8461388578125 0.555371034375 0.81271178125 0.49193527968749995 0.7711520968750001 0.5096996140625001 0.7981128578125001 0.56951826875 0.8312366656249999 0.5705489781249999 0.8461388578125 0.555371034375
0 0.9091150671875001 0.6510889921875 0.9679517890625 0.7614392062500001 0.98391790625 0.637376878125 0.9091150671875001 0.6510889921875