0 0.5062511578125 1 0.53979539375 0.920518834375 0.5191996999999999 0.9062898921875 0.4967993234375 0.89364336875 0.450883 0.9922720625 0.4399883875 0.997058428125 0.44531511874999996 1 0.5062511578125 1
0 0.8529214765625 0.2059408296875 0.91947085625 0.239054865625 0.9495287296875 0.19350999062500002 0.8863121265625 0.1591882984375 0.8529214765625 0.2059408296875
0 0.7150827734375 0.6112176390624999 0.7470625328125 0.6231335125 0.7844718734375 0.547781778125 0.7497836234374999 0.533305653125 0.716877378125 0.5200782 0.6781980562500001 0.5947444984375 0.7150827734375 0.6112176390624999
0 0.5599475359375 0.6198475140624999 0.6440503843750001 0.668742125 0.6573551421875 0.6454937609375 0.6699241984375 0.622976221875 0.5846420671875 0.57990009375 0.5736264796875 0.5941498546874999 0.5599475359375 0.6198475140624999
0 0.238195271875 0.42781520625 0.235937215625 0.431306546875 0.23660495781250002 0.43845497031249997 0.23495375312500003 0.448442903125 0.23260236875 0.4506277609375 0.2318097671875 0.4513642265625 0.23107805468749998 0.452752528125 0.2296125984375 0.4555074015625 0.2290919984375 0.458848375 0.2291528875 0.4595002078125 0.4667551203125 0.6242645718750001 0.49122604531249997 0.5849971953125 0.5037267609375 0.5559077359375 0.28049881249999997 0.3977878140625 0.268672434375 0.3941361984375 0.2630024453125 0.3979878140625 0.2589438703125 0.4021839984375 0.25711000156249997 0.410216434375 0.2525634765625 0.4165661921875 0.25121979687499996 0.42062472812499996 0.248016953125 0.422915946875 0.2431659859375 0.4260065453125 0.238195271875 0.42781520625
0 0.42905162656250007 0.695237746875 0.44623716093750004 0.6588199390625 0.4639909875 0.628485896875 0.23277683749999997 0.47093863750000003 0.20646435468750002 0.49663915156250005 0.18522045625 0.5354110875 0.42905162656250007 0.695237746875
0 0.1529634171875 0.5847703984375 0.3986758 0.7490594546875 0.41241185468749997 0.7215140953125 0.42762928437500003 0.6941507703124999 0.1839179296875 0.534992028125 0.1689995203125 0.5597161500000001 0.1529634171875 0.5847703984375
0 0.4995772265625 0.59140561875 0.3951255953125 0.78574785625 0.388419453125 0.7877286125 0.4474050625 0.841306878125 0.4540117203125 0.8385684734375 0.561577875 0.6323827296875 0.5278700734374999 0.6093447859375 0.4995772265625 0.59140561875
0 0.44758797499999997 0.8411133078124999 0.5147443125 0.8798029062499999 0.62624666875 0.6733364734375 0.5955666390625 0.650743865625 0.56167340625 0.632175896875 0.4551071203125 0.8376923328125001 0.44758797499999997 0.8411133078124999
0 0.57649166875 0.77236775625 0.5211453109375 0.880703178125 0.54796706875 0.8973409125 0.5592045125 0.8977615796875 0.6077556015625001 0.7889158468749999 0.595822353125 0.777972471875 0.580769371875 0.7711321843750001 0.57649166875 0.77236775625
0 0.46167954531250005 0.938791121875 0.48019493124999996 0.912613853125 0.48860414375000005 0.8913640578124999 0.41167834843750006 0.8273942406250001 0.398560453125 0.85141351875 0.38058613750000003 0.8729320421875 0.46167954531250005 0.938791121875
0 0.3420958015625 0.8942921359374999 0.3343727484375 0.9038295921874999 0.4368625328125 0.983575065625 0.4512721375 0.9656993890625 0.4623094265625 0.9393865281249999 0.36939034375 0.8637356453124999 0.3522579015625 0.8801270140625 0.3420958015625 0.8942921359374999
0 0.73519069375 0.7148994671875 0.7487280203125 0.6836897453125 0.7246031703125 0.6642627375 0.686889353125 0.6478279546875 0.640681328125 0.7384157046875 0.641823196875 0.739881359375 0.64752460625 0.7455876703125 0.6552925859375 0.7519004234375 0.660189003125 0.76005489375 0.6620574734375 0.7692990765625 0.6622746421875 0.77162394375 0.6622977671875 0.78263000625 0.6577877765625 0.7893708609375001 0.651083278125 0.794750446875 0.6462810218749999 0.798362509375 0.706417365625 0.8292178671875 0.7249114015625 0.81203360625 0.726009675 0.8038109671875 0.7319591234375 0.790655675 0.7298714546875 0.7790648984375 0.7026371218749999 0.7629285875 0.7034421109375 0.7604804296875 0.7094646265625 0.748107334375 0.7140030671875001 0.74136365625 0.7215645265624999 0.7233337734374999 0.73017126875 0.7161866640625 0.73519069375 0.7148994671875
0 0.5454392203125 1 0.5709070171875 0.9974744828125001 0.6526093687500001 0.8126247484375 0.6338749406249999 0.7995708328125 0.60666615 0.7910852078125 0.5138156109375001 1 0.5454392203125 1
0 0.6968246109375 0.8402564734375 0.6779601125 0.827347028125 0.656571675 0.81508259375 0.576048875 0.9969645890625 0.6362202781249999 0.990997684375 0.6968246109375 0.8402564734375