0 0.1509951796875 0.2222138140625 0.0980507890625 0.24509521250000002 0.1411532515625 0.3650400671875 0.186818103125 0.3406261859375 0.1509951796875 0.2222138140625
0 0.4659391515625 0.1150666015625 0.452067740625 0.116834184375 0.44867775156249995 0.12442069687499999 0.4451158015625 0.137443546875 0.4439939578125 0.1515983359375 0.45225776093750003 0.1753829828125 0.4619739765625 0.1858384265625 0.47728631874999994 0.185831178125 0.4870870703125 0.178697025 0.49307993281250007 0.165471646875 0.494585803125 0.1471997703125 0.49012266406249994 0.1308642640625 0.47811079999999995 0.11764810625 0.4659391515625 0.1150666015625
0 0.4429438375 0.2485779109375 0.43421509843750006 0.203621171875 0.4245151921875 0.20235102500000002 0.412946846875 0.20412361875 0.400882315625 0.21543909375 0.38882629999999996 0.232981290625 0.39070871406249996 0.25589729375000003 0.4429438375 0.2485779109375
0 0.5068287046875 0.1265207859375 0.5188070234375 0.12800584375 0.529899521875 0.1244671875 0.53643776875 0.1104878765625 0.538451984375 0.096381290625 0.534263559375 0.07775683125 0.5211720140625 0.062264425 0.5041572703125 0.0603107796875 0.493141228125 0.07057806093749999 0.4881215859375 0.0843101546875 0.48766166093749996 0.0945249625 0.48627528125 0.096804384375 0.494584309375 0.11583280781250001 0.5068287046875 0.1265207859375
0 0 0.52064790625 0.0607785625 0.513417159375 0.06973126406249999 0.4910983640625 0.0483610640625 0.39846264374999996 0.039247859375 0.39445798125 0 0.410058146875 0 0.52064790625
0 1 0.4562556703125 0.9292732234375001 0.055144190625 0.887094259375 0.08090877656249999 0.8666051156250001 0.08641264374999999 0.8559189640625 0.035017835937500005 0.8386458640625 0.0441889984375 0.7127701296875 0.0932910359375 0.7213560234374999 0.15352491562499998 0.685557115625 0.1742053109375 0.6353003390625 0.19764056875 0.16610289218750002 0.403251690625 0.34621552499999997 1 0.5437443328125 1 1 0.919549815625 1 0.4562556703125
0 0.6735426437500001 0 0.7127701296875 0.0932910359375 0.8386458640625 0.0441889984375 0.8263011078125 0 0.6735426437500001 0
0 0.577250740625 0 0.6353003390625 0.19764056875 0.685557115625 0.1742053109375 0.6334829531249999 0 0.577250740625 0
0 0.36254712499999997 0.2772248765625 0.350980896875 0.24695155 0.257413384375 0.2903156671875 0.267104190625 0.3232424171875 0.36254712499999997 0.2772248765625
0 0.234848959375 0.184262425 0.170323546875 0.21572242187500001 0.17481663281249998 0.235958134375 0.2009667671875 0.2173285171875 0.23521321718750002 0.2631507 0.2512813265625 0.2589197046875 0.2539877828125 0.25048762343750003 0.28953875625 0.258710440625 0.2919313296875 0.26435234687500003 0.3387374484375 0.24629433750000002 0.33085391406250003 0.2201199015625 0.2982822390625 0.23147473437500002 0.27858450625 0.1620798125 0.234848959375 0.184262425
0 0.1009760890625 0.1472094453125 0.3940958203125 0.010960457812500001 0.080659290625 0.066227775 0.1009760890625 0.1472094453125