0 0.40107705937500004 0.5282594453125 0.4329326296875 0.54574465625 0.46562465 0.5298484875 0.46672058749999995 0.489382946875 0.4088427375 0.4784383984375 0.40107705937500004 0.5282594453125
0 0.6620093796875001 0.25258745312499997 0.6613984296875 0.2679846359375 0.703387515625 0.278659421875 0.7100612843749999 0.25576993125 0.66994486875 0.23808871250000002 0.6620093796875001 0.25258745312499997
0 0.526652209375 0.42554778125 0.519543490625 0.4800423625 0.82344895625 0.5662521578125 0.831293071875 0.49696661718749996 0.5346711109375 0.409949415625 0.526652209375 0.42554778125
0 0.8263553124999999 0.5806394109374999 0.5277660984375 0.488687709375 0.5201954984375 0.49393122187499994 0.5127381046874999 0.522722940625 0.5116817593749999 0.5640179125 0.8102709750000001 0.655969615625 0.8263553124999999 0.5806394109374999
0 0.45395930624999997 0.262031634375 0.5101589890625 0.2886199546875 0.5260246234375 0.23069593125 0.5097614984375001 0.2189010921875 0.512400553125 0.2008631453125 0.48158485625 0.1856572203125 0.46772057499999997 0.204041571875 0.4617226609375 0.2180048234375 0.45395930624999997 0.262031634375
0 0.4277890125 0.3705071421875 0.45481078437500005 0.363684646875 0.48591957968750005 0.37214475937499997 0.506452975 0.3728403640625 0.5131065890625 0.31548855468750003 0.44260224218750005 0.2879845109375 0.44128950156249996 0.30472090937499996 0.42468362031250007 0.3478678953125 0.4277890125 0.3705071421875
0 0.48438808906249997 0.395298028125 0.4272046140625 0.3816467640625 0.42131247343749995 0.4040006296875 0.42327319374999994 0.445068046875 0.482665484375 0.4550964140625 0.49259046250000005 0.4220544734375 0.48438808906249997 0.395298028125
0 0.468583203125 0.5451920578125 0.4638231046875 0.5959627234375 0.47368092031250003 0.60081358125 0.491110678125 0.5959095999999999 0.491882909375 0.5524012218750001 0.47777293125 0.5433181359375 0.468583203125 0.5451920578125
0 0.44659115156249996 0.7377408921875 0.382367159375 0.7338069375 0.3711631453125 0.77552128125 0.3851709828125 0.7990899484375 0.4383876171875 0.803624096875 0.45264054062500003 0.7615717640625 0.44659115156249996 0.7377408921875
0 0.4674417109375 0.8079932218750001 0.4652878859375 0.85310859375 0.7346333390625001 0.8732796890625 0.7362780171875001 0.815713459375 0.47333498125 0.8007335093749999 0.4674417109375 0.8079932218750001
0 0.2201327640625 0.9984309453125 0.22016967968749998 0.99868524375 0.2813259171875 0.9983294468749999 0.23400002656250002 0.973397084375 0.2201327640625 0.9984309453125
0 0.3197689765625 0.9981057906249999 0.3736949796875 0.9977920593749999 0.3764468359375 0.9862126796874999 0.32932413125000004 0.9667425390625001 0.3204997046875 0.9809122203125 0.3197689765625 0.9981057906249999
0 0.156292090625 0.9990568718749999 0.17299763125 0.992410196875 0.1658072328125 0.93253085625 0.165279296875 0.9086865468750001 0.1247116578125 0.9327890999999999 0.11945939375 0.9848543640624999 0.15544686875 0.9990617890625 0.156292090625 0.9990568718749999
0 0.3588094984375 0.5770519171874999 0.21593255781249998 0.5536581453125 0.20710345000000002 0.5822170859375 0.2084119796875 0.626200340625 0.355533634375 0.655259625 0.35585120312499996 0.6276442265625 0.3588094984375 0.5770519171874999
0 0.19974757031249998 0.6995107328125 0.3408514046875 0.7298357578125 0.3455475359375 0.6907029 0.3404723578125 0.6581478921875 0.2084119796875 0.626200340625 0.19974757031249998 0.6995107328125
0 0.19730044375 0.71021544375 0.19974757031249998 0.6995107328125 0.20657171718749998 0.6406434171875001 0.205688159375 0.6360591453125 0.179482046875 0.6338543859375 0.17353888281250002 0.6813354015625 0.17496657499999999 0.6913967734375001 0.1701055640625 0.7025828749999999 0.180765003125 0.71119326875 0.19730044375 0.71021544375
0 0.1577281546875 0.2948701265625 0.14693439375 0.362045328125 0.1527015640625 0.37290845 0.175163009375 0.3716799234375 0.189089796875 0.3573722203125 0.1907250875 0.30100431250000004 0.1577281546875 0.2948701265625
0 0.1909805546875 0.3516252046875 0.19914628750000002 0.3737034921875 0.2331689703125 0.37292513125000004 0.23361219375000003 0.33881766562500004 0.19529953125 0.3349831484375 0.1909805546875 0.3516252046875
0 0.179583459375 0.2530654203125 0.1929076203125 0.2764319359375 0.228869753125 0.28095461718750003 0.2307269625 0.23888670781250002 0.18622175000000002 0.2377911421875 0.179583459375 0.2530654203125
0 0.176377078125 0.21303405 0.1758003984375 0.2279143140625 0.212869203125 0.23043287812500002 0.22968759843750003 0.2193750875 0.227120559375 0.1987072609375 0.2241906015625 0.184728840625 0.2303741234375 0.1799597921875 0.23226657031250003 0.15268293125000001 0.1787452609375 0.1340931453125 0.17253769375 0.1950728671875 0.176377078125 0.21303405
0 0 0.478315725 0.05911289374999999 0.493561171875 0.07215812031249999 0.469302596875 0.072909028125 0.4398004828125 0.0683436859375 0.416040275 0 0.38749150781249997 0 0.478315725
0 0.112381853125 0.17304944375 0.08575765937499999 0.1666364125 0.0640886 0.1588188828125 0.0493791671875 0.208126875 0.060675434375000004 0.214528675 0.0850720671875 0.2241604609375 0.10619699375 0.22650089218749997 0.112381853125 0.17304944375
0 0 0.2479515078125 0.002262234375 0.2529243609375 0.0059789203125 0.2431479125 0.0168678671875 0.2368310078125 0.02230099375 0.244331740625 0.0324005046875 0.2432121671875 0.036627964062500004 0.22995829687499997 0 0.2065983328125 0 0.2479515078125
0 0.19797645625 0.5519712984375 0.20866314843749997 0.5360771953125 0.211427609375 0.4897823703125 0.1554888125 0.47637797187500003 0.1513497515625 0.4903062 0.14342613437500001 0.527979540625 0.176320715625 0.5378238109375 0.19797645625 0.5519712984375
0 0.20297912812500002 0.41400749843750007 0.197970171875 0.430383959375 0.3557543796875 0.46399109374999997 0.3624046359375 0.43310809062500005 0.215239296875 0.40856482656250004 0.20297912812500002 0.41400749843750007
0 0.0307859171875 0.253247328125 0.044107978125 0.276592696875 0.09145130781250001 0.2954825015625 0.09965047031249999 0.2601517953125 0.0422067671875 0.2324613421875 0.0307859171875 0.253247328125
0 0.7657721703125 0.0914890734375 0.7953075375 0.10048706874999999 0.8340016390624999 0.10385169999999999 0.8367137703124999 0.054013599999999995 0.7728348046875 0.039116221875 0.7657721703125 0.0914890734375
0 0.5405789999999999 0.3063070625 0.5861631671875001 0.327743675 0.8287464468750001 0.397211921875 0.8506867328125001 0.3881519484375 0.865643296875 0.353397715625 0.8641950421875 0.33149410625 0.7475393718750001 0.2988223546875 0.5461892109375001 0.2291875203125 0.5351459828125 0.27381310000000003 0.5405789999999999 0.3063070625
0 0.5632653140625 0.136044740625 0.5704615093750001 0.10828683750000001 0.5255294421875 0.0923367328125 0.5074784421875 0.092926684375 0.5019469578125 0.10878380937500001 0.49834599687500003 0.1332996265625 0.5594787906249999 0.16235566875000002 0.5632653140625 0.136044740625