0 0.9168026499999999 0.48302379687499997 0.8460799640625 0.4859905140625 0.8453599703125001 0.5717984687500001 0.9226412046875 0.563862278125 0.9168026499999999 0.48302379687499997
0 0.010717384375 0.645851375 0.034747062499999995 0.645959996875 0.034251128125 0.6161369890625 0.0501922421875 0.615873378125 0.051247718750000004 0.565504703125 0.034369360937499996 0.559950034375 0.01431069375 0.5564865125 0.0046918031249999995 0.542396140625 0.010717384375 0.645851375
0 0.40438215624999996 0.307296384375 0.3712306640625 0.310002903125 0.370578953125 0.33838575312499997 0.4054540484375 0.338637171875 0.40438215624999996 0.307296384375
0 0.35323355312500004 0.14293198437500002 0.355715040625 0.1855374953125 0.410149240625 0.18143626875000002 0.408372134375 0.1429339828125 0.35323355312500004 0.14293198437500002
0 0.3651322890625 0.2920524765625 0.366039209375 0.3076236953125 0.4222808890625 0.30297396249999997 0.4122660296875 0.1941889625 0.3563273734375 0.19605082812500002 0.363852309375 0.270076071875 0.39499475 0.2682622328125 0.3958906625 0.29163503281250003 0.3651322890625 0.2920524765625
0 0.895438175 0.3494581375 0.837878890625 0.343281025 0.8332574515625 0.359440178125 0.8358977062499999 0.3925955296875 0.9080138046874999 0.3884395671875 0.9088830343750001 0.3748259421875 0.895438175 0.3494581375
0 0.5623620593750001 0.41174062187500005 0.5746832265624999 0.41895690625000004 0.6061497078125 0.4139550609375 0.605123521875 0.355241834375 0.5607502156249999 0.3570506234375 0.5623620593750001 0.41174062187500005
0 0.14601902656250001 0.35673937968749997 0.1198596421875 0.35735435781249997 0.11916290781250001 0.3849641703125 0.14433697343750002 0.3830325515625 0.14601902656250001 0.35673937968749997
0 0.0917798265625 0.423547034375 0.0731610375 0.4261606171875 0.0741224765625 0.4597904984375 0.0968204640625 0.45758202187499997 0.0917798265625 0.423547034375
0 0.012133103125 0.390488771875 0.002273396875 0.3907637703125 0.0025746953125 0.4425525515625 0.0138256171875 0.4404757765625 0.012133103125 0.390488771875
0 0.219116190625 0.5634840953125 0.22251729375 0.545778209375 0.2680669625 0.5474246265625 0.2681232421875 0.5601865234375001 0.2749701625 0.5597877359375001 0.269269753125 0.5208934265625 0.214285540625 0.52354185 0.21224354218750002 0.5634411453125 0.219116190625 0.5634840953125
0 0.7841062296875 0.8929663109374999 0.7832909390625 0.9413707625000001 0.8404824671875 0.9477022640625 0.84203505625 0.8914096046875001 0.7841062296875 0.8929663109374999
0 0.75688881875 0.983154271875 0.76550434375 0.9472379765625 0.722533253125 0.9461062281249999 0.7091010421874999 0.9859375921875 0.75688881875 0.983154271875
0 0.626488375 0.92182615 0.5975160265625 0.9228487453125 0.5921637734375 0.9648910765625001 0.621180928125 0.965018284375 0.626488375 0.92182615
0 0.7201202906249999 0.9377809765625 0.7230886078125 0.9023708890625001 0.6757644734375 0.9026007640625 0.670845428125 0.9391439078125 0.7201202906249999 0.9377809765625
0 0.5359755796875 0.8882705124999999 0.5513367312499999 0.6889394078125 0.4929226671875 0.6871114625 0.4774892609375 0.88558246875 0.5359755796875 0.8882705124999999
0 0.3595093140625 0.9393926296874999 0.40697068124999997 0.939996909375 0.41100693593750004 0.922542134375 0.3461654078125 0.9191826359374999 0.344701359375 0.93019365625 0.3595093140625 0.9393926296874999
0 0.4020232828125 0.9581696031250001 0.402848990625 0.9434282625 0.3657847453125 0.9409773625 0.36303059375 0.9587563765624999 0.4020232828125 0.9581696031250001
0 0.3691980265625 0.9044554328125001 0.41355075 0.9022932562499999 0.41568429218749997 0.8883178875000001 0.36721381875 0.88484703125 0.3691980265625 0.9044554328125001
0 0.416168715625 0.839179209375 0.3837474171875 0.8373000359375 0.3719165 0.8719852515625 0.40240286249999996 0.8836396515624999 0.416168715625 0.839179209375
0 0.3326567375 0.860376446875 0.33116734375 0.8994900578125 0.358405125 0.8987457859375001 0.3615975578125 0.85995405625 0.3326567375 0.860376446875
0 0.243089403125 0.8723524875 0.237510271875 0.891093859375 0.2774155859375 0.8917171546875 0.27975137499999997 0.8739846703125 0.243089403125 0.8723524875
0 0.2404726359375 0.8974368796875 0.2351261921875 0.9137047421875 0.27675770312500003 0.9150474828125 0.2794164421875 0.8960108078125 0.2404726359375 0.8974368796875
0 0.236248815625 0.9314574140625 0.2430090453125 0.9371803234374999 0.26196147187499996 0.9372510421875001 0.25996139375 0.918131125 0.2366244140625 0.9177395703125001 0.236248815625 0.9314574140625
0 0.236248815625 0.9314574140625 0.23681068437500002 0.9258842484375001 0.21176357812500002 0.9261906640625 0.20752802187500002 0.9535411937499999 0.24283670000000002 0.9543878875 0.2430090453125 0.9371803234374999 0.236248815625 0.9314574140625
0 0.02755825 0.9349978609375 0.066648346875 0.93380051875 0.061937115625000004 0.8962891109375001 0.025170370312500003 0.8939995749999999 0.02755825 0.9349978609375
0 0.081753325 0.8921652734375 0.0806828109375 0.707886084375 0.0195057578125 0.705421240625 0.0209494859375 0.821529765625 0.024956598437499998 0.8903292328125 0.081753325 0.8921652734375
0 0.0802419734375 0.632207178125 0.08499346875 0.6989476046875 0.27870120625 0.6927182953125001 0.2739149765625 0.625381525 0.0802419734375 0.632207178125
0 0.27981653125 0.6399526640625 0.2830334734375 0.6890973828125 0.3175331125 0.68708800625 0.31508469843750003 0.6389622921875 0.27981653125 0.6399526640625
0 0.35820363125 0.6293148125 0.323062403125 0.63096264375 0.322027246875 0.6394444046875 0.324386465625 0.6867996546875 0.3517533015625 0.6897932015625 0.3601463 0.6893043640625 0.35820363125 0.6293148125
0 0.6175089218750001 0.6108877359375 0.618758028125 0.6323340546875 0.6888084296875 0.6326642734375 0.6867089234375 0.60574920625 0.6175089218750001 0.6108877359375
0 0.753746690625 0.491191021875 0.7512106484375 0.529456959375 0.805400803125 0.5272536984375 0.8034094375 0.493063275 0.753746690625 0.491191021875
0 0.2846914078125 0.6977768765625 0.29444462968749996 0.856862153125 0.3576138546875 0.8516759640625 0.3473588515625 0.6931074734375 0.2846914078125 0.6977768765625
0 0.188966878125 0.699163621875 0.2000054296875 0.857487021875 0.2903626828125 0.8522243109375 0.2763689875 0.6952919265624999 0.188966878125 0.699163621875
0 0.47402183906250006 0.7910428875 0.382893290625 0.7933365234374999 0.3756844578125 0.8354648250000001 0.478557246875 0.827057534375 0.47402183906250006 0.7910428875
0 0.5361704453125 0.44338394531249997 0.541642978125 0.42699792812500004 0.47264860625000005 0.43376444999999997 0.46988910937500006 0.449549215625 0.5361704453125 0.44338394531249997
0 0.5612288515625 0.49768345468749997 0.5597362015625 0.517715975 0.5895409828125 0.5172875890624999 0.5917950750000001 0.4992939234375 0.5612288515625 0.49768345468749997
0 0.6823595015625 0.4907392046875 0.6867089234375 0.60574920625 0.6888084296875 0.6326642734375 0.7546653609375 0.6302468984375 0.7512106484375 0.529456959375 0.753746690625 0.491191021875 0.7176315468750001 0.48753243125 0.6823595015625 0.4907392046875
0 0.7674239828125 0.6605745828125 0.9324564375 0.6471507140625 0.943807296875 0.6293363984375 0.924886665625 0.5989908578125 0.7626480984375 0.6112990453125 0.75486554375 0.6412939578125 0.7674239828125 0.6605745828125
0 0.1656838390625 0.9470249875000001 0.1558735265625 0.93611658125 0.09288426093749999 0.9356410374999999 0.0952673390625 0.9529657078125 0.10292048437500001 0.9580382421875001 0.16361271875 0.958647571875 0.1656838390625 0.9470249875000001