0 0.2955697484375 0.4981285796875 0.5569014609375 0.6774599265625 0.779119209375 0.45513265468749997 0.530370540625 0.263156115625 0.2955697484375 0.4981285796875
0 0.7872516125 1 0.856006003125 0.924262603125 0.8059889859375 0.8815612203125 0.6924413546875 1 0.7872516125 1
0 0.6924413546875 1 0.8059889859375 0.8815612203125 0.7636575796875 0.8513612281249999 0.6177255328125 1 0.6924413546875 1
0 0.1484535265625 0.97624126875 0.157849234375 0.96641224375 0.0955114171875 0.912884071875 0.0529333921875 0.969564565625 0.1484535265625 0.97624126875
0 0.0051477515625 0.8848233046875 0.0054091718749999995 0.929757609375 0.031104651562500002 0.9041111781250001 0.0051477515625 0.8848233046875
0 0.3741420984375 0.304993378125 0.41511244999999997 0.3390132875 0.443150890625 0.30801003437499996 0.4039311484375 0.278547725 0.3741420984375 0.304993378125
0 0.7861182578125 0.45830491875 0.5569014609375 0.6774599265625 0.6177908750000001 0.7335425250000001 0.83477765625 0.5126565624999999 0.7861182578125 0.45830491875
0 0.83477765625 0.5126565624999999 0.6177908750000001 0.7335425250000001 0.67400851875 0.7757738484375001 0.8890628906250001 0.5636780359375 0.83477765625 0.5126565624999999
0 1 0.371906078125 0.9402273250000001 0.42850271875 0.9842847875 0.47612624531250003 1 0.462151628125 1 0.371906078125
0 1 0.27801972343750003 0.8865552781250001 0.38598390312499997 0.9339778000000001 0.42579351406250004 1 0.36864917343750003 1 0.27801972343750003
0 1 0.1787352296875 0.8214953296875 0.3423953125 0.86996783125 0.390135796875 1 0.2727055640625 1 0.1787352296875
0 1 0.092278384375 0.9654884906250001 0.061733378125 0.7536996328125001 0.2603410734375 0.7985974703125 0.3083244984375 1 0.12033781562500001 1 0.092278384375
0 0.6993514765625 0.2126005609375 0.7472421812500001 0.2598897078125 0.9633779640625001 0.057862449999999996 0.9265802453124999 0.028596814062499996 0.9016442546875 0.026853828125 0.6993514765625 0.2126005609375
0 0.7935075687500001 0.01929525 0.6265185265625 0.1618157984375 0.6952107546875 0.2105041828125 0.894838925 0.026378146875 0.7935075687500001 0.01929525