0 1 0.20156709374999998 0.8801984562499999 0.1910964765625 0.8657694593749999 0.344739290625 0.72442641875 0.32822800625 0.7065963078124999 0.6544748593749999 0.8188681671875001 0.6712172953125 0.82639934375 0.608242625 0.9959965000000001 0.617541815625 1 0.5743222265625 1 0.20156709374999998
0 0.817553371875 0.055909676562499996 0.7380604453124999 0.0476168 0.7248276765624999 0.2659142546875 0.830672640625 0.2791599609375 0.84630530625 0.0996963234375 0.817553371875 0.055909676562499996
0 0.61717143125 0.3225431125 0.6200760421875 0.2667666015625 0.525988278125 0.2572185234375 0.52762531875 0.314716809375 0.61717143125 0.3225431125
0 0.5170692765625 0.23654608281249997 0.4523693140625 0.2268964375 0.44603699218750004 0.3103783625 0.50215588125 0.309963409375 0.4928317703125 0.2744581640625 0.514404571875 0.2716761203125 0.5170692765625 0.23654608281249997
0 0.44080561406249996 0.3422267578125 0.5123087109375 0.3531028421875 0.5032044359375 0.3203480109375 0.44479379531249996 0.31385695625 0.44080561406249996 0.3422267578125
0 0.44212425624999996 0.3789074828125 0.5116236640625 0.382576621875 0.5114960140625 0.35951331875000003 0.4434955921875 0.3538350703125 0.44212425624999996 0.3789074828125
0 0.7380604453124999 0.0476168 0.7572774734375 0.046035228125 0.7668018734375 0.026179832812499998 0.79658638125 0.0294556 0.8005251875000001 0.02435783125 0.6970185171875001 0.01531138125 0.697572234375 0.0321342375 0.7380604453124999 0.0476168
0 0.553361725 0.21051049375000003 0.5811310453125 0.21426235937500002 0.6282188515625 0.20971542968749998 0.643041325 0.1549805359375 0.5609319359375 0.1284615953125 0.553361725 0.21051049375000003
0 0.5116236640625 0.382576621875 0.44212425624999996 0.3789074828125 0.43322294218749996 0.4516069546875 0.5194897468749999 0.4655466234375 0.5306668609375 0.3816728484375 0.5116236640625 0.382576621875
0 0.2087846640625 0 0.20529204375000001 0.031870732812500004 0.33509761718750003 0.052815665624999994 0.3427436390625 0 0.2087846640625 0
0 0.9813217796875 0.8427450656250001 0.9830208624999999 0.8257249046874999 0.987818515625 0.7624752234375001 0.8906950609375001 0.744531646875 0.8517767453125 0.7632243875 0.8300775015624999 0.7959162921875 0.8866971734375 0.8354328625 0.8658411328125 0.907576665625 0.9419455624999999 0.9314918015625 0.9813217796875 0.8427450656250001
0 0.7463416484375001 0.928826603125 0.8062951265624999 0.8159930531249999 0.7507678531249999 0.7911247718750001 0.6966171078125 0.9151456937500001 0.7463416484375001 0.928826603125
0 0.5366398609374999 0.9205063390625 0.6191009578125 0.9423885203125 0.639652284375 0.8914766078125 0.6697717703125 0.846761440625 0.5530960265625 0.8178736359375 0.541967734375 0.8502665125 0.5366398609374999 0.9205063390625
0 0.1830055625 0.741257940625 0.16809968749999998 0.7543245468750001 0.14197206406250001 0.8053197921875 0.22316788281250002 0.8290888328125 0.25614706875 0.7671153828125 0.1830055625 0.741257940625
0 0.6229131078125001 0.7966432421875 0.6181063046874999 0.81939756875 0.6648243140625001 0.8350577359375 0.6742872578125 0.8173574718750001 0.7084833765624999 0.8299869328125 0.7269297 0.804674390625 0.6181313890625 0.7730712625 0.6160453609375 0.78524049375 0.6229131078125001 0.7966432421875
0 0.0106780390625 0.9176684500000001 0.22725486250000002 0.9770531484375 0.228461278125 0.9771585890625 0.2595868390625 0.9248473031250001 0.056129785937499996 0.8710500624999999 0.0287104515625 0.8734434125 0.010018353125 0.8609751921875001 0.0106780390625 0.9176684500000001
0 0.390796440625 0.8783279281249999 0.41374566875 0.8576687953125001 0.4691569890625 0.8751893890625 0.5050922578125 0.9022790796875 0.5457822046875 0.815848428125 0.359673184375 0.7428795765625 0.33016558281249997 0.76231328125 0.289149709375 0.8541167015625 0.390796440625 0.8783279281249999
0 0.6843702687500001 0.6421985890624999 0.705180528125 0.5367668265625001 0.6887204359375 0.53212823125 0.6813373703125001 0.5554930578125 0.6667065328125 0.55820921875 0.6289827203125 0.5485121921875 0.6101050296875 0.5332470500000001 0.20310335937500001 0.480065103125 0.19814241875 0.5876973734375001 0.6843702687500001 0.6421985890624999