0 0.504531340625 0.23763968124999998 0.4944162578125 0.2305508671875 0.45817945781249997 0.24111556093750003 0.4732854921875 0.2797567125 0.46333828906249996 0.2892306015625 0.4754447921875 0.3095191546875 0.540402278125 0.2921736109375 0.532493996875 0.2634266875 0.5210707875 0.263160809375 0.504531340625 0.23763968124999998
0 1 0.11951643906250001 0.9895459078125001 0.10781693437499999 0.9430341015625 0.1181637609375 0.9317866718750001 0.13503543125 1 0.288163546875 1 0.11951643906250001
0 0.7551786421875 0.113791375 0.8298913796875 0.2909088359375 0.9303602828124999 0.27038847499999996 0.8584712953125001 0.0944860640625 0.8087475562499999 0.0956060984375 0.7551786421875 0.113791375
0 0.5237144953125 0.211758115625 0.600077153125 0.3591379453125 0.7143282296875 0.3280623453125 0.6195453796875 0.12348989218749999 0.50467756875 0.1463143046875 0.5237144953125 0.211758115625
0 0.4432090203125 0.327413465625 0.54088265625 0.5202619796875 0.5994875984375 0.5051736484375 0.504611540625 0.311006803125 0.46682151093749996 0.31423500312499997 0.4432090203125 0.327413465625
0 0.6835828921875 0.37702312656250003 0.67044154375 0.35273041875 0.6066065218750001 0.371230128125 0.6247680375 0.40021570000000006 0.6835828921875 0.37702312656250003
0 0.31800765468750003 0.206225303125 0.436777140625 0.44098309999999996 0.48487161562500003 0.4248200671875 0.3710179890625 0.1910067546875 0.34624855625 0.19536808125 0.31800765468750003 0.206225303125
0 0.35660653125 0.4572083390625 0.3731310171875 0.48885885 0.4484644765625 0.46922203749999997 0.4310509734375 0.4391896875 0.3130536734375 0.20691878125000002 0.29342983125 0.2023542578125 0.2726808578125 0.20680916093750001 0.252872284375 0.21292480625 0.246524815625 0.234167284375 0.35660653125 0.4572083390625
0 1 0.0055149125 0.9191198828125 0.00363240625 0.9339300734375 0.0411173484375 0.9501623406249999 0.0396009 0.9624017968749999 0.0660648484375 0.99124824375 0.05388084375 0.9958359796874999 0.06160722187499999 1 0.060930903125000005 1 0.0055149125
0 0.2566572 0.318240003125 0.2497114578125 0.2975181890625 0.2537106453125 0.2976112703125 0.23471928281249999 0.2548996171875 0.1112796640625 0.2811427640625 0.12247168906250001 0.31511680000000003 0.1426136875 0.30930688906250003 0.15398690625 0.3364104734375 0.2092358328125 0.3182855828125 0.21643408437499997 0.3281585359375 0.2566572 0.318240003125
0 0.4184445859375 0.5327365390625001 0.416378946875 0.5199820328125 0.44076852187500004 0.511823346875 0.43016248125 0.49016498906250006 0.419460071875 0.48910710156250004 0.4176382078125 0.48233901875 0.3793513828125 0.4913661328125 0.3801554484375 0.508028778125 0.37378380624999996 0.5257375828125 0.3782903453125 0.5369526171875 0.4184445859375 0.5327365390625001
0 0.6728212703125 0.4443487078125 0.680955321875 0.4633954765625 0.7280281093750001 0.4536363703125 0.7216700890625 0.43235357343749997 0.6866800421875 0.437817890625 0.67693679375 0.4147535984375 0.62467104375 0.4272438671875 0.633813203125 0.45144349375 0.6728212703125 0.4443487078125
0 0.08601919062499999 0.045986075 0.1178642046875 0.10157562499999999 0.15937417812500002 0.08483365937500001 0.13714414531250002 0.0340439171875 0.11071345625 0.0402821171875 0.0935892734375 0.0398835484375 0.08601919062499999 0.045986075