0 0.696857165625 0.51495926875 0.7093186484375 0.49375107187499995 0.7277180796875 0.483373178125 0.5808871578125 0.42605166250000004 0.570236834375 0.437747553125 0.5583412015625 0.45720177968750003 0.5557058640625 0.47690945312500005 0.5633215359375 0.4774140453125 0.575987140625 0.47800263750000005 0.5857880453125001 0.4815514109375 0.586454240625 0.49068540625 0.6897708296875 0.522754409375 0.696857165625 0.51495926875
0 0.5142010406249999 0.4957756375 0.4944312046875 0.5201736359375 0.5590580203125 0.559390834375 0.5894857984375 0.52607505 0.5142010406249999 0.4957756375
0 0.001603634375 0.2756412765625 0.001934834375 0.33256975 0.0433762828125 0.34847513281250003 0.10516381718750001 0.27152484062500004 0.041014284375 0.2359974625 0.001603634375 0.2756412765625
0 0.20009120625 0.8176502640625 0.2414690765625 0.7611978046875 0.21932052500000002 0.7575677390625 0.21798009375 0.7705998328125 0.17845896249999998 0.760322821875 0.1542569078125 0.7937354625 0.11411887812499999 0.8541033578125001 0.1470922390625 0.8671333406249999 0.20009120625 0.8176502640625
0 0.768914109375 0.8943575750000001 0.730559259375 0.9560993484375 0.7599409546875 0.9637558203125 0.80371745625 0.9172417515625 0.768914109375 0.8943575750000001
0 0.6276489609375 0.9761972 0.6497598234375 0.9518906671874999 0.6171446765625 0.9476782703125 0.584028853125 0.9794376703125 0.5733651890625 0.9988320390625001 0.6488658515625 0.9873025343749999 0.651826128125 0.9846484406249999 0.6276489609375 0.9761972
0 0.8381993484375 0.95195484375 0.84009441875 0.9581005328125001 0.8898482062499999 0.9505027640625 0.878036915625 0.9464699671875 0.8489231953124999 0.9322519781249999 0.8429529921875 0.9419076828125 0.8381993484375 0.95195484375
0 0.0025370203125 0.43607668281249995 0.002603053125 0.4474268203125 0.31124566875 0.583615171875 0.3813674875 0.508427990625 0.058522409374999994 0.367306040625 0.0025370203125 0.43607668281249995
0 0.18893636875 0.10446129062500001 0.2544353515625 0.1306537640625 0.3200037359375 0.05515711250000001 0.2716447703125 0.03154233125 0.2480227 0.03514959375 0.18893636875 0.10446129062500001
0 0.42955724375 0.094675640625 0.36221434218750004 0.057113190625 0.2794795671875 0.1453007859375 0.3103317171875 0.16998556250000002 0.3675231765625 0.17636696093749998 0.42955724375 0.094675640625
0 0.8303612859375 0.26301625781250004 0.7566442890625 0.33593042031250003 0.8460104515625 0.380391675 0.9202979156250001 0.30367045312499996 0.8303612859375 0.26301625781250004