0 0 0.6378999390625 0.0212081625 0.657721528125 0.11737254374999999 0.5051265640625 0.0085477671875 0.40416634531250006 0 0.465036596875 0 0.6378999390625
0 0.4745749828125 0 0.3612087953125 0.22740029218750002 0.418797846875 0.2746995125 0.55394269375 0 0.4745749828125 0
0 1 0.121539659375 0.9467596546875001 0.1959714515625 0.9771420015625001 0.23000975625 1 0.1966710265625 1 0.121539659375
0 0.907790903125 0.246873996875 0.922118565625 0.25029059062500003 0.9342601703125 0.19555523125000002 0.5463934890625 0.08692955625 0.5205678203125 0.185766325 0.6758442140625001 0.220018846875 0.8958008515625 0.2793785921875 0.907790903125 0.246873996875
0 1 0.3372820296875 0.9886412234374999 0.3331974546875 0.9700674546875 0.376814971875 1 0.394083896875 1 0.3372820296875
0 0.163663434375 0.3045669359375 0.15186316093750002 0.3518947890625 0.166544315625 0.35730434375 0.18194776562499998 0.30873515937499996 0.163663434375 0.3045669359375
0 0.840157775 0.351662940625 0.8729505109375 0.3620043234375 0.8883539609375 0.313435140625 0.857084803125 0.3040640390625 0.840157775 0.351662940625
0 0.40495801875000004 0.9892005296875 0.1646244875 0.7695886765625 0.0938902015625 0.907970465625 0.14163058125 0.9537242656249999 0.40495801875000004 0.9892005296875
0 0.8740977109375001 0.972361396875 0.8342716125 0.9261000734374999 0.7961560734375001 0.955063109375 0.8108895796875 0.9952823828125 0.853418109375 0.995034959375 0.8607691171875 0.9896693937500001 0.8740977109375001 0.972361396875
0 0.3503138625 0.6734259984375 0.3820398578125 0.7033393484375 0.3954460796875 0.6811238203125 0.364250384375 0.652877528125 0.3503138625 0.6734259984375
0 0.2811779453125 0.6030631328125 0.3124941390625 0.6304513484375 0.32724122499999997 0.6109738203124999 0.29158370312500004 0.5846400578125001 0.2811779453125 0.6030631328125
0 0 0.8075968796874999 0.0938902015625 0.907970465625 0.1646244875 0.7695886765625 0.0527209765625 0.6692456578125 0 0.7695345 0 0.8075968796874999
0 0.13032825312500002 0.234633846875 0.109120490625 0.278967534375 0.1205151171875 0.287562703125 0.142464278125 0.24214858125 0.13032825312500002 0.234633846875
0 0.3001335796875 0 0.32769174843750004 0.023454759375000002 0.34004537031250004 0.0014252859375 0.35507120937500003 0.01168998125 0.361344065625 0 0.3001335796875 0
0 1 0.4137235515625 0.9431956984375001 0.3924295390625 0.9221431875 0.44716656875 0.9494424671875 0.45805746249999996 0.9569139140624999 0.44155598906250004 0.9824600953125 0.4501560734375 1 0.465251440625 1 0.4137235515625
0 0.090725775 0 0.0608995828125 0.0623089015625 0.24287632656249997 0.24406993593749998 0.28630169687499996 0.1727843671875 0.112393478125 0 0.090725775 0
0 0.9210604312499999 0.1469357875 0.9332084078125 0.0923105765625 0.9376598109375 0.07771915625 0.9415835828124999 0.057242490624999996 0.90012903125 0.046083884375 0.5888068296875 0.004141621874999999 0.5761300453125 0.050914234375 0.9210604312499999 0.1469357875
0 0.9376598109375 0.07771915625 0.9332084078125 0.0923105765625 0.9370991515625 0.093687203125 0.9588996484375001 0.09738925000000001 0.9644934453125 0.0830610234375 0.9376598109375 0.07771915625
0 0.9341895203125 0.106475425 0.95530550625 0.110697271875 0.9588996484375001 0.09738925000000001 0.9370991515625 0.093687203125 0.9341895203125 0.106475425
0 0.873635784375 0.9266602031250001 0.9135039718750001 0.8620428828125 0.8884893671875 0.84219210625 0.8468312359375 0.9044699359375 0.873635784375 0.9266602031250001
0 0.7746917640625 0.6990368874999999 0.8050840750000001 0.7320710796875 0.8218588406249999 0.7589646984375 0.8817056828125001 0.8164696515625 0.9492643812500001 0.890443428125 0.958997275 0.8211336703125 0.8002995953125 0.6633396421875 0.7746917640625 0.6990368874999999
0 0.7710285265625 0.8571649828125001 0.8305758687499999 0.9094930187499999 0.8817056828125001 0.8164696515625 0.8218588406249999 0.7589646984375 0.7710285265625 0.8571649828125001
0 0.7746917640625 0.6990368874999999 0.731356528125 0.7951868484375 0.7651547078125 0.8182756031249999 0.8050840750000001 0.7320710796875 0.7746917640625 0.6990368874999999
0 0.25015741406249997 0.2340564203125 0.2725530859375 0.25047242812500004 0.3012766703125 0.1997415203125 0.28630169687499996 0.1727843671875 0.25015741406249997 0.2340564203125
0 0.6664483531250001 0.873261165625 0.702451025 0.9100457109375 0.6829499046875 0.9456476500000001 0.7024385234375 0.9959133328125 0.78958374375 0.9954063359375 0.7148893640625 0.806695003125 0.6664483531250001 0.873261165625
0 0.9794358359374999 0.675586846875 0.8991439437500001 0.5963290546875 0.8732743812500001 0.63404566875 0.8609876203125 0.6262046203125 0.8428920171875 0.6525752265625 0.9001435609374999 0.72109655625 0.921841878125 0.6838452968750001 0.970904284375 0.73634161875 0.9794358359374999 0.675586846875
0 0.0221158515625 0.3075454703125 0.103951878125 0.3888713640625 0.1373848828125 0.3374197484375 0.0334461875 0.226860021875 0.0221158515625 0.3075454703125
0 0.7108451328125 0.304995896875 0.698873971875 0.3188583859375 0.672332871875 0.3682002765625 0.8059093109375001 0.49290558124999995 0.8491643625 0.41941129374999997 0.7426284796875 0.327813209375 0.7108451328125 0.304995896875
0 0.629960715625 0.329027571875 0.672332871875 0.3682002765625 0.698873971875 0.3188583859375 0.6777535859375 0.305958425 0.6948814 0.27263781875 0.6667831390625001 0.25499452968749997 0.629960715625 0.329027571875
0 0.8431021031249999 0.5563639015625 0.82665638125 0.539569171875 0.795326609375 0.5911292828125 0.8277456875 0.6229502 0.854451190625 0.58534620625 0.864693228125 0.5918844703125 0.8960791921875 0.539457621875 0.8690921609375 0.5177892125 0.8431021031249999 0.5563639015625
0 0.9998572828125001 0.53016189375 0.9541161953125 0.48340822499999997 0.9026388015625001 0.5568220875 0.9853636515625 0.6333737578124999 0.9998572828125001 0.53016189375
0 0.6664483531250001 0.873261165625 0.6001406140625 0.9965084843750001 0.653977890625 0.9961952671875001 0.702451025 0.9100457109375 0.6664483531250001 0.873261165625
0 0.48648117031250004 0.879528853125 0.44072362343749993 0.9644673171875 0.46909125781250005 0.9915457234374999 0.481452753125 0.9837685578125 0.524059678125 0.9012034218749999 0.48648117031250004 0.879528853125
0 0.2305345140625 0.701332309375 0.209560340625 0.702943728125 0.1646244875 0.7695886765625 0.2955275390625 0.8924912031250001 0.3431174140625 0.8811323109375 0.3760283484375 0.8262442671875 0.2305345140625 0.701332309375
0 0.507627934375 0.225968028125 0.486556675 0.21178507500000002 0.4667093578125 0.25265180468750004 0.449943278125 0.23767182187499997 0.43381651093749996 0.266974321875 0.4528907828125 0.282002975 0.4426208140625 0.3022585375 0.476197465625 0.3275469375 0.484330946875 0.31006362656249997 0.5200050359375 0.3463886046875 0.5547285046875 0.2916573203125 0.5576202953125 0.2858393125 0.5006349953125 0.2375066859375 0.507627934375 0.225968028125
0 0.524278815625 0.35063648281250004 0.7585321359375 0.57366959375 0.79309826875 0.511660340625 0.5547285046875 0.2916573203125 0.524278815625 0.35063648281250004
0 0.074263596875 0.1617041484375 0.1320092953125 0.207887871875 0.14718634375 0.187681390625 0.0884184 0.1402233453125 0.074263596875 0.1617041484375
0 0.3933458796875 0 0.3111509703125 0.177793325 0.344967571875 0.2009064203125 0.44325815312500005 0 0.3933458796875 0