0 0.254957265625 0.702191915625 0.24965812031249998 0.630662915625 0.025769231250000003 0.6652346953125 0.028418803124999996 0.740091075 0.254957265625 0.702191915625
0 0.132350428125 0.5169436828125 0.12660256406249998 0.47977626874999996 0.08326923124999999 0.496139484375 0.08596153906250001 0.5352263859375 0.132350428125 0.5169436828125
0 1 0.30628151875 0.8734615390625 0.34936279375 0.8833974359375001 0.4238562703125 1 0.389234653125 1 0.30628151875
0 0.725641025 0.23024415625 0.7265598296875 0.2509439390625 0.73576923125 0.278945915625 0.7886752140625 0.261608203125 0.7762606843750001 0.21153085468750002 0.725641025 0.23024415625
0 0.816239315625 0.7692469843749999 0.8088888890625 0.78448205625 0.8148717953125001 0.812524171875 0.8622649578124999 0.8044279328125 0.859508546875 0.7639525171875 0.816239315625 0.7692469843749999
0 0.874401709375 0.2379684359375 0.8845299140625 0.268272759375 0.9323931625 0.25098575156249997 0.9291666671875 0.21418828437499998 0.9250213671875 0.181541459375 0.8656623937499999 0.194771415625 0.8684188031250001 0.21546050781249998 0.874401709375 0.2379684359375
0 1 0.2174577765625 0.975811965625 0.23004938749999998 0.985384615625 0.3001646359375 1 0.2952078109375 1 0.2174577765625
0 0.298418803125 0.5212125671875001 0.298867521875 0.5377911531249999 0.3020940171875 0.5566399046875 0.346260684375 0.5444171375 0.3407478625 0.508551775 0.298418803125 0.5212125671875001
0 0.31916666718750003 0.0907286125 0.31034187968750004 0.09537397187499999 0.31916666718750003 0.2000021171875 0.344850428125 0.19564329062500002 0.33525641093749997 0.0929426984375 0.31916666718750003 0.0907286125
0 0.44423076874999995 0.49517195156250005 0.4404059828125 0.46951044218750004 0.3671581203125 0.4963895765625 0.365641025 0.524005240625 0.44423076874999995 0.49517195156250005
0 0.9998931625 0.580849459375 0.9954059828125 0.5594653078125 0.944615384375 0.5757223375 0.949081196875 0.5961664421874999 0.9998931625 0.580849459375
0 0.5476923078125 0.7478819953125 0.5476923078125 0.696535840625 0.37598290625 0.7267869546875 0.3781837609375 0.7781203031249999 0.5476923078125 0.7478819953125
0 0.3754487171875 0.6693969 0.371581196875 0.69040230625 0.3748931625 0.723502696875 0.546794871875 0.6917333703125 0.5435683765625 0.6411324828125 0.3754487171875 0.6693969
0 0.577457265625 0.9672387421875 0.5630982906249999 0.7713180078125 0.535491453125 0.775880328125 0.5117521375 0.780997071875 0.527222221875 0.9763557875 0.5542735046875 0.9701300328125001 0.577457265625 0.9672387421875
0 1 0.028052698437500002 0.9450854703125 0.039523020312500004 0.9395512828125 0.048380003125 0.94673076875 0.11902199531249999 1 0.1083184953125 1 0.028052698437500002
0 1 0.1093142984375 0.9459615390625 0.12377006093750001 0.9525854703125001 0.182812721875 1 0.1727258484375 1 0.1093142984375
0 0.688063953125 0 0.6935683765625 0.0281016890625 0.68433760625 0.042428896875 0.6977564109375 0.065833734375 0.7279700859375 0.056427187499999996 0.7455769234375 0.0361965484375 0.740318271875 0 0.688063953125 0
0 0.2362793265625 0 0.25162393125000004 0.068942078125 0.3144658125 0.0516533984375 0.3054722171875 0 0.2362793265625 0
0 0.7645726500000001 0.5230304796875 0.8290170937499999 0.503510253125 0.81792735 0.4401559671875 0.7524786328124999 0.45966066874999995 0.7645726500000001 0.5230304796875
0 0.40559829062499997 0.586636025 0.6874786328125 0.476427715625 0.6728632484375 0.3950811234375 0.4404059828125 0.46951044218750004 0.44423076874999995 0.49517195156250005 0.3805341875 0.5199656046875 0.40559829062499997 0.586636025
0 0.5117521375 0.780997071875 0.4885683765625 0.782285796875 0.4607264953125 0.7884093156249999 0.478974359375 0.997213409375 0.5272649578124999 0.9969324625 0.527222221875 0.9763557875 0.5117521375 0.780997071875
0 0.42756410312500004 0.9975125046875 0.47194444375 0.9972543078125 0.45587606875000003 0.7927537734375 0.42991452968750005 0.79399455625 0.411153846875 0.8007490015625001 0.42756410312500004 0.9975125046875