0 0.719485234375 1 0.72373513125 0.985464234375 0.7376967624999999 0.9751837734375 0.7393542625 0.9619526234375 0.7204633 0.917630496875 0.636251040625 0.9660386296875 0.6382746 0.970453990625 0.5919490703125 1 0.719485234375 1
0 0.198840665625 0 0.20102896874999998 0.0058587234374999995 0.20456657812499998 0.03317310625 0.190727421875 0.060388762500000005 0.2084272296875 0.122193928125 0.2469552625 0.0914868125 0.3979500796875 0 0.198840665625 0
0 0.410551165625 0.7045922484375 0.7696359187499999 0.489403565625 0.8028163359375 0.4803663875 0.8209935249999999 0.46455586875000004 0.8427663000000001 0.44392443281249994 0.7273743828125 0.021118043750000003 0.6320455828125 0.011110821875 0.5642389578125 0.0543394890625 0.5443552656249999 0.0772707015625 0.2414968015625 0.270733025 0.3538273609375 0.7160023718749999 0.410551165625 0.7045922484375
0 1 0.08191315625 0.9933248265625 0.06102584062500001 0.9994373921875 0.0496780890625 0.809015740625 0.0296884140625 0.852283515625 0.2193586734375 0.8620140046874999 0.21856624062500002 0.99219988125 0.1441479640625 1 0.1327556796875 1 0.08191315625
0 1 0.4732368203125 0.9807914140625 0.4865733953125 0.9927556687499999 0.507140728125 1 0.5339904078125 1 0.4732368203125
0 1 0.57238675625 0.9814830984375 0.5113990765625 0.9436260546874999 0.535164365625 0.9420397015624999 0.55853426875 0.971456025 0.6575376515625 0.9952631078125 0.6423913234375 1 0.5917121421875 1 0.57238675625
0 0.8741876796874999 1 0.8768984859375 0.996477046875 0.8883701171875 0.996486771875 0.8986927859374999 0.9957565046875001 0.9074068109375 0.993043471875 0.8808163484374999 0.87683925625 0.8658914687499999 0.8426887046875 0.8411436984374999 0.7520282578125 0.82316965 0.7441024625 0.7131692953125001 0.8224536296875 0.7274377000000001 0.8830579953125 0.7511761609375001 0.8940000703125 0.78211969375 0.873114703125 0.8074243843750001 0.9578167828125 0.761814359375 0.9934433609375001 0.763479009375 1 0.8741876796874999 1
0 0.569292075 1 0.6219884921875 0.9622408546875001 0.6020571421875001 0.8847390562499999 0.5741788171875 0.8102741437500001 0.5653314078125 0.7717623 0.4848000375 0.8196498890624999 0.43887139687500004 0.8484962062499999 0.452869175 0.8866417640625001 0.4778450125 0.9646731109375001 0.4853587453125 0.9999922921875 0.48543216874999995 1 0.569292075 1
0 0.27061429531250003 0.7956613515625001 0.3176051703125 0.7613742453125 0.2958745921875 0.6922221656249999 0.27653736875 0.705278546875 0.26621476718750003 0.7026907140625 0.24860237187499998 0.7134063984375 0.23926962187499998 0.72700423125 0.20109962343749999 0.7531699453125 0.19511946093750002 0.747011996875 0.1752327421875 0.7604973484374999 0.17430113281249998 0.7704644734375 0.1346868140625 0.79596979375 0.1572725546875 0.8611856765624999 0.1806882625 0.8530700625 0.27061429531250003 0.7956613515625001
0 0.11503381718750001 0.8775672125 0.11817149062500001 0.8707737249999999 0.123220178125 0.8662823156250001 0.12776361249999998 0.8579552250000001 0.1371131625 0.852234128125 0.1057776484375 0.7789768640625 0.039802343750000004 0.8206502406249999 0.0661855109375 0.9063724828125 0.11016843750000001 0.8845996265625 0.11503381718750001 0.8775672125
0 0.47659311562499995 0.9990721140625001 0.44389068125 0.9087711359374999 0.4059889390625 0.9304081453125 0.42755746562499997 0.9939245546875 0.47659311562499995 0.9990721140625001
0 0.338820121875 0.9049968546875 0.3002702265625 0.9323835703125001 0.316973240625 0.9742860640625001 0.35423227343749997 0.9495731703124999 0.338820121875 0.9049968546875
0 0.376099425 0.8900192 0.387112884375 0.9292893234375 0.4049177109375 0.9181735453125001 0.39164807968750004 0.8807680453125 0.376099425 0.8900192