0 0.5559311250000001 0.0032343125 0.4912724578125 0.0028581390625 0.4640186734375 0.00365114375 0.457099634375 0.18949208281250002 0.5635760953125 0.1766686234375 0.5559311250000001 0.0032343125
0 0.143832071875 0.59541271875 0.1422581484375 0.5568149046875 0.12304279375 0.5597355687500001 0.1224223609375 0.5967012078125 0.143832071875 0.59541271875
0 0.1349406453125 0.6344009203125001 0.14907653125 0.6339896078125 0.14734543125 0.6076979171875 0.13303981250000002 0.6081785734375 0.1349406453125 0.6344009203125001
0 0.15707413125 0.644705925 0.17014366718750001 0.6467516 0.17482317812499998 0.612050875 0.1589577484375 0.6113102687499999 0.15707413125 0.644705925
0 0.184979996875 0.643851009375 0.2000049484375 0.6430059234375001 0.2001047875 0.6043808765625001 0.186686359375 0.6043634078125 0.184979996875 0.643851009375
0 0.2417582265625 0.6502711531250001 0.26024902656250004 0.64827325625 0.2564704921875 0.6025261140625 0.2394597765625 0.6044809453125 0.2417582265625 0.6502711531250001
0 0.9294896671874999 0.9905474812499999 0.904485278125 0.7686878328125 0.764706084375 0.7710160296875 0.79116214375 0.9945724 0.9294896671874999 0.9905474812499999
0 0 0.5493825796875 0.05382448125 0.547816446875 0.0456300453125 0.466881828125 0 0.46967977968749997 0 0.5493825796875
0 0 0.12904426093750002 0.0584047 0.11865321718749999 0.0496404546875 0.01570831875 0 0.0171527078125 0 0.12904426093750002
0 0.1918483390625 0.114770403125 0.2757242453125 0.118384028125 0.33628626562499997 0.11170552812500001 0.3384260984375 0.0073055140625 0.1866702734375 0.011721159375 0.1918483390625 0.114770403125
0 0.8256698671875 0.00480360625 0.5766149640625 0.0033546484374999998 0.5786353171874999 0.1932336359375 0.7233284546875 0.2011532953125 0.8286178156249999 0.18958809375000002 0.8256698671875 0.00480360625
0 0.9102669000000001 0.1764350734375 0.9762043968749999 0.1788960984375 0.9729351703125 0.1004802859375 0.9154257234375001 0.10213217031249999 0.9102669000000001 0.1764350734375
0 0.991542965625 0.30466875 0.9415593921875001 0.3059896796875 0.94450281875 0.3230360375 0.9920663203125001 0.322655275 0.991542965625 0.30466875
0 0.7835132453125 0.5113204453125 0.8481786578125 0.508429846875 0.838755246875 0.39337432968749997 0.77601818125 0.3931817375 0.7835132453125 0.5113204453125
0 0.5230526109375 1 0.47950525624999996 0.8230247437499999 0.35198196249999997 0.8267352921875 0.3754503546875 1 0.5230526109375 1
0 0.21449659062499998 0.6408023609375 0.2280170484375 0.6413750453125 0.22816596718749999 0.6051745296875 0.2169300375 0.6063816765625 0.21449659062499998 0.6408023609375
0 0 0.6104454703125 0.0000081390625 0.6107251921875 0.0198149421875 0.608209840625 0.019357921875 0.56889253125 0 0.5648132359375 0 0.6104454703125
0 0.3231013546875 0.5166663109375 0.3192728890625 0.4692031296875 0.2973623234375 0.47024856562500006 0.3019133046875 0.515243296875 0.3231013546875 0.5166663109375
0 0.293507 0.508188546875 0.2886714796875 0.46522015000000005 0.2720720046875 0.4695031015625 0.27578421406250003 0.5114951546875 0.293507 0.508188546875
0 0.288103884375 0.5969684421875 0.288609540625 0.5538446359375 0.26481195625 0.5549664484375 0.268427359375 0.595844946875 0.288103884375 0.5969684421875
0 0.259661984375 0.5971090203125 0.25898753124999996 0.5510568734375 0.23707792031250002 0.555086428125 0.23934835 0.5977000859375 0.259661984375 0.5971090203125
0 0.23110064062500002 0.5938824921875 0.2301531140625 0.5495128453125 0.206538928125 0.5532485 0.212177709375 0.59578561875 0.23110064062500002 0.5938824921875
0 0.20133521562499998 0.595757603125 0.20171972187499998 0.5506836734375 0.1798101109375 0.5547132265625 0.1820512046875 0.5963187109375 0.20133521562499998 0.595757603125
0 0.1722568296875 0.5976341953125 0.1723274640625 0.553578425 0.1523963578125 0.5555108859375 0.1532546296875 0.596813109375 0.1722568296875 0.5976341953125
0 0.272037840625 0.648359609375 0.2870831578125 0.6489523328125 0.28741465 0.607958990625 0.2698605765625 0.6104234109375 0.272037840625 0.648359609375