0 0.9955814296875 0.45888720625 0.8591748609375 0.5452982859375 0.8984547703124999 0.58626620625 0.9969827703125 0.5186177468750001 0.9971672578125 0.48690704374999993 0.9958750890625 0.45917214062499995 0.9955814296875 0.45888720625
0 0.6071131359375 0.5075499390625 0.741593878125 0.5741027046875 0.7695946703125001 0.54320431875 0.6326981484374999 0.4733744921875 0.6071131359375 0.5075499390625
0 0.45645178125 0.4023427953125 0.44019379374999995 0.4179102671875 0.41570880312499997 0.4271215328125 0.3995172 0.4200413875 0.386511678125 0.4082694953125 0.36031903593750003 0.43671063125 0.44850254375 0.4819036375 0.41339355156249996 0.5063871984375 0.4979858828125 0.5643417578125 0.5310088171875 0.5195857609375001 0.5678862921875 0.533490565625 0.60231135 0.49432715 0.5784527453125 0.46840818281249996 0.5637684140625 0.469177521875 0.54343011875 0.47024308125000003 0.526488196875 0.47113069999999996 0.5144963296875 0.45704328906249997 0.5148460328125 0.44004686875 0.45645178125 0.4023427953125
0 0.47967364218749997 0.5628986078125 0.3689909671875 0.520105675 0.37008979375 0.5200481046875 0.355982325 0.5104161656249999 0.3550111359375 0.5011771453125 0.3247326015625 0.5076887421875 0.31625595 0.513598675 0.3025407859375 0.535599925 0.43103810625000005 0.6091332796875 0.45978807499999996 0.5814190796875 0.47967364218749997 0.5628986078125
0 0.516284578125 0.775268921875 0.5613009953125 0.8134136062499999 0.6099941140625 0.7740031953125001 0.562282 0.736460234375 0.516284578125 0.775268921875
0 0.3954557984375 0.8680515171875 0.367677453125 0.8972764765625 0.414505246875 0.9252955671875001 0.4780729 0.873293259375 0.48094692187500004 0.8567452046874999 0.48010683125 0.8486004890625001 0.4880668828125 0.843638603125 0.50244200625 0.8392415796874999 0.5141875546875 0.8377252500000001 0.5426794421875 0.8139287328125 0.5273523921875001 0.7978937953125 0.5025854515625 0.793745575 0.45039841249999996 0.8265117625 0.3954557984375 0.8680515171875
0 0.356739421875 1 0.3841898875 0.9662658234375 0.36163865624999997 0.9464849781250001 0.3336705796875 0.9368184093749999 0.31197170625 0.9353324562499999 0.24578052499999997 1 0.356739421875 1
0 0.2753210203125 0.6971767359375 0.2894618703125 0.6838824890625 0.2395327296875 0.6559257765625001 0.22989375937499998 0.6717070640625 0.2753210203125 0.6971767359375
0 0.21153236562500002 0.664480321875 0.22795231718750003 0.6532489953125 0.20926058749999998 0.6389319828125 0.20385135000000001 0.6517887859375 0.21153236562500002 0.664480321875
0 0.49040990781250005 0.6901723859375 0.55136826875 0.718432196875 0.5669968421875 0.6979524296874999 0.5095255546875 0.66372375625 0.49040990781250005 0.6901723859375
0 0.3652072125 0.493054865625 0.41339355156249996 0.5063871984375 0.44850254375 0.4819036375 0.36031903593750003 0.43671063125 0.329882484375 0.46433300156249996 0.362423878125 0.48188863125000003 0.3652072125 0.493054865625
0 0.392269703125 0.015589553124999999 0.424295478125 0.027666328125 0.450619321875 0.0020413281249999997 0.45029315 0.0019182671875 0.3960510328125 0.0047601109375 0.392269703125 0.015589553124999999
0 0.43803151093750003 0.0413620390625 0.424295478125 0.027666328125 0.392269703125 0.015589553124999999 0.37269109375 0.0316713625 0.4224501171875 0.058555834375000004 0.43803151093750003 0.0413620390625
0 0.4144872265625 0.0845202578125 0.36508322187500003 0.05107020625000001 0.34047348906249997 0.0713598078125 0.3162793578125 0.0588727203125 0.2904123984375 0.0943042609375 0.42729255312500003 0.162493196875 0.45541097343750003 0.132829971875 0.397588171875 0.10180310937499999 0.4144872265625 0.0845202578125
0 0.437315175 0.1665529796875 0.49354581093750005 0.191776984375 0.5150813999999999 0.17557262499999998 0.457227890625 0.1438866671875 0.437315175 0.1665529796875
0 0.5692763671875001 0.1184153515625 0.5786983640625001 0.1100132859375 0.5914156921875 0.0979748796875 0.564471340625 0.07632195625 0.5466639953125 0.09431309843749999 0.542360315625 0.10338800937499999 0.5692763671875001 0.1184153515625
0 0 0.10503678281249999 0.082415965625 0.0214122515625 0.0779904421875 0.021423878125 0 0.025509939062499997 0 0.10503678281249999
0 0.014757925 0.30801871875 0.217796803125 0.3948650609375 0.2900227640625 0.3077521859375 0.0824703453125 0.2250464765625 0.014757925 0.30801871875
0 0.5825651578125 0.4182594984375 0.5949785515625 0.44139449375 0.6451779265625001 0.4738618703125 0.681281790625 0.42215722343750006 0.5118117468750001 0.33365225625 0.47005391718749995 0.38565312343749997 0.5187138921875001 0.40915150625 0.5456346421875 0.40321625625 0.5825651578125 0.4182594984375