0 0.6919439234375 0.9261732 0.686452925 0.9490327953125 0.7199851125000001 0.9462368578125 0.715723065625 0.931908840625 0.6919439234375 0.9261732
0 0.8157887453124999 0.4120098453125 0.7717635625 0.43585213125 0.7544228453125 0.4622447875 0.7942368625 0.4878726453125 0.8451050531250001 0.44519330625000003 0.8292997874999999 0.420626084375 0.8157887453124999 0.4120098453125
0 0.7447961203125 0.42940609375000005 0.73828351875 0.45573550625000003 0.7550394796875 0.45271019375000005 0.7597467625000001 0.43131596875 0.7447961203125 0.42940609375000005
0 0.69984604375 0.4012105359375 0.6851990812500001 0.394458284375 0.674515478125 0.39427443125 0.6627725734375 0.43104763124999995 0.695890465625 0.42940180312500004 0.69984604375 0.4012105359375
0 0.6431474515625 0.5255009375 0.6276486875 0.6285746640625 0.6925196609375 0.62456543125 0.6981073109375 0.5971234578125 0.6729529453125 0.58430673125 0.6764509546874999 0.5576873 0.680238 0.5178423546875 0.6431474515625 0.5255009375
0 0.624492453125 0.51975008125 0.613934728125 0.5210175921875 0.5972754625000001 0.54292438125 0.5660812046875 0.5619881671875 0.644919684375 0.564176259375 0.640632309375 0.53036543125 0.624492453125 0.51975008125
0 0.32881458750000003 0.521904015625 0.329838615625 0.5449608968749999 0.478780159375 0.5517491203125 0.4846116328125 0.5272766890625 0.32881458750000003 0.521904015625
0 0.4877437765625 0.5028836562500001 0.3403033015625 0.49926161718750006 0.3381863625 0.521837315625 0.4892944640625 0.5240720046875 0.4877437765625 0.5028836562500001
0 0.6313901375000001 0.6276500359375 0.633080315625 0.655827015625 0.642966253125 0.6672991781250001 0.6996063515625 0.661621984375 0.698594571875 0.6257878031249999 0.6313901375000001 0.6276500359375
0 0.6168482484375 0.7691329265625 0.57089429375 0.761327921875 0.5265174125 0.7715773 0.54482805625 0.810487646875 0.6170836703125 0.8096246546874999 0.6168482484375 0.7691329265625
0 0.769907921875 0.946748075 0.7971997656250001 0.8652245531249999 0.6952958812500001 0.8492887046875 0.6779323875000001 0.9222879 0.769907921875 0.946748075
0 0.7555992812500001 0.8368370546874999 0.74748131875 0.8566543187500001 0.7845489156250001 0.8634046796874999 0.78500021875 0.8413901640624999 0.7555992812500001 0.8368370546874999
0 0.6076680624999999 0.8622985562500001 0.60209963125 0.9028806671874999 0.652587753125 0.903709671875 0.656420778125 0.8638769578125001 0.6076680624999999 0.8622985562500001
0 0.6396415531249999 0.93286659375 0.5797356796875001 0.9320920546875 0.5630040515625 0.957120575 0.56624565 0.9864980171875001 0.6330028375000001 0.976472328125 0.6396415531249999 0.93286659375
0 0.701723296875 0.9712119984375001 0.7030921 0.9560689171875 0.6725810562500001 0.9535048156249999 0.6615409890625 0.9795089765625 0.701723296875 0.9712119984375001
0 0.6375787374999999 0.9493913484375 0.6297230875000001 0.9744772703125 0.6619682609375 0.97407620625 0.6696690203125 0.9482401375 0.6375787374999999 0.9493913484375
0 0.1879310484375 1 0.1920000140625 0.9850392343750001 0.16095392343749998 0.9783056296874999 0.15445919531250002 1 0.1879310484375 1
0 0.235900628125 0.9673276203125001 0.248181709375 0.9358964703125 0.2292674859375 0.9334145578124999 0.21690252812500002 0.9607568515624999 0.235900628125 0.9673276203125001