0 0.572345778125 0.32287943124999996 0.48684991875000005 0.34515277499999997 0.490882334375 0.3871488765625 0.5238783015624999 0.376699128125 0.5304575078125 0.39948785937500003 0.5846295921875 0.383454803125 0.572345778125 0.32287943124999996
0 0.615852953125 0.7113245890625 0.592919025 0.49050800624999996 0.5450023890625 0.49993029531250005 0.5503984625 0.5139981609375 0.41999853906249995 0.5537999140625 0.44987588437500003 0.7687906453125 0.4592266078125 0.7873920437499999 0.6195494359375 0.750343515625 0.615852953125 0.7113245890625
0 0.018801551562499998 0.2564089265625 0.0191702359375 0.2588244015625 0.0381335125 0.2740615734375 0.17024483125 0.2297276171875 0.152637296875 0.117144609375 0.0711852078125 0.1515106375 0.06580701718750001 0.110573028125 0.026936784375 0.1169027046875 0.018801551562499998 0.2564089265625
0 0.1961191859375 0.5196544640625 0.0076012781249999994 0.579893078125 0.0161078078125 0.6640001359375 0.0406801796875 0.677768628125 0.2267542765625 0.6084083859375 0.21465848593749998 0.5344727671875 0.1961191859375 0.5196544640625
0 0.3224916203125 0.5908593859375 0.3402299953125 0.5973928890625 0.3813324703125 0.57375469375 0.3670719328125 0.5666497703125 0.36724993125 0.533888646875 0.3188676125 0.5491995468749999 0.3224916203125 0.5908593859375
0 0.7193015578125 0.018286453124999998 0.7233197171875 0.05574188906250001 0.7544449515625 0.0550032953125 0.7571755734375001 0.021152874999999998 0.7193015578125 0.018286453124999998
0 0.668363565625 0.07613305000000001 0.7021864609375 0.0735222203125 0.6986845203125001 0.0447982484375 0.7095276234375001 0.043399984375 0.70984036875 0.017570401562499997 0.65793006875 0.013641671875 0.659133728125 0.0271479609375 0.668363565625 0.07613305000000001
0 0.8713729718750001 0.3790385265625 0.9077151796875 0.3468565890625 0.91318088125 0.3265265765625 0.9425927109375 0.304141071875 0.9603287421875001 0.31281186875 0.964041471875 0.2746590484375 0.948115353125 0.2625627734375 0.8983391624999999 0.276261771875 0.8892251953124999 0.2955421109375 0.8707043546875 0.29613537343749996 0.8602243296875001 0.295851134375 0.84867816875 0.3054610828125 0.8713729718750001 0.3790385265625
0 0.91318088125 0.3265265765625 0.9250765046874999 0.378380175 0.9544704625 0.3622428828125 0.9425927109375 0.304141071875 0.91318088125 0.3265265765625
0 0.87965805625 0.3753702625 0.8922049 0.41605649843750003 0.9112769187499999 0.40880753593749997 0.9085006828125 0.39245440625 0.9227655968749999 0.38235808437499996 0.9097152718749999 0.3503057796875 0.87965805625 0.3753702625
0 0.19268201406250002 0.289198590625 0.06369856093750001 0.32428296093750003 0.07642639531249999 0.358020840625 0.19508112187499999 0.322154759375 0.19268201406250002 0.289198590625
0 0.29752581875 0.1630222859375 0.3225687359375 0.1421586046875 0.3096030890625 0.06251829375 0.2656311609375 0.08817857812499999 0.2678287296875 0.1214452046875 0.19362562187500001 0.1499881515625 0.20894870000000001 0.2070275171875 0.2804201484375 0.1896776890625 0.29752581875 0.1630222859375
0 0.3819903203125 0.140609815625 0.3822397 0.136333384375 0.3997285640625 0.1324659875 0.3900268234375 0.076544196875 0.36535988750000004 0.085018628125 0.36070429531250003 0.061398351562499995 0.3337909796875 0.06365677187499999 0.3384656828125 0.08729885312499999 0.333863540625 0.0921212 0.342341696875 0.15399638437500002 0.3819903203125 0.140609815625
0 0.3948272578125 0.0389622609375 0.40525920624999995 0.0820126890625 0.4376281171875 0.07497615625000001 0.42832834843749995 0.0268407640625 0.3948272578125 0.0389622609375
0 0.46013326406250005 0.0249321953125 0.46380691093750004 0.0657408 0.5135630453125 0.0565798703125 0.5137456515625 0.002988884375 0.4886011015625 0.0028425984375 0.4895752296875 0.02369978125 0.46013326406250005 0.0249321953125
0 0.5962032203125001 0.099354596875 0.6348091453125 0.09511078437500001 0.6345029140625 0.0650611921875 0.5925667453125001 0.0732871953125 0.5962032203125001 0.099354596875
0 0.57176369375 0.0923953578125 0.5611203453125 0.0264070671875 0.516281771875 0.0312784453125 0.5269239406249999 0.0972870046875 0.57176369375 0.0923953578125
0 0.0533651265625 0.020203559375 0.0625572125 0.012166139062500001 0.0994774484375 0.0011787578125 0.09926823125 0.000577525 0.0337424578125 0.0001963078125 0.032479128125 0.021860393750000002 0.0533651265625 0.020203559375
0 0.8516285984374999 0.4785551109375 0.8884383 0.422977771875 0.8681773171874999 0.38665443125 0.821752225 0.43655732187499996 0.8516285984374999 0.4785551109375
0 0.7224054578125 0.41289543906250004 0.7757650359375 0.39331986093750004 0.7654653484375 0.335418909375 0.718440259375 0.352970003125 0.7224054578125 0.41289543906250004
0 0.41999853906249995 0.5537999140625 0.5503984625 0.5139981609375 0.5450023890625 0.49993029531250005 0.5273967140625 0.3967523109375 0.40347310781249995 0.4320974859375 0.41999853906249995 0.5537999140625
0 0.2378331078125 0.46560863281250003 0.283437396875 0.45354815468750004 0.28226200625 0.42931592343749997 0.2291566578125 0.43649303906250003 0.2378331078125 0.46560863281250003
0 0.0430882578125 0.874842740625 0.03319285 0.8183973703125 0.0129679234375 0.825844075 0.017990659375000002 0.8837120734375 0.0430882578125 0.874842740625
0 0.401959090625 0.957516428125 0.43382026093750004 0.9455558140625 0.430114121875 0.9063529453125 0.39743617656249997 0.92183455625 0.401959090625 0.957516428125
0 0.33088907968750003 0.901225046875 0.313715653125 0.9077219984375 0.3173899859375 0.9373343640625 0.3549938828125 0.9300018968750001 0.33474793593749996 0.83505184375 0.3096300453125 0.843919640625 0.31992977499999997 0.862674290625 0.3274912015625 0.8770078218749999 0.33088907968750003 0.901225046875
0 0.4104627703125 0.7910706421875 0.365675625 0.8188270609374999 0.3684101703125 0.8435844296875 0.389418784375 0.8331842187499999 0.40095002500000004 0.8514417234374999 0.42625799999999997 0.8389647859375 0.4104627703125 0.7910706421875
0 0.11625663593749999 0.865092321875 0.08873149375 0.8558231515625 0.0768492015625 0.862109846875 0.0745961546875 0.9710522703125 0.1138493953125 0.974023078125 0.11625663593749999 0.865092321875
0 0.28555814218750003 0.8369475109375 0.2533563125 0.8460120234374999 0.235250503125 0.8604590249999999 0.249884665625 0.9843186421875 0.31000926875 0.9888690578125001 0.28555814218750003 0.8369475109375
0 0.17820782968749999 0.7527084921875 0.1474085453125 0.763935196875 0.15171660625 0.78722381875 0.113925590625 0.7991631406249999 0.12260040937500001 0.8440348468750001 0.1871368171875 0.8222312734375 0.2000992671875 0.8096546218749999 0.2130253921875 0.810632909375 0.2343271890625 0.8035934171875001 0.2409718375 0.7868133015625001 0.25308321718750004 0.7762486421875 0.2379935171875 0.6666247281250001 0.2260059203125 0.66213465625 0.165845696875 0.680544121875 0.17820782968749999 0.7527084921875
0 0.3158708375 0.43631770156250005 0.3334488390625 0.44210621874999995 0.3975573109375 0.417155653125 0.3913307390625 0.37049461875 0.31559105781249996 0.39008638281249997 0.3158708375 0.43631770156250005
0 0.6835219546875 0.3747148375 0.6586137 0.341541159375 0.59665766875 0.3547458453125 0.6135640328124999 0.42308097499999997 0.6724496515625 0.41115031875 0.6835219546875 0.3747148375
0 0.7108480953125 0.4691828953125 0.6108922156250001 0.49441288281249995 0.6257109437499999 0.5730330968749999 0.7182398796875 0.5472410171875 0.7108480953125 0.4691828953125