0 0.723416828125 0.6996644437499999 0.7610298890625 0.6191058671875 0.769841009375 0.6163677578125 0.8080539328125 0.531725246875 0.825485678125 0.49870410156249995 0.8970332843750001 0.5301744 0.904286646875 0.51340289375 0.7805708296875 0.4656333703125 0.7640512296875 0.4760669953125 0.7604319546875 0.480271709375 0.7298876765625 0.529082809375 0.7248484937499999 0.5348380984375 0.6673982578125 0.656388075 0.65510875625 0.6788941375 0.723416828125 0.6996644437499999
0 0.14728616875 0.1739974078125 0.15921438906250002 0.1988805328125 0.1970729046875 0.2124522609375 0.21419119375 0.19156559687500002 0.211086459375 0.1813972109375 0.158242784375 0.16201511875000002 0.14728616875 0.1739974078125
0 0.0076659984375 0.658814303125 0.0079012703125 0.679033578125 0.130818040625 0.7268585625 0.13604648125000002 0.7163363796875 0.13626589218750002 0.709769903125 0.07197757187500001 0.681633603125 0.07335087031250001 0.6873571828125 0.073956828125 0.6907683328124999 0.06730636875 0.6958986281249999 0.0608413046875 0.6948390015625 0.048593246875 0.6880760859375 0.0461995234375 0.6843719203124999 0.046619731250000004 0.6815110921875001 0.0496618640625 0.6783369609375 0.050542042187500004 0.67480848125 0.0076659984375 0.658814303125
0 0.363393940625 0.84208410625 0.37613058593750004 0.8124756890624999 0.35495101406249996 0.80637186875 0.3427098859375 0.8386939874999999 0.363393940625 0.84208410625
0 0.35859005625 0.87783308125 0.36602260000000003 0.848246965625 0.339914575 0.8426516140625001 0.3373465375 0.872164603125 0.35859005625 0.87783308125
0 0.514051703125 0.34467468437500004 0.3636740796875 0.29580466250000004 0.3620991140625 0.304208246875 0.35969198593749996 0.313494465625 0.396046859375 0.3329551328125 0.40604020937499996 0.3428938625 0.40408391562499996 0.3515746203125 0.49854182812500003 0.3912793921875 0.5122560375 0.36168259062499997 0.514051703125 0.34467468437500004
0 0.07895430625 0.25121954375 0.1279861078125 0.270465153125 0.149634665625 0.26917298125 0.1611250890625 0.246599640625 0.0952876890625 0.230458990625 0.0949222890625 0.23294666406250003 0.07895430625 0.25121954375
0 0.388398171875 0.8891087796875 0.43449353124999995 0.8909530265625 0.4472885640625 0.8758752984375 0.44908346874999994 0.8607567156249999 0.3861883640625 0.8561802171874999 0.388398171875 0.8891087796875
0 0.3038208609375 0.12732385468750002 0.295515734375 0.1264721546875 0.272469534375 0.1598893296875 0.2924070390625 0.1685069796875 0.3038208609375 0.12732385468750002
0 0.0781674640625 0.24686586875 0.090180690625 0.227690046875 0.0548865359375 0.215791171875 0.046012940625 0.23446255312500003 0.0781674640625 0.24686586875
0 0.266235928125 0.001548915625 0.2609867625 0.0044315796875 0.2599544015625 0.0274027578125 0.30948429375000003 0.045286384375 0.32057043749999997 0.02778436875 0.3325636390625 0.014252370312500002 0.2880443078125 0.0016757921875 0.266235928125 0.001548915625
0 0.1509099703125 0.0755547515625 0.141958259375 0.09446808749999999 0.1764862421875 0.1028870921875 0.182633625 0.087123178125 0.1714239171875 0.0808276671875 0.1509099703125 0.0755547515625
0 0.1912076328125 0.0490412 0.20788779062499999 0.020992003125 0.162459865625 0.002719203125 0.154139996875 0.0361722984375 0.1912076328125 0.0490412
0 0.189577978125 0.0644840859375 0.1770261359375 0.08471803125 0.20135746562499998 0.0944379609375 0.2034889078125 0.0916665375 0.20575983125000002 0.084756953125 0.2192029234375 0.07294866875 0.189577978125 0.0644840859375
0 0.20575983125000002 0.084756953125 0.2034889078125 0.0916665375 0.2595724640625 0.11160087968750002 0.27027405937500004 0.09193409375 0.2192029234375 0.07294866875 0.20575983125000002 0.084756953125
0 0.2034889078125 0.0916665375 0.19837629375000002 0.1005305578125 0.1969535765625 0.10789761093750001 0.25039987343750003 0.129119309375 0.2595724640625 0.11160087968750002 0.2034889078125 0.0916665375
0 0.655686159375 0.059718129687499996 0.7037127562500001 0.07334294999999999 0.7057803078125 0.05926685 0.7208593875 0.0453065171875 0.6582036625 0.032723193750000004 0.64933386875 0.0419479765625 0.655686159375 0.059718129687499996
0 0.77485801875 0.11436436406249999 0.7656221750000001 0.112022646875 0.7518005734375001 0.14090126875 0.776182084375 0.15071434374999998 0.7930686 0.12647785625000002 0.77485801875 0.11436436406249999
0 0.9300206109375001 0.1210921703125 0.9282759421875 0.12456387656250001 0.92609636875 0.1308515421875 0.9179477109375 0.1353116875 0.9126439625 0.1402593421875 0.935680228125 0.150679890625 0.9496219890625 0.118084534375 0.9406831515625 0.11661945625 0.9300206109375001 0.1210921703125
0 0.8250970093750001 0.31931303906249997 0.8343078390625 0.29269332812500004 0.8210031109375 0.289790871875 0.8302302218750001 0.277843559375 0.7761957796875001 0.2716410171875 0.7676017328125 0.27768407968750003 0.7657591578125 0.2853007625 0.7660622609375001 0.301209034375 0.81412645625 0.3218245921875 0.8191193796875 0.32073226093749996 0.8250970093750001 0.31931303906249997
0 1 0.363520028125 0.9955837078125 0.3602696546875 0.9983787203125001 0.347183203125 0.984703146875 0.3457909625 0.9729889125 0.3585831859375 0.9492870812499999 0.3506648046875 0.9477331390625 0.357331 0.9631350046874999 0.38639250468749997 0.9929702328125 0.39588935468750003 1 0.389338325 1 0.363520028125
0 0.5931641046875 0.1392724265625 0.64813816875 0.15618013749999998 0.6506756484375 0.150354496875 0.65983969375 0.13608281093750002 0.5975260625 0.1208806109375 0.5931641046875 0.1392724265625
0 0.60703945 0.2124962890625 0.620805546875 0.19674976093750002 0.565445409375 0.18145591875 0.549674178125 0.19201220000000002 0.5599857359375 0.2186259453125 0.604904909375 0.2270284640625 0.605303803125 0.22431275 0.60703945 0.2124962890625
0 0.5256775390625 0.38610988281249997 0.6226721140625 0.4260818046875 0.630357046875 0.40492279375000007 0.53927674375 0.36715154375000003 0.5256775390625 0.38610988281249997
0 0.70786735625 0.4442063453125 0.72192888125 0.44485511562499996 0.7125978796875 0.437508821875 0.630357046875 0.40492279375000007 0.6226721140625 0.4260818046875 0.6999281609375 0.45579154375 0.704444775 0.44489793593750004 0.70786735625 0.4442063453125
0 0.23745968906249998 0.5837556234375 0.2246135265625 0.5830937546875 0.1855504609375 0.6627990140625 0.1549748046875 0.733853709375 0.5324122874999999 0.8488325250000001 0.5520844421875 0.7982394796875 0.2691445125 0.7109559171875001 0.2787587453125 0.6895611453125 0.2582829796875 0.686926971875 0.29424699374999996 0.6038265375 0.281223515625 0.59451634375 0.3169978109375 0.5272009484375 0.31878434218749996 0.5102552375 0.29213412499999997 0.49081416562499997 0.2810176484375 0.5076530890625001 0.24702970624999998 0.54802355 0.23745968906249998 0.5837556234375
0 0.49231145468750004 0.9161818421874999 0.48648836875 0.941042765625 0.6074235640625 0.970205140625 0.623020459375 0.9325736328125 0.5054121625 0.9054001578124999 0.49231145468750004 0.9161818421874999
0 0.82566101875 0.9492697484375 0.8370230781249999 0.9159755921875 0.5957473890625 0.8391086265625001 0.5859672687499999 0.8762711124999999 0.5720588875 0.917045378125 0.8203079203125 0.98571420625 0.8254390875000001 0.9557084343750001 0.82566101875 0.9492697484375
0 0.9394005296874999 1 0.9394895046875 0.9998576281249999 0.94199015 0.9828329734375 0.9039082671875001 0.9642599203125 0.9020424374999999 0.9524688359375 0.8669255953125001 0.9416817359375 0.8575039468749999 0.9372715156250001 0.8434920375000001 0.9787506234375 0.9045405499999999 1 0.9394005296874999 1