0 0.6531156859375 0.1822480234375 0.695177984375 0.13638818749999998 0.6695928656250001 0.0956653515625 0.6403597703125 0.12017920625 0.630232209375 0.1145437578125 0.6149499734375 0.127825596875 0.6531156859375 0.1822480234375
0 0.2449336796875 1 0.18609031874999998 0.8606023484374999 0.1432501015625 0.8970122859374999 0.187966203125 1 0.2449336796875 1
0 0.28035198437500003 0.9622376109375 0.31195611875 0.9404824140624999 0.2857202703125 0.8869248359374999 0.2579914734375 0.9120861453125 0.28035198437500003 0.9622376109375
0 0.28035198437500003 0.9622376109375 0.2579914734375 0.9120861453125 0.23186282187499999 0.9367055484375 0.2588385125 0.9950925671874999 0.2829416109375 0.9771301187500001 0.28035198437500003 0.9622376109375
0 0.0659925765625 0.7186918484375 0.10306042343749999 0.6838465453125 0.07361915625 0.627266084375 0.0350572546875 0.6569261125 0.0659925765625 0.7186918484375
0 0.12420314218749999 0.6841319390625 0.156847578125 0.6624975531249999 0.1352697109375 0.6188497609375 0.09991630625 0.6348032124999999 0.12420314218749999 0.6841319390625
0 0.196784784375 0.4345063359375 0.171909415625 0.4491468125 0.16778655468749998 0.467045853125 0.18953093125 0.5042311421875 0.22344297968750002 0.48424988437499994 0.196784784375 0.4345063359375
0 0.262999309375 0.4697658921875 0.299947615625 0.524660465625 0.32069544687499996 0.5003311609375001 0.2901888515625 0.4455884015625 0.262999309375 0.4697658921875
0 0.251044234375 0.4664944828125 0.28549873125 0.43651947656249995 0.264371003125 0.3998931640625 0.23219675 0.42852612656250005 0.251044234375 0.4664944828125
0 0.5631217046875 0.1961719796875 0.5880594718750001 0.23384365156250003 0.63145458125 0.1970293765625 0.5922081593749999 0.1448757828125 0.5644010703125 0.17217135156250002 0.525965528125 0.1987691359375 0.53897274375 0.21476121718750002 0.5631217046875 0.1961719796875
0 0.7197793109374999 0.025197428124999997 0.703754740625 0.03461763125 0.678697471875 0.070580178125 0.7084685640624999 0.12324556093750001 0.7461193609375 0.085413615625 0.7197793109374999 0.025197428124999997
0 0.8211424140625001 0.142979540625 0.816337203125 0.1364775015625 0.7911915671875 0.1562975609375 0.7955652609375 0.186267903125 0.8256682218750001 0.22867471875 0.8810742062499999 0.17788264375 0.8765055109375 0.1371529890625 0.8610447906250001 0.10939830312500001 0.8211424140625001 0.142979540625
0 0.8765055109375 0.1371529890625 0.8810742062499999 0.17788264375 0.9022161640625 0.16070775312500002 0.9064202515625001 0.20111884687499998 0.9236235703125001 0.20236769062499999 0.9435658734375 0.17654648281250002 0.90537709375 0.108342321875 0.8844219765625001 0.118365196875 0.8765055109375 0.1371529890625
0 0.6818734015625 0.37412938281249997 0.70916328125 0.3575569 0.68700783125 0.30926185156249997 0.6542833109374999 0.34038460625 0.6818734015625 0.37412938281249997
0 0.435447115625 0.6628710578125 0.45716487343749995 0.6432690984375 0.43435724843749995 0.599900790625 0.41789381406250004 0.5873757265624999 0.3956241875 0.6211866578125 0.41665386875 0.6593035203125 0.435447115625 0.6628710578125
0 0.6854923015625001 0.6580800046874999 0.658337971875 0.664687178125 0.657463784375 0.6782305890625 0.6846631484375 0.727355734375 0.716707946875 0.7057632625 0.6854923015625001 0.6580800046874999