0 0.9984261859375 0.2646977765625 0.9968645015625001 0.2623834296875 0.98222275 0.239052190625 0.933384203125 0.2586726546875 0.93923909375 0.282700984375 0.9723509046875 0.320717584375 0.9981559156250001 0.311153421875 0.9984261859375 0.2646977765625
0 0.49353503125 0.2254530609375 0.6580935015625 0.174098346875 0.6407471609375001 0.144586734375 0.434474578125 0.19824346406249999 0.42146338906249997 0.2131568234375 0.444621978125 0.25443947499999997 0.4992491046875 0.238801175 0.49353503125 0.2254530609375
0 0.6423070656250001 0.9502329484375001 0.748848415625 0.9237004171875001 0.6598006359374999 0.7585500671875 0.5488956234375 0.7859131546875 0.6423070656250001 0.9502329484375001
0 0.148745609375 0.069972509375 0.1928332234375 0.1699747203125 0.24373599375000002 0.1585153171875 0.1947920671875 0.0602602609375 0.148745609375 0.069972509375
0 0.207424653125 0.061616567187500006 0.24683810624999997 0.1555384625 0.2886223609375 0.14758028437499998 0.24380809218750002 0.05238625 0.207424653125 0.061616567187500006
0 0.1163997765625 0 0.1464402453125 0.06512904375 0.1925444 0.0529374140625 0.16855778593749998 0 0.1163997765625 0
0 0.1750942375 0 0.2045046921875 0.056765948437500005 0.24393445468750002 0.046956196875 0.22406997343750001 0 0.1750942375 0
0 0.55845711875 0.10116065 0.5759016359375 0.1290951859375 0.628139475 0.1122197984375 0.6088501765625 0.08606746562499999 0.55845711875 0.10116065
0 0.48716183593749995 0.272130978125 0.5104095953125001 0.309581853125 0.5841521828125 0.292341859375 0.5569562671875 0.252836390625 0.48716183593749995 0.272130978125
0 0.5283547953125 0.364433878125 0.5062729328125 0.3235531875 0.4558061390625 0.333009028125 0.4740989171875 0.374685965625 0.4851332265625 0.3681120953125 0.48930389218750003 0.369410909375 0.5008547437499999 0.358251875 0.5283547953125 0.364433878125
0 0.7770686140625 0.181242490625 0.707408478125 0.20357209375 0.7246691609375 0.22795862968749997 0.743977690625 0.2207021953125 0.7499352375 0.23327428281249998 0.7309720859375 0.24242039843750002 0.7429353375 0.2654950046875 0.7570711453125 0.26301549999999996 0.773152459375 0.2975749765625 0.83931698125 0.27663943125 0.8042119296875001 0.2062769484375 0.7890841828124999 0.20911384531250002 0.7770686140625 0.181242490625
0 0.9223102437499999 0.6139088375 0.9606589140624999 0.6074069046874999 0.987881115625 0.593827228125 0.9630547484375 0.5414366625 0.9365918984375 0.55937039375 0.8976660265625 0.5536908 0.9223102437499999 0.6139088375
0 0.7235306234375 0.73568003125 0.6587720828125 0.60813615625 0.5863573421875 0.6237928953125 0.6571193609375 0.7540096734375 0.7235306234375 0.73568003125
0 0.5864927109375 0.7676785828125 0.6571193609375 0.7540096734375 0.5863573421875 0.6237928953125 0.514930353125 0.6339886140625001 0.5864927109375 0.7676785828125
0 0.46871601875 0.7997373359375 0.4706795828125 0.7902089078125 0.47692528906250004 0.7824725 0.4265132078125 0.6733373140625 0.37141008750000004 0.69093771875 0.4320681765625 0.8080012484375001 0.46871601875 0.7997373359375
0 0.307668946875 0.6993167312499999 0.36638397500000003 0.8250275874999999 0.3985670640625 0.8219382718749999 0.4320681765625 0.8080012484375001 0.37141008750000004 0.69093771875 0.307668946875 0.6993167312499999
0 0.239576878125 0.7150237781250001 0.3050551921875 0.8486224453125001 0.3381597375 0.8438016640624999 0.36638397500000003 0.8250275874999999 0.307668946875 0.6993167312499999 0.2734817625 0.713676190625 0.239576878125 0.7150237781250001
0 0.437557478125 0.6689771609374999 0.47166970468749997 0.736212646875 0.50403494375 0.7252958578124999 0.512337415625 0.7418920171875001 0.5524880046875 0.7328080265625 0.51267646875 0.652470553125 0.48733724843750004 0.6599847375000001 0.4823358265625 0.6512360937499999 0.45345285156250004 0.6613325640625 0.437557478125 0.6689771609374999
0 0.6137349515625 0.9240750609375 0.5095442140625 0.9561484546875001 0.525488884375 0.9860126875 0.6341238687499999 0.9496457968750001 0.6137349515625 0.9240750609375
0 0.15463125312499998 0.423786865625 0.1319931546875 0.370704396875 0.07022676562499999 0.382283321875 0.093413571875 0.44260737499999997 0.15463125312499998 0.423786865625
0 0.1895582609375 0.8056092406250001 0.2182795890625 0.8024591359375 0.24380048125 0.7871379703125 0.22377381875000002 0.753044984375 0.20009491875 0.763181525 0.169551640625 0.7697743 0.1895582609375 0.8056092406250001
0 0.8288823484375 0.609685546875 0.8768646453125 0.5951586984375 0.8706899890625 0.575184915625 0.8136449671875001 0.590815571875 0.8288823484375 0.609685546875
0 0.786293078125 0.8547766921875001 0.72757285625 0.873708253125 0.743105528125 0.89750078125 0.801825275 0.8785897109375 0.786293078125 0.8547766921875001
0 0 0.49058491875000004 0.012264618750000001 0.5201023171875 0.027908734375 0.5214936734375 0.03952906875 0.5143937171874999 0.021827559375 0.47196529531250003 0.0072238296875 0.47782124687499994 0 0.4784670078125 0 0.49058491875000004
0 0.4988553515625 0.7893685390625 0.5554392109374999 0.772420753125 0.5354921453125 0.736668490625 0.512337415625 0.7418920171875001 0.50933550625 0.737040446875 0.4674410703125 0.7514946734375 0.47692528906250004 0.7824725 0.4988553515625 0.7893685390625
0 0.3496180984375 0.3945533734375 0.36377365625 0.429971778125 0.3805932234375 0.426642165625 0.36914195 0.388611209375 0.3496180984375 0.3945533734375