0 0.8275700453124999 0 0.7960519359375 0.0634186421875 0.8016337046875 0.074599690625 0.814234028125 0.0861266515625 0.8587239328124999 0 0.8275700453124999 0
0 0.7608538421875 0.057344993749999996 0.751567665625 0.039286214062500005 0.7422207890625 0.0387261125 0.7139247281250001 0.089924296875 0.731253103125 0.103607803125 0.7608538421875 0.057344993749999996
0 0.7185492703125 0.1451017671875 0.7257203484375 0.1318292328125 0.7340434421875 0.113894346875 0.6995941203125 0.0856758671875 0.6857255328125 0.1052817609375 0.7185492703125 0.1451017671875
0 0.9961687843749999 0.658530040625 0.9968246328125 0.54579935 0.9364358984375001 0.46537032343750007 0.892385978125 0.5294231078125 0.9857331234375 0.669386740625 0.9961687843749999 0.658530040625
0 0.9747485453125 0.73078659375 0.961296996875 0.716123509375 0.934308165625 0.7128657703125 0.8867414124999999 0.7830142312499999 0.9171898687500001 0.8181050890625 0.9477764203125 0.8006381328125001 0.9621631578125 0.8039137453125 0.9732586234375 0.7804157093749999 0.9650429609375 0.7723025125 0.9816704625 0.76625563125 0.9747485453125 0.73078659375
0 0.8851644890625 0.7759777999999999 0.8926288703124999 0.7727835109375001 0.9297778578125 0.71895461875 0.9064902343749999 0.713034984375 0.8750106171875001 0.7578437874999999 0.8851644890625 0.7759777999999999
0 0.9883278734375001 0.8992629624999999 0.9591040046874999 0.8634539718750001 0.9338870359375001 0.88045908125 0.9698723687499999 0.9215616765625001 0.9883278734375001 0.8992629624999999
0 0.6755047046875 0.8878128140625 0.69793334375 0.8758226656250001 0.70721953125 0.8583395828124999 0.6656820125 0.80272021875 0.6369565781250001 0.8268337812500001 0.6755047046875 0.8878128140625
0 0.709528553125 0.76214398125 0.7054193171875001 0.7290249953125 0.676350959375 0.7174187203125 0.6475004906249999 0.76044728125 0.677935834375 0.7958129671874999 0.709528553125 0.76214398125
0 0.6755146015625 0.976646015625 0.690775578125 0.9591864937500001 0.6993630328125 0.9329267640625 0.670678878125 0.9105854203125 0.6486596515625 0.9460729328124999 0.6755146015625 0.976646015625
0 0.22662978906250003 1 0.21675222968750002 0.9903625843749999 0.22258436406249998 0.9746041218749999 0.1811454109375 0.9230969140624999 0.175276459375 0.9375903234375 0.0501436796875 0.797828903125 0.00760571875 0.8717633421875 0.0087001765625 0.909369796875 0.08268894375 1 0.22662978906250003 1
0 0.054075878125 1 0.0514967359375 0.9763351921875 0.026244967187500003 0.958052921875 0.0109771125 0.98760708125 0.011337782812499999 1 0.054075878125 1
0 0.008597737499999999 0.8695822375000001 0.0421052890625 0.79798291875 0.0068856874999999994 0.73604345 0.0040740421875 0.7504121203125 0.007540859375 0.869534715625 0.008597737499999999 0.8695822375000001
0 0.0105609671875 0.973308015625 0.028507628125 0.942229134375 0.0202900234375 0.930422521875 0.008953243750000001 0.9180653484375 0.0105609671875 0.973308015625
0 0.6900609656250001 0.14689841406249998 0.6847710796875 0.138493115625 0.6710665375 0.1354469546875 0.6542806734375 0.16579193125 0.6737953390625 0.17771065625 0.6900609656250001 0.14689841406249998