0 0.9552628921874999 0.787108003125 0.892893534375 0.7916910484375 0.8911306031249999 0.8202075875 0.8755150359374999 0.821562246875 0.8743759921875001 0.8386022296875 0.8883388453125001 0.8397830468749999 0.88832154375 0.8639861 0.9435171484374999 0.8587060859375001 0.9552628921874999 0.787108003125
0 0.8466153796875 0.74853675 0.70205905625 0.762593478125 0.7004635265625 0.8032826796875 0.703072890625 0.814301565625 0.796089353125 0.8100307609374999 0.799105265625 0.8055129937500001 0.845204646875 0.7804259499999999 0.8466153796875 0.74853675
0 0.8681471421875001 0.9434790515625 0.876127928125 0.8785414375 0.8348229859374999 0.8791150156249999 0.8294531875000001 0.9398491640625 0.8681471421875001 0.9434790515625
0 0.8434645609375 0.9450421734375001 0.8058854249999999 0.9439057453125 0.80868625625 0.982566946875 0.807305171875 0.9952693890625 0.8476057593749999 0.9950349265625 0.8452292312499999 0.9762878625000001 0.8434645609375 0.9450421734375001
0 0.7362595421875 0.9913758843749999 0.748253878125 0.9951324578125 0.7520532875 0.9463941015625 0.7397508765625 0.9445154328124999 0.7185924203125 0.9408861171874999 0.7084802171875 0.9886604625000001 0.7362595421875 0.9913758843749999
0 0.8060539468749999 0.862508296875 0.801337371875 0.8243510765625001 0.734955359375 0.82027654375 0.7358411828125 0.8645529156249999 0.8060539468749999 0.862508296875
0 0.69860856875 0.8642659359374999 0.702278984375 0.8251990109375 0.6651120609375 0.820607515625 0.660272309375 0.860071146875 0.69860856875 0.8642659359374999
0 0.647782315625 0.86256688125 0.654436653125 0.804772496875 0.6276435859375 0.7984684140625 0.6180532859375 0.8596201015625 0.647782315625 0.86256688125
0 0.8068399062499999 0.750826321875 0.8439289437499999 0.746334315625 0.84340425625 0.728531375 0.828366871875 0.7299964531249999 0.826542521875 0.7168848578125 0.8052809171875 0.718461496875 0.8068399062499999 0.750826321875
0 0.398183296875 0.8661585374999999 0.40257380937500004 0.8152978624999999 0.38181823125 0.8120398312500001 0.3793590078125 0.7879896140625 0.40235343593749995 0.7780042515625001 0.399321334375 0.7434452703125001 0.35545419218749996 0.7411937359375 0.350560884375 0.8573153109374999 0.398183296875 0.8661585374999999
0 0.969890140625 0.6979452484374999 0.894359628125 0.70467264375 0.88935476875 0.7297956296875 0.88317743125 0.7284097875 0.8796318828125 0.7480028921875 0.8914602953124999 0.7498091765625 0.8962711578125001 0.7724484406250001 0.9581705453125 0.7693839437500001 0.969890140625 0.6979452484374999