0 0.824288625 0 0.8020350875 0.021350120312500002 0.8129313078125 0.0437031734375 0.8193422015625 0.0431386546875 0.8353265625 0.032168609375000004 0.8569894390625 0.046941671875 0.8700486421875 0.06283760625 0.8851028078125 0.06984588750000001 0.8843520609375 0.089947525 0.91035435625 0.0786240359375 0.9238856078125 0.0449381421875 0.8491460328124999 0 0.824288625 0
0 0 0.26895826093749997 0.19861297656250002 0.39562740937499996 0.646038978125 0.6936215359375 0.686165740625 0.653424334375 0.35854720625000003 0.44776054062500004 0.051192225 0.247923590625 0 0.217396678125 0 0.26895826093749997
0 0 0.5262038890625 0.0040924234375 0.5651406921875 0.047724934375 0.589286478125 0.08605449062500001 0.5667215515625 0 0.5114817406250001 0 0.5262038890625
0 0.45620916874999995 0.7942108453125 0.12065133750000001 0.5905837421875 0.086807190625 0.61381389375 0.4261351515625 0.8225313171874999 0.45620916874999995 0.7942108453125
0 0.1044569 0.577093928125 0.072726778125 0.6013041234375 0.08710396249999999 0.6151816703125 0.12065133750000001 0.5905837421875 0.1044569 0.577093928125
0 0.420848059375 1 0.2439619171875 0.8882379015625 0.21973622656249997 0.904402203125 0.1708667171875 0.8749359953125 0.1061357546875 0.9287360765624999 0.21838756250000002 1 0.420848059375 1
0 0.6830228328125 0.748097575 0.5141518171875 0.9052188250000001 0.5926691953125001 0.9607505140624999 0.6878088015625 0.8780701765625001 0.7645998031250001 0.8046629375000001 0.6830228328125 0.748097575
0 0 0.38895985624999996 0.5507010625000001 0.734900146875 0.5857294453125 0.706299396875 0 0.331360903125 0 0.38895985624999996
0 1 0.9037024828125 0.9673684328125001 0.8849948671875 0.853235365625 0.96562760625 0.9600845171874999 0.9543973078124999 0.9599557515624999 0.9536020625000001 0.9674707687499999 0.9433691703125 0.9954903421875001 0.94042419375 1 0.9422193421875 1 0.9037024828125
0 0.0872237984375 0.8590266921874999 0.030291346875000003 0.8144068062500001 0.0391787875 0.8989651578125001 0.0872237984375 0.8590266921874999
0 0.5018155578125 0 0.47322012343750003 0.0289142546875 0.5248387421875 0.072889978125 0.616204503125 0.0015138671875 0.6146534578125 0 0.5018155578125 0
0 0.7636739218749999 0.10746211875 0.6314118890625 0.011019815625 0.616204503125 0.0015138671875 0.565864253125 0.041035840625 0.7210525359375 0.1574082703125 0.7636739218749999 0.10746211875
0 0.9778482078125 0.849312659375 0.9764188953125 0.8357136515624999 0.95674870625 0.8120313171875001 0.947408846875 0.813012975 0.9381574109375 0.8233627984374999 0.924708171875 0.8420230234374999 0.9015227890625 0.8418805578124999 0.9482077609375 0.87739083125 0.9738479796874999 0.8530556484374999 0.9778482078125 0.849312659375
0 0.6856154421875 0 0.7272510375000001 0.031286834375 0.76114705 0 0.6856154421875 0
0 0.922036996875 0.1217696578125 0.9574877828125 0.09157253125 0.9384322984375 0.0735307546875 0.9014796015625001 0.10316439531249999 0.922036996875 0.1217696578125
0 0.8798207687499999 0.3666981109375 0.913450471875 0.3395559015625 0.8639185375 0.3039951140625 0.8597686453125 0.3187925671875 0.8604186593750001 0.3387032609375 0.8639485578125001 0.35190661562500003 0.8798207687499999 0.3666981109375
0 0.8938316265624999 0 0.9475747999999999 0.054033512500000005 0.955216490625 0.047709485937500004 0.9502020218749999 0 0.8938316265624999 0
0 0.73054014375 0.0272251265625 0.7939854984375 0.080777953125 0.8145311859375 0.0508140234375 0.7590409593749999 0.003070178125 0.73054014375 0.0272251265625
0 0 0.4283235546875 0.502627415625 0.767495075 0.54993520625 0.7353085234375001 0 0.3889747421875 0 0.4283235546875