0 0.5862834968749999 0 0.5851192109375 0.02819085625 0.582713896875 0.03882610625 0.580750684375 0.048186753124999995 0.5848826265625 0.0470923359375 0.593961246875 0.046642659375 0.6025486734375 0.0419905375 0.6126363234375 0.0554050453125 0.6103571375 0.077582203125 0.6411217234375 0.075209265625 0.64113425625 0.0648536921875 0.64187091875 0.0556364078125 0.6424185171875 0.0446272140625 0.646704003125 0.0343836671875 0.6462543265625 0.02530504375 0.646387765625 0.0161582671875 0.64774775625 0.006868125 0.6502337640625 0 0.5862834968749999 0
0 0.41651240156249997 0.15665705937500002 0.416068465625 0.1117052671875 0.37206198281249997 0.1101227953125 0.37151334375 0.1570453734375 0.41651240156249997 0.15665705937500002
0 0.2936666390625 0.260737684375 0.287851153125 0.19354501875000002 0.1963509875 0.184958384375 0.1229965765625 0.17816418125 0.092917734375 0.204365171875 0.09273105781249999 0.49293640937500005 0.1827388359375 0.49503252968749994 0.1987983796875 0.473221740625 0.2789785984375 0.4651748546875 0.2827553703125 0.26992128437499996 0.2936666390625 0.260737684375
0 0.9996975671874999 0.4124048546875 0.9952956093750001 0.3747436921875 0.985262528125 0.2889051984375 0.769556596875 0.29010749062499996 0.774818478125 0.3700017671875 0.7760197062499999 0.40817971562500005 0.9996975671874999 0.4124048546875
0 0.25766215625 0.591976828125 0.2566455515625 0.5473569390625 0.229273375 0.553817425 0.2324856015625 0.5898444015625001 0.25766215625 0.591976828125
0 0.6532880578125 0.5130622828125 0.6540539640625 0.48072827656249995 0.6526532125 0.2913996 0.2827553703125 0.26992128437499996 0.2795904296875 0.3924615296875 0.2860423078125 0.5066013218750001 0.6532880578125 0.5130622828125
0 0.65377715625 0.4399964265625 0.6539234 0.5127434375 0.57287490625 0.5116179546875 0.5758664734375001 0.5485471546875 0.699212059375 0.5549402484375 0.69893081875 0.546779515625 0.69850595 0.5298916499999999 0.697347553125 0.5180627531249999 0.687022271875 0.51865814375 0.6862806453125 0.49836272499999995 0.6835622234375001 0.448948134375 0.683097403125 0.4379961296875 0.6827790796875 0.43823715781250006 0.65377715625 0.4399964265625
0 0.6872468484375001 0.5188357156250001 0.7355385578125 0.5152294328125 0.7358762015625 0.48463719843749997 0.7647882921875 0.481237478125 0.7589545234374999 0.37552477500000003 0.732744396875 0.37797683593750003 0.7299134125 0.21739103750000002 0.6843962609375 0.21474182812499998 0.6644006265625 0.2257209921875 0.6680084734375 0.24525337343750003 0.683097403125 0.4379961296875 0.6872468484375001 0.5188357156250001
0 1 0.41499233281250003 0.9996975671874999 0.4124048546875 0.7772261484375 0.4080387015625 0.7792661390625 0.43804730156250005 1 0.447037378125 1 0.41499233281250003
0 0.8631325000000001 0.08034263281250001 0.860152159375 0.0363599125 0.827250446875 0.0371890203125 0.8296607265624999 0.079607803125 0.8631325000000001 0.08034263281250001
0 0.7164550968750001 0 0.713466059375 0.0381369546875 0.7387298328125 0.0406668265625 0.7451173343749999 0 0.7164550968750001 0
0 0.1489952359375 0.6133405625 0.2324856015625 0.5898444015625001 0.22885294531249997 0.546732828125 0.14292122812500002 0.5596303 0.1489952359375 0.6133405625
0 0.0021612921875 0.1857409578125 0.0058674265625 0.504245471875 0.032695842187500004 0.503663059375 0.057739217187500004 0.48477672343749995 0.058487890625000004 0.462758075 0.047045471875 0.4501337625 0.042576140624999995 0.42340528125 0.0558391875 0.3945838015625 0.047827040625 0.3828833859375 0.0422285609375 0.34632003437500003 0.055008246875 0.32487222656250003 0.0438361046875 0.3082825765625 0.040436120312500004 0.2687310578125 0.0479228609375 0.2525694078125 0.0452618890625 0.189695915625 0.0021612921875 0.1857409578125