0 0.8400901671875 0 0.835436121875 0.0080635390625 0.879124575 0.0207906296875 0.8951922031249999 0 0.8400901671875 0
0 0.5518243968750001 0 0.5190604234375 0.0730914921875 0.539746746875 0.085058046875 0.583364446875 0.0871297078125 0.5904568234375 0.0992613328125 0.6518496375 0.109115465625 0.6972691578125 0 0.5518243968750001 0
0 0.6411358203125 0.1127975171875 0.56999936875 0.09960361250000001 0.55815531875 0.10774227968750001 0.4231862484375 0.07627044375 0.40325767343749996 0.13277851875 0.41384495781249997 0.135952503125 0.42246008125 0.14117520625 0.4072892796875 0.1992983484375 0.478119640625 0.205922321875 0.49396905 0.16279989687500002 0.5189239031249999 0.17371197031250002 0.50722934375 0.22508728281249998 0.5753163046875 0.23373958906249998 0.5924655343749999 0.1980671984375 0.6164844734375 0.14886295624999998 0.6344072828125 0.149808546875 0.6411358203125 0.1127975171875
0 0.8072151171874999 0.1563382484375 0.755095034375 0.1471128484375 0.7435537 0.16784018437499998 0.8022867703125 0.178907684375 0.8072151171874999 0.1563382484375
0 0.75625263125 0.13671729531250001 0.7837682781249999 0.1434220375 0.795071990625 0.105847071875 0.7711799515625 0.095122490625 0.75625263125 0.13671729531250001
0 0.7480750656249999 0.26706154843749996 0.757339696875 0.2440217515625 0.7006607203125 0.21787115468749998 0.6877215671875 0.242967803125 0.7480750656249999 0.26706154843749996
0 0.2411182 0.0589385671875 0.2914334890625 0.0694541296875 0.3022597671875 0.059484184375000006 0.32155183906249996 0.0086632578125 0.2605547171875 0.01185900625 0.2411182 0.0589385671875
0 0.1106088546875 0.019714940625 0.09198584374999999 0.0667518796875 0.128357996875 0.0808147171875 0.1660873625 0.016808321875 0.1106088546875 0.019714940625
0 0.1900275375 0.015554053125 0.1815639703125 0.031986178125 0.22928699687499998 0.047338921875 0.2479759296875 0.0125180328125 0.1900275375 0.015554053125
0 0.884645896875 0.321165990625 0.90622261875 0.3287492890625 0.9161050875000001 0.31897064375 0.9753841359375001 0.330009540625 0.9867229765625 0.30493594218750003 0.98862305 0.3035154078125 0.9827196718750001 0.1768061171875 0.9317818171875001 0.2817137109375 0.8856769421875 0.273247184375 0.8704199875 0.3077666796875 0.8869971640625 0.31289646875 0.884645896875 0.321165990625
0 0.9474050234375 0.09885903124999999 0.8532761890625 0.08293842343749999 0.7799935234375 0.24731333437499997 0.8786740406250001 0.263036 0.9474050234375 0.09885903124999999
0 0.7367812609375 0 0.6586406499999999 0.1665540734375 0.7301434718750001 0.1876116796875 0.80947413125 0 0.7367812609375 0
0 0.8223533046875 0.007452042187500001 0.8100381234375 0.0093941859375 0.772063315625 0.09102330625 0.801910290625 0.10121298906250001 0.8335866796875001 0.0244936359375 0.8223533046875 0.007452042187500001