0 0.3045885015625 0.8928684859375 0.45864084375 0.6670297078125 0.413045684375 0.650478015625 0.3613131203125 0.64055739375 0.22636097031250002 0.8584618703125001 0.3045885015625 0.8928684859375
0 0.15068931562500001 0.8511600859374999 0.113977884375 0.8276378281250001 0.07184021874999999 0.814788296875 0.0092993734375 0.9068145578125 0.10129938125 0.9258345218749999 0.15068931562500001 0.8511600859374999
0 0 0.7773330078125 0.1568980984375 0.8410695890625 0.172870096875 0.8183041484375 0.236187171875 0.8409095296875 0.258713128125 0.801951078125 0 0.687685609375 0 0.7773330078125
0 0.110099328125 0.3837774671875 0.16279174999999999 0.43841924218750006 0.2118303203125 0.41085030624999996 0.1529782015625 0.3639856734375 0.110099328125 0.3837774671875
0 0.89799418125 0.0991152328125 0.8936563140624999 0.08321524687500001 0.8705195828125 0.0773698171875 0.8097498562500001 0.12698768124999998 0.8412812031250001 0.1509658859375 0.89799418125 0.0991152328125
0 0.7125917 0.09700985 0.7332124859375 0.1154352609375 0.7824848453125 0.081143309375 0.7680251171875 0.06399163125 0.7125917 0.09700985
0 0.86179609375 0.24338951718750002 0.8956021375000001 0.26248287187499997 0.91741831875 0.237694875 0.8826511609375001 0.221567209375 0.86179609375 0.24338951718750002
0 0.1458890328125 0.0784996875 0.0881580671875 0.0321839 0.0711937265625 0.1120935421875 0.1458890328125 0.0784996875
0 0.86589785 0.6658976812499999 0.9247690093750001 0.6886239671875 0.9363937921875 0.6662432453125 0.8764368062499999 0.6378045890624999 0.86589785 0.6658976812499999
0 0.7749918250000001 0.788239996875 0.8319364078125 0.8042170796875 0.85034046875 0.7931072453125 0.8614929171875 0.7694118015625 0.7891833687500001 0.7483551281249999 0.7834249484375 0.7647568640625 0.7749918250000001 0.788239996875
0 0.7057017984375 0.995894346875 0.7297676109375 0.9886693781250001 0.732686753125 0.9785626437499999 0.7239307890625 0.962236096875 0.6709851234374999 0.9363755109375 0.6524979 0.9730709234375 0.704349578125 0.9959022140625 0.7057017984375 0.995894346875
0 0.8175436859375 0.8741994890625 0.8170908718750001 0.869149071875 0.765360178125 0.8393352359374999 0.74443445625 0.8659669671874999 0.7958579593749999 0.884630875 0.8175436859375 0.8741994890625
0 0.8392355421875 0.75047101875 0.881438965625 0.761032771875 0.8906985203125 0.7390703375000001 0.8200398609375 0.7134645484375 0.806796890625 0.7327446578125001 0.8392355421875 0.75047101875
0 0.9965339390624999 0.5630609890625 0.9382990140624999 0.5394198968749999 0.9341082359374999 0.5539549953125 0.9929145171875 0.5801100828125 0.9965339390624999 0.5630609890625
0 0.6111109406249999 0.2532355515625 0.6624964109375 0.2754100390625 0.6909405750000001 0.2554222328125 0.6460932406250001 0.22577012500000002 0.6111109406249999 0.2532355515625
0 0.4824683203125 0.4332989859375 0.47919663593750006 0.44871008437500004 0.5227009859375 0.46615723750000004 0.5628424515625 0.42375944531250004 0.419302446875 0.3357532203125 0.3692383828125 0.382207115625 0.4266502421875 0.4147223390625 0.43928387031250005 0.40726569375 0.4824683203125 0.4332989859375