0 0 0.5744044765625 0.0869797546875 0.51573714375 0.08118191875 0.504162940625 0.06954855625 0.4671611453125 0.079148865625 0.43509578437499996 0.10205660624999999 0.440030934375 0.1300459703125 0.4809928859375 0.13493551875 0.47663402968749996 0.12749434531249998 0.46296570781249996 0.1257767390625 0.44810817031249994 0.13952553750000002 0.42448953125 0.162337546875 0.4166616375 0.1755861359375 0.4472389203125 0.339849996875 0.32747875937500004 0.310794853125 0.24720779531249998 0 0.4587971203125 0 0.5744044765625
0 0.8916424781250001 0 0.5929816734375 0.2099664109375 0.6316180546875 0.280713103125 0.9915810796875 0.039946515625 0.99134863125 0 0.8916424781250001 0
0 0 0.4284381703125 0.11232982031250001 0.33549940624999997 0.0663660203125 0.2743214515625 0 0.320082940625 0 0.4284381703125
0 0.0933801953125 0.2620349703125 0.073071065625 0.27582446875 0.1199363609375 0.337014621875 0.1272541828125 0.3294850546875 0.1436885671875 0.3247850671875 0.0933801953125 0.2620349703125
0 0 0.2786129890625 0.0798411078125 0.2184187265625 0.034234803125000005 0.16335154062499999 0 0.1859804125 0 0.2786129890625
0 0 0.14166136093749998 0.1982966625 0.0051890328125 0.08683177656249999 0.0071342656249999995 0 0.062157359375 0 0.14166136093749998
0 0.0690567953125 0.150286375 0.0726081015625 0.1741338 0.0973003953125 0.209120078125 0.32983203437499997 0.055404842187500004 0.41240624531250003 0.0014524953125 0.2687079625 0.003960248437499999 0.0757206 0.12626067968750002 0.0690567953125 0.150286375
0 0.40567184687499996 0.19038725 0.36706435625 0.21681389218749997 0.416771028125 0.27943483125 0.43657452812499997 0.2709611515625 0.43707046250000003 0.238160865625 0.40567184687499996 0.19038725
0 0.437194509375 0.16358148125 0.47391592656250003 0.2150608953125 0.5068106578125 0.22856433125 0.6031982046875 0.15470711406249998 0.5724679234375001 0.1185134265625 0.5355361234375 0.145218071875 0.508443353125 0.1144913484375 0.437194509375 0.16358148125
0 0.43952342968749997 0.169155078125 0.42290271874999996 0.17871840625 0.4430347078125 0.20825382499999998 0.45395671562500006 0.204152803125 0.4588214 0.1955208546875 0.43952342968749997 0.169155078125
0 0.42290271874999996 0.17871840625 0.40903005937500003 0.1921162625 0.42858961406249996 0.2191757625 0.433240328125 0.2180332015625 0.4430347078125 0.20825382499999998 0.42290271874999996 0.17871840625
0 0.49563658593750004 0 0.48015646562500003 0.00027015156249999997 0.4621336828125 0.008628959375 0.10909226718750001 0.247543615625 0.10507038906249999 0.257166390625 0.15279815937500002 0.31903978125 0.1609283765625 0.31465230312500003 0.1682088203125 0.300699134375 0.5871344734374999 0.0202456890625 0.5784788046875 0 0.49563658593750004 0
0 0.26330159218750004 0.9006012562500001 0.2557376703125 0.8879685437499999 0.229462978125 0.8650483765624999 0.22062552656249998 0.8769897156249999 0.0452556578125 0.7589948796875 0.033534189062500004 0.7916838203125 0.0386674234375 0.7960074203125 0.049487793749999995 0.8039466687499999 0.057591278125 0.83184851875 0.17771344375 0.9087146765625 0.18043455625 0.8894782203125 0.1900231078125 0.8812107359375 0.2229861234375 0.8953833359375001 0.22940285624999998 0.924794996875 0.26330159218750004 0.9006012562500001
0 0.6817835828125001 0.9127384656249999 0.690376446875 0.9325316265625 0.7111258265625 0.92432075625 0.7068853453124999 0.9037533468750001 0.6817835828125001 0.9127384656249999
0 0.9009972390625001 0.49153180937499996 0.9938409609375001 0.42830804687499996 0.9934090359375001 0.3540815171875 0.7353344093749999 0.5294769640625 0.6582298093750001 0.586545984375 0.6764579703125 0.6319238781250001 0.6843700187499999 0.6232387484374999 0.68709535625 0.6047284390625001 0.6950392812499999 0.5904564437500001 0.7119534640625 0.5723130109375 0.72520520625 0.5739252296874999 0.734558359375 0.5583996546875001 0.7596704828124999 0.5696367953125 0.8142118171874999 0.5225699875 0.841698875 0.5362236578124999 0.855344084375 0.5243101421875 0.8660705609375 0.49767177812499996 0.867408284375 0.484129565625 0.9009972390625001 0.49153180937499996
0 0.9703155593749999 0.774581409375 0.9910743406250001 0.767069340625 0.9921928328125 0.6709463312499999 0.9409147843750001 0.6902384703125 0.9703155593749999 0.774581409375
0 0.2557376703125 0.8879685437499999 0.273786578125 0.9025410765625 0.28990140625 0.8650550328125 0.46645616093750003 0.75144876875 0.47782965781250003 0.7437925625 0.6764579703125 0.6319238781250001 0.6582298093750001 0.586545984375 0.2334167625 0.843723471875 0.229462978125 0.8650483765624999 0.2557376703125 0.8879685437499999
0 0.8028046671875 0.45436471093749997 0.8125130593750001 0.437184975 0.8196979343749999 0.41049669218749996 0.8565088624999999 0.418345475 0.9932607453125 0.32859761249999997 0.9925846109375 0.212403603125 0.76395126875 0.37214194375 0.8028046671875 0.45436471093749997
0 0.8028046671875 0.45436471093749997 0.76395126875 0.37214194375 0.17406798125 0.74697086875 0.193037528125 0.7795990421875 0.2202452125 0.8226974328125 0.8028046671875 0.45436471093749997
0 0.7314844796875 0.26620556562500003 0.7857498390625001 0.330311115625 0.8043328640625 0.3223335703125 0.9925010203125 0.198038709375 0.991793346875 0.0764247359375 0.7314844796875 0.26620556562500003
0 0.7314844796875 0.26620556562500003 0.070477865625 0.6858768390625001 0.05975662968749999 0.6949741031250001 0.0785252484375 0.7188911421874999 0.114964634375 0.751409959375 0.7857498390625001 0.330311115625 0.7314844796875 0.26620556562500003
0 0 0.6979800359375 0.6316180546875 0.280713103125 0.5929816734375 0.2099664109375 0.0989656390625 0.5284882078125 0 0.5937509671875 0 0.6979800359375
0 0.6796137390625 0 0.549438003125 0.077828034375 0.551833059375 0.098455578125 0.5604043140625 0.11084725937499999 0.5724679234375001 0.1185134265625 0.6031982046875 0.15470711406249998 0.618450328125 0.146005615625 0.6189052703125 0.12460211406249999 0.636897521875 0.09993181718750001 0.662967428125 0.09503574218750001 0.67786099375 0.1206125046875 0.689634134375 0.10049185468749999 0.827228865625 0 0.6796137390625 0