0 0.639188590625 0.6392580140625 0.6981957703125 0.6533794015625001 0.7044400000000001 0.6194946390625 0.6434110625 0.599883640625 0.639188590625 0.6392580140625
0 0.14099061562499998 0.18187279218750002 0.1862721625 0.2063144703125 0.1945161859375 0.17792359687499998 0.1509072515625 0.1572767921875 0.14099061562499998 0.18187279218750002
0 0.178358215625 0.05328299843749999 0.178228803125 0.055070968750000004 0.23333060312499998 0.0860469578125 0.2499193 0.0393414 0.178358215625 0.05328299843749999
0 0.9800825328125 0.32965507656250004 0.932989740625 0.31382835 0.9263098765625 0.3483703078125 0.9884445671875 0.3702442578125 0.9800825328125 0.32965507656250004
0 0.6166032625 0.531070525 0.6353785015625 0.5379434765625 0.63828388125 0.5243284609375001 0.620651975 0.5174616921874999 0.6166032625 0.531070525
0 0.41066061875 0.6970121828125 0.41078838749999996 0.6497362203125 0.40385551406250003 0.6387017968750001 0.38521641406249996 0.6360375203124999 0.38338163125 0.6803494578125 0.41066061875 0.6970121828125
0 0.6181245953125 0 0.6113435671875 0.0218111171875 0.67738345 0.045344973437500005 0.666680890625 0.022110440624999998 0.671002903125 0.008608615625 0.6849157640625 0 0.6181245953125 0
0 0.475782259375 0 0.4762856203125 0.007740053125 0.49771997656250005 0.018650653125 0.50983461875 0.02290653125 0.5194066734375 0.034777470312499996 0.5369085078125 0.0412346140625 0.5445465078125 0.0383958859375 0.545876775 0 0.475782259375 0
0 0.693262571875 0.2812996875 0.6841308374999999 0.329551453125 0.7120564078125 0.3405938984375 0.71892575625 0.2941106859375 0.7063496953125 0.2906085953125 0.7028806984375 0.280089771875 0.693262571875 0.2812996875
0 0.6061057015625 0.3077115734375 0.6102613953125 0.33176371250000003 0.6613238781249999 0.35455260625 0.66107281875 0.3078769828125 0.6166811156249999 0.29640250625000003 0.6061057015625 0.3077115734375
0 0.5274750218750001 0.28537155625 0.563179159375 0.294257571875 0.5686098234375 0.2631868921875 0.53181834375 0.250575125 0.5274750218750001 0.28537155625
0 0.5228982546875 0.24242318593749998 0.5597258546874999 0.2594233640625 0.5676271734375 0.23602124375 0.5368942 0.22254965468750001 0.5228982546875 0.24242318593749998
0 0.4912385140625 0.22700310468749998 0.526369296875 0.236321321875 0.53768545 0.20344013125 0.4997073515625 0.1930512296875 0.4912385140625 0.22700310468749998
0 0.5206306625 0.1197695078125 0.5177130234375 0.168138428125 0.543628553125 0.1861656453125 0.5476973859375 0.1447150515625 0.539614696875 0.1347516765625 0.5351668390625 0.12380544375 0.5206306625 0.1197695078125
0 0.47320903124999997 0.10755753125 0.4631711125 0.1783522625 0.4840056953125 0.1875711671875 0.49247990625 0.11140362343750002 0.47320903124999997 0.10755753125
0 0.1613945953125 0.1523033390625 0.17361852656250001 0.11196532968749999 0.169050225 0.07249504062499999 0.16413723593750001 0.06594330312499999 0.15524385937500002 0.0649058703125 0.13974382968750002 0.1391227109375 0.1613945953125 0.1523033390625
0 0.0017353750000000002 0.1491377875 0.002616878125 0.22489392656249999 0.1074001078125 0.2829190703125 0.12227142499999999 0.24755960781250003 0.1255974296875 0.2195774359375 0.0017353750000000002 0.1491377875
0 0.10722224843749999 0.2903710421875 0.0026602234375 0.22861898281249998 0.0035744578125 0.307188128125 0.0906810078125 0.3590903828125 0.10722224843749999 0.2903710421875
0 0.09203474687499999 0.3688766578125 0.0036402531250000003 0.3128426109375 0.0042901250000000005 0.3686924609375 0.0818401359375 0.41662581093749995 0.09203474687499999 0.3688766578125
0 0.0818854796875 0.41684590468750005 0.004294639062499999 0.3690804390625 0.0049954515625 0.429308021875 0.06873172968749999 0.4667511765625 0.0818854796875 0.41684590468750005
0 0.225140375 0.37801690625 0.110252665625 0.316611203125 0.0987806453125 0.33010952968749996 0.096236790625 0.3657687140625 0.21695605312500002 0.431532621875 0.225140375 0.37801690625
0 0.080042465625 0.41887615 0.20655181250000001 0.48092512187500003 0.2161134875 0.4311015546875 0.09559632031250001 0.36742732031249997 0.080042465625 0.41887615
0 0.29153283281250003 1 0.18248459687500002 0.9461745140625 0.1702468390625 1 0.29153283281250003 1
0 0.381822346875 1 0.3839443859375 0.9550469296875 0.20232372187499997 0.8611996749999999 0.18534252812500002 0.937650978125 0.312827784375 1 0.381822346875 1
0 0.19924895 0.85325963125 0.3854940609375 0.946160159375 0.4008097140625 0.8748179671875 0.211798534375 0.7783584859375 0.19924895 0.85325963125
0 0.45264363906250005 0.8654293140625 0.46312474843749996 0.8093142 0.4379362890625 0.7908248328124999 0.4340119984375 0.8611381843749999 0.45264363906250005 0.8654293140625
0 0.4519668484375 0.874672565625 0.4794069828125 0.8840239328124999 0.4833435125 0.8573421828125 0.45377237968750006 0.84684925625 0.4519668484375 0.874672565625
0 0.474826040625 0.7598979359375 0.47011891875 0.8280745015625 0.4866625078125 0.8317651375 0.49089716250000004 0.7597430296875001 0.474826040625 0.7598979359375
0 0.4199321140625 0.5998796109375 0.40926513125 0.5957766624999999 0.401733184375 0.6290652609375 0.415550984375 0.6307229265625 0.4229487609375 0.6111962453124999 0.4199321140625 0.5998796109375
0 0.45960399374999994 0.61605095 0.4314411359375 0.6057415203125001 0.42652826875 0.6218080046875001 0.454545346875 0.63695335625 0.45960399374999994 0.61605095
0 0.48491044375000003 0.48965066874999996 0.4704882421875 0.5018007453125 0.46134601562500005 0.5497798375 0.4882380234375 0.5551401515625 0.4957526234375 0.5197716765625 0.48491044375000003 0.48965066874999996
0 0.527183053125 0.4814150796875 0.5027330390625 0.47770805781250003 0.4989403390625 0.5331382421875 0.536805184375 0.546525290625 0.5427262234375 0.4932215828125 0.527183053125 0.4814150796875
0 0.6781899218749999 0.5209035890625 0.6574557578125 0.5200439453125 0.660743690625 0.5537428296875 0.6811398375 0.5554009015625 0.6781899218749999 0.5209035890625
0 0.6364403984375 0.603965934375 0.5806229609375 0.6000057015625 0.5769486171875 0.610886015625 0.5798289859375 0.6412761437500001 0.63080206875 0.654650553125 0.6364403984375 0.603965934375
0 0.6723444484375001 0.5898742546875 0.7393930296875 0.607328103125 0.73896759375 0.5707822499999999 0.6849559671875001 0.5574045937500001 0.6723444484375001 0.5898742546875
0 0.987579671875 0.6983255984375 0.9786282937499999 0.6583127531249999 0.7525508171874999 0.5969124046875 0.7466592140625 0.6676548140625 0.973020109375 0.7265504015625 0.987579671875 0.6983255984375