0 0.44720120156250004 0.10012776875 0.1763321015625 0.26143958437500003 0.230577415625 0.305279390625 0.49550229218749997 0.14329161875000002 0.44720120156250004 0.10012776875
0 0.9313872046875 0.055513623437500006 0.6465474703125 0.22463355625 0.69996208125 0.261770734375 0.9740250453125 0.10662056875 0.9313872046875 0.055513623437500006
0 0.5966591625000001 0.1857382109375 0.6465474703125 0.22463355625 0.9121983406249999 0.069002859375 0.8674729781250001 0.024287157812499998 0.5966591625000001 0.1857382109375
0 0.1261793234375 0.0429169515625 0.1528888765625 0.0627461140625 0.17409878437499998 0.0400246875 0.145837715625 0.02122570625 0.1261793234375 0.0429169515625
0 0.5240352109375 0.129138215625 0.5737867265625 0.1695986875 0.6176323109374999 0.1387135875 0.5697876765625 0.0918706796875 0.5240352109375 0.129138215625
0 0.8145083812499999 0.0563486515625 0.7802970828125 0.0243367625 0.6864824140625 0.0828515875 0.71783215625 0.1139036828125 0.722874509375 0.1102348671875 0.8145083812499999 0.0563486515625
0 0.23174764374999998 0 0.2604759234375 0.0187577546875 0.28393328125 0 0.23174764374999998 0
0 0.07545855312500001 0.0392722140625 0.1061830546875 0.06075635 0.12709647500000001 0.0403981953125 0.0963086 0.019381903125 0.07545855312500001 0.0392722140625
0 0.6362394015625 0.23195424375 0.3667970453125 0.39494978281250004 0.41060708906250004 0.43135843124999995 0.68052685 0.26547317187499997 0.6362394015625 0.23195424375
0 0.3072536359375 0.35538959375 0.35461879218750003 0.3943411328125 0.6234784531249999 0.23132389999999997 0.5740309875 0.1907289421875 0.3072536359375 0.35538959375
0 0.2516223421875 0.309914171875 0.29376839062500004 0.3506980359375 0.5643446390625 0.1922224171875 0.5226709515625 0.147062978125 0.2516223421875 0.309914171875
0 0.1763321015625 0.26143958437500003 0.46520013125000004 0.0889340328125 0.4357032203125 0.06189371406250001 0.41086082656249995 0.053887401562500006 0.1323936703125 0.2290724890625 0.1763321015625 0.26143958437500003