0 0.8645091515625 0.9987432 0.8486550953125 0.9463983296875 0.8036905203125 0.9754943203125 0.8112771546875001 0.9993626734375001 0.8645091515625 0.9987432
0 0.5069998531250001 0.17916705 0.4920909578125 0.13300870625 0.098399625 0.4246210796875 0.1049551125 0.453737271875 0.063185003125 0.4834372109375 0.092202571875 0.5715318 0.458663365625 0.2770734375 0.44428981562500003 0.2211851625 0.5069998531250001 0.17916705
0 0 0.50436344375 0.0010227734375 0.56296404375 0.07268274531249999 0.508501459375 0.063185003125 0.4834372109375 0.1049551125 0.453737271875 0.098399625 0.4246210796875 0.4920909578125 0.13300870625 0.5069998531250001 0.17916705 0.44428981562500003 0.2211851625 0.4586559078125 0.276646109375 0.5067904875 0.456113375 0.56969369375 0.4251630796875 0.5682678078125 0.40100932499999997 0.5850643546875001 0.382691440625 0.5929605671875 0.373538340625 0.5854360125 0.3464422796875 0.5846100062499999 0.2991156203125 0.57886509375 0.2588985640625 0.572260115625 0.2257225 0.5739696515625 0.2085846140625 0.5855485890625001 0.1802618125 0.6096586203125 0.1769465890625 0.6539860109375 0.17745653749999998 0.6467096765625 0.1070390234375 0.611931409375 0.0035601124999999996 0.49563658750000006 0.0028835296874999998 0.377282171875 0.0042608484375 0.258746121875 0.091401203125 0.2159918921875 0.06471511875 0.19134153125 0.00642468125 0.1838880484375 0.0065114203125 0.1260171328125 0.0456095328125 0.1511291859375 0.0997059234375 0.094605825 0.1497088203125 0.067028709375 0.06946191562500001 0 0.118737140625 0 0.50436344375
0 0.4778937671875 1 0.4109487265625 0.7926002999999999 0.42590670781249995 0.784027515625 0.3977113046875 0.7063095578125 0.3818547484375 0.712371046875 0.36503841875 0.66221719375 0.374881340625 0.6495152609375 0.3422571578125 0.5592400843750001 0.32477009687499997 0.5661540109375001 0.30893352812499997 0.524387471875 0.21359473593749997 0.5909556375 0.1759107203125 0.596437678125 0.13375439375 0.6321686718749999 0.1978987109375 0.798434825 0.2129741609375 0.7965924671875 0.28917670625 1 0.4778937671875 1
0 0.46033123906249995 0.7546267656250001 0.42609104531249997 0.6623615421875 0.394217678125 0.6726484984375001 0.4320936234375 0.7724366687499999 0.46033123906249995 0.7546267656250001
0 0.763770815625 0.9043026640624999 0.691280690625 0.6944945062500001 0.604103865625 0.74754684375 0.6740665578125 0.9582392437499999 0.763770815625 0.9043026640624999
0 0.6876988796875 0.4635608390625 0.68749415 0.4518306640625 0.6885355234375 0.4417101703125 0.6871976828124999 0.434844346875 0.6155 0.477351725 0.6321145718750001 0.5245160156249999 0.6929584 0.486986115625 0.688722909375 0.4757088953125 0.6876988796875 0.4635608390625
0 0.14666975 1 0.054498598437500004 0.6836115046875 0.0254808375 0.703247003125 0.1089914890625 1 0.14666975 1
0 0.09420919062500001 1 0.0047329234375 0.714323434375 0.003675690625 0.7149650375000001 0.008650490625 1 0.09420919062500001 1
0 0.5801973578124999 0.6241737374999999 0.540479546875 0.4910899640625 0.520411284375 0.509274953125 0.5479050828124999 0.58229950625 0.557770265625 0.6186218765625 0.564343834375 0.6340819328125 0.57078624375 0.6408028671875 0.5801973578124999 0.6241737374999999
0 0.756510959375 1 0.767594590625 0.9998710171875 0.7441819390625 0.9266921187499999 0.6904117624999999 0.9618102875 0.7030766078124999 1 0.756510959375 1