0 0.8924258281249999 0.99480801875 0.9270403421875001 0.9946066374999999 0.9385989562500001 0.921561178125 0.8793931109375 0.8862269703125 0.8501365109375 0.9673462046875001 0.8924258281249999 0.99480801875
0 0.8432602234375001 0.45783985156250007 0.8768323046875001 0.383417484375 0.572233878125 0.190955728125 0.542430175 0.270515925 0.8432602234375001 0.45783985156250007
0 0.94064255625 0.14714193125 0.791144453125 0.0352774453125 0.7357455453124999 0.026825421874999998 0.6977033609375 0.11697863125 0.9062262234375 0.268608196875 0.9530734656250001 0.15816428124999998 0.94064255625 0.14714193125
0 0.2895964875 0.77342918125 0.3178132109375 0.695011625 0.0808105078125 0.5430550640625 0.045109781249999995 0.6227598203125 0.2895964875 0.77342918125
0 0 0.5927467296875 0.0169418234375 0.6039790859374999 0.048272123437499995 0.527671028125 0 0.49665051875 0 0.5927467296875
0 0.21611666562499998 0 0.1914628203125 0.055906348437499996 0.2946173828125 0.11607016875000001 0.322840234375 0.044350346875 0.23802127031250003 0 0.21611666562499998 0
0 0.22653285312500002 0.3594346546875 0.29507285625 0.40457871562500003 0.3136750578125 0.40741679062499997 0.3546356609375 0.2997750359375 0.2945361203125 0.2690852921875 0.2690342640625 0.32532954062499997 0.245123675 0.3128962921875 0.22653285312500002 0.3594346546875
0 0.353557359375 0.436588428125 0.3974817390625 0.3225431390625 0.3490484109375 0.320034546875 0.3127968765625 0.4132531765625 0.353557359375 0.436588428125
0 0 0.872894925 0.015218367187500002 0.8810317031249999 0.029671292187499997 0.84158038125 0 0.8254922703125 0 0.872894925
0 0.1528137234375 0.8953954656249999 0.174682553125 0.8434776562499999 0.171234865625 0.8282867984375001 0.1627034890625 0.8235800453125 0.1458549765625 0.8219856671875 0.1237005953125 0.8787179296875 0.1528137234375 0.8953954656249999
0 0.034332534375 0.2436823171875 0.047738459375 0.2491162984375 0.11772540312499999 0.0592305296875 0.06745251875 0.0343782734375 0.034332534375 0.2436823171875
0 0.56901824375 0.0013884015625 0.561189509375 0.027412510937500002 0.6131053328125 0.057648228125 0.6291042078125 0.0105555125 0.56901824375 0.0013884015625
0 0.6856735609375 0.0191861078125 0.640769475 0.12089148281249999 0.6298473578125 0.1259900328125 0.6288765421875 0.142731471875 0.6803011203125 0.191121153125 0.7109116984375 0.12566787968749998 0.6977033609375 0.11697863125 0.7357455453124999 0.026825421874999998 0.6856735609375 0.0191861078125
0 0.5326089796875 0 0.517882178125 0.035651721875 0.5505720796875 0.0583912984375 0.561189509375 0.027412510937500002 0.5694226578125 0.0014501015625 0.559917946875 0 0.5326089796875 0
0 0.4473833734375 0 0.44564959843749996 0.00481345625 0.468506078125 0.020468334375 0.472561046875 0.03325473125 0.479996978125 0.037431140625 0.492343825 0.0170224640625 0.4996589953125 0 0.4473833734375 0
0 0.779628796875 0.712621309375 0.7837611046874999 0.6733206796875 0.6972185359374999 0.6096528250000001 0.723747009375 0.46866341875 0.531567684375 0.382590740625 0.44141629218749995 0.6336893546875 0.4991489609375 0.68034001875 0.46509230468749996 0.7760274046875 0.731940375 0.9344442578125 0.8007711484375 0.7515783171875 0.779628796875 0.712621309375
0 0.4606491453125 0.997320021875 0.6523156718750001 0.9962049390625 0.43269304374999995 0.8573709062500001 0.3982098875 0.9088851578125 0.372930065625 0.9839370187500001 0.4606491453125 0.997320021875
0 0.0966553859375 0 0.1914628203125 0.055906348437499996 0.211062753125 0 0.0966553859375 0