0 0.0281515265625 0.6645742921875 0.543178203125 0.5149407390625 0.51396455625 0.4608909625 0.0071684437500000005 0.6160544890625 0.0072596015625 0.6238886828125 0.0281515265625 0.6645742921875
0 0.0693599015625 0.7277467109375 0.584205459375 0.5812215875 0.5541295468749999 0.5239965468750001 0.04203144375 0.6769377265625 0.0693599015625 0.7277467109375
0 0.199373790625 0.73607499375 0.6092521609375 0.6172695203125 0.596139415625 0.5913871921875 0.18991648125 0.70102566875 0.199373790625 0.73607499375
0 0.670774934375 0.4928580765625 0.5567743765625 0.317545903125 0.5059398265625 0.34768626875 0.619402428125 0.514609684375 0.670774934375 0.4928580765625
0 0.02974751875 0.733748303125 0.008106646875 0.6966835875 0.008655818749999999 0.74387928125 0.02974751875 0.733748303125
0 0.00920563125 0.791129984375 0.050095401562499996 0.77889639375 0.034593225 0.7580747453125001 0.008932237499999999 0.7676346734374999 0.00920563125 0.791129984375
0 0.0851528859375 0.7728288203125 0.1304742921875 0.7566012421874999 0.117086859375 0.7322613328124999 0.07163458125 0.7510873984375 0.0851528859375 0.7728288203125
0 0.8524589125 0.3738858671875 0.9153277125000001 0.352542253125 0.8957677578125001 0.3047967109375 0.8157611156250001 0.3298662625 0.8286271890625001 0.3578675515625 0.8384383124999999 0.3554786203125 0.8524589125 0.3738858671875
0 0.8605123765625 0.303687846875 0.8819729031250001 0.298021940625 0.8465894875 0.23990270156250001 0.8265926453124999 0.246175528125 0.8605123765625 0.303687846875
0 0.0060783359375 0.5223709265625 0.41970605 0.3943408453125 0.4088623828125 0.36546330625 0.005659153125 0.48634639843749994 0.0060783359375 0.5223709265625
0 0.006917121875 0.5944559500000001 0.4940662203125 0.44397512031249997 0.46651514218749995 0.3973392890625 0.0062680484375 0.5386747484375001 0.006917121875 0.5944559500000001