0 0.0977436828125 0.5435344843750001 0.10647205625 0.554674209375 0.11726536406250002 0.55427816875 0.1477825671875 0.4824200203125 0.1313170390625 0.4735113484375 0.0977436828125 0.5435344843750001
0 0.1565580546875 0.382781528125 0.1801390390625 0.3273625140625 0.1494379390625 0.3107984765625 0.130514678125 0.3612855046875 0.1565580546875 0.382781528125
0 0.1605459625 0.262907171875 0.181887440625 0.18907757812499998 0.1622522171875 0.1743214484375 0.133938571875 0.250713846875 0.1605459625 0.262907171875
0 0.17173516718749998 0.22753527812500002 0.184149396875 0.233191809375 0.19057830625 0.2061435140625 0.1796841796875 0.20129921875 0.17173516718749998 0.22753527812500002
0 0.2660715375 0.041760928125 0.269873171875 0.0164467109375 0.22276602968749998 0.01946793125 0.21971409375 0.045961140625 0.2550076796875 0.06371158906249999 0.2660715375 0.041760928125
0 0.097290296875 0.6076253046875 0.07949682031250001 0.59541676875 0.067096615625 0.6256829984375 0.0711301390625 0.63316756875 0.0676805421875 0.64288805625 0.0584708140625 0.6466098796875 0.0491657640625 0.667220665625 0.0572999734375 0.677213734375 0.06629368125 0.678456378125 0.097290296875 0.6076253046875
0 1 0.9239846515625001 0.8891417578125 0.7703507890625 0.8623590374999999 0.7926960453125 0.8501504125 0.8238174015625 0.953445225 0.9754217031250001 1 0.9724359093749999 1 0.9239846515625001
0 0.8144330312499999 0.8853462109375 0.8812136359375 0.9800542828125 0.953445225 0.9754217031250001 0.8501504125 0.8238174015625 0.8354216328125 0.8456646109375001 0.8144330312499999 0.8853462109375
0 0.3250205609375 0.713125 0.3142727125 0.7247310437500001 0.3219478484375 0.7300568234375 0.49074811250000006 0.8750057796874999 0.506262359375 0.8398007843749999 0.3360647359375 0.6956607671875 0.3250205609375 0.713125
0 0.506262359375 0.8398007843749999 0.522584640625 0.8054960093749999 0.47843983906250004 0.7693993625 0.3435299625 0.65521744375 0.33122646875 0.6929033859375 0.3360647359375 0.6956607671875 0.506262359375 0.8398007843749999
0 0.3442862140625 0.61215786875 0.3326340671875 0.6405778234375 0.3435299625 0.65521744375 0.4659375453125 0.75867093125 0.47788920625 0.7244348984375 0.3442862140625 0.61215786875
0 0.362308846875 0.5695988046875 0.35321551093750003 0.5762539109375 0.3442862140625 0.61215786875 0.47788920625 0.7244348984375 0.4861820984375 0.7314982015625 0.501730978125 0.69004983125 0.362308846875 0.5695988046875
0 0.362308846875 0.5695988046875 0.501730978125 0.69004983125 0.51644359375 0.655425159375 0.356993275 0.5228454515625 0.335345815625 0.525905175 0.3301908203125 0.546884490625 0.3401430359375 0.5504563375 0.362308846875 0.5695988046875
0 0.35862451875 0.49999764375 0.356231296875 0.5127815359375 0.356993275 0.5228454515625 0.5137488890624999 0.6530592125 0.5186691390625 0.62367468125 0.3696874203125 0.495903090625 0.35862451875 0.49999764375
0 0.3696874203125 0.495903090625 0.5186691390625 0.62367468125 0.5317363453125 0.5860243875 0.3934543953125 0.467510096875 0.379277715625 0.4734757125 0.37086865156250004 0.4760460484375 0.3669072375 0.49045378125 0.3696874203125 0.495903090625
0 0.4943223234375 0.7390578921875 0.615329671875 0.84300315625 0.6309961093750001 0.8162298265624999 0.5115297796875 0.706113828125 0.49998041562499995 0.706854546875 0.491142575 0.72358489375 0.489190403125 0.7313052625 0.4943223234375 0.7390578921875
0 0.615329671875 0.84300315625 0.4943223234375 0.7390578921875 0.48610063593749997 0.7390774359375001 0.47822890625000003 0.7557246656250001 0.47843983906250004 0.7693993625 0.522584640625 0.8054960093749999 0.6042931359375 0.8778786593750001 0.6153320671875 0.8522483734374999 0.615329671875 0.84300315625
0 0.5036733625 0.1860631390625 0.4888831890625 0.21491707187500003 0.4860004625 0.23268296875 0.5522373609375 0.28303966875 0.5693658562499999 0.2370471375 0.5036733625 0.1860631390625
0 0.584690121875 0.2548935578125 0.5748292187499999 0.2776556390625 0.5690811296875 0.303644759375 0.615926309375 0.3385527046875 0.627248178125 0.2890186375 0.584690121875 0.2548935578125
0 0.5188384078125 0.1945474640625 0.6590012296875 0.311100509375 0.6805871031249999 0.2684187 0.534164690625 0.146808746875 0.5188384078125 0.1945474640625
0 0.5193668875 0.03344948125 0.4878045359375 0.0881533078125 0.49563123593749997 0.102460859375 0.6555518140625 0.24125156250000002 0.671568440625 0.20821461874999997 0.6842082890625 0.17497111875 0.5193668875 0.03344948125
0 0.537304440625 0.010148246875 0.5440013890625 0.0176312515625 0.5569584296875 0.022639434375 0.5647134203124999 0.00328540625 0.5396523984375 0.0031396062500000004 0.537304440625 0.010148246875
0 0.0915537421875 0.0278832421875 0.1265393125 0.0575010578125 0.1361989953125 0.0250199140625 0.0915537421875 0.0278832421875
0 0.1265393125 0.0575010578125 0.0917284234375 0.027872037500000002 0.050248503124999996 0.030532356249999996 0.11215009843749998 0.085229140625 0.1265393125 0.0575010578125
0 0.11215009843749998 0.085229140625 0.050248503124999996 0.030532356249999996 0.0080779484375 0.03323696875 0.098982078125 0.11763910156249999 0.11215009843749998 0.085229140625
0 0.08956691875 0.1482427953125 0.098982078125 0.11763910156249999 0.0080779484375 0.03323696875 0.0001963078125 0.0337424578125 0.00037395 0.06427647656249999 0.08956691875 0.1482427953125
0 0.000662834375 0.1139316484375 0.0728605109375 0.18026615625 0.08956691875 0.1482427953125 0.00037395 0.06427647656249999 0.000662834375 0.1139316484375
0 0.0915416484375 0.9248119000000001 0.11388412968749999 0.8770463265625 0.072092271875 0.8393601359374999 0.0534141015625 0.870748321875 0.051833025 0.9006803265625001 0.0683216625 0.9006806484375 0.0791740265625 0.9052525875 0.0915416484375 0.9248119000000001
0 0.1100155375 0.7519636046875 0.13617956250000002 0.7825914765624999 0.148759746875 0.781784646875 0.170359321875 0.756873378125 0.1298972421875 0.71804408125 0.1100155375 0.7519636046875
0 0.257284778125 0.69015625625 0.281038121875 0.6481816921875 0.2464720390625 0.6196582625 0.2269991265625 0.66260653125 0.257284778125 0.69015625625
0 0.296713515625 0.60505385 0.30421820781250003 0.6151084499999999 0.31709457812499997 0.6184927578125 0.328352940625 0.6005070359375 0.33953927031250003 0.5648179796874999 0.3167901921875 0.5477439390625001 0.296713515625 0.60505385
0 0.2701375953125 0.5879713671875 0.257310625 0.6022706875 0.2589140890625 0.6122806328125 0.282831340625 0.6280315234375 0.2962236984375 0.6103109078125 0.2701375953125 0.5879713671875
0 0.22015608750000001 0.5775310203124999 0.2328479625 0.548325065625 0.19301991875 0.5125651 0.1876552453125 0.5187695015625 0.18213232968749998 0.534610240625 0.1960710578125 0.53722825 0.20424946562500002 0.5411042703125 0.1974742515625 0.55966988125 0.22015608750000001 0.5775310203124999
0 0.25703096875 0.470145409375 0.260662115625 0.45305083125 0.2326805265625 0.4355507453125 0.213426084375 0.450114196875 0.21291065781250001 0.4849073078125 0.2642921203125 0.5149545265625 0.28309486875 0.4807445421875 0.27031757343749996 0.47420156875 0.25703096875 0.470145409375
0 0.25916418281250003 0.3548117 0.2406910484375 0.3908623140625 0.23074865625 0.41980730624999996 0.290901190625 0.4604414421875 0.3261912640625 0.4061120765625 0.25916418281250003 0.3548117
0 0.30791991875 0.28233389062500003 0.2923381484375 0.284539146875 0.28235395625000004 0.32884640625 0.35813894375 0.385255021875 0.37412823125 0.3563241828125 0.3439451953125 0.3097482265625 0.30791991875 0.28233389062500003
0 0.3242705140625 0.2629214421875 0.30791991875 0.28233389062500003 0.3381627203125 0.30205847656249996 0.35181133125 0.2653864015625 0.3375211984375 0.2544975984375 0.3242705140625 0.2629214421875
0 0.45611602187500006 0.21797063749999998 0.44578405937500004 0.2252975609375 0.44399813593750004 0.2433104625 0.484831153125 0.277546175 0.4979604859375 0.2563516171875 0.45611602187500006 0.21797063749999998
0 0.3830778140625 0.1168726765625 0.3709853015625 0.117140475 0.36965120156250003 0.1263233125 0.344046434375 0.141611390625 0.3416551671875 0.15693393125 0.384847890625 0.1935782375 0.4178507515625 0.1626465046875 0.419281215625 0.1413348375 0.3830778140625 0.1168726765625
0 0.41536482656249996 0.070902303125 0.39000385 0.11928459531249999 0.419281215625 0.1413348375 0.44451280625 0.094314859375 0.4374127171875 0.07285213593749999 0.41536482656249996 0.070902303125
0 0.3830778140625 0.1168726765625 0.39000385 0.11928459531249999 0.41536482656249996 0.070902303125 0.41327388593750003 0.0541747109375 0.3821152671875 0.0485990625 0.364095871875 0.09399288125000001 0.3711493203125 0.10953478750000001 0.3830778140625 0.1168726765625
0 0.44230461718749997 0.15198087968750001 0.4513323140625 0.164561203125 0.4639491609375 0.16423861875 0.48664992500000004 0.1172963265625 0.46037835312500003 0.0972535765625 0.44230461718749997 0.15198087968750001
0 0.44096179687500003 0.011397737500000001 0.42566986250000005 0.019106240625 0.4225560671875 0.038008248437499996 0.453846378125 0.0643087765625 0.46699749218750003 0.031117110937499998 0.44096179687500003 0.011397737500000001
0 0.43739452968750003 0.005702717187499999 0.44096179687500003 0.011397737500000001 0.46699749218750003 0.031117110937499998 0.4832376 0.036210921875 0.4808534953125 0.0239873 0.466170184375 0.0038571875 0.43739452968750003 0.005702717187499999
0 0.0124342921875 0.5581665515625 0.038657375 0.5044186984375 0.013003875000000002 0.48583841874999995 0.011796303125000001 0.4763108359375 0.0027154484375 0.46674599843750003 0.003010496875 0.5174603921875 0.005952315625 0.5563148328125 0.0124342921875 0.5581665515625
0 0.0136922734375 0.624199790625 0.011395326562499999 0.628204075 0.014919557812500001 0.6747508 0.026818917187500003 0.6308896093749999 0.0136922734375 0.624199790625
0 0.2602857 1 0.129275146875 0.8846064312499999 0.1073083265625 0.9066216609375 0.10547373906249999 0.9304133953125 0.099119440625 0.958726290625 0.1444230140625 1 0.2602857 1