0 0.4519439125 0.6635821984375 0.451306721875 0.68223759375 0.4789794703125 0.6788243109375001 0.48040605156250005 0.6594368 0.4519439125 0.6635821984375
0 0.7760506656249999 0.8753347046875 0.8015109499999999 0.9579788 0.8309988890625 0.9489713859375 0.86083525625 0.9432770125 0.874096259375 0.9394212171874999 0.907107440625 0.9405292671875 0.8752172125 0.8557408593750001 0.7760506656249999 0.8753347046875
0 0.39652694843749997 0.7223464640625 0.39666278906249997 0.7475550453124999 0.474783315625 0.7345927109375 0.47215447031249996 0.7095962046875 0.39652694843749997 0.7223464640625
0 0.8345501437499999 0.7773187874999999 0.86449244375 0.76439363125 0.914040421875 0.767814034375 0.934079403125 0.788279659375 0.9849951703125001 0.77919434375 0.964206153125 0.717581775 0.9346761484374999 0.7174196687500001 0.9155323828125 0.7394814203125 0.86459784375 0.7313806421875 0.769222840625 0.7426473625 0.78130564375 0.7639955046875 0.79794040625 0.8033804796874999 0.82902403125 0.8013076734375 0.8345501437499999 0.7773187874999999
0 0.5034112546875 0.6525664843750001 0.49673650937499997 0.6752003015625 0.5692319828125 0.66748123125 0.5678215859375 0.65008425 0.5034112546875 0.6525664843750001
0 0.6584547484375001 0.6917889265625 0.6610822749999999 0.7287313609375 0.8302130734375 0.7071134906250001 0.8213873125 0.664649346875 0.6584547484375001 0.6917889265625
0 0.7299501765625 0.6275242609375 0.7347643890625 0.6499149875 0.8019605734375 0.6391097546875 0.8048155734375 0.6192200375 0.7299501765625 0.6275242609375
0 0.6073862343750001 0.7198841203125 0.6131407703125 0.746166796875 0.665824575 0.736885365625 0.65412548125 0.7106819718749999 0.6073862343750001 0.7198841203125
0 0.58016330625 0.644396753125 0.5810299999999999 0.664861971875 0.71813554375 0.648321859375 0.714349828125 0.6245494203125 0.58016330625 0.644396753125
0 0.546256334375 0.7054588640625 0.5488784796874999 0.7303916593750001 0.5989345703125 0.7173839625 0.5981942499999999 0.6962601687500001 0.546256334375 0.7054588640625
0 0.7001215937499999 0.8426986609375 0.7804712 0.8357842421875 0.7724658265625 0.8088273687499999 0.696032346875 0.8202919734374999 0.7001215937499999 0.8426986609375
0 0.71076586875 0.8633899265625 0.727136515625 0.9422510624999999 0.7900744765625001 0.93241231875 0.77254885625 0.8484154187499999 0.71076586875 0.8633899265625
0 0.3700386453125 0.6921114234375 0.3961705859375 0.6905234124999999 0.40096161406249997 0.6704404328125 0.3711951953125 0.6744082265625 0.3700386453125 0.6921114234375