0 0.3073746765625 0.26863641562499996 0.2819787796875 0.2925668828125 0.29251489531249997 0.314899415625 0.31899668124999997 0.2923221015625 0.3073746765625 0.26863641562499996
0 0.07308398125 0.765975790625 0.0346233046875 0.7803854125 0.04759180625 0.8189998796875001 0.0819913984375 0.8014105062500001 0.07308398125 0.765975790625
0 0.0029502328125 0.507101990625 0.0032563515625 0.5597193515625001 0.020781020312500002 0.5461541234375 0.0029502328125 0.507101990625
0 0.036178475 0.6448822828125 0.0038680843749999997 0.6648671140625 0.00425661875 0.7316506625 0.0562922953125 0.69617134375 0.036178475 0.6448822828125
0 0.12862496875 0.5088512640625 0.1020317875 0.529641228125 0.1195885484375 0.5583232515625001 0.146277775 0.5368532734375 0.12862496875 0.5088512640625
0 0.2439020359375 0.7434340265625 0.20847521875 0.6637704953125 0.152627846875 0.7106033265625 0.180520084375 0.775069971875 0.2439020359375 0.7434340265625
0 0.10945544062499998 0.0012736296875000002 0.1024505953125 0.0011921203125 0.0628279078125 0.038134710937499997 0.08388320625 0.0861472484375 0.133929671875 0.0455332359375 0.10945544062499998 0.0012736296875000002
0 0.056932603125 0.251219528125 0.041912225 0.20527677500000002 0.019810371875 0.19985421875 0.006195715625 0.21107471093750002 0.0053402421875 0.28457149843749996 0.056932603125 0.251219528125
0 0.126579525 0.340072153125 0.106648540625 0.35447011875 0.11418666875000001 0.37504146718750003 0.13351604687500002 0.3612207078125 0.126579525 0.340072153125
0 0.1441230734375 0.3244593890625 0.1248362390625 0.3346250609375 0.1452110609375 0.3824195703125 0.1651499578125 0.37112751093749996 0.1441230734375 0.3244593890625
0 0.12581418125 0.2884648609375 0.0829283421875 0.3177234828125 0.096258790625 0.34795655000000003 0.14282900781250002 0.3182764765625 0.12581418125 0.2884648609375
0 0.0666761359375 0.29621584843750004 0.018884470312500002 0.334296375 0.039923415625 0.3780353828125 0.09061391875 0.3464487625 0.0666761359375 0.29621584843750004
0 0.0929521234375 0.3859654484375 0.0517046 0.41643910625 0.084023425 0.47918432343750006 0.12234 0.45444028750000004 0.0929521234375 0.3859654484375
0 0.14580987031249998 0.2533642828125 0.1318204234375 0.2267463453125 0.11141023750000001 0.24445630624999998 0.12385768593749999 0.2672629359375 0.14580987031249998 0.2533642828125
0 0.17297927500000002 0.266357028125 0.1593402390625 0.2645286 0.15375873281250002 0.2500052546875 0.124815025 0.2664097390625 0.14694295 0.3093434328125 0.1779220640625 0.2789675546875 0.17297927500000002 0.266357028125
0 0.19101345625 0.259701115625 0.1981188703125 0.2663394078125 0.21346754843750002 0.2537904984375 0.18028411093750002 0.1896104625 0.150703734375 0.20392597812500002 0.17297927500000002 0.266357028125 0.19101345625 0.259701115625
0 0.1773561984375 0.0739325390625 0.13892868281249998 0.1044221484375 0.1635410953125 0.1496967953125 0.20633271406249998 0.117175575 0.1773561984375 0.0739325390625
0 0.23420692812500002 0.1301888234375 0.20519633124999997 0.1523401625 0.22907061562500003 0.2004567265625 0.25733441875 0.1762132125 0.23420692812500002 0.1301888234375
0 0.18667086875 0.32424330625 0.159755765625 0.344297046875 0.17796727031249998 0.3886586421875 0.2077351859375 0.3658024703125 0.18667086875 0.32424330625
0 0.26936105 0.2029943171875 0.22808158125000003 0.22485485624999998 0.24914071249999997 0.27443135625 0.2873599890625 0.24668894843750003 0.26936105 0.2029943171875
0 0.304521440625 0.354763415625 0.29251489531249997 0.314899415625 0.2819787796875 0.2925668828125 0.2510509203125 0.318539040625 0.28069236875 0.3841578671875 0.2940810015625 0.377212640625 0.304521440625 0.354763415625
0 0.2854884125 0.3961253703125 0.2510509203125 0.318539040625 0.2226383375 0.3404214359375 0.253513125 0.41554734531250004 0.2854884125 0.3961253703125
0 0.32771868125000003 0.4212960953125 0.323902834375 0.40083302187500003 0.3119273078125 0.388590603125 0.27681100625 0.42043201406249997 0.2926016125 0.45320356406249995 0.32771868125000003 0.4212960953125
0 0.3654783390625 0.5390444624999999 0.345912590625 0.5504575078125 0.35720067499999997 0.5687591203125 0.373765340625 0.557743353125 0.3654783390625 0.5390444624999999
0 0.3501699203125 0.6087081140625 0.34985904218749997 0.63541668125 0.3625972234375 0.6521745984375 0.3806218140625 0.6595930562500001 0.392731665625 0.6565092453125 0.3997762859375 0.6437628375 0.3958222125 0.6143531640625 0.38735897656249996 0.5994376265625 0.3667274390625 0.5945203875 0.3501699203125 0.6087081140625
0 0.6767251859375001 1 0.670064371875 0.9853418390625001 0.6580565218750001 0.9796622484374999 0.62915608125 0.9980283109375 0.6299471875 1 0.6767251859375001 1
0 0.717918503125 1 0.710180234375 0.9763767515625 0.6868472421875 0.9745086281249999 0.670064371875 0.9853418390625001 0.6767251859375001 1 0.717918503125 1
0 0.8648395093750001 1 0.8352208390625 0.9381203875 0.8007056296874999 0.9694286328124999 0.8137927875000001 1 0.8648395093750001 1
0 0.38685204375 0.2965865984375 0.39282227187499996 0.3174647578125 0.3956372890625 0.3330529875 0.4037622140625 0.3467472484375 0.41286235937500004 0.365623975 0.422963365625 0.3855870640625 0.42788661406250006 0.40744796718750004 0.43518448750000005 0.399444528125 0.47495835 0.37064603749999997 0.47409901874999993 0.34982844218750003 0.31846383437500003 0.0037056625000000004 0.243802628125 0.0028369 0.2575046484375 0.0290840921875 0.264737121875 0.0323781203125 0.2718678953125 0.0387308109375 0.286288278125 0.0453616234375 0.297448821875 0.06326305625 0.2992782921875 0.0840207671875 0.30013305468749996 0.0995519765625 0.30409313125000004 0.11519553906249999 0.3122060109375 0.129924675 0.31294032031249996 0.155804628125 0.3199631953125 0.1714271515625 0.35125133750000004 0.24700560624999998 0.3819167515625 0.27576057187499997 0.38685204375 0.2965865984375
0 0.5699899296875001 0.5576803390625 0.5367658546875 0.3890956046875 0.4460584390625 0.449539725 0.51688404375 0.592346428125 0.5699899296875001 0.5576803390625
0 0.4873885265625 0.0056712796875 0.43467914687500003 0.00505795 0.46457148750000005 0.072375378125 0.4818508828125 0.06999259062499999 0.5037396625 0.042612146875 0.4873885265625 0.0056712796875
0 0.690990403125 0.45954975937500003 0.6517258640625 0.49759198437499996 0.6686671078125 0.5375114203125 0.7111942109375 0.49932181093750005 0.690990403125 0.45954975937500003
0 0.7310171484375 0.4809560125 0.7063108171875 0.42671402656249996 0.68493329375 0.44613590781249995 0.7111942109375 0.49932181093750005 0.7310171484375 0.4809560125
0 0.7539338796874999 0.4617991640625 0.7292301109375 0.40733699375 0.707911534375 0.42169459531250003 0.73324274375 0.47903840625000005 0.7539338796874999 0.4617991640625
0 0.7951240859375 0.42489223125000003 0.776792128125 0.390879378125 0.7602210390625 0.40433985000000006 0.7792747078125 0.43881421718749997 0.7951240859375 0.42489223125000003
0 0.7896902484375 0.23489156718749998 0.7824640484375001 0.21591517031250002 0.7720954921875001 0.21704526093749998 0.766428959375 0.2022551296875 0.76038593125 0.18952449531249999 0.7557880046875 0.19082244375 0.751769465625 0.183987603125 0.746441615625 0.18742287500000002 0.77606325 0.2642083375 0.78966368125 0.2579961328125 0.783886040625 0.23760814843750003 0.7896902484375 0.23489156718749998
0 0.8628023015625 0.3251225 0.8401068328125 0.3460919203125 0.8538767625 0.376425875 0.8774532453124999 0.3554820828125 0.8628023015625 0.3251225
0 0.945350771875 0.2766214609375 0.9345309468749999 0.27866352031249997 0.9226514968749999 0.26195260781249996 0.913611565625 0.23979575 0.90867645 0.22841890625 0.8992542609375 0.22395988125000002 0.890669665625 0.204327240625 0.8842414734374999 0.1887220140625 0.8849228921875 0.168037340625 0.8333013375 0.2114689234375 0.8969995453124999 0.34195397031249997 0.9529186749999999 0.2889559296875 0.945350771875 0.2766214609375
0 0.81123588125 0.01479515625 0.7532196140625 0.013107568750000001 0.8111977640625 0.13426339062499998 0.84102720625 0.10422851250000001 0.8440409390625 0.09138688125 0.8398295515624999 0.084083884375 0.83920318125 0.07543145 0.8320562468749999 0.072360171875 0.8299144249999999 0.070866175 0.8278479515624999 0.062898709375 0.8279484171875 0.0542674171875 0.8266003203125001 0.0470477078125 0.8201833109375001 0.0418391078125 0.8152284312500001 0.035946178125 0.8102820078124999 0.029326634375 0.8074802421875 0.022064640625 0.81115391875 0.01499100625 0.81123588125 0.01479515625