0 0.6312358453125 0.3585319359375 0.5935211078125 0.35084464375 0.5673235328125 0.4061495875 0.6081584609374999 0.416983859375 0.6312358453125 0.3585319359375
0 0.22618798281250002 0.7911199703125 0.2479719625 0.7354755359375 0.1920535578125 0.7220646109375 0.17133521406250002 0.785303834375 0.22618798281250002 0.7911199703125
0 0.6585135531249999 0.8764289796875 0.6876359265625 0.8855618875 0.706093 0.8487471390625 0.76444065625 0.8594787984375 0.780030171875 0.8177099171875 0.7204981796875 0.8060534921875 0.7080977203125001 0.8323695078125001 0.682249178125 0.8238708921875 0.6585135531249999 0.8764289796875
0 0.28355970468749997 1 0.2846397296875 0.99575468125 0.22286683906250002 0.9833096890625 0.2135923 1 0.28355970468749997 1
0 0.3204733484375 0.922391228125 0.25491900625 0.9061450859375 0.24581376875 0.9406135265625 0.25904212968749996 0.9431969265625 0.2505909796875 0.9593281031249999 0.3051779015625 0.9662559390625001 0.3204733484375 0.922391228125
0 0.52446295 0.8261263515625 0.5419231453125 0.776194040625 0.4834565609375 0.763111590625 0.4703615859375 0.807326434375 0.52446295 0.8261263515625
0 0.27094458593750004 0.8716929999999999 0.356449871875 0.894240334375 0.3753016859375 0.8633956390625 0.3500475515625 0.8576301734375 0.35694000625 0.842566090625 0.288896390625 0.834584240625 0.27094458593750004 0.8716929999999999
0 0.4807817703125 0.9090997156249999 0.50108343125 0.8703993562499999 0.439021065625 0.8590479828124999 0.42304632656249996 0.9010777828125001 0.4807817703125 0.9090997156249999
0 0.8142028609375 0.37610025625 0.8463873046874999 0.3827047109375 0.857745871875 0.35527656093750004 0.8207735859374999 0.35288071875 0.8207872437500001 0.34035118125 0.78721454375 0.33662981875 0.7780127734375 0.360188509375 0.757444021875 0.36015690624999996 0.7453293453125001 0.39482314375 0.7622539374999999 0.3944372015625 0.739987753125 0.43311615937500003 0.782873890625 0.48397349062500006 0.8261663796875001 0.4040923875 0.7998434765625 0.4012322109375 0.8142028609375 0.37610025625
0 0 0.3386374515625 0.25282488281250004 0.39381134218749997 0.35407706875 0.15804810625000001 0 0.091883175 0 0.3386374515625
0 0.5312221828125 0.1661418640625 0.5388655953125 0.1435023390625 0.42257140781249997 0.1291068109375 0.3152275578125 0.37647185312500003 0.35375843125 0.3869693453125 0.3404720734375 0.424258371875 0.4110386765625 0.4430062 0.5312221828125 0.1661418640625
0 0.5388655953125 0.1435023390625 0.6052590390625 0.0070428265625 0.5206611296875 0.006058440625 0.4685144484375 0.1262900703125 0.5388655953125 0.1435023390625
0 0.7816578562500001 0.067037653125 0.9481532874999999 0.10716082812500001 0.9366783203125 0.02537866875 0.8414456343750001 0.00979110625 0.8073210375000001 0.00939403125 0.8062735562500001 0.011281709375 0.7816578562500001 0.067037653125
0 0.771630321875 0.09463224375 0.7631545359375 0.11118911875 0.7502725515625001 0.15151043125000002 0.9610119312500001 0.19880446093749998 0.9519613843749999 0.134301159375 0.771630321875 0.09463224375
0 0.9655951281249999 0.231468925 0.6612026296875 0.1769140703125 0.6226413296875 0.27623396875 0.9810272781249999 0.341453953125 0.9655951281249999 0.231468925
0 0.597446109375 0.305762621875 0.5218966984375 0.284572690625 0.51084294375 0.293729725 0.4683615578125 0.39818155625 0.5389497703125 0.40611003593749995 0.5576066281250001 0.39597292500000003 0.597446109375 0.305762621875
0 0.46821444687499997 0.39847093437500003 0.442913484375 0.44785485156249993 0.7044498796875 0.49611082812499996 0.724723315625 0.44247795312499993 0.5389497703125 0.40611003593749995 0.46821444687499997 0.39847093437500003
0 0.8531815828125 0.48644534375 0.921960259375 0.49906468750000005 0.9385945781249999 0.4584286890625 0.8690709906249999 0.446813790625 0.8531815828125 0.48644534375
0 0.9614561625 0.36732250624999996 0.9441764875 0.42244969374999997 0.9909197640625 0.43074775781249997 0.9928727390625 0.4258766234375 0.9853548484375001 0.3722965671875 0.9614561625 0.36732250624999996
0 1 0.9431784953125 0.9570677015625 0.933117003125 0.9485412734375 0.9529126984375 1 0.946279421875 1 0.9431784953125
0 0.9921640187499999 0.8469827953125 0.9147319453125 0.8301128875 0.8991194765625 0.8793844937499999 0.9726400859375 0.8988923468750001 0.9921640187499999 0.8469827953125
0 0.743688040625 0.9026315171875 0.684453028125 0.893091675 0.6708252359375 0.9335091234374999 0.731116809375 0.9429127718749999 0.743688040625 0.9026315171875
0 0.602175425 0.8263550000000001 0.622715834375 0.789356203125 0.59071716875 0.7752069078125 0.56639889375 0.8159461078125 0.602175425 0.8263550000000001
0 0.7089475703125 0.9837974718750001 0.7130319671875001 0.976066975 0.6567583515625001 0.9601244531249999 0.6394174828125 0.9927602328124999 0.7089475703125 0.9837974718750001
0 0.1539845046875 0.7166623578125 0.08074956562499999 0.6990401578125 0.060072203125 0.7442324078125 0.13980340468750002 0.7623059 0.1539845046875 0.7166623578125
0 0.3930622015625 0.7515673953124999 0.332621690625 0.74260546875 0.32063333125 0.776368128125 0.38034292812500003 0.7892903515625 0.3930622015625 0.7515673953124999
0 0.41779478281250004 0.9818015265625 0.4522407265625 0.9827273078125 0.453762128125 0.9707217015625 0.469252103125 0.9740909999999999 0.4724841546875 0.9436119328125001 0.4096339875 0.9313058078124999 0.39917520624999997 0.963793865625 0.41798335781249996 0.9678128656249999 0.41779478281250004 0.9818015265625
0 0.31612460468750003 0.975576915625 0.28140172343750003 0.9650110796875 0.2732475546875 0.9832588359375001 0.3090240875 0.9936677265625 0.31612460468750003 0.975576915625
0 0.09216876562500001 0.8390496593749999 0.1047206265625 0.813812684375 0.0492456765625 0.8005558578124999 0.042124440624999995 0.8186493390624999 0.0397657765625 0.8183743218749999 0.04273501875 0.8395361328125001 0.047515656249999996 0.8340736 0.09216876562500001 0.8390496593749999
0 0.05348590625000001 0.9161577671875 0.0644706203125 0.9167304406250001 0.078540971875 0.8794671093750001 0.0473862796875 0.8726856921874999 0.05348590625000001 0.9161577671875
0 0.0919461234375 1 0.1045216765625 0.9652702140624999 0.05960775 0.9597881828125001 0.064109721875 0.9918737640625 0.0643058015625 0.9919183484375 0.0641613390625 0.9922416374999999 0.065249925 1 0.0919461234375 1
0 0.9485412734375 0.9529126984375 0.9570677015625 0.933117003125 0.92501651875 0.9316712640624999 0.926429515625 0.9035604156250001 0.8805713546874999 0.8976622624999999 0.8640508125 0.9481283578124999 0.892452128125 0.9594879468749999 0.8923506015625 0.96015594375 0.9485412734375 0.9529126984375