0 0.119543659375 0.17939442187500002 0.40364917812499995 0.0821357109375 0.3956027828125 0.0384478625 0.10442627499999999 0.138018640625 0.119543659375 0.17939442187500002
0 0.47423562500000005 0 0.4906560640625 0.029809854687499998 0.567474903125 0.012984765625 0.5600417828124999 0 0.47423562500000005 0
0 0.9942762343749999 0.48026318281249997 0.9955034734374999 0.374794515625 0.9948370859375 0.3731970359375 0.9894525921874999 0.361610521875 0.9115717999999999 0.371532678125 0.9221010312500001 0.4085122890625 0.863362234375 0.41450188125 0.847093684375 0.37837606562500004 0.785898346875 0.38568031875000003 0.78070821875 0.39773619843749997 0.8156683328125001 0.504774534375 0.8928294765624999 0.49385425781250003 0.8781130218750001 0.4498604609375 0.941581359375 0.440278715625 0.9604737984374999 0.48355886562499995 0.9942762343749999 0.48026318281249997
0 0.5362022515625 0.5267811265625 0.55314949375 0.521981796875 0.5812070640625 0.5277390937499999 0.65769080625 0.5049667265625 0.6156299234375 0.40463238281249997 0.49783623125 0.42511830625 0.5362022515625 0.5267811265625
0 0.319667628125 0.4543349359375 0.3266546421875 0.4884215078125 0.49314185468750005 0.4663236265625 0.49811113125000006 0.452885915625 0.48659496406249997 0.42555495624999995 0.319667628125 0.4543349359375
0 0.42274189062499995 0.7575991921874999 0.6016228140625001 0.7304460390624999 0.5429357312499999 0.5884270328125 0.36459174375000003 0.6124163078125 0.42274189062499995 0.7575991921874999
0 0.9335475125 0.0516786171875 0.7868539125 0.0301118203125 0.7666121218749999 0.056212440625000006 0.767572634375 0.07968454375 0.77382146875 0.09818846249999999 0.789718021875 0.13970056250000001 0.8064344515625 0.1758704609375 0.8037425515625 0.195693353125 0.821403678125 0.2063642828125 0.83523105 0.23949776875 0.909001309375 0.228753646875 0.904107928125 0.1942131453125 0.893991175 0.171157771875 0.8847632125 0.146187265625 0.87200739375 0.13012185781250002 0.9362113593749999 0.0587082390625 0.933027415625 0.052298596875000006 0.9335475125 0.0516786171875
0 0.2314718984375 0.59071225625 0.2817321890625 0.5751405875 0.258264128125 0.531862415625 0.20966772968749997 0.5458070125 0.2314718984375 0.59071225625
0 0.626409640625 0.26853885625 0.606780521875 0.2122226515625 0.588858496875 0.1619466171875 0.42470951250000005 0.1783161359375 0.44208508281250003 0.2284900671875 0.470425009375 0.233222446875 0.49275794062499995 0.2831893578125 0.626409640625 0.26853885625
0 0.6439922203124999 0.9776884546875 0.6505707171874999 0.9922945265625 0.7885446875000001 0.9906890546874999 0.77542949375 0.9686756937500001 0.6439922203124999 0.9776884546875
0 0.193668353125 0.34224765 0.49275794062499995 0.2831893578125 0.470425009375 0.233222446875 0.1831117625 0.28920226875 0.193668353125 0.34224765
0 0.0537837375 0.1885522046875 0.11066089999999999 0.1624837765625 0.0807340953125 0.120976528125 0.05024160625 0.13301678125 0.0436542453125 0.171832696875 0.0537837375 0.1885522046875
0 0.4318449015625 0.17575237187499998 0.588858496875 0.1619466171875 0.55287984375 0.06154886875 0.401031490625 0.0910440421875 0.4318449015625 0.17575237187499998
0 0.0236350609375 0.291328678125 0.06729412812499999 0.37087406875 0.1293761359375 0.3681835328125 0.1619240390625 0.341476359375 0.107602828125 0.2602328421875 0.041545325 0.26973862656250003 0.0236350609375 0.291328678125