0 0.15681015 0.3041211359375 0.145189496875 0.31968673281250004 0.1317428578125 0.3361134140625 0.155958796875 0.3657545546875 0.178845225 0.3335056046875 0.15681015 0.3041211359375
0 0.11727773125 0.2879477203125 0.142362515625 0.3240546828125 0.1571742 0.30340317968749997 0.132834428125 0.265813390625 0.11727773125 0.2879477203125
0 0.041079434375 0.2762625359375 0.0692804328125 0.3066444078125 0.1150074296875 0.23409834843750002 0.092232784375 0.20413774999999998 0.041079434375 0.2762625359375
0 0.433981425 0.7063289328125 0.45122364687500005 0.721563571875 0.46605510937499994 0.6970614796875 0.45244765468750003 0.6822546296875001 0.433981425 0.7063289328125
0 0.334016896875 0.22496982499999998 0.34336983593750003 0.21931577343750003 0.4074916828125 0.11921449218749999 0.3801515078125 0.09044466875 0.3630185015625 0.10600274375 0.3730496640625 0.12030717500000002 0.3731514296875 0.140317365625 0.35903545625 0.1577249578125 0.35355320468749996 0.1729044078125 0.33123291093749996 0.1774507296875 0.3191111859375 0.1739970890625 0.316065490625 0.1860668703125 0.32504119375 0.205518346875 0.334016896875 0.22496982499999998
0 0.285781375 0.1273608125 0.291257603125 0.08571562656250001 0.310905421875 0.075181365625 0.3346214359375 0.09289516406250001 0.35902397812500003 0.0609659421875 0.3213939984375 0.01629174375 0.27271347343749996 0.02254770625 0.20716945468749998 0.114196015625 0.2215824078125 0.128228178125 0.2587212671875 0.15074973125 0.2666529765625 0.14979753906249998 0.285781375 0.1273608125
0 0.2385477515625 0.38686501875 0.2646512953125 0.3459248578125 0.2754951171875 0.32410534062499996 0.2612406859375 0.3236775765625 0.24448835624999998 0.3267924390625 0.2279378296875 0.3256977359375 0.21111670624999998 0.35463915468749996 0.2385477515625 0.38686501875
0 0.2111425046875 0.3548595625 0.1895431484375 0.3847058734375 0.20781446250000002 0.4125605125 0.2151155328125 0.4232558796875 0.2382513515625 0.3873953 0.2111425046875 0.3548595625
0 0.1636984546875 0.4318770328125 0.186318303125 0.46051518125 0.2148432125 0.4228434265625 0.1919940390625 0.388417934375 0.1636984546875 0.4318770328125
0 0.4940639765625 0.1037264234375 0.503996525 0.0852232640625 0.482855809375 0.057737373437499996 0.3709121015625 0.24005031875 0.34214869531250003 0.268602421875 0.39257138281250004 0.3391506359375 0.39762365312500003 0.3312079734375 0.487657271875 0.181063253125 0.5170478734375 0.13164661875 0.4940639765625 0.1037264234375
0 0.0943562265625 0.9994172046875001 0.107606115625 0.97669349375 0.085916175 0.97341796875 0.0805230703125 0.966772903125 0.057937621875 0.9562295781250001 0.04880411875 0.9739029515625001 0.0518195375 0.999664675 0.0943562265625 0.9994172046875001
0 0 0.41283868437500004 0.041552421875 0.3377257640625 0 0.2884501265625 0 0.41283868437500004
0 0.6481743359375 0 0.5693478468750001 0.12291200625000001 0.5883074140625 0.14707624531250002 0.5947826375 0.1545442578125 0.6684626640625 0.036569609375 0.68232666875 0.0124155703125 0.6703969671875 0 0.6481743359375 0
0 0.6700860765625001 0 0.6821317453125 0.012664343750000001 0.6896692828125001 0 0.6700860765625001 0
0 0.4555569109375 0.037933562500000004 0.445964903125 0.036951373437500004 0.42868914374999995 0.0369342546875 0.416658 0.03903969375 0.413187484375 0.0463316359375 0.42926847500000004 0.0658096484375 0.410824603125 0.0843327296875 0.40051080156249996 0.086754409375 0.381543784375 0.091429109375 0.4059314265625 0.1189004390625 0.4555569109375 0.037933562500000004
0 0.517760371875 0 0.48229052812499995 0.05845881562500001 0.5035410312499999 0.0849685875 0.49375582187499995 0.1043477078125 0.5194933171875 0.1339722921875 0.544437634375 0.10150362500000001 0.60800935625 0 0.517760371875 0
0 0.3433156640625 0.270533084375 0.235422659375 0.4474482953125 0.28637479374999997 0.511418109375 0.3115619078125 0.473750225 0.39289530156249997 0.340003903125 0.3433156640625 0.270533084375
0 0.49756403125000004 0.23124657499999998 0.313523771875 0.5251559015625 0.3382361921875 0.5506167265624999 0.41825843437500004 0.432274484375 0.48661931718749996 0.3232164328125 0.524776075 0.264663946875 0.49756403125000004 0.23124657499999998
0 0.5348682890625 0.2410169953125 0.5088409875 0.2031742484375 0.4939206625 0.22500307656250002 0.5217828359375 0.2588067203125 0.5348682890625 0.2410169953125
0 0.5450940875 0.2296129328125 0.5861916265625 0.16728192656250002 0.5603996640625 0.13585217968750002 0.5210237703125 0.1962392640625 0.5450940875 0.2296129328125
0 0.2282549328125 0.8662628859374999 0.20164285468749998 0.8239984437500001 0.1850223859375 0.82613435 0.178154453125 0.8712023796875 0.17343413125 0.8917427703125 0.1995121671875 0.9156633828125 0.2282549328125 0.8662628859374999
0 0.2066196984375 0.502650971875 0.253002571875 0.555529609375 0.2844284171875 0.510102175 0.23871745937500002 0.45109665000000004 0.2066196984375 0.502650971875
0 0.035579953125 0.8609245015625 0.072436559375 0.8940504078125 0.0861595328125 0.883047071875 0.09582463125 0.8473291875 0.108376625 0.8259389484374999 0.12475945625 0.7997609125 0.0668869296875 0.767778034375 0.031786592187500004 0.8285165593749999 0.035579953125 0.8609245015625
0 0.24587292500000002 0.598170309375 0.19955885 0.5487505484375 0.06923175625 0.76752144375 0.10117817031250001 0.784155175 0.12426354531249999 0.8031804984375001 0.2054157734375 0.6772654140625 0.24587292500000002 0.598170309375
0 0 0.21435819843749998 0.00275124375 0.217740078125 0.04750075 0.1485188859375 0.022960034375 0.11572023281249999 0.0128382921875 0.12686482500000001 0 0.1539158890625 0 0.21435819843749998
0 0.026265703125 0.781349778125 0.1484289984375 0.5655678203125001 0.10007968125 0.5069908437499999 0.0105615515625 0.647183984375 0.026265703125 0.781349778125
0 0.1794515203125 0.519565790625 0.13118332500000002 0.45842793750000005 0.10066330781249999 0.507765990625 0.14740105781249999 0.5617623843749999 0.1794515203125 0.519565790625
0 0 0.5569531375000001 0.006327712500000001 0.6110128921875 0.0683516984375 0.5054303890625 0.08297963750000001 0.4925880828125 0.0820021453125 0.48040889687500005 0.107912771875 0.43188692656249994 0.057883089062500004 0.37388385 0 0.46944737812500004 0 0.5569531375000001