0 0 0.683371921875 0.0044557375 0.691655003125 0.0552273 0.6703818015625 0.039247475 0.6259186375 0 0.638900196875 0 0.683371921875
0 0.2059453125 0.7525340593750001 0.23055720000000002 0.7441327531249999 0.21322001875000002 0.7097542734375 0.171832478125 0.7191458109375 0.16670590937500002 0.7361918515625 0.17892018437499999 0.7486205625 0.19865591875 0.742126634375 0.2059453125 0.7525340593750001
0 0.069946975 0.7788263421875 0.11070725937499999 0.7673970703124999 0.1006540765625 0.7418351296875 0.050309039062500005 0.7554001234375 0.069946975 0.7788263421875
0 0.0543735078125 0.1640596921875 0.030870109375 0.1253225609375 0.0269266484375 0.1703965328125 0.0543735078125 0.1640596921875
0 0.06200820781250001 0.1669790078125 0.1283148515625 0.1496881 0.058463660937499995 0.0337350640625 0.038334929687500005 0.039999284375 0.0316137359375 0.1168228734375 0.06200820781250001 0.1669790078125
0 0.4211810765625 0 0.4462044109375 0.03527136875 0.5281354578124999 0.013151 0.519463075 0 0.4211810765625 0
0 0.3905222421875 0.138878446875 0.38437146875 0.1258442140625 0.3440523609375 0.1338833953125 0.3667755109375 0.1831913984375 0.4208675265625 0.1676408921875 0.429373496875 0.1577685375 0.42764844531249996 0.14348978125 0.3905222421875 0.138878446875
0 0.6264894890625 0.1853000078125 0.6094719203125 0.160016915625 0.5399235328125 0.1761153984375 0.5624681687499999 0.2090492390625 0.6264894890625 0.1853000078125
0 0.7120872703125001 0.1798176734375 0.6995909874999999 0.152905978125 0.65473524375 0.16463789375 0.6696392953125 0.1956639859375 0.7120872703125001 0.1798176734375
0 0.1056981234375 0.7915999203124999 0.1215198296875 0.7878204578125 0.11955200156250001 0.7843435390625 0.1298572265625 0.7798749 0.1357913765625 0.7828726374999999 0.1396603203125 0.7811456531250001 0.1311304890625 0.7653214359375 0.09206948125 0.7773950890625 0.1056981234375 0.7915999203124999
0 0.4755366796875 0.3452212890625 0.4997278140625 0.3791666765625 0.5209399296874999 0.37515655312499996 0.524036534375 0.365967603125 0.5093399875 0.3318614578125 0.4755366796875 0.3452212890625
0 0.7755391390625 0.12220683125000001 0.77295921875 0.09810425 0.718266428125 0.09691317499999999 0.7159484265625 0.1236441421875 0.7755391390625 0.12220683125000001
0 0 0.5005841531249999 0.0004426953125 0.5021478984375001 0.020571568749999998 0.503908946875 0.0312617734375 0.5113298015625001 0.0971189703125 0.49114922187500004 0.0940425296875 0.47059712343750004 0.07095230625 0.47506257500000004 0.0583859640625 0.46099199375 0.0005399953125 0.471997353125 0 0.4781695265625 0 0.5005841531249999
0 0 0.6183876921875 0.015609271875 0.6149277203125 0.0047331265625 0.591689728125 0 0.5930065875 0 0.6183876921875
0 0.0405763953125 0.5481665734375001 0.0927403421875 0.5331703 0.080260609375 0.4968621515625 0.0312617734375 0.5113298015625001 0.0160273859375 0.520200403125 0.0405763953125 0.5481665734375001
0 0.11142621718750001 0.6531773546874999 0.15144628437500002 0.6426540968750001 0.1433361125 0.6236857671875 0.1313763515625 0.6187356796875 0.09296788125 0.6254755375000001 0.11142621718750001 0.6531773546874999
0 0.1909191578125 0.6860744249999999 0.174949271875 0.659912221875 0.124003375 0.672082090625 0.14130924375 0.701624625 0.1909191578125 0.6860744249999999