0 0.7759680234374999 0.7975221140625 0.539396890625 0.6644314203125 0.524447609375 0.7176825578125 0.5861893546875 0.7504691265625001 0.593867596875 0.74598926875 0.615079434375 0.7586563578125001 0.6205346281249999 0.7672322328125001 0.6271760953125 0.7567027453125 0.6377541078125 0.7617248375 0.637226725 0.773890003125 0.677706565625 0.79228843125 0.6872523515625 0.7921217765625 0.6968738328125 0.7945571828125 0.701747028125 0.8127162921875 0.7573041390624999 0.8421464890625 0.7759680234374999 0.7975221140625
0 0.17498634375 0.4139604453125 0.18758341875 0.36298477500000004 0.21498267968749998 0.3720589984375 0.22811489218749997 0.32257041875 0.15728084375 0.288630646875 0.1489282234375 0.3129038984375 0.1592781796875 0.32276775625 0.1494200453125 0.381239271875 0.13936832500000002 0.3809227828125 0.13212683593750002 0.4257782203125 0.1540387875 0.43644467656249997 0.15152465937499998 0.453584809375 0.18251438749999999 0.46560971249999994 0.1905016359375 0.4287768984375 0.1815942203125 0.41636646875 0.17498634375 0.4139604453125
0 0.617351303125 0.2992116265625 0.60500441875 0.3228576453125 0.602477125 0.3550443390625 0.66316160625 0.381781634375 0.6694740593749999 0.3599423953125 0.67917329375 0.335461140625 0.617351303125 0.2992116265625
0 0.7038983921875 0 0.6901043515625 0.06658875 0.803014684375 0.11744364375 0.8304458921875 0.04025714375 0.7431847671875 0 0.7038983921875 0
0 0.8106248875000001 0.1204881390625 0.8281978171875 0.1271305296875 0.8383768640625 0.119142665625 0.8563553671875 0.11013717187500001 0.8736550937500001 0.10809272031249999 0.8990628046875001 0.11634074999999999 0.9124193765624999 0.1274025609375 0.9201958546875 0.096005684375 0.828779378125 0.0576489671875 0.8106248875000001 0.1204881390625
0 1 0.8059020468750001 0.984068009375 0.78958416875 0.958577634375 0.8334462640625 0.9816820859375 0.8569243312499999 1 0.8189167625 1 0.8059020468750001
0 1 0.5990974625 0.9556338406249999 0.5807848984375 0.9381303578125 0.6751608 0.9835399718750001 0.6946416109375 1 0.6051929203124999 1 0.5990974625
0 0.87806189375 0.37934171562499996 0.8873184015625 0.34880046249999996 0.8630331312499999 0.3347520921875 0.8516684437500001 0.36750305625 0.87806189375 0.37934171562499996
0 0.515999496875 1 0.6351481921875 0.9979198296874999 0.6352604578125 0.9972618984375 0.5211217765625 0.9422261375 0.561949734375 0.7464440140625 0.5071234484375 0.7188869734375001 0.45319763437500005 0.9794288968749999 0.433522328125 0.9737866671875001 0.425831425 1 0.515999496875 1
0 0.79725970625 0.9950895875000001 0.8150090437499999 0.9158172203125 0.765864253125 0.89757006875 0.7405188078125 0.9960802046874999 0.79725970625 0.9950895875000001
0 0.7707157312499999 0.6169758453124999 0.8022553390624999 0.507001075 0.6385646171875 0.4316958640625 0.64712575 0.39768190468750003 0.5907839828125 0.3708687890625 0.550656753125 0.54353620625 0.605181040625 0.56775716875 0.614749365625 0.53807143125 0.7707157312499999 0.6169758453124999