0 0.83217389375 0.1331707640625 0.81366598125 0.14264619375 0.8167803171875001 0.15900849374999998 0.8281314906249999 0.1751998984375 0.98689973125 0.11102235468749999 0.9828443874999999 0.0114364296875 0.930955696875 0.010832650000000001 0.9369918437500001 0.043572667187500004 0.8248530921875 0.0946932375 0.8244731 0.1054004296875 0.83217389375 0.1331707640625
0 0.67811449375 0.3535728734375 0.7086378984375 0.45727028281250004 0.7309733515625 0.45289786249999997 0.6968019546875001 0.3079156984375 0.669041528125 0.29210645625 0.643322471875 0.3058742390625 0.6564704890625 0.346665575 0.67811449375 0.3535728734375
0 0.7002955765625 0.526783965625 0.7053960296875 0.5513278953125 0.7159772171875 0.54861100625 0.7287120234375 0.5992937984375 0.7748795765625001 0.582600259375 0.76376235625 0.551601590625 0.75437696875 0.5230539828125 0.7478593703125 0.5043004843750001 0.7002955765625 0.526783965625
0 0.8355069390625 0.47757557031250003 0.816355040625 0.41060739531249996 0.7309733515625 0.45289786249999997 0.75437696875 0.5230539828125 0.8355069390625 0.47757557031250003
0 0.58341144375 0.582118528125 0.6249464359375 0.57292331875 0.569660128125 0.3456516078125 0.5395547796875 0.3529266765625 0.5171167203125 0.3665971109375 0.5271174656250001 0.41076964687500006 0.5165904 0.41430178125 0.524881346875 0.4766029203125 0.538451725 0.547804559375 0.5164950187499999 0.5532568359375001 0.5319636109375 0.5898906515625 0.5433391296875001 0.5871552640625 0.5480593109375 0.60184715 0.58341144375 0.582118528125
0 0.276845775 0.8709533703125001 0.2693200875 0.8402897781249999 0.2656525421875 0.7918453359375001 0.23704081562499998 0.8039427921875 0.2171009609375 0.8049724546875 0.2229152140625 0.8773596625 0.276845775 0.8709533703125001
0 0.323183675 1 0.315601790625 0.967696690625 0.3115853703125 0.9672040187500001 0.3016892125 0.9343345359375 0.281909096875 0.9387730609375 0.29225914999999997 1 0.323183675 1
0 0.2675457578125 0.7124534609375 0.28301448749999997 0.7840296109375 0.335282209375 0.764535115625 0.35332229375 0.7589856312500001 0.35684980624999996 0.747472371875 0.37059495 0.7345906 0.3819873625 0.7343252765625 0.36878976875 0.6763884390625 0.320514615625 0.695789946875 0.2675457578125 0.7124534609375
0 0.0149495921875 0.8031602156250001 0.047195031250000005 0.7914059625000001 0.015220775 0.6505389109374999 0.008815317187500001 0.65252250625 0.0149495921875 0.8031602156250001
0 0.10605926562500001 0.4154674546875 0.11586343437499999 0.44607798125000003 0.0443734953125 0.4837111453125 0.07281463906249999 0.593821621875 0.1068041015625 0.5879006828125 0.218110403125 0.532779771875 0.22229305937500002 0.5229680125 0.1986435046875 0.4190267703125 0.18055058125 0.3806326328125 0.10605926562500001 0.4154674546875
0 0.5220803484375 0.23569375468749998 0.5029607296874999 0.2691971265625 0.481228353125 0.28169964062499997 0.46795476562499994 0.2922883953125 0.4468162765625 0.2916292140625 0.434374359375 0.2805088109375 0.41369617812500004 0.24902098437500003 0.267982203125 0.2997929546875 0.2715778125 0.3459570375 0.2798700765625 0.3954452578125 0.29966324218749996 0.461205140625 0.3540888140625 0.4402367390625 0.3637029734375 0.4548774546875 0.3873302578125 0.4493443984375 0.38659434375 0.43127275468750004 0.45760097968749996 0.39924078281250003 0.5611426765624999 0.3384176625 0.5476063609375 0.32970945937499996 0.5439433859375 0.319912934375 0.546579396875 0.2823968765625 0.5369077171875001 0.229863178125 0.5220803484375 0.23569375468749998
0 1 0.583894771875 0.9805310390624999 0.5938059234375 1 0.67316973125 1 0.583894771875