0 0.55228833125 0.3526393296875 0.508667278125 0.35030592031249996 0.48437143125000004 0.3987376125 0.51394878125 0.39996185781250004 0.5311599640625 0.3791771109375 0.5364925484375 0.3803670546875 0.55228833125 0.3526393296875
0 0.79248346875 0.2605889875 0.8054433421875 0.2630311515625 0.813413375 0.24014020937499997 0.759054290625 0.2372199234375 0.740577525 0.2742729921875 0.7729476890625 0.27867378593750003 0.781110971875 0.26311452812499997 0.79248346875 0.2605889875
0 0.9626059 0.35051492500000003 0.98772900625 0.356975053125 0.9806583265625 0.3087039296875 0.9626059 0.35051492500000003
0 0.126561453125 0.45670574531249997 0.1179342890625 0.477973515625 0.1470405875 0.48371210781249996 0.159201996875 0.4984540078125 0.1811799421875 0.4674093359375 0.126561453125 0.45670574531249997
0 0.32557501875 0.9417054437499999 0.34176078125 0.9097688046875 0.2868727640625 0.9091067328125 0.2726682921875 0.9338125359375 0.32557501875 0.9417054437499999
0 0.727185353125 0.969583490625 0.7315025625 0.9476889203125 0.6956312203125 0.9372797281249999 0.6834202296874999 0.9759941375000001 0.727185353125 0.969583490625
0 0.5386060546875 0.5824676890625 0.5013430734375001 0.5742963 0.492463325 0.593839703125 0.5148754703125 0.6008314390625 0.5206823468749999 0.591803090625 0.536373971875 0.5901336640625 0.5386060546875 0.5824676890625
0 0.517036475 0.6120057078125 0.47882769375 0.6002404421875001 0.45895628750000006 0.6320669203125 0.47517990781249997 0.6397554546875 0.48176118749999997 0.6331508765625 0.5002576515625 0.642183978125 0.517036475 0.6120057078125
0 1 0.6395542171875 0.9974004640624999 0.6388742984375 0.9846977828125001 0.6799882484374999 1 0.68459005625 1 0.6395542171875
0 1 0.706721175 0.95323616875 0.700113484375 0.94144615 0.7404437234375 0.9986385234374999 0.7571237921875 1 0.7535024671875 1 0.706721175
0 0.89562849375 0.8087189296874999 0.88152319375 0.8373942484375 0.8880148328124999 0.85680390625 0.94020695 0.8601045140625001 0.952264121875 0.8181624953125001 0.89562849375 0.8087189296874999
0 0.6560516984375 0.609382440625 0.669419428125 0.587839653125 0.66846895625 0.5605938421875 0.636423775 0.5526856203125 0.6352245734374999 0.57112495625 0.6173494421875 0.5767837296875 0.6138387078124999 0.6003425046875 0.6560516984375 0.609382440625
0 0.731639509375 0.6471464046875 0.6904347703125 0.6369732546875 0.6727864234375 0.6610721765625 0.7189571859375 0.675802003125 0.731639509375 0.6471464046875
0 0.7861349984375 0.6628795140625 0.7569654390625 0.655850134375 0.7365663109375 0.6877958468750001 0.7707692078124999 0.6935427703125 0.7861349984375 0.6628795140625
0 0.858342153125 0.659956275 0.8633609796874999 0.6512740124999999 0.8654748124999999 0.6317780828124999 0.8262929390625 0.6219586546875 0.8090639453125 0.644339628125 0.8055331515624999 0.6564524671874999 0.8348403328125 0.666711828125 0.858342153125 0.659956275
0 0.7230018515625 0.45948424687499995 0.6734167578125 0.451649978125 0.65522356875 0.49006640625 0.7087997453125 0.4980919078125 0.7230018515625 0.45948424687499995
0 0.42170686562500004 0.6914125453125 0.40385427187499995 0.723278809375 0.408431065625 0.741354365625 0.44214909062499996 0.7493740171875001 0.46467841249999997 0.704199596875 0.42170686562500004 0.6914125453125
0 0.6287109328125 0.619132678125 0.576520434375 0.6129800999999999 0.5711626328125 0.6253605578125 0.57893401875 0.6333226015625 0.57329656875 0.651237803125 0.6123157781249999 0.6615213984375 0.6287109328125 0.619132678125
0 0.528929790625 0.7893986296875 0.4900564140625 0.7838325859374999 0.46957696562500006 0.817949834375 0.5099353671875 0.8269259296874999 0.528929790625 0.7893986296875
0 0.5740249078125 0.7358024609375 0.51963165 0.7282111718750001 0.5070936609375 0.7578521265625 0.5547371937500001 0.7667466328125 0.5740249078125 0.7358024609375
0 0.2474855796875 0.5593319578125 0.19298326562499998 0.5449837750000001 0.170001459375 0.5800546890625 0.2265321921875 0.591358859375 0.2474855796875 0.5593319578125
0 0.44370706249999997 0.4193092046875 0.3671199578125 0.3934759875 0.33347777343749996 0.450678646875 0.40392175 0.46850002812499997 0.44370706249999997 0.4193092046875
0 0.45253513281249996 0.35789900937499997 0.32963385 0.3306720546875 0.29550321562500004 0.37094069687500003 0.43525634062499996 0.400983315625 0.45253513281249996 0.35789900937499997
0 0.153433709375 0.0429375984375 0.1466553625 0.056637471875 0.22273458750000003 0.0699848703125 0.24098123437500002 0.0301137734375 0.153433709375 0.0429375984375
0 0.2952829328125 0.027590621875 0.3291673234375 0.03288095 0.3357774046875 0.017024987499999998 0.33327016875000004 0.0165954359375 0.2817900515625 0.0241361625 0.2952829328125 0.027590621875
0 0.3098520796875 0.0750893125 0.2361049125 0.064063334375 0.2274179625 0.0726119 0.303664359375 0.08924785468749999 0.3098520796875 0.0750893125
0 0.3164691625 0.047972165625 0.24407101406249998 0.041718153125000004 0.23668554375 0.059008717187500004 0.3084526390625 0.0676826859375 0.3164691625 0.047972165625
0 0.4140436515625 0.056325732812499994 0.42385607500000005 0.028405039062499998 0.3424472125 0.0171803125 0.3335889734375 0.0403061984375 0.4140436515625 0.056325732812499994
0 0.5163717343750001 0.015964828125 0.47775915781249995 0.0061668546875 0.3817018859375 0.1740840375 0.4243130625 0.187846496875 0.5163717343750001 0.015964828125
0 0.574606190625 0.026159726562500003 0.5244390203125 0.016355792187500003 0.43661094531250005 0.1897775390625 0.47919251875 0.1993296359375 0.574606190625 0.026159726562500003