0 0.030903871875 0.12888685625000001 0.0013630937500000002 0.11714404062499999 0.0017067375 0.1466766890625 0.0124247171875 0.150672196875 0.030903871875 0.12888685625000001
0 0.033431553125 0.10027783125 0.000989409375 0.08502969218749999 0.001315075 0.11301722656249999 0.014794009375 0.11598243281250001 0.033431553125 0.10027783125
0 0.6835659515625 0.6265937953125 0.748442378125 0.6187841093750001 0.75327733125 0.5724374359375 0.6862207296875 0.574600371875 0.6835659515625 0.6265937953125
0 0.17728976093749998 0.8981959484375001 0.49787332656250005 0.9158045375 0.46259536093750003 0.8246798921874999 0.1884016421875 0.814838271875 0.17728976093749998 0.8981959484375001
0 0.3996450375 0.5727115031250001 0.40423560625 0.55219841875 0.24142829843750002 0.5459035046875 0.2407423515625 0.581295228125 0.3951503203125 0.5865745796875 0.3996450375 0.5727115031250001
0 0.7563965390625 0.5429555875000001 0.796955109375 0.5359230796875 0.84777099375 0.5400154734375 0.8759264109375 0.38511930625 0.8431163375 0.3778306984375 0.7891399796874999 0.37746945625 0.7563965390625 0.5429555875000001
0 1 0.5297391828125 0.858624584375 0.5364390328125 0.8680320968749999 0.5565393609375 0.8570675609375 0.5938261375 1 0.5860822046874999 1 0.5297391828125
0 0.060617806249999996 0.3640453171875 0.1167438015625 0.41171187812500004 0.16916188125 0.3871334734375 0.1747526546875 0.3717930671875 0.1138136546875 0.31419841875 0.0612850828125 0.3467305875 0.060617806249999996 0.3640453171875
0 0.018966228125 0.062793790625 0.012978434375 0.0718523203125 0.059019059375 0.088524246875 0.087531190625 0.053141829687499996 0.018966228125 0.062793790625
0 0.496979896875 0.36898331875 0.49482041250000003 0.3461128578125 0.361377665625 0.33314489062499997 0.35765070468750004 0.369412825 0.48805764375000005 0.38413118281249997 0.496979896875 0.36898331875
0 0.568627684375 0.620986375 0.6445305984374999 0.6248761671875 0.654814459375 0.557916921875 0.5791237687499999 0.5467418984375 0.568627684375 0.620986375
0 0.7760845640625 0 0.776635671875 0.233141015625 0.8830550890625 0.2348475578125 0.8852917671875 0 0.7760845640625 0
0 0.7993465343749999 0.8447925484375001 0.7987017546875 0.964511296875 0.8894024093749999 0.951743271875 0.89259498125 0.832327384375 0.862042784375 0.831336109375 0.8235000687499999 0.8341157375 0.7993465343749999 0.8447925484375001
0 0.752022178125 0.9070432625 0.7506172640625 0.95423011875 0.79731321875 0.952948821875 0.7981267937500001 0.901876103125 0.7911681671874999 0.8995480875 0.7969020609374999 0.8504288000000001 0.75862364375 0.841925425 0.7555325875000001 0.8476526953124999 0.7407163890625 0.8457692828125 0.7252208125 0.8525812328125 0.7238410234375 0.843514221875 0.6820101375000001 0.8507258343749999 0.6826749078125001 0.911513209375 0.752022178125 0.9070432625
0 1 0.863009428125 0.9044607359375 0.8842612921875 0.917040884375 0.9242299953125 0.975020628125 0.913379378125 0.9815374625000001 0.9335238609375001 1 0.929210025 1 0.863009428125
0 0.5941770796875 0.929156584375 0.6490898031250001 0.9240511953125001 0.6551895640625001 0.8470966671875001 0.618583425 0.849582340625 0.580493359375 0.850996553125 0.5790763437499999 0.8895640468750001 0.5941770796875 0.929156584375