0 0.48224782343749995 0.47674413125 0.543703778125 0.47254354843749996 0.5347930390625 0.41464216406250004 0.4810287234375 0.4240961875 0.48224782343749995 0.47674413125
0 0.44982115624999996 0.0783461875 0.6099317734375 0.08833513750000001 0.610987575 0.034317278125 0.4463695703125 0.025984240625 0.44982115624999996 0.0783461875
0 0.75393178125 0.8109803015624999 0.764345765625 0.8885257 0.800612340625 0.8906610078125 0.7832033375 0.810846675 0.75393178125 0.8109803015624999
0 0.8511593203125001 0.8306837968749999 0.8264263843749999 0.825995075 0.8176743203125 0.832843859375 0.827195428125 0.8760155421875 0.8595078624999999 0.87131925625 0.8511593203125001 0.8306837968749999
0 0.79438350625 0.944823840625 0.79512760625 0.9485166968750001 0.8403009375 0.940008325 0.8400809484374999 0.9362167515625 0.8137384187500001 0.91750785625 0.8089994265625 0.9320961578125001 0.79438350625 0.944823840625
0 0.7269115484374999 0.6837075328125 0.803550115625 0.66478965 0.7910699703125 0.6038844609375 0.7109656484375 0.6174926609375 0.7269115484374999 0.6837075328125
0 0.4096941890625 0.935665971875 0.42402335312500006 0.9346258109375001 0.41204071718749996 0.8401833703125 0.3660727921875 0.86710983125 0.3628064875 0.8805913875 0.35701774999999997 0.860925175 0.3461528265625 0.8604834859375 0.31748415625000004 0.8911900265625 0.321663971875 0.988357375 0.41344892031249997 0.9864241703125 0.4096941890625 0.935665971875
0 0.7102977453125 0.369145484375 0.6880196109375001 0.29704006875 0.6312109312499999 0.3117522828125 0.649124928125 0.3819898515625 0.7102977453125 0.369145484375
0 0.5060810234375 0.7058668296875 0.5443377625 0.7042874203125 0.5400295734375 0.6601114703125 0.49833831406250007 0.66475861875 0.5060810234375 0.7058668296875
0 0.7926089609375 0.1162647765625 0.78213083125 0.1106171453125 0.7686775625 0.12368622656249999 0.7769812953125 0.13445060625 0.7926089609375 0.1162647765625
0 0.73300191875 0.7642415625 0.7827993531249999 0.7571710109375 0.7722995765625 0.7284397546875 0.7480831890624999 0.73815640625 0.7406551 0.7209732437499999 0.727505859375 0.7104266421875 0.7203610359375 0.716883040625 0.73300191875 0.7642415625
0 0.7143310796875 0.2927343609375 0.719212815625 0.3531654078125 0.7742101406249999 0.3539470671875 0.7695109984374999 0.28187052968750004 0.7143310796875 0.2927343609375
0 0.6676699390625 0.2367204921875 0.6801161640625 0.29256622499999996 0.7096484125 0.2869141796875 0.7043014484375 0.2317486765625 0.6676699390625 0.2367204921875
0 0.716801521875 0.18005834375000002 0.7078178953125 0.18175040625 0.7215086937499999 0.22563855 0.7986634765625 0.21576885781250002 0.791081459375 0.1676592390625 0.7473419046875 0.177735609375 0.74248996875 0.151975328125 0.7132920546875 0.1594024515625 0.716801521875 0.18005834375000002
0 0.6973394921875 0 0.676258709375 0.007767398437500001 0.6849903859375 0.08161733437499999 0.71348415 0.0768781734375 0.700331203125 0 0.6973394921875 0
0 0.6236707390625 0 0.6256091265625 0.0103136671875 0.657444184375 0.0092713171875 0.6561405796875001 0 0.6236707390625 0
0 0.6177566609375 0.10096051406249999 0.677227075 0.09621488125 0.672599684375 0.0373722375 0.61259380625 0.0409410546875 0.6177566609375 0.10096051406249999
0 0.67520698125 0.1772454109375 0.6703877484375 0.127023940625 0.6473177437500001 0.130450140625 0.6526962328125 0.17126395 0.67520698125 0.1772454109375
0 0.2805354328125 0.5161487140625 0.2856531015625 0.535941321875 0.2806756125 0.5517625500000001 0.302752196875 0.5513926125 0.303854778125 0.5774780234375 0.34820310625 0.570514784375 0.3347075984375 0.5007674953125 0.28430180781250003 0.508535425 0.2805354328125 0.5161487140625
0 0.26478440000000003 0.46643959218750003 0.2968754 0.46068666562500005 0.2923060140625 0.41976529375 0.25857952812499996 0.426117659375 0.26478440000000003 0.46643959218750003
0 0.2403272859375 0.4779723859375 0.2019978703125 0.494875096875 0.209042403125 0.5212086734375 0.2496880796875 0.503869696875 0.2403272859375 0.4779723859375
0 0.26015074375 0.47087636093749996 0.24299893906249997 0.47858994375 0.24947000937500002 0.4986656046875 0.264594953125 0.49447191406249996 0.26015074375 0.47087636093749996
0 0.29060449374999997 0.46357134687499996 0.2718121203125 0.4673350328125 0.27267036093749997 0.48093634218750003 0.29154427968749996 0.47760560312499994 0.29060449374999997 0.46357134687499996
0 0.5376574546875 0.5281514140625 0.5555900734375 0.527082584375 0.5642251578125 0.5310375656249999 0.5768226640624999 0.53377550625 0.5774166421875 0.49741818281250005 0.5457536265625 0.50199215 0.54469623125 0.5161335921875 0.5376574546875 0.5281514140625
0 0.6071805375 0.49537619218750006 0.605919321875 0.4557146078125 0.58900534375 0.43993705156249996 0.573553715625 0.4401351125 0.580390265625 0.49499763906250005 0.6071805375 0.49537619218750006