0 0.42484505781250004 0.087248928125 0.48501076249999997 0.15931175625 0.5483285421875 0.1243903453125 0.4962215921875 0.051048776562499995 0.42484505781250004 0.087248928125
0 0.8304460062500001 0.176112871875 0.8838333453124999 0.1541942375 0.8661842484375001 0.126122775 0.8082386515625 0.147670396875 0.8304460062500001 0.176112871875
0 0.80167064375 0 0.8177892609375 0.017658534375 0.8430553250000001 0.0181318265625 0.8533841546875 0.0030245390625 0.85094818125 0 0.80167064375 0
0 0.572795078125 0.1904592734375 0.6183635734374999 0.2370809296875 0.653009828125 0.21946186406249998 0.6076643078124999 0.174151659375 0.572795078125 0.1904592734375
0 0.6266340703125 0.5065033140625 0.666589571875 0.498984821875 0.6401639859375 0.4603107421875 0.6164253328125 0.46252024062499997 0.6118091515625 0.47651062031249997 0.6266340703125 0.5065033140625
0 0.9698580703124999 0.35376479375000003 0.9723082812499999 0.361751628125 0.9744970500000001 0.385373759375 0.99208164375 0.39058031875 0.99320591875 0.38916235781249997 0.9832907625 0.330844934375 0.9814241859375 0.3278969453125 0.9698580703124999 0.35376479375000003
0 0.6092488171875 0.519889315625 0.60631635 0.507707015625 0.5830606734375 0.47606380000000004 0.5274980593749999 0.5001374078125 0.5656633515625 0.55300545625 0.6188281375 0.548062784375 0.62385484375 0.5315450828125 0.6150604828125 0.5207138140625001 0.6092488171875 0.519889315625
0 0.02720030625 0.347993875 0.033918435937500005 0.3447603015625 0.0367739796875 0.32103221406250004 0.0698829203125 0.2979540828125 0.022250240625 0.2655071015625 0.0032087437500000005 0.27575870625 0.003367071875 0.28936549375 0.013735398437499999 0.3072211484375 0.005409428125 0.315823609375 0.0036822359375000002 0.31645063125 0.0040096937499999995 0.3445922984375 0.011036334375 0.340394334375 0.02720030625 0.347993875
0 0.038001671875 0.3984276859375 0.022128540625000002 0.4140359296875 0.008176204687499999 0.4173441453125 0.0048559671875 0.41732081875000004 0.005138149999999999 0.441571484375 0.050274210937499994 0.4176087796875 0.038001671875 0.3984276859375
0 0.272339840625 0.281927728125 0.26747929843749996 0.2866973984375 0.264637115625 0.28357085937500004 0.2505465734375 0.2921199875 0.2536461359375 0.3004667578125 0.26784569999999996 0.29379431562499997 0.27181058125 0.2961113796875 0.280727025 0.2904876890625 0.272339840625 0.281927728125
0 0.9280934921874999 0.0338687484375 0.851105325 0.0679500015625 0.9534212640625 0.2801926234375 0.9739758281249999 0.2760578078125 0.9356436921875 0.05060183124999999 0.9280934921874999 0.0338687484375
0 0.8782519125 0.194011809375 0.8063844359375001 0.21879967968749997 0.80697578125 0.24019206093749998 0.8664531640625001 0.31722534062499996 0.9345747796874999 0.287455115625 0.8782519125 0.194011809375
0 0.759575846875 0.1592010734375 0.7865749171875 0.197047603125 0.8184821609374999 0.17653815781249999 0.7884367234375 0.13856473125 0.759575846875 0.1592010734375
0 0.7271162546875 0.10900519374999999 0.7455703796875001 0.14378830781250002 0.783630853125 0.1309306421875 0.7617559921875 0.0914713375 0.7271162546875 0.10900519374999999
0 0.602909490625 0 0.5822143015625 0.0092675140625 0.5868225390624999 0.027476149999999998 0.6478787609375 0.001120865625 0.6468176671875 0 0.602909490625 0
0 0.5204581515625 0.034471203125 0.5309152453125 0.05149923125 0.5862480359375 0.027062248437500002 0.5766945046874999 0.0109009734375 0.5204581515625 0.034471203125
0 0.3965323265625 0.0215377703125 0.436287575 0.01716560625 0.4510971125 0.0017261296875 0.45104708125000004 0.0015236265625 0.389153140625 0.0113447625 0.3965323265625 0.0215377703125
0 0.31931925625 0.0224257859375 0.36709835625 0.0794503 0.4236858078125 0.058686381249999996 0.389637496875 0.01126790625 0.31931925625 0.0224257859375
0 0.199347275 0.041462565624999996 0.3105859015625 0.15662204531249999 0.346585465625 0.137820203125 0.243395909375 0.034473065625 0.199347275 0.041462565624999996
0 0.1076508015625 0.056012675 0.25314801875000004 0.195240196875 0.30729792499999997 0.1595217765625 0.19732055937499998 0.0417841578125 0.1076508015625 0.056012675
0 0.25787105625 0.20164581718750002 0.30152645625 0.24838164062499998 0.3458296890625 0.23480696874999998 0.2901861390625 0.181681940625 0.25787105625 0.20164581718750002
0 0.3734853375 0.183237371875 0.34763565 0.178837228125 0.32779000156250004 0.1938131609375 0.3370040921875 0.22478034062500002 0.38359840156249997 0.194659075 0.3734853375 0.183237371875
0 0.2821038609375 0.1754095125 0.30051219218749997 0.1983098734375 0.3113497328125 0.19768450937499998 0.362809871875 0.163318840625 0.3451115859375 0.14249441875 0.2821038609375 0.1754095125
0 0.36769501718750003 0.15684067968749998 0.4111931234375 0.13939535 0.4048795765625 0.11931079062500001 0.35778375625000003 0.1369692421875 0.36769501718750003 0.15684067968749998
0 0.4102619984375 0.18148435624999998 0.4249438234375 0.20482871875000003 0.5066809109375 0.1605029484375 0.5028722218749999 0.154162684375 0.484847134375 0.1593377203125 0.4669759 0.140708303125 0.421039440625 0.1620970265625 0.4102619984375 0.18148435624999998
0 0.395152090625 0.39863887343750004 0.3763484875 0.37106626875000004 0.33313148593749997 0.39560100625 0.33752528437499996 0.41106582343750003 0.34865529687499996 0.4216737859375 0.395152090625 0.39863887343750004
0 0.399479834375 0.5658013734375 0.370946140625 0.5452442234375 0.341454296875 0.55537436875 0.352973190625 0.597550184375 0.3878820640625 0.60000778125 0.4086505296875 0.594165946875 0.399479834375 0.5658013734375
0 0.5318962593750001 0.5197051609375001 0.49952788124999997 0.5342901578125 0.49574236093749996 0.5803464875000001 0.521461690625 0.5864508578125001 0.558720634375 0.5707320890625 0.5318962593750001 0.5197051609375001
0 0.6791685984375 0.44917620625000004 0.6897255109375 0.4712390203125 0.7055633671875 0.45912972500000004 0.694333534375 0.4434869734375 0.6791685984375 0.44917620625000004
0 0.7092927812500001 0.4795822390625 0.71763529375 0.5004812375000001 0.7444219796875 0.49408429375 0.7344455203125 0.47123491250000005 0.7092927812500001 0.4795822390625
0 0.8671043265625 0.369732728125 0.906578871875 0.4205411296875 0.9789151468749999 0.38183173125000003 0.9423612484375001 0.338935515625 0.8671043265625 0.369732728125
0 0.830482628125 0.3680730234375 0.8695109265625 0.4247815015625 0.896115628125 0.4103955609375 0.8656935375 0.35958175468750003 0.830482628125 0.3680730234375
0 0.793967775 0.4088005984375 0.837070059375 0.46303177656249994 0.8744007984375 0.44353468906250004 0.8401063234375 0.39243043593750004 0.793967775 0.4088005984375
0 0.8927072234375 0.6425077031249999 0.9136075609375001 0.6219981234375 0.774751575 0.421424915625 0.7534935515625001 0.42389316718750003 0.7199611140625 0.4391679359375 0.8542890999999999 0.6449841546874999 0.8927072234375 0.6425077031249999
0 0.42186451875 0.7874022421875 0.4706137734375 0.7819396453125 0.4858313671875 0.76519380625 0.41514085781250004 0.6150431828125 0.343604225 0.6369586234375 0.42186451875 0.7874022421875
0 0.2741861046875 0.655149775 0.294564984375 0.707430940625 0.2909482046875 0.741507340625 0.339048534375 0.8276061734375 0.4184473015625 0.79040665625 0.3434694828125 0.6383899703125 0.2741861046875 0.655149775
0 0.051057271875 0.75381428125 0.0688932734375 0.735790146875 0.035231796875 0.697674996875 0.0333916171875 0.69883575625 0.042821815624999995 0.7543008265625 0.051057271875 0.75381428125
0 0.1065335078125 1 0.1040070765625 0.96974444375 0.0801577421875 0.97389744375 0.0845957109375 1 0.1065335078125 1
0 0.34395040468750004 1 0.327179978125 0.97141209375 0.2743076828125 0.99141815 0.2781358859375 1 0.34395040468750004 1
0 0.4122012203125 1 0.41499632656249996 0.9790270171875 0.36641471718749996 0.9779392843749999 0.3692783734375 1 0.4122012203125 1
0 0.5509869078125 1 0.568925940625 0.9971534906249999 0.49534467343750005 0.904912459375 0.420470890625 0.9408047249999999 0.47342219375 1 0.5509869078125 1
0 0.5153391046875 0.7901209203125 0.4902595265625 0.798898565625 0.49803912187500005 0.8216756515625001 0.5279180875 0.828277421875 0.537131965625 0.8132839171875 0.5153391046875 0.7901209203125
0 0.4199366890625 0.8579750109375001 0.45860403437499997 0.8947697375000001 0.5073575031249999 0.8771007875000001 0.4989609296875 0.8553896375000001 0.48471776875000006 0.8393201250000001 0.4582842078125 0.8251849484375 0.43140842187499995 0.83624681875 0.4199366890625 0.8579750109375001
0 0.695549384375 0.977061278125 0.6595700203125 0.890112384375 0.5681589125000001 0.91509726875 0.5990344375000001 0.9923759671875001 0.695549384375 0.977061278125
0 0.5784990875 0.87448250625 0.594234890625 0.9083501234375 0.6278717281249999 0.892701034375 0.608678621875 0.8687677640624999 0.5784990875 0.87448250625
0 0.6453580859375 0.8215955625 0.658240021875 0.85288564375 0.6748983484375 0.8565977265625 0.72252535 0.8520707984375001 0.729922515625 0.8278745921875 0.6983587328125 0.7792411546875 0.6844201140624999 0.7844832671875 0.68282695 0.8035286125000001 0.6453580859375 0.8215955625
0 0.6435335390625 0.8197596031250001 0.6895315921875 0.8003392671875 0.682459028125 0.783573878125 0.634665846875 0.79601878125 0.6435335390625 0.8197596031250001
0 0.63578393125 0.7929583 0.7034545671875 0.7658480812499999 0.6979093109375001 0.7546064765625 0.6291011390625 0.7821918171875 0.63578393125 0.7929583
0 0.6072744734375 0.7638954124999999 0.6283061437499999 0.7830755578125 0.698045853125 0.75367990625 0.683633409375 0.7303138453125 0.6072744734375 0.7638954124999999
0 0.7162983281249999 0.7319279828125 0.7667643078124999 0.7181540640625 0.7609910921874999 0.6965527546875 0.713081825 0.7099209828124999 0.7162983281249999 0.7319279828125
0 0.7668999828125 0.7246352203125 0.7931706078125 0.766722015625 0.8653728796875001 0.74303845625 0.840659553125 0.7024512281249999 0.7668999828125 0.7246352203125
0 0.87517636875 0.6906188328125 0.896920559375 0.7364752921875 0.9253665453125001 0.7219234484375 0.9002499796875 0.6792115984375 0.87517636875 0.6906188328125
0 0.8962604578125 0.6709429109375 0.9327532156249999 0.7378182671875 0.9581570484374999 0.7109331734375 0.9325441578125 0.659124771875 0.8962604578125 0.6709429109375
0 0.9519853359375 0.7162686500000001 0.943457646875 0.7266497953125 0.9185412656249999 0.7391053390625 0.9367487499999999 0.78219799375 0.9902454609375001 0.7651232359375 0.96016284375 0.7071636390625 0.9519853359375 0.7162686500000001
0 0.9867310953124999 0.7820112484374999 0.9399772656250001 0.7769717828125 0.9398855718749999 0.803859884375 0.9850112546875 0.7970993234375 0.9867310953124999 0.7820112484374999
0 0.8506269328125 0.8767156765624999 0.9596298359375 0.8589564624999999 0.9531787140624999 0.8347269640625001 0.84826655 0.8518370734375 0.8506269328125 0.8767156765624999
0 1 0.8640520875 0.8569550265625001 0.8836662937499999 0.85724821875 0.90466405625 0.8743979921875 0.93140478125 1 0.9111139390625 1 0.8640520875