0 0.6684974765625 0.5610359546875 0.6745118546875 0.574656934375 0.6661027546875 0.5861647375000001 0.6559046421875 0.5913282093750001 0.6486268875000001 0.6151803484375 0.688957065625 0.6277679593750001 0.7257495734375 0.4373802578125 0.693198953125 0.43169510000000005 0.6880836453125 0.44050670937499997 0.688819603125 0.4546728625 0.6928799796875 0.4601832578125 0.6954050875 0.4872154703125 0.69149686875 0.5024291187500001 0.6868201843749999 0.5159363640625 0.6882684046875001 0.5377275390625 0.6845578109375 0.548769415625 0.6727010203125 0.5552712828125 0.6684974765625 0.5610359546875
0 0.5333838 0.6070432234375 0.5101216734375 0.6057847953125 0.473196734375 0.8264247687499999 0.48175986875000004 0.8291408203125 0.541719821875 0.829716625 0.5442665671875 0.8187901625 0.5361765734375 0.8083315359375 0.52877715625 0.7989783390625 0.52881180625 0.7930618593750001 0.53248775 0.7879364640625 0.5416654484375 0.7846567906249999 0.559262978125 0.7888465124999999 0.5683319765625 0.7399254359375 0.5546098921875 0.7199383578125 0.5473320875 0.69931223125 0.549407571875 0.6896281515625 0.5569827953125001 0.6817682578125 0.566709778125 0.6843688984375 0.576764725 0.6904804953125 0.5827810640625 0.6596447484375 0.57145160625 0.6524638859375 0.560552184375 0.6375447249999999 0.5477636859375 0.6275520265625001 0.5333838 0.6070432234375
0 0.3852724765625 1 0.43051412187500004 0.7569834656250001 0.406894059375 0.7479344453125 0.2764815578125 0.685453759375 0.253441953125 0.6749341328125 0.2355135625 0.6660380906250001 0.2230014640625 0.7377136515625 0.24766072968750003 0.750203096875 0.20757072187499997 1 0.3852724765625 1
0 0 0.59175219375 0.0047242 0.642326509375 0.029537790624999997 0.50789845 0.0023830734375 0.49919994218749997 0 0.512308571875 0 0.59175219375
0 0 0.41642016875000004 0.0429583109375 0.4382632390625 0.0832303390625 0.22155222343749997 0.0796031015625 0.20554234999999998 0.049824162500000005 0.19925625 0.029182878125 0.2831075109375 0.006340453125000001 0.27469876718749997 0 0.303240215625 0 0.3583544828125 0.0034752265625000002 0.366048134375 0.0068388859375 0.37923631874999997 0 0.375226921875 0 0.41642016875000004
0 0 0.2714063296875 0.006340453125000001 0.27469876718749997 0.029182878125 0.2831075109375 0.049824162500000005 0.19925625 0 0.17474455 0 0.2714063296875
0 0.18872889531249998 0.6749383671875 0.20268966093750002 0.6187713265625 0.173094809375 0.60677131875 0.16271354375 0.6633007890625 0.18872889531249998 0.6749383671875
0 0.4430322875 0.1122854453125 0.44130479375 0.107065446875 0.43972724999999996 0.0990262328125 0.43929371093749997 0.0899605265625 0.44302016093749996 0.081417078125 0.44713837968750003 0.0768347796875 0.4535924140625 0.0753686765625 0.45797394062499996 0.0605646140625 0.4323089234375 0.05034881718749999 0.42010655156250004 0.10508061718749999 0.4430322875 0.1122854453125
0 0.6800747421875 0.6849748765625 0.67062144375 0.7297818890625 0.7065505890625 0.758827671875 0.7214690265625 0.766239590625 0.73354513125 0.7620855375 0.7423492140625 0.7291907359375001 0.7352254453125 0.7227884687499999 0.7315367546875 0.7089151234375 0.6800747421875 0.6849748765625
0 0.9136841796875 0.2442654015625 0.8716776921875 0.4803658109375 0.897588446875 0.506252896875 0.96528215625 0.522322653125 0.9883084359375 0.413471378125 0.9706372140624999 0.22429439687500002 0.933288215625 0.21032135937500002 0.9136841796875 0.2442654015625
0 0.5162348515625 0.196178496875 0.7718606921875 0.3188076203125 0.7757655328124999 0.307050828125 0.7815009749999999 0.269482065625 0.7957197468749999 0.238898140625 0.533810696875 0.1097833953125 0.5100477796875 0.1832702984375 0.5162348515625 0.196178496875
0 0.5342161921875 0.06848230625 0.5559987421875 0.08836571875 0.7312438671875 0.1734440578125 0.78335116875 0.1903203125 0.78892051875 0.1812462875 0.7998972890625 0.18441864375 0.807331884375 0.1573553 0.7944270265625 0.1486784859375 0.799155896875 0.11547041250000001 0.5774107421875 0.003359278125 0.5664164796875 0.0032953140625 0.5407936578125 0.0322430875 0.5342161921875 0.06848230625
0 0.7085613890625 0.9722370109374999 0.742772365625 0.792170525 0.6642725734375 0.7584549578125 0.627931521875 0.9345804984375 0.7085613890625 0.9722370109374999
0 0.7085613890625 0.9722370109374999 0.6794498703125 0.9591238546874999 0.6663205796875 0.9645779984375 0.6626657859375 0.9883752125 0.7073932859375 0.9839398046875001 0.7085613890625 0.9722370109374999
0 0.8928555859375 0.050396050000000005 0.825331 0.013548646875 0.8089065359375001 0.0663947828125 0.867488053125 0.09902032968749999 0.8811016640625 0.0985181609375 0.8928555859375 0.050396050000000005