0 0.6414820953125 0.8950271734375 0.6667060171875 0.8808204375 0.6756929671874999 0.8399285624999999 0.395621784375 0.7087137671875 0.35493061406250004 0.7311958734374999 0.3521485015625 0.752920203125 0.6414820953125 0.8950271734375
0 0.7556599453125 0.41577471250000003 0.3295349734375 0.38435279375000003 0.30395035625 0.4961371203125 0.5261194109375 0.5166641656250001 0.5448426953125 0.4698437859375 0.7586578562499999 0.4854487890625 0.76729466875 0.45222353593750003 0.7556599453125 0.41577471250000003
0 0.6452000421874999 0.6994917890625 0.674423178125 0.6816626593749999 0.6781522625 0.6460896640625 0.552256303125 0.578502221875 0.5061631421875 0.6154601296875 0.6452000421874999 0.6994917890625
0 1 0.6523149734375 0.82243301875 0.6356858046875 0.8049683906249999 0.6808096984375 0.809981790625 0.693819315625 1 0.7115332734375001 1 0.6523149734375
0 1 0.4808795453125 0.8837135140625 0.46859382031249996 0.8634283187499999 0.5552608453125 1 0.5780702453125001 1 0.4808795453125
0 0.9879074078125001 0.3500139859375 0.9276147124999999 0.35729046875 0.9111611703125 0.41902599843750005 0.996782471875 0.4083346953125 0.9879074078125001 0.3500139859375
0 1 0.8214035953125001 0.9314357421875 0.881182940625 0.98796909375 0.9128306437499999 0.9512708968749999 0.9430339796875 1 0.9361743328125 1 0.8214035953125001
0 0.0758586109375 0.9925476609375 0.1462065984375 0.9972773734375 0.15813858593750002 0.929997071875 0.0634765 0.9111810968749999 0.0758586109375 0.9925476609375
0 0.853077775 0 0.8108404078125 0.14046375 0.8245593546875 0.1586580921875 0.959272009375 0.161842184375 0.93464336875 0 0.853077775 0
0 0.622072984375 0.1834993296875 0.6162547218750001 0.21722274531250002 0.6875824374999999 0.21814999375 0.6884402781250001 0.1997559640625 0.7078183328125001 0.19519660625 0.7194711671875 0.21182949375 0.7294154515625 0.18118823281250002 0.622072984375 0.1834993296875
0 0.1235917671875 0.04806554375 0.2445978046875 0.11157531093749999 0.2922459796875 0.040869757812500004 0.26713961875000003 0.027858164062500003 0.1235917671875 0.04806554375
0 0.8119656421875 0.8944627671875001 0.85713783125 0.8458546984374999 0.82171275625 0.83002914375 0.7801823031249999 0.8744407687500001 0.8119656421875 0.8944627671875001
0 0.717908746875 0.8146302890625 0.7017694953125 0.8291399078125 0.7763702515625 0.869462115625 0.7896532703125 0.8522951515624999 0.717908746875 0.8146302890625
0 0.2398474921875 0.4535254328125 0.0967771828125 0.379718503125 0.055948025 0.43624827499999996 0.19346696875 0.5070280078125 0.2398474921875 0.4535254328125
0 0.099675053125 0.631972865625 0.15175539843750002 0.5827461390625001 0.028155478125 0.5201426390624999 0.0061666031250000005 0.52995655 0.0062248625 0.534963409375 0.015626476562499998 0.5967442296875001 0.099675053125 0.631972865625