0 0.30495521718749996 0.3593086671875 0.28456469218749997 0.366227553125 0.3144576921875 0.40212404687500003 0.33104018125 0.39707614062499996 0.30495521718749996 0.3593086671875
0 0.790816115625 0.3854085046875 0.84262455 0.36998868749999997 0.8190370296875 0.3227289296875 0.75377204375 0.338049878125 0.773036071875 0.36958383437500003 0.780922253125 0.36738676406250004 0.790816115625 0.3854085046875
0 0.2763312046875 0.3275350609375 0.23686868906249997 0.343006125 0.2545237640625 0.3678018703125 0.2911749984375 0.353425634375 0.2763312046875 0.3275350609375
0 0.6749350359374999 0.959155928125 0.6040132609375 0.977839259375 0.6144629187499999 0.9958436546874999 0.685920378125 0.9788713734375 0.6749350359374999 0.959155928125
0 0.5468480015625 1 0.5712856046875 0.9927939140625 0.5582272171875 0.9584769421875 0.527271559375 0.9661574609375 0.54081170625 1 0.5468480015625 1
0 0.5864812640625 0.9406977171875001 0.60563386875 0.934059715625 0.6187846593749999 0.9622039687499999 0.6705734609375 0.9484713953125 0.6535903140625 0.9119092156249999 0.6046206828125 0.9256376124999999 0.59366025625 0.90201258125 0.5722715578125 0.908061403125 0.5864812640625 0.9406977171875001
0 0.7733199374999999 0.23908282500000003 0.786091390625 0.2520798125 0.799826909375 0.252962246875 0.8036809796875 0.2683560796875 0.8336815312500001 0.2596411265625 0.8693157734374999 0.3220542984375 0.86037971875 0.32605608125 0.880124825 0.3657621140625 0.9182304718750001 0.35548926718749996 0.9009794281250001 0.31011835 0.861630234375 0.2185869453125 0.7733199374999999 0.23908282500000003
0 0.1970157234375 0.473379815625 0.142376375 0.49158170625000003 0.166041240625 0.530425709375 0.2195237515625 0.5161473953125 0.1970157234375 0.473379815625
0 0.37926875937500004 0.333854484375 0.32295653125 0.35081199218750003 0.360505015625 0.42025323437499995 0.4186518421875 0.40655765156249996 0.37926875937500004 0.333854484375
0 0.28800900937499996 0.3407931921875 0.300981221875 0.35068414375 0.43246213593749994 0.303750375 0.41463966250000006 0.268582584375 0.27891885625 0.3173642390625 0.28800900937499996 0.3407931921875
0 0.33861502187500003 0.4322460453125 0.3051526109375 0.44668198593749997 0.28512269687499997 0.44736797812500007 0.30286287968750003 0.4807656234375 0.3194027671875 0.47761060000000005 0.35151337968749996 0.4626317796875 0.33861502187500003 0.4322460453125
0 0.26508368125000004 0.3904780046875 0.2086267328125 0.4039570671875 0.22290849218750003 0.43216963281250004 0.2896879859375 0.41578746093749996 0.2755525796875 0.3962183078125 0.267691046875 0.398065703125 0.26508368125000004 0.3904780046875