0 1 0.302104965625 0.9282442906249999 0.23377151093749998 0.9002188 0.24602728906250002 0.8776209921874999 0.2420118140625 0.8646766484375 0.23122522812500002 0.8560564859375001 0.21783373125 0.8503226875 0.2009858375 0.8583455125 0.184241371875 0.838649440625 0.1572367015625 0.8072313421875 0.1942047578125 0.8367768812499999 0.2585096703125 1 0.39702751406250003 1 0.302104965625
0 0.4804600375 0.7811007546875001 0.3951611328125 0.9894361515625001 0.46975709375 0.9968425156249999 0.507816890625 0.9012221921875 0.5235842468749999 0.908944753125 0.5519577453125 0.8369024265625 0.4804600375 0.7811007546875001
0 0.801570715625 0.20278975937500002 0.70820855625 0.3049898375 0.7258973921874999 0.33930330625 0.758046653125 0.35500877656249996 0.8367733421875 0.2726617375 0.8211378500000001 0.2310219 0.801570715625 0.20278975937500002
0 0.639485959375 0.9962795796874999 0.6933496375 0.9959662093749999 0.7212992171875 0.9459168578125 0.6736677546875 0.9029163718750001 0.630032725 0.9872857828124999 0.639485959375 0.9962795796874999
0 0.3796144640625 0.65700505 0.35674678593750003 0.6964388328125 0.394947453125 0.7398761281249999 0.41875149062499994 0.701642703125 0.3796144640625 0.65700505
0 0.7773845140625 0.8169820218750001 0.7294858421875 0.7756825296875001 0.67699098125 0.8988832140625 0.7206641421875 0.9397410203125001 0.7773845140625 0.8169820218750001
0 0.8251483796875 0.6094380484374999 0.84419825625 0.5521949265625 0.838406571875 0.541166146875 0.8153048593750001 0.5293046296874999 0.7954399359375001 0.5943071359375 0.8251483796875 0.6094380484374999
0 0.80546266875 0.773038028125 0.775055146875 0.7552907140625 0.7634841890625 0.7828453734374999 0.7910108078125 0.8021006203125 0.80546266875 0.773038028125
0 0.836078434375 0.6853383875 0.8100569359375 0.6696654796875 0.798062928125 0.6976653859375 0.8238749109375 0.7153329359375 0.836078434375 0.6853383875
0 0.7630616484375 0.61049385 0.7494844125 0.607418290625 0.7388093609374999 0.642880059375 0.7233219828124999 0.6413423734375 0.7120816624999999 0.6819748875 0.7651635 0.7063808578125 0.7986498296875 0.602731915625 0.79116686875 0.599375525 0.8029898328125 0.56141429375 0.7797085328125 0.55126246875 0.7630616484375 0.61049385
0 0.4955104046875 0.6135854984375 0.560329715625 0.5549067625 0.6024492640625 0.5037192625 0.569215540625 0.45408649375000004 0.5292962890624999 0.48664470781249997 0.44997314375 0.5664519796875 0.39696540625 0.6540767359374999 0.43039391250000003 0.7033301843750001 0.4955104046875 0.6135854984375
0 0.660844909375 0.50619499375 0.6343553890625 0.5202643546875 0.6645125125 0.5806433921874999 0.687186478125 0.5630723625 0.660844909375 0.50619499375
0 0.8126098687500001 0.4666689625 0.7876728749999999 0.455843353125 0.7676237734375 0.5373498015625 0.8019693984374999 0.5534283734375001 0.8176428421875 0.5137897031249999 0.8132563953125 0.47968959218749996 0.8126098687500001 0.4666689625
0 0.44074345312499996 0.8781069265625 0.46848720781250003 0.8044738828125 0.350729553125 0.7101045609375001 0.32506974375 0.7877096328125 0.2841993171875 0.8788428234375001 0.39562870625 0.9738241078125001 0.44074345312499996 0.8781069265625
0 0.7214835421875 0.3362294875 0.6943739 0.36589574687500004 0.7288853343749999 0.424647365625 0.7566999125 0.39817393125 0.7214835421875 0.3362294875
0 0.897977834375 0.0939376046875 0.8661897703125 0.13168839375000002 0.893440453125 0.177803625 0.928746134375 0.1404906796875 0.897977834375 0.0939376046875
0 1 0.09587775781249999 0.9613871078124999 0.1378180328125 1 0.20853885781249998 1 0.09587775781249999
0 0.468238809375 0.7278179703125 0.42160325624999995 0.7054694875 0.4017758734375 0.7452494234375 0.4490473578125 0.7718691203125 0.468238809375 0.7278179703125
0 0.5990386109375 0.7363750609374999 0.5739370890625 0.7203726875 0.5518061203125 0.7671219312499999 0.5775319953125 0.7870843 0.5990386109375 0.7363750609374999
0 0.6975271843749999 0.4102607171875 0.668501984375 0.3410020734375 0.59720135 0.42408641874999997 0.6388086734375 0.480818390625 0.6975271843749999 0.4102607171875
0 0.5652971250000001 0.5516569859375 0.5847132968750001 0.5876480046875 0.6126872624999999 0.5556534546874999 0.5949448078125 0.5176359890625 0.5652971250000001 0.5516569859375
0 0.6461667624999999 0.6212791640625001 0.6225805421875 0.59295805 0.6071090640625 0.5678788734375 0.57136566875 0.615048409375 0.5815203703125 0.6504964 0.623527621875 0.6697054765625 0.6461667624999999 0.6212791640625001
0 0.70156324375 0.4156668375 0.659972584375 0.4576047890625 0.7001155140625 0.5204813296874999 0.7249361171875 0.582988253125 0.7576381703124999 0.5434899468750001 0.7705322734375 0.498702815625 0.7397613453125 0.45744279531250004 0.70156324375 0.4156668375