0 0.8317945484375 0.7235847234375 0.6924336249999999 0.9266745406249999 0.7499445734375 0.9434082234375 0.8838711296874999 0.7424044484375 0.8317945484375 0.7235847234375
0 0.33765799375 0.3099721484375 0.358084840625 0.274862490625 0.2978355625 0.2651963234375 0.27966541718750004 0.301354171875 0.33765799375 0.3099721484375
0 0.5370917734375 0.2376040078125 0.5547173015625 0.2028111109375 0.5077425609375 0.1870488734375 0.491839090625 0.2191268375 0.5370917734375 0.2376040078125
0 0.551786265625 0.2973656171875 0.523590334375 0.29003060937499997 0.5132946671874999 0.3048083296875 0.5421394562499999 0.3154056375 0.551786265625 0.2973656171875
0 0.9077456828124999 0.27043009375 0.8717647625 0.3190337671875 0.9183884390625 0.34301868281250003 0.95168599375 0.2975241515625 0.9077456828124999 0.27043009375
0 0.7883681359375 0.31201482343750003 0.8233288140624999 0.270491190625 0.793457975 0.25796586875 0.75473688125 0.30190154687500004 0.7883681359375 0.31201482343750003
0 0.7189107046875 0.23135148437500003 0.6907282359375 0.2228142515625 0.6693129578125 0.272131246875 0.696535975 0.28001528593749997 0.7123125531250001 0.2531304453125 0.7189107046875 0.23135148437500003
0 0.6780687515625 0.24827742968750002 0.6613810109375 0.2418885390625 0.650690921875 0.268692484375 0.6693129578125 0.272131246875 0.6780687515625 0.24827742968750002
0 0.40236054218749995 0.169419653125 0.3671687203125 0.22429206562499998 0.4118410375 0.2451223609375 0.42091094531250006 0.2279733015625 0.4486460046875 0.18013825781249998 0.40236054218749995 0.169419653125
0 0.2408145625 0.1811208265625 0.260640384375 0.1349525640625 0.22896523593749998 0.128756525 0.211318590625 0.1749619296875 0.2408145625 0.1811208265625
0 0.20420138125 0.2082664125 0.2137827390625 0.21336105156250001 0.228327009375 0.2261195296875 0.235394428125 0.1982776265625 0.186784734375 0.185759715625 0.18300293125 0.21299982968750003 0.198140046875 0.2119506296875 0.20420138125 0.2082664125
0 0.16408025625 0.2198250109375 0.178366703125 0.18579639375 0.12476590781250001 0.17118233124999999 0.106137190625 0.20098909062499998 0.16408025625 0.2198250109375
0 0.15922549218749998 0.14137725625 0.14272462187499999 0.1750916078125 0.178366703125 0.18579639375 0.17011871875 0.170074146875 0.173212890625 0.16093458125 0.174755759375 0.1442479828125 0.15922549218749998 0.14137725625
0 0.110276678125 0.1524585921875 0.135393659375 0.1013947203125 0.09074597031250001 0.0912486953125 0.06846987812500001 0.1422939546875 0.110276678125 0.1524585921875
0 0.30860094375 0.1394528078125 0.2955378328125 0.16738943906249998 0.284611584375 0.189241271875 0.3077793109375 0.1952504109375 0.3305578421875 0.1454873984375 0.30860094375 0.1394528078125
0 0.0894255734375 0.182017984375 0.105284253125 0.1555325671875 0.06846987812500001 0.1422939546875 0.0533920796875 0.17574765781249999 0.0894255734375 0.182017984375
0 0.053579971875 0.1386297140625 0.017871818749999997 0.13077282968749998 0.006649871875 0.15224254375 0.0433747546875 0.1618764515625 0.053579971875 0.1386297140625
0 0.6241045484375001 0.2621097390625 0.6479296156250001 0.226312228125 0.621614090625 0.2154479875 0.6030897578125 0.24586822812500003 0.6241045484375001 0.2621097390625
0 0.0977964671875 0.863476190625 0.3244718859375 0.6081829984375 0.29471236562500003 0.5933468359375 0.2703686265625 0.5868986796875 0.0626725953125 0.82201444375 0.068720621875 0.8514378609375 0.0744605375 0.854007646875 0.0977964671875 0.863476190625
0 0.0163999421875 0.567319265625 0.16320421875 0.22718403281250002 0.12036715 0.2184514875 0.005486996875 0.47155137187499996 0.006378239062500001 0.5481445234375 0.01032195625 0.5673305625 0.0163999421875 0.567319265625
0 0.736765890625 0.11231509218749999 0.7556764609375 0.0759561859375 0.728621290625 0.0687830734375 0.7104251171875 0.10143366250000001 0.736765890625 0.11231509218749999
0 0.6492540890625 0.0075547546875 0.62840583125 0.05114555 0.6785432328125001 0.0633836515625 0.6866294625 0.061204546875 0.6934694218749999 0.0392285984375 0.7038874234375 0.038040309375 0.7201669921875 0.0083799015625 0.6492540890625 0.0075547546875
0 0.5674522 0.0380527359375 0.5836340812499999 0.037226643749999996 0.6082466921874999 0.0498424984375 0.6244338843749999 0.028335910937499997 0.5830853515625 0.014378984375 0.5674522 0.0380527359375
0 0.40696226874999997 0.052461725 0.43322322656249995 0.0626379171875 0.457083584375 0.019722628125 0.43183489843749995 0.0089247546875 0.43119435156249997 0.0090420765625 0.40696226874999997 0.052461725
0 0.32659940781249996 0.052172945312499996 0.345416325 0.0572993046875 0.3552155140625 0.04623361875 0.3679652859375 0.0460361453125 0.37969370156250004 0.018474859375 0.3035485203125 0.0324214984375 0.3103329765625 0.038748268749999995 0.32659940781249996 0.052172945312499996
0 0.4680318921875 0.096967040625 0.48812553750000004 0.06689197031250001 0.4657942015625 0.055232551562499996 0.4477738390625 0.088527165625 0.4680318921875 0.096967040625
0 0.543946490625 0.030927553125 0.49312566249999995 0.0152589703125 0.4657942015625 0.055232551562499996 0.48812553750000004 0.06689197031250001 0.5068820609375 0.044151303125 0.5284542265625001 0.052328673437499994 0.543946490625 0.030927553125
0 0.8729651328125 0.1087247921875 0.8422353015624999 0.1534 0.8768611078124999 0.16845736718749998 0.9039183453125 0.119437640625 0.8729651328125 0.1087247921875
0 0.7667976921874999 0.090126921875 0.7486252328125 0.1212025703125 0.7643073031250001 0.1343198125 0.7817085390625 0.1429121015625 0.80468454375 0.10467425625 0.7667976921874999 0.090126921875
0 0.6790269359375001 0.796480115625 0.7064084515625 0.7685822359375 0.6686172125 0.7458371984375 0.641412865625 0.7745969953125 0.6790269359375001 0.796480115625
0 0.959380909375 0.66182383125 0.9520134859375 0.6764796796875 0.944525925 0.6920300875 0.9708167015625 0.7016118453125 0.9874255265625 0.6704299390624999 0.959380909375 0.66182383125
0 1 0.6396170984375 0.9577620015624999 0.624578725 0.937453125 0.649697846875 0.959380909375 0.66182383125 0.9852827828124999 0.6695135718749999 1 0.6411818312500001 1 0.6396170984375
0 1 0.8525068234375001 0.958950725 0.9332668234374999 1 0.925748296875 1 0.8525068234375001
0 0.355993521875 0.601166153125 0.3348813609375 0.5975508796875 0.1009402375 0.8602827234375001 0.156063253125 0.893923225 0.386875796875 0.623366078125 0.355993521875 0.601166153125
0 0.3704606328125 0.2751697921875 0.22490669687499998 0.5738478515625001 0.24949613906249998 0.5793784546875 0.287595246875 0.5809076765625 0.42367498125 0.288960265625 0.3704606328125 0.2751697921875
0 0.3762820015625 0.5801735828125001 0.47798460625 0.3830868375 0.41663813281250006 0.3762174796875 0.30471262656250003 0.57015945 0.352300725 0.5895395156250001 0.3578341390625 0.5724055921875 0.3762820015625 0.5801735828125001