0 0.1755918078125 0.520936921875 0.2152027484375 0.49400765 0.165864884375 0.4506471921875 0.1248514328125 0.4764847671875 0.1755918078125 0.520936921875
0 0.1123900421875 0.4652153140625 0.1485812328125 0.4392417015625 0.1124172453125 0.40325189687499996 0.0668636359375 0.4274097453125 0.1123900421875 0.4652153140625
0 0.26055657656250003 0.4400357515625 0.282440496875 0.448296446875 0.302250690625 0.463409228125 0.31954033593750003 0.44825787031250003 0.2573790375 0.3999923234375 0.247815459375 0.403772928125 0.20344452343750002 0.35975687343749996 0.1830466765625 0.34774740937500004 0.177119225 0.33612626875 0.1843986890625 0.327086990625 0.17804447031249998 0.317801171875 0.13637864375 0.3427130234375 0.1106822703125 0.3200240859375 0.1388768984375 0.2981349875 0.11878098749999999 0.2845856828125 0.0651886828125 0.2379820203125 0.040556378125 0.258697203125 0.0188636046875 0.37740284687500003 0.05765748750000001 0.41597242031250004 0.099383421875 0.38623604375 0.088283271875 0.3720133015625 0.1015242484375 0.3568759359375 0.11115354531249999 0.3659977296875 0.1321122203125 0.3925835203125 0.166729025 0.42827326250000003 0.1865650484375 0.41683304374999997 0.16744388593749998 0.3978374015625 0.18239292499999998 0.382232103125 0.222323478125 0.41975160312500004 0.2004936765625 0.4332232359375 0.2511104609375 0.504988140625 0.27824578125 0.48451249062499996 0.2392334828125 0.44635138750000003 0.26055657656250003 0.4400357515625
0 0.0067018171875000004 0.49621509843749995 0.04974295 0.5343583609375 0.0339393796875 0.54576095 0.0741520359375 0.5817367609375 0.1125427828125 0.5569889328125 0.0185977671875 0.4840546609375 0.0067018171875000004 0.49621509843749995
0 0.1308645265625 0.602387546875 0.1606095734375 0.625062490625 0.13495670625 0.6418091625 0.16384821875 0.6691547531250001 0.20960660312499999 0.63938074375 0.12565654843750002 0.569184109375 0.1037620234375 0.5786267015625 0.1112601046875 0.5905319609374999 0.09313215 0.6015042453125 0.10762859375 0.614787271875 0.1308645265625 0.602387546875
0 0.064598784375 0.6626728515625 0.055295281249999995 0.654802796875 0.0382454578125 0.6663940234375 0.041804715625 0.675014828125 0.0430231453125 0.6836324796875 0.07947848125 0.713981934375 0.09051404375 0.7021464453124999 0.095436978125 0.6956625046875 0.1041640671875 0.6912893312499999 0.11055963906249999 0.69720194375 0.125395734375 0.6874970109375 0.099671253125 0.6596795484375 0.0866758453125 0.6669545125 0.07496125625 0.669805640625 0.064598784375 0.6626728515625
0 0.24164394374999998 0.7995527171875 0.041266924999999996 0.9181130640624999 0.21510760156250003 0.9518280109375 0.30615504531250004 0.8986850296875 0.31163352187500004 0.8992762125 0.34037384843749996 0.8824930656250001 0.24164394374999998 0.7995527171875
0 0.3705132875 0.8373740265625 0.3672699734375 0.8389376875 0.36174679374999996 0.837579621875 0.3560291375 0.832003409375 0.3510141859375 0.8349448296875 0.3994479234375 0.8795439078125 0.41744329531249996 0.8668245562499999 0.37306295624999997 0.83083965625 0.3705132875 0.8373740265625
0 0.1155328203125 0.179854878125 0.1333679796875 0.16655116406249998 0.0791114390625 0.1211096921875 0.0626542203125 0.137774984375 0.0622889359375 0.1397738609375 0.1155328203125 0.179854878125
0 0.5880019453124999 0.06365348125 0.5293925265625 0.056979409375 0.5293703937500001 0.11599292187500002 0.61033718125 0.12901126406250002 0.6057262265625 0.11737904531250001 0.5919924812499999 0.108014521875 0.5840868765625 0.092382596875 0.5852044656250001 0.082558121875 0.5869802515625 0.07284080312499999 0.5880019453124999 0.06365348125
0 0.6898807015624999 0.1645410046875 0.7234549218749999 0.1462567703125 0.740575365625 0.170356321875 0.7614681578125 0.1589776078125 0.7092549234375001 0.10257968906249999 0.6541225671875 0.12475686718750001 0.6898807015624999 0.1645410046875
0 0.3753647109375 0.3799228140625 0.397869790625 0.397484521875 0.4202268125 0.41540687031249995 0.4390984234375 0.43576808125 0.5279521765624999 0.3858472796875 0.5085705015624999 0.368501975 0.48937300937500006 0.3543072203125 0.467748421875 0.3322645234375 0.3753647109375 0.3799228140625
0 0.433605215625 0.6280065203125 0.43672672500000004 0.6211527171875 0.44624380625000004 0.6202115234375001 0.450666928125 0.62152018125 0.45602295625 0.62536638125 0.46356397187500004 0.6198410265625001 0.48063363125 0.6082536484375 0.4965269890625 0.5939995515625001 0.51226138125 0.5947764609374999 0.51689368125 0.588871415625 0.529620559375 0.584864121875 0.5418474093750001 0.5781983171875 0.55031350625 0.569184253125 0.5615112171875001 0.5612942390625 0.571276809375 0.553823215625 0.5780719750000001 0.5467597343749999 0.59012608125 0.5429498390624999 0.6020835046874999 0.5413548546875 0.611811921875 0.53611028125 0.628139390625 0.5192558875 0.6059892625 0.5023368031250001 0.45275772031250006 0.58760108125 0.4426652625 0.58146330625 0.40611390468749997 0.60277679375 0.433605215625 0.6280065203125
0 0.36951974375 0.6593902015625 0.38370587968750003 0.6584118875 0.3908345953125 0.655142690625 0.3982092421875 0.650527715625 0.3677361375 0.623182771875 0.3297685828125 0.641905971875 0.335592721875 0.6509455390625 0.2956181109375 0.6730090843750001 0.30669100781249997 0.68400925 0.3166005515625 0.6808080515625 0.326612178125 0.6826677531249999 0.3320965734375 0.6931168750000001 0.3498485484375 0.68026835 0.352140803125 0.6727823953125001 0.3534536546875 0.665598309375 0.36174435781250003 0.6611405046875001 0.36951974375 0.6593902015625
0 0.39461255781250004 0.11151811874999999 0.5145293765625001 0.12471326875 0.5150792859375 0.09596676875 0.4984956859375 0.09477925468750001 0.4956732 0.06605495624999999 0.4274438359375 0.0568389296875 0.427914003125 0.0542661171875 0.3904467625 0.049684146875 0.39461255781250004 0.11151811874999999
0 1 0.27478559062499996 0.9333869265624999 0.21826306093749998 0.89255206875 0.24761896249999998 0.9783000546875 0.30707795937500004 1 0.2945070953125 1 0.27478559062499996
0 0.0492362640625 0.8170947234374999 0.0097971859375 0.8419681296875 0.010177753125 0.8746740171875 0.070298784375 0.8379423203125 0.0492362640625 0.8170947234374999