0 0.5690789734374999 0.19275004843750002 0.5302602875 0.21225143750000003 0.5720020828125 0.25677783125000003 0.6116140421875 0.2371120359375 0.5690789734374999 0.19275004843750002
0 0.22269576875000002 0.8903991515625 0.232662696875 0.8948739218749999 0.2375544734375 0.9093988218750001 0.24076824375 0.9128153250000001 0.41588316406250003 0.8249906093750001 0.39687008281249997 0.8093098078125 0.3832259796875 0.788412890625 0.2239464109375 0.8704978390625 0.22156354218750002 0.8816355109374999 0.22269576875000002 0.8903991515625
0 0.045127584375 0.725376334375 0.0499897734375 0.7195651359374999 0.06746131718750001 0.7277127421875 0.07151899375000001 0.7327665015625 0.3892418828125 0.5618962171875 0.370572996875 0.535333628125 0.31359584687500003 0.477447075 0.024775928125 0.634486521875 0.045127584375 0.725376334375
0 0.0744942328125 0.8565267921874999 0.1087624703125 0.8401509578124999 0.1833730609375 0.7911524953125 0.1912030296875 0.771533128125 0.199837396875 0.7591206546875 0.44306391562499997 0.6260814390625 0.39486958906249997 0.5734982843750001 0.0525240921875 0.7584088890625 0.0744942328125 0.8565267921874999
0 0.38017193125 0.6956260265624999 0.3903800046875 0.7096115078125 0.4686210359375 0.6631100140624999 0.44647200624999994 0.6378727421875 0.372562934375 0.6806436328125 0.38017193125 0.6956260265624999
0 0.6278188874999999 0.6469253671875 0.6031840453124999 0.656925878125 0.6049535125000001 0.6794714843749999 0.6140733296875001 0.6873920328125 0.6314865234375 0.6886988640625 0.6540440734375 0.676650175 0.6278188874999999 0.6469253671875
0 0.5796990656250001 1 0.811284709375 0.9520035671875 0.799383765625 0.9372233171875 0.805017465625 0.9320773109375 0.7782493546875 0.8984449546875 0.734496528125 0.8546686203125 0.7071071609375 0.8688643234375 0.6871732265625 0.8809524859375 0.72322421875 0.9206386109375 0.7040862671875 0.9336865921875 0.6662329296875 0.946655778125 0.628591740625 0.968079384375 0.5984556109375 0.9851147625 0.5907594890625 0.9861474015624999 0.5635775171875 0.9582664109374999 0.5418473984375 0.97243484375 0.566806915625 1 0.5796990656250001 1
0 0.91191193125 0.49518927812499997 0.7062912921875 0.6031254015624999 0.744989790625 0.6445332328125 0.7670854 0.631997059375 0.7670134265625 0.6240759796875001 0.767782603125 0.6148141218750001 0.7819414015625 0.602235684375 0.7947853921875 0.5938873265625 0.8152560421875 0.5867911296874999 0.831672778125 0.581701559375 0.8500849875 0.5932160375 0.9527733640625 0.5412520390625 0.9324885374999999 0.523876846875 0.91191193125 0.49518927812499997
0 1 0.44895957812500004 0.9272830859375001 0.4880251734375 0.9398973359375 0.5115517390625001 0.9553220953125001 0.5248309859375 0.9635467046875 0.5134615874999999 0.97204625625 0.50091041875 0.98807195625 0.48906985000000003 1 0.48576521093749997 1 0.44895957812500004
0 0.7123059171875 0.816734034375 0.6733367359375 0.777361096875 0.661029646875 0.7733713296875 0.64361136875 0.7974357515625 0.60991054375 0.79623434375 0.50027685625 0.8524913890624999 0.547998365625 0.898236346875 0.6412905859375 0.845366090625 0.6443665640625 0.8300022109375 0.6546435265625 0.8213110390624999 0.671004825 0.8179201359375 0.682264475 0.81723208125 0.6972638421874999 0.82230939375 0.705138103125 0.824760003125 0.7123059171875 0.816734034375
0 0.705425190625 0.43744045781249996 0.7692401921875 0.4014898484375 0.7657304140625001 0.363016340625 0.6992933890625 0.2887396640625 0.683704375 0.2823265015625 0.6681109015625 0.27589343125 0.6527116875 0.26773291875 0.6410321609375 0.2661751046875 0.6029803109375 0.28826704375 0.61629428125 0.304816553125 0.6181879859375 0.3157761 0.61714958125 0.331342571875 0.705425190625 0.43744045781249996
0 0.94895659375 0.2020554203125 0.939582290625 0.1601900953125 0.847084303125 0.217534146875 0.83209779375 0.2022269390625 0.7766396796875 0.23963246875 0.7699862296875 0.2342001953125 0.7552212546875 0.24407146562499998 0.7685326124999999 0.254955921875 0.774288165625 0.2564708953125 0.7936750499999999 0.27632342187500003 0.8183185984374999 0.2589475015625 0.8243608515625 0.24950928437500003 0.838253728125 0.2418600375 0.85498356875 0.2377053859375 0.8710634140625 0.23370627812500003 0.8837650859374999 0.23584376875 0.9071468671874999 0.23099786249999998 0.94895659375 0.2020554203125
0 0.6247909484374999 0.15731235625 0.6115299171874999 0.1453551703125 0.584020259375 0.160867228125 0.6180571687499999 0.2036994265625 0.6285322484375 0.1958003703125 0.6423597234375 0.1921222609375 0.6534720421875 0.1980051671875 0.8876900328125 0.0684785046875 0.8806517546875 0.055210815625 0.8468345546875 0.067947559375 0.8291473671875 0.061802609375 0.81195720625 0.035912532812499995 0.7796935609375 0.0556800734375 0.7690578140625 0.0554473078125 0.763637215625 0.071276284375 0.7468612593749999 0.0837514203125 0.7323518 0.0990270375 0.7159477921875 0.1130706078125 0.702459271875 0.12567676562500002 0.694196853125 0.1396576734375 0.6659182078125 0.155349934375 0.6537849515625 0.1521364859375 0.6403788015625 0.154081753125 0.6247909484374999 0.15731235625
0 0.11938045625 0.237522328125 0.13970405156250001 0.262762996875 0.12173999375 0.284482665625 0.14111185937499998 0.30908740625000003 0.14021333593750002 0.3305612609375 0.2657214203125 0.4616031546875 0.34387361250000004 0.4175779421875 0.3405542515625 0.3913543109375 0.222908059375 0.26678566406250004 0.1633987421875 0.2120484078125 0.11938045625 0.237522328125