0 0.9558901296875 0.22177518125 0.970590228125 0.2469850140625 0.9661091718750001 0.20864712500000002 0.9558901296875 0.22177518125
0 0.9909121187500001 0.802007328125 0.9954064625000001 0.7953799640625 0.99617534375 0.6632204875000001 0.9449417421874999 0.7392145734375 0.9909121187500001 0.802007328125
0 0.9964086828125 0.623112859375 0.9972628234375 0.47629855781249997 0.9758172734375 0.509826378125 0.881686971875 0.65793828125 0.927433409375 0.7151181296875 0.9964086828125 0.623112859375
0 0.9704498750000001 0.3289660203125 0.9440844125 0.36957676875 0.9893921015625 0.4300271453125 0.991547090625 0.4262824421875 0.9817457953125001 0.34242699062500004 0.9704498750000001 0.3289660203125
0 0.9488779718749999 0.49007310937500004 0.9893921015625 0.4300271453125 0.9440844125 0.36957676875 0.923354553125 0.403133528125 0.9042670156250001 0.4300382265625 0.9488779718749999 0.49007310937500004
0 0.90323729375 0.5654101453125 0.9488779718749999 0.49007310937500004 0.90434175625 0.43067766250000006 0.882036284375 0.467205715625 0.85527415 0.5118166671875 0.90323729375 0.5654101453125
0 0.819100425 0.5683305171875 0.85953983125 0.624099734375 0.90323729375 0.5654101453125 0.85527415 0.5118166671875 0.819100425 0.5683305171875
0 0.99466848125 0.9222280171874999 0.9949311968749999 0.8770710156250001 0.9433185265624999 0.8103573531249999 0.9245938890625001 0.8314941328125001 0.9835265218749999 0.9103588406249999 0.99466848125 0.9222280171874999
0 0.9456171703124999 0.8078416890625 0.8976376937499999 0.7443115078125 0.877233640625 0.768086025 0.9245938890625001 0.8314941328125001 0.9456171703124999 0.8078416890625
0 0.7943451578125 0.47853562343749995 0.783524596875 0.49686885312499995 0.8041000046875 0.526872453125 0.8160748671875 0.5073240218749999 0.7943451578125 0.47853562343749995
0 0.7943916609375 0.47837894687500004 0.8160748671875 0.5073240218749999 0.8253336578124999 0.49189565156250004 0.8017797625 0.4648760796875 0.7943916609375 0.47837894687500004
0 0.83737080625 0.4762073578125 0.8116264984375 0.4478233796875 0.8017797625 0.4648760796875 0.8253336578124999 0.49189565156250004 0.83737080625 0.4762073578125
0 0.8984318234374999 0.38750890312499997 0.870482159375 0.3609599109375 0.8148161999999999 0.450713015625 0.8360376828125 0.47515325781250006 0.8984318234374999 0.38750890312499997
0 0.9315329406249999 0.332434475 0.90914995625 0.3054508875 0.8858562687499999 0.3390696515625 0.907372834375 0.367882965625 0.9315329406249999 0.332434475
0 0.9628461359375 0.2859088171875 0.9383510765624999 0.2550886234375 0.9186733796875 0.288219921875 0.9411933859375001 0.3180394421875 0.9628461359375 0.2859088171875