0 0.8423727921875 0.1323138609375 0.8147515343749999 0.23889780156249998 0.9465061546875001 0.2918046671875 0.9755904531249999 0.202806053125 0.9816817328124999 0.1639063140625 0.8606010281250001 0.11392652656249999 0.8423727921875 0.1323138609375
0 0.5813085828125 0.0693838 0.586549340625 0.0497277359375 0.5795433703125 0.038908528125 0.5839962359374999 0.028912418750000002 0.57666381875 0.004143278125 0.5320060875 0.0010179625 0.5514312703125 0.0490902984375 0.5813085828125 0.0693838
0 0.6007300343749999 0.8707673375 0.6244140406249999 0.8344957453124999 0.5890688453124999 0.80319435625 0.56878505 0.847302425 0.6007300343749999 0.8707673375
0 0 0.8548712593750001 0.0601122578125 0.97125128125 0.24135549374999998 0.9839353640624999 0.1935470046875 0.8833327640625 0.17257087499999998 0.8952203859375001 0.0601941734375 0.689519246875 0.040731253125 0.7051532843749999 0 0.6355594609375 0 0.8548712593750001
0 0.592576809375 1 0.6318129875 0.9356568609375 0.6276166703125 0.9191713609375001 0.601915903125 0.905752709375 0.56507200625 0.9734658062499999 0.5874107828125 1 0.592576809375 1
0 0.64488350625 1 0.666866778125 0.9645672875000001 0.6615800109375 0.9570432656250001 0.6318129875 0.9356568609375 0.592576809375 1 0.64488350625 1
0 0.7973647546875 1 0.7811431468750001 0.9831053390625 0.74746009375 1 0.7973647546875 1
0 0.5890688453124999 0.80319435625 0.7025365171875 0.8988039328124999 0.7152278734374999 0.8979988593750001 0.732255271875 0.859589315625 0.7369226421875 0.8282942734375001 0.6244896703125 0.735297003125 0.5890688453124999 0.80319435625
0 0.829494590625 0.8539066765625 0.84860053125 0.8613183609374999 0.854257671875 0.87233949375 0.9283911859374999 0.9422526078125 0.941963578125 0.9371278734375 0.9498316906250001 0.9397104296875 0.9589257859375 0.9472272453125001 0.9673098984375 0.844433990625 0.9494271124999999 0.845621365625 0.9233834046875 0.8179976375000001 0.9184707937500001 0.7913659281250001 0.8722002218749999 0.7638505828125 0.81232365625 0.7050524703125001 0.797874475 0.702517328125 0.7072820359375 0.623853840625 0.6871495999999999 0.62902745625 0.6722744328125 0.6750168109375 0.69349354375 0.6876350062500001 0.6971375656250001 0.7111512265625 0.7253729328125 0.7303138609375 0.7279543515625 0.748189115625 0.7608537546874999 0.7661753859375 0.7557147265624999 0.7921036421875 0.829494590625 0.8539066765625
0 0.8426437390625001 0.6908767296875 0.907664540625 0.7413145531249999 0.9350983109375001 0.7796396203125 0.9518773859375 0.7880949140625 0.956084784375 0.7811083328125 0.966436390625 0.7789118984375001 0.972427978125 0.7816838828125 0.993978803125 0.517460384375 0.9941969609375001 0.4987119203125 0.9228397171875 0.448172153125 0.8272687375000001 0.6475749875 0.8426437390625001 0.6908767296875
0 0.7434226015625 0.5722833453125 0.767214946875 0.59276480625 0.76698881875 0.6030567171875 0.7838730359375 0.61151936875 0.8088850328125 0.6320861843750001 0.8272687375000001 0.6475749875 0.9228397171875 0.448172153125 0.9091904703125 0.44308959843749995 0.746679403125 0.30184320625 0.650748325 0.48932566875 0.7275893890625 0.5657145046875 0.7434226015625 0.5722833453125
0 0.7983446203125 0.2556981703125 0.7709530140624999 0.2495268796875 0.7544843734375 0.2878273671875 0.746679403125 0.30184320625 0.9091904703125 0.44308959843749995 0.9228397171875 0.448172153125 0.9343418625 0.43938901562500005 0.9331753703125001 0.4241315125 0.9525885125 0.4091078 0.9575323328125 0.4003524984375 0.9476845265625 0.394816346875 0.8029229171875001 0.2815021828125 0.7983446203125 0.2556981703125
0 0.5658975609375 0.54821829375 0.5729709546875 0.5729904734375 0.61711295 0.6079342015625 0.631246634375 0.589704796875 0.6486362328124999 0.5499659921875 0.6005343921875 0.5016011859375 0.5658975609375 0.54821829375
0 0.5734467249999999 0.524892771875 0.5880228453125 0.5009795687499999 0.5667445046874999 0.48649463906249996 0.55948746875 0.4722713359375 0.5176139703125 0.434925303125 0.4830859375 0.4195342765625 0.44346457656249993 0.4922597796875 0.5346020421875 0.5709825765625001 0.5478791968750001 0.5715519437500001 0.5734467249999999 0.524892771875
0 0.45671620312499994 0.8151822703124999 0.4713881671875 0.8333956859375 0.5163388984374999 0.8026762515625 0.52442535625 0.777949059375 0.528522809375 0.7463813078125 0.49964018125000004 0.6978164296875 0.5184662015625 0.6713221046875 0.4584727875 0.5766186421875 0.3859528484375 0.49314535625 0.30738160468750003 0.5953593265625 0.39004424375 0.7033116140625 0.3719885421875 0.7263251625 0.407314959375 0.788971765625 0.42475918281249997 0.7856419359375 0.447459284375 0.792289196875 0.45671620312499994 0.8151822703124999
0 0.237151225 0.519856446875 0.24541670781249997 0.5149741234375 0.29804020468750003 0.5908745734374999 0.3379706546875 0.5475488093750001 0.369988371875 0.504261925 0.14932546093750002 0.1617230609375 0.105797415625 0.2048182171875 0.068550071875 0.2598459421875 0.2130682078125 0.45808136250000003 0.20225274999999998 0.47918871249999995 0.237151225 0.519856446875
0 0.1642308171875 0.03109384375 0.15011959375 0.09260885156250001 0.1647027109375 0.1069850421875 0.250563578125 0.1396839640625 0.2937335015625 0.0340823484375 0.1893358375 0.0207016265625 0.1642308171875 0.03109384375
0 0.11338495 0 0.1114796203125 0.011210290625 0.128374590625 0.027060553124999998 0.1193199609375 0.0512120125 0.10205256250000001 0.058596882812499994 0.11761897031249999 0.10318196718749999 0.126908421875 0.1007842046875 0.13832473125 0.090979103125 0.15011959375 0.09260885156250001 0.1642308171875 0.03109384375 0.142508925 0 0.11338495 0
0 0.7471605390625 0.061285396874999995 0.7606972515625 0.038188415625 0.8784936265625 0.0835782 0.8970050359374999 0.04408723125 0.9023202828124999 0.026933940625000003 0.6731828421875 0.0108980421875 0.668913259375 0.021584284375000002 0.7471605390625 0.061285396874999995
0 0.9965241015625 0.29871801875 0.9970544859375 0.25313681250000003 0.9939219187500001 0.25264326875 0.9684441937500001 0.33268716875000004 0.9845340374999999 0.33766536875000003 0.9965241015625 0.29871801875
0 0.510145934375 0.847749284375 0.5007102109375 0.8703501328125001 0.5212461578124999 0.89756724375 0.5677877171875 0.853307209375 0.5550327859374999 0.8362227453125 0.581202390625 0.7819225296875 0.55238470625 0.7758630953125001 0.5078971359375 0.8379826375 0.510145934375 0.847749284375