0 0.504624209375 0 0.660581021875 0.056750625 0.6967490640625 0.023016525 0.6994134062499999 0 0.504624209375 0
0 0.1708904640625 0.8609772734375 0.15847075625 0.8273103703125001 0.148581515625 0.827595521875 0.14393155 0.8338100703125001 0.0927458953125 0.814567875 0.07467178125 0.8299659328125 0.0631733390625 0.8551133046875 0.1482296125 0.8919286703125 0.1708904640625 0.8609772734375
0 0.083337265625 0.2474306875 0.0966162109375 0.23173693125 0.0711178890625 0.219508825 0.059348851562500006 0.22869771874999997 0.0572919453125 0.2355393890625 0.083337265625 0.2474306875
0 0 0.2504358515625 0.030160525 0.21126013124999998 0.0158362421875 0.19035282343749999 0.021559090625 0.1721408796875 0.0365779859375 0.1690467421875 0.05261447968750001 0.1837538734375 0.066260790625 0.171203578125 0.0637993546875 0.15856922812500002 0.07232965625 0.1397789046875 0.0923154953125 0.137128446875 0.08684309375 0.10903905625000002 0.083446353125 0.07064049375 0.028926779687499998 0.0818724171875 0.014428509375 0.10545774999999999 0 0.12247890312500001 0 0.2504358515625
0 0.521770665625 0.24567346250000002 0.5043545890625001 0.2641347234375 0.5022184203125 0.2740285 0.5844248015625 0.309841790625 0.5934676578125 0.2833054953125 0.5584739859375001 0.2688772234375 0.5622863265625 0.26234625624999997 0.521770665625 0.24567346250000002
0 0.522051309375 0.24019607187499997 0.5054709546875 0.23684761875000002 0.484098965625 0.22892412499999998 0.45033235156250007 0.266808840625 0.4480846359375 0.272671103125 0.48545195625000004 0.281883521875 0.522051309375 0.24019607187499997
0 0.4208669078125 0.083071909375 0.37345930156249996 0.06508880781250001 0.3416039359375 0.0969564578125 0.33734198125 0.107573421875 0.3422951484375 0.1279664140625 0.3911572546875 0.13591093125 0.4208669078125 0.083071909375
0 0.300885271875 0.2236793 0.3235744984375 0.201258903125 0.346188090625 0.176144303125 0.31489398125 0.162257815625 0.2749461609375 0.2139054265625 0.300885271875 0.2236793
0 0.2749461609375 0.2139054265625 0.31489398125 0.162257815625 0.2624732234375 0.1414975046875 0.223640740625 0.200127853125 0.2749461609375 0.2139054265625
0 0.43808109999999995 0.2781345109375 0.484098965625 0.22892412499999998 0.346188090625 0.176144303125 0.3235744984375 0.201258903125 0.300885271875 0.2236793 0.43808109999999995 0.2781345109375
0 0.223640740625 0.200127853125 0.2624732234375 0.1414975046875 0.20337270625 0.11862932500000001 0.17022879375 0.1313049484375 0.15248096093750002 0.1704941296875 0.223640740625 0.200127853125
0 0.21831891718750002 0.32982703125 0.1930835046875 0.3255518734375 0.1850008734375 0.32756339218749997 0.0970295015625 0.4359452328125 0.1586476765625 0.46177874531249996 0.2458749015625 0.35827705625 0.24712833750000002 0.3455293609375 0.21831891718750002 0.32982703125
0 0.35951676875 0.76759545 0.3041104265625 0.7353886140625 0.2813640546875 0.7647480578125 0.332751975 0.7937282609375 0.35951676875 0.76759545
0 0.28377278125 0.7037400484375 0.38195263125 0.7151547328125 0.45792226874999997 0.5603674187500001 0.44363536875 0.543425403125 0.3421346703125 0.5274382906249999 0.314219990625 0.576179015625 0.2883133453125 0.5705548171875 0.2636556046875 0.6255314578125 0.286497365625 0.6321945609374999 0.2624477203125 0.6777144796875 0.28377278125 0.7037400484375
0 0.4302342078125 0.0835666375 0.4179205140625 0.0904839421875 0.3911572546875 0.13591093125 0.44204630468749995 0.1541547640625 0.46249365156250005 0.13144238125000002 0.5422343640625 0.1525032640625 0.5563379140625 0.127206309375 0.4302342078125 0.0835666375