0 0.46362093125000003 0.5176534265625 0.7324475578125 0.39368267343749996 0.715232509375 0.3678849171875 0.6997770546875001 0.349793065625 0.6775324 0.340154696875 0.2624425 0.540042234375 0.31995438125 0.599571096875 0.42627313593749994 0.55048105625 0.42358793125 0.52572008125 0.4474126078125 0.515750065625 0.46362093125000003 0.5176534265625
0 0.1851169953125 0.46615154375 0.24588853125000001 0.5248919453124999 0.657557665625 0.31940712968749996 0.6324507374999999 0.282981065625 0.601527753125 0.2624779796875 0.1851169953125 0.46615154375
0 0.160134103125 0.447494315625 0.600856203125 0.24647951406250002 0.57095933125 0.1999364109375 0.5454117625 0.187201965625 0.522350453125 0.19344144531250002 0.107675084375 0.39000758593749996 0.160134103125 0.447494315625
0 1 0.0724223 0.63106500625 0.25430985625 0.6532939703125 0.27545553125 0.6830489796875 0.32247215625000003 0.9733000625000001 0.17724389062499998 0.9768553671875001 0.1527001484375 1 0.146219309375 1 0.0724223
0 1 0.1868983734375 0.9950961671874999 0.1843565515625 0.7035912328125 0.32713237500000003 0.755518109375 0.3854806234375 0.7665789203125 0.386828253125 1 0.26695698437500004 1 0.1868983734375
0 1 0.3055160375 0.7916246375 0.40563082968749997 0.8153125171875001 0.43251623281249996 0.8420876703125 0.4573922421875 1 0.38169271562499996 1 0.3055160375
0 1 0.4140900421875 0.874282190625 0.4869384375 0.9052316734374999 0.5262008921875 0.9237002656250001 0.5366423734375 1 0.49379059999999997 1 0.4140900421875
0 1 0.5313253640625 0.9535451687500001 0.56359941875 0.9885557515625001 0.597785509375 1 0.61495431875 1 0.5313253640625
0 1 0.011636053125 0.9132014765625 0.0106260609375 0.9123064671875 0.03772125 0.879073909375 0.0250626578125 0.550787228125 0.177223871875 0.57095933125 0.1999364109375 0.59901575625 0.23552908593750002 0.9848287171875001 0.04594065625 1 0.0366497421875 1 0.011636053125
0 0.6847591984375 0.007967895312499999 0.3929040515625 0.1485910265625 0.38787444375 0.1647504140625 0.36747364375 0.1773014203125 0.31891251249999997 0.1861158890625 0.1777426875 0.2603978421875 0.1693584421875 0.2858770640625 0.15924536250000002 0.30538615625 0.1183445921875 0.3134427140625 0.08930651875 0.3079812046875 0.045165423437500005 0.3450063578125 0.07687955468749999 0.37010511562500004 0.796548121875 0.033874448437499996 0.8394638484374999 0.009768046875 0.6847591984375 0.007967895312499999
0 0.2313069375 0.18825745 0.205574565625 0.1615135359375 0.0056551765625 0.2547179859375 0.0468835 0.3029630828125 0.1098892625 0.284090109375 0.66625255 0.0077525499999999995 0.5152084109375 0.0059949921875 0.2668165140625 0.1306580390625 0.2814489171875 0.1564257421875 0.26956626875 0.16651405625 0.2313069375 0.18825745
0 0.20920826718750002 0.1255871765625 0.1814230546875 0.11530586406250001 0.1855345296875 0.09047935781250001 0.24017913281249997 0.0726453796875 0.2701585546875 0.0943150921875 0.47244145312499997 0.0054973546875 0.303114959375 0.0035270625 0.0008917890624999999 0.1532855109375 0.0013217234375 0.227184903125 0.0100889484375 0.23202318281249998 0.20920826718750002 0.1255871765625
0 0.26315648281250004 0.0058098515625 0.2654632296875 0.00308894375 0.120247696875 0.001399209375 0.021722734375 0.0442167328125 0.0260202828125 0.0513736953125 0.019743579687500002 0.073344621875 0.00047206875 0.08114170312499999 0.0008388390625 0.1441840890625 0.26315648281250004 0.0058098515625
0 0.11703274687500001 1 0.12111809062500001 0.9890284234375001 0.0474093078125 0.9615196562499999 0.005455378125 0.9376997250000001 0.0056885921875 0.9777859109374999 0.061857114062499996 1 0.11703274687500001 1
0 0.06616010156249999 0.0007698421875 0 0 0.0001941203125 0.033366384375 0.06616010156249999 0.0007698421875
0 0.26956626875 0.16651405625 0.2814489171875 0.1564257421875 0.2668165140625 0.1306580390625 0.2504033953125 0.1326156703125 0.205574565625 0.1615135359375 0.2313069375 0.18825745 0.26956626875 0.16651405625
0 0.8954588593749999 0.689423225 0.8789541359375 0.7040442203125 0.8725285703125 0.7181833671875 0.8981761625000001 0.7516613765625 0.9236133859375 0.74542888125 0.9330107906249999 0.7307458437500001 0.9448978218749999 0.7356152453125 0.9602248718749999 0.7245340234375 0.9179036859374999 0.6802015640625 0.8954588593749999 0.689423225
0 1 0.9954535734375 0.8629104609375 0.9399572546874999 0.8311835046875 0.983676003125 0.8365610734375 1 1 1 1 0.9954535734375
0 0.9433691453125 0.5829425031250001 0.9194450609375 0.575825740625 0.9016063624999999 0.5884272187499999 0.8915329515625 0.6147544953125 0.8437394734374999 0.6099217984374999 0.4949749953125 0.7756041296875 0.5653108703124999 0.841252884375 0.9837602171875 0.6328719578124999 0.9673725640624999 0.6036956296875 0.9433691453125 0.5829425031250001
0 0.5887369234375 1 0.5731338125 0.9785247078125 0.5315716375 0.92261095625 0.3659149578125 1 0.5887369234375 1
0 0.48119885 0.754970009375 0.89972355 0.55599015 0.8919383109375 0.5388346 0.8533116390625001 0.49743749687500005 0.834541453125 0.4955249859375 0.422043225 0.700545640625 0.48119885 0.754970009375
0 0.362827275 0.6393028484375 0.39634488437500004 0.6832023125 0.8216132406250001 0.47149187187499997 0.8060973359375 0.4465609375 0.7598351859375 0.4101986078125 0.34991396875 0.61783171875 0.362827275 0.6393028484375