0 0.885828659375 0.43469419374999996 0.855941978125 0.5052439328125 0.8720673078125 0.5138750187500001 0.9049469984374999 0.44510502656249995 0.8963989671875 0.43424482500000006 0.885828659375 0.43469419374999996
0 0.8543208078125 0.673334696875 0.8728530937500001 0.6237812953125 0.847347803125 0.6028770828125001 0.8242540281249999 0.657287271875 0.8543208078125 0.673334696875
0 0.8417712875 0.8070694906250001 0.8694999390625 0.7320915890624999 0.8434422906249999 0.7203013921875 0.8225417515625001 0.7927296296875 0.8417712875 0.8070694906250001
0 0.81403045 0.7760652453125 0.824699490625 0.780747540625 0.83248426875 0.7550073875 0.8203265296875 0.749538275 0.81403045 0.7760652453125
0 0.785496640625 0.9331093875 0.7509322609375 0.9159261921875 0.7400969953125001 0.9374870953125001 0.73496321875 0.9717027734375 0.718005403125 0.9829797203125 0.7221134218749999 0.9860904296875 0.7734922281250001 0.9824962109375001 0.781911428125 0.9642537703125 0.785496640625 0.9331093875
0 0.9349608640625 0.36447645156249997 0.9310106781249999 0.3571692546875 0.9343890015625 0.3476296234375 0.9434084468749999 0.3439321015625 0.9525212468750001 0.32369345625 0.944555096875 0.31395287031249997 0.9357472078125 0.31278710625 0.9053910203125 0.38233368749999996 0.9228168625000001 0.394189003125 0.9349608640625 0.36447645156249997
0 0.0682778390625 0.0289797953125 0.0001963078125 0.033742456250000004 0.0002827078125 0.048593339062500004 0.129900125 0.22747673124999998 0.1561294859375 0.20543981093750002 0.168085865625 0.1748908640625 0.0682778390625 0.0289797953125
0 0.2030652828125 0.11442775937500001 0.1390621953125 0.02402805625 0.0682778390625 0.0289797953125 0.168085865625 0.1748908640625 0.1825103328125 0.15341039843749998 0.2030652828125 0.11442775937500001
0 0.6853751515625001 0.26370774531249996 0.520062496875 0.1227105921875 0.5048687921874999 0.1572777734375 0.6715499375 0.2974747140625 0.6823659265625001 0.2803078078125 0.6928917125 0.268879934375 0.6853751515625001 0.26370774531249996
0 0.53211646875 0.226068428125 0.6642389515625 0.337126309375 0.6762882390625 0.30014765 0.6715499375 0.2974747140625 0.5048687921874999 0.1572777734375 0.48888375 0.1909679140625 0.53211646875 0.226068428125
0 0.6642389515625 0.337126309375 0.5443604515625 0.23650431875 0.5326557265625 0.2701022265625 0.6634983234375 0.379301959375 0.6749097234375 0.3514018609375 0.6642389515625 0.337126309375
0 0.6634983234375 0.379301959375 0.5326557265625 0.2701022265625 0.524534171875 0.263231878125 0.50930655 0.30391384375 0.645848059375 0.4210858046875 0.6547535156250001 0.41451616874999997 0.6634983234375 0.379301959375
0 0.4948979140625 0.33790810625 0.65105380625 0.46684444062499997 0.6722540015625 0.4637244921875 0.6773024890625 0.44314856562499993 0.6675559 0.43970710312500005 0.645848059375 0.4210858046875 0.50930655 0.30391384375 0.4948979140625 0.33790810625
0 0.65105380625 0.46684444062499997 0.49753694375 0.340209896875 0.4927183515625 0.3690163171875 0.6386219359374999 0.4933033640625 0.6494562640625 0.48923023906249996 0.651800040625 0.4766964171875 0.65105380625 0.46684444062499997
0 0.4799211296875 0.4059644171875 0.6153460140625 0.5212460859375 0.6292297875 0.5153227546875 0.637465109375 0.5127575265625001 0.6413446781250001 0.4986244234375 0.6386219359374999 0.4933033640625 0.4927183515625 0.3690163171875 0.4799211296875 0.4059644171875
0 0.3827121875 0.1810732203125 0.499710203125 0.28823705 0.5110209453125 0.28744580468750003 0.519676184375 0.27101021406250003 0.5215880234375 0.2634379765625 0.516562134375 0.255874509375 0.3980549390625 0.15476290625 0.3827121875 0.1810732203125
0 0.524613953125 0.2558085234375 0.5323230421875 0.2394598421875 0.53211646875 0.226068428125 0.48888375 0.1909679140625 0.408863446875 0.12054393125 0.3980525921875 0.14570841406249999 0.3980549390625 0.15476290625 0.516562134375 0.255874509375 0.524613953125 0.2558085234375
0 0.5247120546875 0.751756509375 0.4598436890625 0.702815975 0.4430690890625 0.7479573687500001 0.5074042984375 0.7975153625 0.5218888890625 0.7691723578125 0.5247120546875 0.751756509375
0 0.44334793437500003 0.6827319000000001 0.3974706265625 0.6488109484375 0.38638268125 0.6973877390625 0.42806144062499996 0.7305663984375 0.4377186078125 0.7082176671875 0.44334793437500003 0.6827319000000001
0 0.3341458 0.7178666546875 0.47754295625000004 0.8361337484375 0.49255258125 0.7892924609375 0.3552856828125 0.67594229375 0.3341458 0.7178666546875
0 0.515280265625 0.879347271875 0.35866383125 0.7443307421875 0.342978128125 0.776777459375 0.330599434375 0.8094072328124999 0.4920350203125 0.947070321875 0.5229452578125 0.893315090625 0.515280265625 0.879347271875
0 0.4644353953125 1 0.47446807812499997 0.969993103125 0.46790949687500005 0.9627026171875 0.4552201625 0.957871571875 0.438379496875 1 0.4644353953125 1
0 0.5046397265625 1 0.5054300406250001 0.9986792890625 0.488284090625 0.980401903125 0.4771575171875 0.980890184375 0.466749840625 0.9985258078125 0.46615877031249997 1 0.5046397265625 1
0 0.8660864328125 0.9571842421874999 0.8862447843749999 0.9746085750000001 0.936034946875 0.971125490625 0.876746321875 0.9212766218749999 0.8660864328125 0.9571842421874999
0 0.876746321875 0.9212766218749999 0.9357389203125 0.9711462 0.9755088015625001 0.9683640859375 0.8908382375 0.8940385281250001 0.876746321875 0.9212766218749999
0 1 0.9510453546875001 0.9037341921875001 0.862222090625 0.8908382375 0.8940385281250001 0.9755088015625001 0.9683640859375 1 0.966650796875 1 0.9510453546875001
0 1 0.9136367703125 0.9129548234374999 0.83219604375 0.9037341921875001 0.862222090625 1 0.9510453546875001 1 0.9136367703125
0 1 0.8652727312499999 0.9293160578125 0.8007380718749999 0.9129548234374999 0.83219604375 1 0.9136367703125 1 0.8652727312499999
0 0.9300684265625 0.15523551093750002 0.9483606828125 0.124388375 0.9499090921875 0.0950648 0.9337611296875 0.095158434375 0.9231329859375 0.09074263906249999 0.9110208921874999 0.071657265625 0.889140034375 0.1185648328125 0.9300684265625 0.15523551093750002
0 0.8549849890625 0.21206017031250002 0.8338316859375 0.2365806375 0.8734577734375 0.27437842031250004 0.8929286968750001 0.24104530624999998 0.86730525 0.211198303125 0.8549849890625 0.21206017031250002
0 0.7592915453125 0.37139895625 0.778362125 0.329225671875 0.748702209375 0.30241680625 0.7254396359374999 0.3436608578125 0.7592915453125 0.37139895625
0 0.6901281484374999 0.3729428140625 0.6791023968750001 0.390621675 0.6681471906249999 0.42563827343750005 0.690426246875 0.442230490625 0.710088115625 0.38598837656249996 0.702738478125 0.3761839421875 0.6901281484374999 0.3729428140625
0 0.7471065640625 0.37869529062499996 0.7236834703125 0.3634055890625 0.7105678125 0.38083696875 0.736114946875 0.40256705625 0.7486768953125 0.38848961718749997 0.7471065640625 0.37869529062499996
0 0.8116392828125001 0.4759784390625 0.816893115625 0.4698714546875 0.8223019234375 0.4543260125 0.8086511828124999 0.451841425 0.8006417515625 0.448091959375 0.8072769828125 0.4298707171875 0.7850637796875 0.412507253125 0.7726341328124999 0.4411830640625 0.8116392828125001 0.4759784390625
0 0.772798109375 0.5516301203125 0.79165473125 0.5372573765624999 0.7921595078125 0.503179040625 0.741839646875 0.4740443984375 0.723425384375 0.5076558343750001 0.7359386875 0.5139910359375001 0.748950775 0.5178878203124999 0.7453946499999999 0.5346504609375 0.772798109375 0.5516301203125
0 0.7746900640625001 0.567037796875 0.71578035 0.5275846 0.6812194125000001 0.5809943359374999 0.7468616359375 0.630854578125 0.7649530953125 0.5954423609374999 0.7746900640625001 0.567037796875
0 0.7241509890625 0.65641639375 0.6499318078125 0.601603184375 0.6342728765625 0.6300283390625 0.6638322953125 0.6754715515624999 0.6991132484375 0.7021151171875 0.7143730828125 0.6998665703125 0.7241509890625 0.65641639375
0 0.6694953 0.6829697296874999 0.6561286843749999 0.7189631000000001 0.670123565625 0.729545865625 0.683100478125 0.7212202875 0.6991132484375 0.7021151171875 0.6694953 0.6829697296874999
0 0.565846565625 0.7411089203125 0.52585720625 0.707812078125 0.5129991390625 0.7286442453124999 0.5539790515624999 0.7659950796875 0.5640975421875 0.7587604265625 0.565846565625 0.7411089203125
0 0.63865740625 0.8552592406249999 0.66373315 0.8401406359375001 0.666075009375 0.8251205421875 0.6237746984375 0.7894782390625 0.5914537140625 0.81995995625 0.59005280625 0.8408401546875 0.625508203125 0.8645914328125001 0.6373508703125 0.8642602578125 0.63865740625 0.8552592406249999
0 0.59005280625 0.8408401546875 0.565342528125 0.8870339734374999 0.5722959234375 0.9080135078125 0.593888278125 0.90979749375 0.6187252671875 0.8622687296875 0.59005280625 0.8408401546875
0 0.593888278125 0.90979749375 0.5959360171875 0.9261681156250001 0.6264508625 0.9314512140625 0.6440979578125 0.8868911046875001 0.6371902421875 0.8717099875000001 0.625508203125 0.8645914328125001 0.6187252671875 0.8622687296875 0.593888278125 0.90979749375
0 0.546307753125 0.8186633453125 0.5240760125 0.8647666562499999 0.549804784375 0.8842462734375 0.56750509375 0.8305449046875 0.5586639203125 0.8182755281249999 0.546307753125 0.8186633453125
0 0.5868456156249999 0.942053984375 0.5562017984375001 0.91647426875 0.5433224015625 0.9490561906250001 0.568820171875 0.968220446875 0.58379615625 0.960583825 0.5868456156249999 0.942053984375
0 0.5740480406249999 0.9765364265625 0.568820171875 0.968220446875 0.5433224015625 0.9490561906250001 0.527417834375 0.9441599875 0.52975268125 0.9561178765625 0.5496189390625 0.9832388999999999 0.559173075 0.9775770078124999 0.5657000296875 0.9792545765625 0.5740480406249999 0.9765364265625
0 1 0.4454764875 0.9990738859375 0.433249690625 0.988493803125 0.4302887109375 0.962812515625 0.4830772671875 0.9879359875 0.50112810625 0.9891186109375001 0.5104522734375 1 0.521850690625 1 0.4454764875
0 0.9872618109375001 0.3656247734375 0.9931690078125 0.355292 0.9892969687500001 0.3041723515625 0.97440638125 0.3591477453125 0.9872618109375001 0.3656247734375
0 0.7469271453124999 0 0.8740670109374999 0.111248375 0.8955799750000001 0.0895621109375 0.8973766578125 0.0662507015625 0.9035996687500001 0.038485637499999996 0.8610863328124999 0 0.7469271453124999 0