0 0.542589446875 0.9428140953125 0.523132140625 0.9514236328125 0.5323666328125001 0.9612726890625 0.5333675078125 0.9679654531249999 0.5458641109375 0.9679033484374999 0.55171930625 0.9672434578125 0.5727199453125 0.9857591625 0.5978141390625 0.9827425140624999 0.6407854515625 0.9444370937500001 0.5848451531250001 0.9128120703124999 0.5844530906250001 0.9240415499999999 0.584205825 0.9311237796875 0.57606975 0.9379764203125 0.5667454765625 0.9422823140625001 0.542589446875 0.9428140953125
0 0.6388115890625 0.996283503125 0.7172617171875 0.99582709375 0.676046496875 0.9721178296874999 0.6388115890625 0.996283503125
0 0 0.7852025671875 0.0033890546874999995 0.78986795625 0.08101948437499999 0.755636915625 0.024598767187500002 0.69753498125 0 0.7099418375 0 0.7852025671875
0 0.054932353125 0.44385845156250003 0.0006548421875 0.47251644531250003 0.0003625203125 0.480889128125 0.07949784374999999 0.5632839921875 0.13869756093750002 0.53752205 0.1394654171875 0.527112509375 0.054932353125 0.44385845156250003
0 0.4297853296875 0.9139411093750001 0.41321150937500006 0.9082428171875 0.40004729531249994 0.895724646875 0.38491474375 0.8822763218749999 0.3606776421875 0.8887881156249999 0.38634453281250003 0.9242370859375001 0.4297853296875 0.9139411093750001
0 0.7843543296875 0.025691448437499997 0.7386553328125001 0.0506753765625 0.7674710640625 0.070312684375 0.8061567078125 0.0468491015625 0.7843543296875 0.025691448437499997
0 0.5633211078125 0.2856124765625 0.5264218890625 0.241448521875 0.49473826093750006 0.26249726562500003 0.5443374703125 0.316015025 0.5614861515625 0.32170875468750004 0.575889803125 0.31518754531250004 0.5756483421875 0.30564279375000003 0.5633211078125 0.2856124765625
0 1 0.42135626249999997 0.8943601640625 0.47246102343749996 0.9420741312500001 0.551322365625 0.950611040625 0.55005925625 0.9638952109375 0.54146166875 0.9710305453125001 0.5376668890625 0.9815135171874999 0.5379719749999999 0.9969721796875 0.5384218671875 0.9988975921875 0.5344849578125 0.9995337531249999 0.5162639859375 0.9907949984375 0.50075116875 1 0.49760764843749994 1 0.42135626249999997
0 0.6629702828124999 0.1316084671875 0.6418842484375 0.14906964218750002 0.6671820296875 0.17680105 0.727155946875 0.1428864453125 0.7275428125000001 0.1318058421875 0.698562640625 0.105904615625 0.662406965625 0.12701481718750002 0.6629702828124999 0.1316084671875
0 0.5789015734375 0.0813880375 0.62531839375 0.1352176828125 0.721566453125 0.08594450625 0.7130114546875 0.0682167984375 0.6850501140625 0.058248529687499995 0.6341716328125 0.0846571453125 0.61290536875 0.061556453125 0.5789015734375 0.0813880375
0 0.42251448593749996 0.1363836265625 0.3775419625 0.16006874375 0.4536698140625 0.2334978828125 0.5052659937499999 0.22250250624999998 0.42251448593749996 0.1363836265625
0 1 0.1366380015625 0.9903935359375 0.1379227234375 0.9715742109375001 0.10448264843749999 0.9564266046875 0.096952384375 0.9351978015625001 0.09716485625 0.919728815625 0.07506317500000001 0.8719449031250001 0.0957498015625 0.9138232515625001 0.1606882515625 0.8766739234375001 0.187091925 0.9039521234375 0.2166267140625 1 0.1774457875 1 0.1366380015625