0 0.4150818375 0.5363438265625 0.3596986453125 0.5597122578125 0.3687000375 0.5909296578125 0.42269820625000004 0.5728674609375 0.4150818375 0.5363438265625
0 0.835604659375 0.0815007359375 0.79664630625 0.104410521875 0.8070117437500001 0.13031948124999998 0.8471853171875001 0.10371903593750001 0.835604659375 0.0815007359375
0 0.2763630890625 0.9485321593749999 0.2237451859375 0.9737185890625 0.29190004062499997 0.980881953125 0.2763630890625 0.9485321593749999
0 0.35084085625 0.9081847875 0.3635789984375 0.9738846359375 0.3855245375 0.9622753093749999 0.3755824203125 0.9036787890625 0.35084085625 0.9081847875
0 0.117067278125 0.29223107656249997 0.044820975 0.32386099218750003 0.0565158109375 0.3558918140625 0.126538078125 0.3240281421875 0.117067278125 0.29223107656249997
0 0.4287568359375 0.4572980390625 0.41286763125 0.46517397968749996 0.4168560125 0.47768473125 0.43381634375000006 0.46970923593749997 0.4287568359375 0.4572980390625
0 0.660459225 0.5490242375000001 0.64323545625 0.5530475921875 0.6377621984374999 0.5639487015625 0.642274578125 0.608207128125 0.66629626875 0.5903671859374999 0.660459225 0.5490242375000001
0 0.3386226484375 0 0.33171330625 0.0198634 0.3749206 0 0.3386226484375 0
0 0.329624675 0.2417678671875 0.3273503671875 0.25190211093750003 0.31588761875000004 0.25621277187499997 0.32664554375 0.29917601562499996 0.351795515625 0.286545840625 0.3387526234375 0.24211206875000002 0.329624675 0.2417678671875
0 0.3713950265625 0.26435908124999996 0.3754965328125 0.3080864203125 0.421242421875 0.2825595515625 0.4229029625 0.25969648749999996 0.411939346875 0.2499740109375 0.3713950265625 0.26435908124999996
0 0.4872272546875 0.20010218124999998 0.45391265937499997 0.21492892968750002 0.461889990625 0.2435779578125 0.49453154374999997 0.23232915156249997 0.4872272546875 0.20010218124999998
0 0.47986544531249997 0.17427557031250002 0.45230966562499997 0.18941060781250002 0.461890340625 0.210676234375 0.494831046875 0.191737246875 0.47986544531249997 0.17427557031250002
0 0.5119816265625 0.1436038421875 0.4773482203125 0.156446425 0.4910105234375 0.186308153125 0.5230744890625 0.1747016515625 0.5119816265625 0.1436038421875
0 0.4723098296875 0.08167047656250001 0.46915770312499994 0.0922852140625 0.4625071515625 0.10227769375 0.470172415625 0.14075808437499998 0.49278929375 0.12175225468749999 0.4855602859375 0.0766991796875 0.4723098296875 0.08167047656250001
0 0.511170025 0.06655685156249999 0.5261903625000001 0.13718469687499998 0.5448630453125001 0.1268435875 0.528876178125 0.06137504218749999 0.511170025 0.06655685156249999
0 0.8101062125 0.040933868750000005 0.8253122671875 0.077703665625 0.84438189375 0.063585890625 0.8345926531250001 0.032412965625 0.8102885750000001 0.029858503125 0.8101062125 0.040933868750000005
0 1 0.049797978124999996 0.9928148406249999 0.049042787500000004 0.8651173859375 0.13776306562500001 0.8708349546875 0.1636926328125 0.88805995 0.1955834484375 1 0.1196993328125 1 0.049797978124999996
0 1 0.1226139734375 0.8889190640625 0.20254683906249998 0.91080896875 0.26553868281250004 1 0.20082297031250002 1 0.1226139734375
0 1 0.2059420609375 0.9104493296875 0.2748135015625 0.9244418046874999 0.3186894671875 1 0.2619478296875 1 0.2059420609375
0 1 0.262356134375 0.9244197515625 0.3188992828125 0.9413863046875001 0.36455155 1 0.3225807015625 1 0.262356134375
0 0.90622178125 0.27224784375 0.9005240546875 0.23906542968750003 0.88851659375 0.2273664734375 0.7865323281250001 0.29428800625 0.799176259375 0.3437286 0.90622178125 0.27224784375
0 0.906976234375 0.273748428125 0.799925984375 0.34325585468750003 0.8135179234375001 0.38912619375 0.9263359359375001 0.3206492484375 0.906976234375 0.273748428125
0 0.6932619 0.9164913921875 0.6722070953125 0.9254790406250001 0.6801978359375 0.9410833265624999 0.7007245125 0.9302582562499999 0.6932619 0.9164913921875
0 0.72479258125 1 0.714758246875 0.9626409734375001 0.6889027828125001 0.97613038125 0.6954192671875 1 0.72479258125 1
0 0.85370024375 1 0.921874425 0.9582962437500001 0.9030004984375 0.8966820546875001 0.7827767265625 0.97587820625 0.7895162703125 1 0.85370024375 1
0 0.7320622578125 0.99842211875 0.90338673125 0.8950255890625 0.879305609375 0.8228090187499999 0.714058640625 0.9236835453125 0.7320622578125 0.99842211875
0 0.7019818156250001 0.9203141078125 0.8758347750000001 0.81506200625 0.8528140703125 0.744866084375 0.691292103125 0.8476382656249999 0.7019818156250001 0.9203141078125
0 0.8362357421875 0.6680711359375 0.6680290046875 0.773895465625 0.6890138109375 0.8394438359375 0.8549584593749999 0.737178925 0.8362357421875 0.6680711359375
0 0.6356358703125 0.763808634375 0.6254243265625 0.6982894890625 0.603531909375 0.71766845 0.6185702515625 0.769354753125 0.6356358703125 0.763808634375
0 0.615785875 0.7520490718749999 0.589042384375 0.7642996281250001 0.5952113984375 0.7889614234375 0.620063471875 0.7779545703124999 0.615785875 0.7520490718749999
0 0.572893628125 0.67352786875 0.5835548578124999 0.74062163125 0.598719040625 0.7358090484375001 0.58797225 0.6723549734375001 0.572893628125 0.67352786875
0 0.6315313812500001 0.54653534375 0.6443294453124999 0.54384995625 0.634176403125 0.5132964046875 0.6245589546875 0.5180131484375 0.622782784375 0.5288573578125 0.6315313812500001 0.54653534375
0 0.5955589984375 0.5555673 0.620413525 0.5390876875 0.614315653125 0.5244460265625001 0.5888751546875 0.5364092687500001 0.5955589984375 0.5555673
0 0.5563756265625 0.48172099375000005 0.5810847375 0.47449628906249997 0.568057346875 0.43031870625 0.5534098140625 0.42012418125 0.5460455953125 0.4492184328125 0.5563756265625 0.48172099375000005
0 0.5100508625 0.4776369546875 0.5442995421875 0.46199621406249997 0.535594203125 0.4104027796875 0.513020475 0.415879090625 0.49954811250000003 0.4282092765625 0.5100508625 0.4776369546875
0 0.3755837703125 0.4977845140625 0.394547996875 0.49455927343750006 0.39449882187499996 0.4627342234375 0.37514357343750004 0.465239540625 0.3755837703125 0.4977845140625
0 0.47852631093750003 0.569889303125 0.47840253906249997 0.541195975 0.4739474640625 0.5313090421875 0.42199507656249996 0.539594815625 0.43198948125000003 0.5865931796875 0.47852631093750003 0.569889303125
0 0.37219290312500003 0.499973709375 0.3228082015625 0.5169298062500001 0.32580505312499997 0.5511859953125 0.38703117656249997 0.5293438515625 0.37219290312500003 0.499973709375
0 0.3245993296875 0.6082714171875 0.3125038625 0.5425118390625 0.10629562031249999 0.6185467296875 0.101622834375 0.656748578125 0.11789269531249999 0.681984109375 0.3245993296875 0.6082714171875
0 0 0.8138476499999999 0.021569440625 0.801409475 0.00435260625 0.7371480906250001 0 0.7394803515625 0 0.8138476499999999
0 0 0.9502020218749999 0.047306431249999996 0.9551741281250001 0.1307997734375 0.9091557953124999 0.1228791046875 0.9037836625000001 0.119525903125 0.8926973203124999 0.11909858124999999 0.885864165625 0.108350134375 0.875103640625 0.127972965625 0.8607682375 0.11992210781249998 0.8350389093749999 0 0.9055566031250001 0 0.9502020218749999