0 0.36364414218749996 0.06951738125 0.37273968125 0.008232923437500001 0.36979209687500003 0.0059911171875000006 0.369872765625 0.004303859375 0.302687315625 0.0035220859375000003 0.295855703125 0.0655781984375 0.36364414218749996 0.06951738125
0 0.5358852671875 0.194257628125 0.528110753125 0.2895979203125 0.5791727859375 0.28813330000000004 0.581866890625 0.2478099640625 0.5869675109375 0.2006633796875 0.568075725 0.1985639859375 0.5358852671875 0.194257628125
0 0.214610109375 0.44165854062500004 0.22529790156249999 0.279462746875 0.1963626890625 0.27444021093750004 0.179911009375 0.44057091562500006 0.214610109375 0.44165854062500004
0 0.9157919390625 0.82232564375 0.91964361875 0.749172078125 0.9156463015625 0.745741528125 0.8578228609374999 0.749434890625 0.8517889406249999 0.84113776875 0.8804158859375001 0.842875528125 0.8804840796875 0.8251516671875001 0.9157919390625 0.82232564375
0 0.3519824078125 0.443864075 0.3578003078125 0.409675171875 0.3735275734375 0.23374894531249998 0.3594819671875 0.218515446875 0.34729817343749997 0.22084170468750003 0.3379514703125 0.2237017765625 0.321140746875 0.440148940625 0.3519824078125 0.443864075
0 0.3237251859375 0.221025015625 0.315419621875 0.22743429218750003 0.2958965328125 0.4425486 0.321140746875 0.440148940625 0.3379514703125 0.2237017765625 0.3237251859375 0.221025015625
0 0.304029015625 0.22067237187500002 0.28804283750000004 0.2231267859375 0.27004353281250004 0.44145931093749996 0.2958965328125 0.4425486 0.315419621875 0.22743429218750003 0.304029015625 0.22067237187500002
0 0.258551965625 0.2234620109375 0.241296965625 0.43771658125 0.2621243546875 0.44332258125 0.27004353281250004 0.44145931093749996 0.28804283750000004 0.2231267859375 0.258551965625 0.2234620109375
0 0.22529790156249999 0.279462746875 0.214610109375 0.44165854062500004 0.241296965625 0.43771658125 0.258551965625 0.2234620109375 0.2328620609375 0.21905009999999997 0.22312025468750002 0.27011085 0.22529790156249999 0.279462746875
0 0.24229552656250003 0.120057028125 0.2386472 0.1798356125 0.3097898359375 0.1781210875 0.3082131375 0.1469697484375 0.306633765625 0.1025312015625 0.25053729375 0.111336934375 0.24229552656250003 0.120057028125
0 0.5709798328125 0.0114515625 0.5349910203125 0.0109648703125 0.528053140625 0.0434245625 0.528263128125 0.07269481718750001 0.598314978125 0.0702478046875 0.59917593125 0.051766234375 0.6031352046875 0.0384019828125 0.6017624109375 0.017243490625 0.5709798328125 0.0114515625
0 0.5927031671874999 0.07809189062500001 0.585261715625 0.1268437625 0.634796625 0.12888800312499998 0.6410575328125 0.099443346875 0.6382300125 0.07965615937500001 0.5927031671874999 0.07809189062500001
0 0.7448404171874999 0.07447081875 0.743854115625 0.139790790625 0.8055999359375001 0.144680928125 0.810984590625 0.0898477546875 0.8140421437500001 0.07992023125 0.7448404171874999 0.07447081875
0 0.8134320453124999 0.0828002171875 0.810984590625 0.0898477546875 0.8055999359375001 0.144680928125 0.8332907125 0.14449207656250002 0.8496504593750001 0.1446176609375 0.8603214906250001 0.09077915156250001 0.8485430812500001 0.0839442609375 0.8337583093750001 0.0773873046875 0.8134320453124999 0.0828002171875
0 0.73160060625 0.14423401875 0.721737134375 0.1638055921875 0.7210590625 0.19516538125 0.8021246578125 0.18859021250000002 0.8017241187499999 0.14694645 0.73160060625 0.14423401875
0 0.292464821875 0.5033380828125 0.290196503125 0.545723990625 0.34446228749999996 0.5500714062500001 0.3461278546875 0.52937915 0.34728998906249997 0.5023073484375 0.292464821875 0.5033380828125
0 0.0873982546875 0.5168036953125 0.08152723437500001 0.5719882453125 0.14138084374999998 0.5756787531249999 0.1498661890625 0.5361287265625 0.14587463750000002 0.521099759375 0.0873982546875 0.5168036953125
0 0.143760134375 0.5937576734375 0.1720970734375 0.59280461875 0.18024527968749998 0.5296547140625 0.15312785 0.52623960625 0.143760134375 0.5937576734375
0 0.0305813546875 0.746665828125 0.1108840375 0.7442705625 0.11693691875000001 0.7226744234375 0.123448753125 0.6812134999999999 0.120446059375 0.6554459703125 0.052336071875 0.6562758953125 0.0305813546875 0.746665828125
0 0.094854840625 0.874311403125 0.0972402046875 0.8428510484375 0.071684925 0.840130578125 0.068074915625 0.8713605078125 0.094854840625 0.874311403125
0 0.014648115625 0.75461360625 0.008802128125 0.8303656187499999 0.0716194890625 0.8224448421874999 0.07248903906250001 0.8016028093750001 0.0700650078125 0.7503408968749999 0.014648115625 0.75461360625
0 0.40473190312499996 0.7061311015625 0.3926695046875 0.7031655171875 0.393070415625 0.6395491421874999 0.31931992343750004 0.6424812734375001 0.316196446875 0.7402151671875 0.3914131359375 0.7368840296875 0.4051213296875 0.73279886875 0.40473190312499996 0.7061311015625
0 0.3201295484375 0.8504123218749999 0.370006259375 0.8517405453125001 0.37473346875 0.8390269453125001 0.3766307375 0.81139749375 0.372471015625 0.768835521875 0.32353089218750003 0.7723233234375 0.3201295484375 0.8504123218749999
0 0.376421446875 0.851640021875 0.370006259375 0.8517405453125001 0.3201295484375 0.8504123218749999 0.3191682921875 0.8429554046875 0.3082250671875 0.8433428109375001 0.31014918125 0.8251667312500001 0.302166203125 0.8247191859375 0.29703580937499996 0.8720288890625 0.31997817031250003 0.8749536906250001 0.32158214687500003 0.8661657 0.33011210625 0.8712505125 0.348313775 0.8617470953125 0.3682846390625 0.8732025859375 0.3760128328125 0.86729628125 0.376421446875 0.851640021875
0 0.4705845703125 0.0054757468750000005 0.4355991890625 0.0050686546875 0.4348114265625 0.0107590375 0.46606939374999995 0.016935671875 0.46908220624999997 0.014887392187500001 0.4705845703125 0.0054757468750000005
0 0.43164603125 0.0136433 0.433142478125 0.00504006875 0.38377324375 0.00446560625 0.382958825 0.0085739671875 0.43164603125 0.0136433
0 0.3951936296875 0.02308713125 0.38523189062499996 0.01636206875 0.37728742656250003 0.020561571875 0.3690943015625 0.07701749375 0.3928294609375 0.07536730625 0.396209553125 0.032557884375 0.3928153125 0.0291775375 0.3951936296875 0.02308713125
0 0.2084795125 0.22019885625 0.2035643265625 0.25268060000000003 0.22605450624999998 0.2543814625 0.23157050156249998 0.2227720046875 0.22974504687500003 0.2216692953125 0.2084795125 0.22019885625