0 0.7446959734374999 0.4187791515625 0.727075821875 0.3182296171875 0.7183569109375 0.294356453125 0.7093012359374999 0.30860070156249997 0.7056912984375 0.332436053125 0.6891499 0.34523335 0.6958914593750001 0.3628763109375 0.7095453375 0.355234846875 0.7154820125 0.3766046453125 0.701848559375 0.3887314859375 0.7109829703125 0.43791051718749996 0.7446959734374999 0.4187791515625
0 0.42008873125 0.713464334375 0.43944145468749995 0.712027203125 0.616437771875 0.6015566875 0.61836695 0.579528534375 0.606036359375 0.536546234375 0.454541259375 0.6225598437500001 0.45462974999999994 0.6394305328125001 0.43404803281250004 0.6549008296875 0.4142680578125 0.696730375 0.42008873125 0.713464334375
0 0.215330275 0.568987303125 0.175201021875 0.5824071640625 0.1751560890625 0.597572796875 0.1908770125 0.6356182890625 0.1921934234375 0.6700083593749999 0.21010389687500003 0.6684000671875 0.21991898281250002 0.64523619375 0.215330275 0.568987303125
0 0.1511305375 0.793925040625 0.1553126828125 0.8529615453125 0.182863746875 0.8408608187500001 0.1773244765625 0.7796877890625 0.1511305375 0.793925040625
0 0.19770935781250001 0.7992470843749999 0.205742234375 0.8105890890625 0.24495739218749998 0.7887322484375 0.2427034140625 0.766289440625 0.2512572078125 0.7577758671875 0.2621283625 0.760799071875 0.25899201562499996 0.7347723484375 0.20946322187500002 0.757919021875 0.19858139375 0.7825843953125 0.19770935781250001 0.7992470843749999
0 0.2655057171875 0.90352964375 0.264219346875 0.8645746078125001 0.2412009640625 0.8721055359375001 0.22167584062499998 0.8683091 0.21938102499999998 0.9027077734375 0.225525609375 0.919220065625 0.2342095140625 0.9271019546874999 0.2620096234375 0.9228365328124999 0.2655057171875 0.90352964375
0 0.7056912984375 0.332436053125 0.6926215796874999 0.2680916109375 0.6445496312500001 0.2900010328125 0.6421221265625 0.339077284375 0.6528147328125 0.35953685156250004 0.7056912984375 0.332436053125
0 0.674106375 0.1385230421875 0.670732134375 0.07026154999999999 0.620558453125 0.08065556562500001 0.61859515625 0.13138507187499998 0.6257616515625 0.156345028125 0.674106375 0.1385230421875
0 0.7538639953125 0.8718862078124999 0.733867396875 0.880675375 0.706336496875 0.8806251156249999 0.6844847453125 0.89867645 0.6678540843749999 0.9105061953125 0.6725898515625001 0.9217469515625 0.68417500625 0.937727046875 0.754447625 0.9305378125000001 0.7538639953125 0.8718862078124999
0 0.762432321875 0.7561683703125001 0.7628273921875001 0.6982623140625 0.7017983812499999 0.70098215625 0.6902149875 0.7085750828124999 0.6897859734375 0.725394475 0.697272825 0.7288153390625001 0.694996715625 0.7905671375 0.7166216109375 0.7927388953125 0.762432321875 0.7561683703125001
0 0.742220390625 0.3556540328125 0.769592925 0.34807535624999997 0.7643965078125 0.2713150703125 0.7411918 0.26433417656249997 0.7351340921875 0.2758866953125 0.742220390625 0.3556540328125
0 0 0.6148326890625 0.020753512499999998 0.6052765890625 0.0167405015625 0.52742113125 0 0.5328459046875 0 0.6148326890625
0 0.1900741265625 0.1413830109375 0.14004694374999999 0.164508478125 0.1521953921875 0.23589548593749998 0.20018805624999997 0.215388065625 0.1900741265625 0.1413830109375
0 0.31230618906249996 0.11061130781249999 0.2687902625 0.1386117796875 0.2694302 0.1966204328125 0.3200418453125 0.16458619375 0.31230618906249996 0.11061130781249999
0 0.3759036578125 0.141644321875 0.346008109375 0.1464915546875 0.3492451734375 0.20216350625 0.379242796875 0.19267385312500002 0.3759036578125 0.141644321875
0 0.35766381875 0.0041617953125 0.34902083125 0.0067911593749999995 0.3596949109375 0.08756267031250001 0.379509215625 0.078868221875 0.3768249796875 0.010675125 0.37133818125 0.0090033609375 0.3597058359375 0.00418555625 0.35766381875 0.0041617953125
0 0.7905488375 0.8873654 0.77570756875 0.9214791140624999 0.789483634375 0.9422443250000001 0.9537034312499999 0.9399124234375 0.95913708125 0.899226746875 0.9645365328125 0.8730874265624999 0.7873384671875 0.8741046640624999 0.7905488375 0.8873654
0 0.9645365328125 0.8730874265624999 0.970403684375 0.871409575 0.9758131515624999 0.8096420328124999 0.9607142890624999 0.7970273015625 0.7811301953124999 0.8054212640625 0.7737682734375 0.8211868687500001 0.7686014906249999 0.8459111953124999 0.7732661546874999 0.86963625625 0.7873384671875 0.8741046640624999 0.9645365328125 0.8730874265624999
0 0.9554279921875001 0.7635125890625 0.9604488 0.680602996875 0.7682548015624999 0.6790058812499999 0.7628273921875001 0.6982623140625 0.762432321875 0.7561683703125001 0.7690996015625 0.7634838 0.7811301953124999 0.8054212640625 0.9502569640624999 0.796977621875 0.9554279921875001 0.7635125890625
0 0.9355309078125 0.0643648609375 0.9240730609375 0.04693113125 0.92412341875 0.045949221875 0.8971425734375 0.043274753124999996 0.8970119265625 0.044248703125 0.8965645109375 0.043217451562499995 0.872549096875 0.04083693125 0.8675269796875 0.0744577125 0.880320578125 0.0965072 0.88532666875 0.1183204984375 0.9355915187500001 0.0885076609375 0.9355309078125 0.0643648609375
0 0.3358744453125 0.280579778125 0.2989236671875 0.2870116359375 0.2966350984375 0.29352391093749997 0.2972918328125 0.3205455171875 0.29993234687500003 0.33484945625 0.33881096718750003 0.3213056265625 0.3358744453125 0.280579778125
0 0.33312103125000003 0.5064764796875 0.3452568203125 0.454330359375 0.32321176875 0.4629164765625 0.29531399375 0.48493644375 0.2987530625 0.5157021046875 0.2919460828125 0.5603966359375 0.297133159375 0.571202778125 0.35086037187499997 0.542832834375 0.33312103125000003 0.5064764796875
0 0.35371184375000003 0.84231583125 0.3446660703125 0.8447746374999999 0.3336154484375 0.8403237828125001 0.3189871875 0.8590911421874999 0.330231109375 0.8730072156249999 0.321400196875 0.8849333765624999 0.31976235468750003 0.90363494375 0.33476579375000004 0.928018271875 0.378275309375 0.9060513609375 0.3682299609375 0.8841615031250001 0.371386371875 0.8245271640625 0.35371184375000003 0.84231583125