0 0.97654530625 0.27535020781249997 0.9268055125 0.30259225624999997 0.94688855625 0.327591384375 0.9823446390624999 0.3134593671875 0.97654530625 0.27535020781249997
0 0.4833918265625 0.7721229515625 0.4537938140625 0.7433848609375 0.436169234375 0.74968518125 0.41154886875 0.7693515093750001 0.43407888124999994 0.7952862671875 0.4833918265625 0.7721229515625
0 0.5251180796875 0.559503925 0.5720935921875 0.5872017671875 0.611137053125 0.55837015 0.5667662375 0.5202537796875 0.5251180796875 0.559503925
0 0.44732963437500006 0.6123825093749999 0.4847217328125 0.639058103125 0.5323519671875 0.5985041828125001 0.489588525 0.5615885281249999 0.44732963437500006 0.6123825093749999
0 0.788589915625 0.60201119375 0.7646429640625 0.578605246875 0.754864734375 0.5940627390625 0.7327757828125 0.6026913031250001 0.752516290625 0.6255771859375 0.788589915625 0.60201119375
0 0.6745529796875 0.22243225312499998 0.7044341375000001 0.26197977968749997 0.8141015875000001 0.209461109375 0.7825348078125 0.17508236875 0.6745529796875 0.22243225312499998
0 0.8660552312500001 0.5750946921875 0.8336368843749999 0.5484744 0.7836818 0.58421424375 0.7959737328125 0.6034480078125 0.81712200625 0.5974490890624999 0.8240962671875 0.6052810546875 0.8533640078125 0.591235053125 0.8660552312500001 0.5750946921875
0 0.1526401359375 0.2134310359375 0.12866362656250002 0.1931350453125 0.10855092968749999 0.20883019531250002 0.1284747078125 0.22810182499999998 0.1526401359375 0.2134310359375
0 0.9426531640625001 0.052634773437500004 0.764559265625 0.1432811859375 0.7955003703125 0.173823790625 0.949638296875 0.098536175 0.9426531640625001 0.052634773437500004
0 0.3268081390625 0.051691673437499995 0.3614851203125 0.0876471578125 0.3955720828125 0.069061490625 0.388201659375 0.0568364515625 0.40022065937500007 0.0488070265625 0.37957528281249997 0.025481925 0.3268081390625 0.051691673437499995
0 0.5820979656249999 0.689564746875 0.5825580109375 0.7161300749999999 0.6058079968750001 0.735919771875 0.6220654640625 0.7280701406250001 0.6301817749999999 0.692742875 0.6093065078125 0.6702475703124999 0.5820979656249999 0.689564746875
0 0.246993771875 0.35724321406250004 0.2759607546875 0.38032021875 0.288343703125 0.372617290625 0.2631375921875 0.34603098125 0.246993771875 0.35724321406250004
0 0.051613906249999994 0.23090529375000002 0.039246396875 0.234304103125 0.0099005921875 0.250039903125 0.030423612500000002 0.2762781703125 0.0772794109375 0.2561048734375 0.0703608 0.23886374687499998 0.056924135937499995 0.2374395953125 0.051613906249999994 0.23090529375000002
0 0.8150234640624999 0.21014975625 0.8141015875000001 0.209461109375 0.7044341375000001 0.26197977968749997 0.7343059140625 0.3014656703125 0.8432953546874999 0.249860865625 0.8150234640624999 0.21014975625
0 0.949638296875 0.098536175 0.7955003703125 0.173823790625 0.8238310906249999 0.209791271875 0.9564482203125 0.1432862234375 0.949638296875 0.098536175
0 0.9564482203125 0.1432862234375 0.8238310906249999 0.209791271875 0.855436384375 0.244836115625 0.9631078703125 0.18704877656250002 0.9564482203125 0.1432862234375