0 0.549689159375 0.5140875125 0.5811395203124999 0.50543798125 0.5996018609375 0.46607473125 0.46570720000000004 0.444464871875 0.44945862812500004 0.4811126296875 0.46555275781249994 0.49288126718749997 0.4926677203125 0.5281776078125 0.5334566453125 0.5382937390625 0.549689159375 0.5140875125
0 0.2387440171875 0.175815246875 0.0731095359375 0.13517919375 0.0470239265625 0.20531334375000002 0.198822309375 0.23323719375000002 0.2817904453125 0.23384698125 0.306722575 0.1720088734375 0.26033982187500004 0.1639933703125 0.2387440171875 0.175815246875
0 0.0389493609375 0.7566717515625 0.0192829625 0.750977865625 0.028609331249999998 0.8447969875 0.0589581671875 0.8566847750000001 0.0762666734375 0.811905465625 0.090299015625 0.775516275 0.0389493609375 0.7566717515625
0 0.1692174234375 0.8300210421875001 0.0762666734375 0.811905465625 0.0589581671875 0.8566847750000001 0.183332896875 0.8977247359374999 0.20929205624999997 0.8338361375 0.18578392187499998 0.8264208515625 0.17885381718749999 0.8230389484374999 0.1692174234375 0.8300210421875001
0 0.183332896875 0.8977247359374999 0.19444668437499998 0.8991924703124999 0.22469142656250002 0.8733295125 0.278196334375 0.8864377250000001 0.2991015375 0.9167543015625 0.6075290343749999 0.9683525843749999 0.645398634375 0.9493227187500001 0.668467225 0.8811202 0.23764027968749998 0.799287034375 0.217282675 0.8368310375 0.20929205624999997 0.8338361375 0.2089435703125 0.8349737656249999 0.183332896875 0.8977247359374999
0 0.9945066578124999 0.9325892874999999 0.668467225 0.8811202 0.645398634375 0.9493227187500001 0.6594377890625001 0.9578866203124999 0.7036608296875 0.9547894703124999 0.707839153125 0.972007109375 0.9944718859374999 0.9385659687500001 0.9945066578124999 0.9325892874999999
0 0.04075664375 0.6890629765625 0.0528854421875 0.6644798859375001 0.016117096875 0.6583264437499999 0.0111411109375 0.669074465625 0.0126508859375 0.6842621249999999 0.04075664375 0.6890629765625
0 0.8144969062499999 0.9012045828125 0.9418972984374999 0.923374665625 0.9444635124999999 0.90585281875 0.82291138125 0.8812672109375 0.8144969062499999 0.9012045828125
0 0.42517046562500005 0.7798214234375 0.471356290625 0.79248911875 0.48193178281250004 0.7706322265625001 0.43342772500000004 0.75808141875 0.42517046562500005 0.7798214234375
0 0.959250309375 0.0799651375 0.8772403343749999 0.060471340625 0.8537664203125 0.1557724609375 0.969081375 0.17886126875 0.959250309375 0.0799651375
0 0.9001871546875 0 0.8772403343749999 0.060471340625 0.959250309375 0.0799651375 0.9513011375 0 0.9001871546875 0
0 0.0941207140625 0.749840059375 0.1462582890625 0.76113325 0.150838178125 0.7468428968749999 0.09947316875 0.7366881796875 0.0941207140625 0.749840059375
0 0.0762666734375 0.811905465625 0.1692174234375 0.8300210421875001 0.17884105 0.82268940625 0.217282675 0.8368310375 0.23764027968749998 0.799287034375 0.094215053125 0.768477565625 0.0762666734375 0.811905465625
0 0.3075255234375 0.5387204828125001 0.33581274843750003 0.5468945640625 0.34553765937500003 0.529305396875 0.31549113125 0.5233330609375 0.3075255234375 0.5387204828125001
0 0.9368913421875 0.274924621875 0.7940026718750001 0.24420613124999999 0.7715398171875 0.2959492265625 0.7431381499999999 0.34919695625 0.8964547812499999 0.3804539828125 0.9368913421875 0.274924621875
0 0.7715398171875 0.2959492265625 0.7940026718750001 0.24420613124999999 0.750712125 0.22970876406250001 0.7370077796875 0.257678825 0.70070785625 0.340478990625 0.7141784671875 0.3311627703125 0.7426506609375 0.33611211406249997 0.7431381499999999 0.34919695625 0.7715398171875 0.2959492265625
0 0.5844609828125 0.265120890625 0.556499875 0.253815303125 0.5579724421875001 0.21755314218750002 0.4423908640625 0.20106866406249999 0.4101700015625 0.2937264 0.70070785625 0.340478990625 0.7370077796875 0.257678825 0.6036343859375 0.23910161093750001 0.5844609828125 0.265120890625
0 0 0.5569998468749999 0.009850759375 0.6560940953125 0.9950688671875 0.8359536796875 0.995665196875 0.7334532203124999 0 0.5478781625 0 0.5569998468749999
0 0.9962356984375 0.6353924890625 0.996981296875 0.50723485625 0.8491247984375001 0.4800960671875 0.8099478281250001 0.5352810625 0.794111928125 0.5862509984375001 0.9962356984375 0.6353924890625
0 0 0.4468744453125 0.19517705624999998 0.4764880671875 0.2172424828125 0.4273801921875 0.2496234296875 0.37812190625 0 0.3374994359375 0 0.4468744453125
0 0.4021269765625 0.2287367921875 0.3869078875 0.2204641296875 0.3621577546875 0.23195195625 0.345715765625 0.2403423578125 0.3241411890625 0.2981467984375 0.3686373 0.304429803125 0.37819993749999997 0.2774694953125 0.38358844531249997 0.2739667578125 0.4021269765625 0.2287367921875
0 0.4265417484375 0 0.238412278125 0.021948867187500002 0.47212903749999996 0.0708331328125 0.5094815968749999 0 0.4265417484375 0
0 0.4887837390625 0.11654248125 0.7767725375000001 0.1584367015625 0.8148029734375 0.0826527140625 0.80264898125 0.0437460375 0.539764778125 0.004100596875 0.511256640625 0.07153361875 0.4887837390625 0.11654248125