0 0.7525525984375 0.9894287390625 0.7503487640625 0.9662298406250001 0.747309034375 0.959103365625 0.7747825859375 0.9493481015624999 0.7724172796875 0.9417415546875001 0.7159761375 0.9008978750000001 0.700437671875 0.9222894359374999 0.6968183328124999 0.96251864375 0.7525525984375 0.9894287390625
0 0.835003859375 0.567359271875 0.86746379375 0.58640955625 0.8862621468749999 0.563567896875 0.85229890625 0.529258846875 0.835003859375 0.567359271875
0 0.8624120265625 0.6031745765625 0.9008720640625001 0.6361558781250001 0.92610735625 0.5815616296874999 0.8904044140625 0.5682823484374999 0.8624120265625 0.6031745765625
0 1 0.29131468125 0.9924083890625001 0.2949211203125 0.9540806999999999 0.28579964375 0.934438375 0.2893749734375 0.9290062062500001 0.311803265625 0.9663983843749999 0.33720051875 0.9642147265625001 0.3610628109375 0.9905932265624999 0.3586337109375 1 0.32545782343749996 1 0.29131468125
0 0.1042558375 0.4168866609375 0.0844462046875 0.39694870312499997 0.06197138125 0.4457559296875 0.07698925625 0.459833471875 0.1042558375 0.4168866609375
0 0.3429661125 0.5311985796875 0.36475864375 0.4952513859375 0.3449444328125 0.479630684375 0.3245375578125 0.5071555625 0.3429661125 0.5311985796875
0 0.2698787375 0.0006640765625 0.2484891578125 0.028264078124999998 0.2621898546875 0.051017925 0.2869765296875 0.0209997890625 0.2698787375 0.0006640765625
0 0.17777838125 0.0961375859375 0.19468126562500002 0.114038775 0.20956873593749997 0.1003573703125 0.19052141875 0.0808795890625 0.17777838125 0.0961375859375
0 0.079959146875 0.258140290625 0.095849971875 0.2773673625 0.104847203125 0.268389646875 0.08790990625 0.24949121718749998 0.079959146875 0.258140290625
0 0.023625668750000002 0.35242973125 0.0398872 0.34581168125 0.053736320312499995 0.3186029359375 0.0329963046875 0.2879665359375 0.0225726140625 0.35132390625 0.023625668750000002 0.35242973125
0 0.1781538328125 0.3549750640625 0.20176454531250002 0.3693691625 0.22203753593750003 0.315715021875 0.205671959375 0.3015183078125 0.1781538328125 0.3549750640625
0 0.2281055 0.288349865625 0.23640174531249997 0.2759923140625 0.21434499062499998 0.2501422609375 0.19848939999999998 0.2703783203125 0.220187178125 0.2907697484375 0.2281055 0.288349865625
0 0.0467946828125 0.35637217187500003 0.021738053125 0.390309915625 0.0355779984375 0.41141311875 0.06262875 0.374201646875 0.0467946828125 0.35637217187500003
0 0.29050582187499996 0.482109815625 0.31300941875 0.5032331953125 0.3419363296875 0.44845197187499997 0.32030348750000004 0.4378532609375 0.29050582187499996 0.482109815625
0 0.21627313125 0.403297903125 0.256912121875 0.43255224999999997 0.29442801875 0.36685123124999997 0.2554161625 0.336419725 0.21627313125 0.403297903125
0 0.637889171875 0.3420402546875 0.64354804375 0.3139445625 0.4329985484375 0.0839601546875 0.4076736890625 0.1305199578125 0.6103011953124999 0.3581209140625 0.637889171875 0.3420402546875
0 0.678121115625 0.1476349078125 0.6914089546875 0.1108353875 0.6555569109375 0.083717434375 0.647250853125 0.11235406562500001 0.6731208640624999 0.126956359375 0.669436621875 0.1383582578125 0.678121115625 0.1476349078125
0 0.5524971265625 0.7437816109375001 0.5410825609375001 0.7649055390624999 0.5287319265625 0.783006184375 0.637029340625 0.8792908671875 0.6563402125 0.8364443421875001 0.5524971265625 0.7437816109375001
0 0.41448572656250005 0.770197315625 0.40175118125 0.7844653687500001 0.38873809531250003 0.8004264593749999 0.39086611875 0.8137646953125 0.40225718906249996 0.8234798671875 0.4129877640625 0.8477992125 0.4307978109375 0.8447713046875001 0.45429783749999997 0.8020648078124999 0.43482264531250003 0.7624001140625001 0.41448572656250005 0.770197315625
0 0.37288232187500003 0.7031062203125 0.379691471875 0.717615521875 0.3784278234375 0.727843090625 0.3780136078125 0.7327735953125 0.38426067656249996 0.7405119234375 0.3979897453125 0.7282416515625 0.4149433421875 0.71151908125 0.372838609375 0.6551157359374999 0.3579900140625 0.6717779109375 0.37288232187500003 0.7031062203125
0 0.4265385015625 0.6451966812500001 0.4464609640625 0.664448853125 0.48355750156250005 0.6188566734375 0.46600034375000005 0.60721105 0.45754374843749995 0.5927959406250001 0.44413505937500003 0.6171935984375 0.4265385015625 0.6451966812500001
0 0.7093009203125 0.5299532765625 0.693237671875 0.5135168046875 0.6799109125 0.5155671578125001 0.6605919375 0.5627523671875 0.6853107359374999 0.5835476984375 0.7093009203125 0.5299532765625
0 0.721248684375 0.42181035468749994 0.7159153703125 0.42782050624999995 0.7067852718750001 0.425407728125 0.7048755953125 0.4423769421875 0.759932228125 0.46040347812500004 0.763536675 0.44372264531249994 0.785474071875 0.4578320140625 0.784281559375 0.42821800000000004 0.79545428125 0.40762571875000003 0.725929678125 0.3879965125 0.721248684375 0.42181035468749994
0 0.869938475 0.052341790624999995 0.8386457437500001 0.17043347343749998 0.8873481375000001 0.18391993906249998 0.9218408281249999 0.061173496875 0.869938475 0.052341790624999995
0 0.8201989359375 0.0438781109375 0.803457365625 0.106306578125 0.8146596390624999 0.11153940625 0.812462928125 0.13119159687499998 0.8001605890624999 0.13264518593750002 0.7957337609375 0.134888103125 0.840392965625 0.16544339218749998 0.8697429218750001 0.052308515624999996 0.8201989359375 0.0438781109375
0 1 0.5593162046875 0.9758811906249999 0.624861815625 0.9907010765625 0.6329043640625 1 0.5763835625 1 0.5593162046875
0 0.9125015968750001 0.7009885859375 0.90922864375 0.7077458812499999 0.8933082999999999 0.754782384375 0.9646985078125001 0.7909534046875 0.9756023546874999 0.7246775390625 0.9125015968750001 0.7009885859375
0 0.6847421984375 0.76917046875 0.708365396875 0.717672615625 0.657546340625 0.6974811140625 0.6437059921875 0.73334945 0.6847421984375 0.76917046875
0 0.7985292921875 0.8399963953125 0.81696138125 0.803697696875 0.7813886171875 0.7799759453124999 0.7605800296874999 0.8179852140625 0.7985292921875 0.8399963953125