0 0.9596407953125 0.9635882703125 0.9466509468750001 0.9644196421875 0.9316661359375 0.984382728125 0.9282494968749999 0.9945996031250001 0.9744822828125 0.9943306281250001 0.9753209203125 0.9783235890625 0.9596407953125 0.9635882703125
0 0.43916069999999996 0.7473037984374999 0.4280789203125 0.7371117921875 0.41581881875000004 0.7534413953125 0.42764837031249997 0.765485075 0.43916069999999996 0.7473037984374999
0 0.6842875984375001 0.3624850140625 0.9905660765625001 0.687339996875 0.9995675187499999 0.5155298953125 0.8263390968750001 0.335048078125 0.8135334921874999 0.341634303125 0.7360087171874999 0.26534899218749997 0.6842875984375001 0.3624850140625
0 0.39926811875 0.87182093125 0.275820740625 0.72556050625 0.2341845984375 0.798301084375 0.3642921328125 0.936759425 0.39926811875 0.87182093125
0 0.5859985671875 0.484196953125 0.5317594140625 0.3484282796875 0.5032948140625 0.360031228125 0.4805627484375 0.375894065625 0.5294994125 0.4866982796875 0.5574998625 0.5218466703125 0.568902378125 0.5134204890625 0.5859985671875 0.484196953125
0 0.025509939062499997 0 0.0195527578125 0.113704453125 0.084213990625 0 0.025509939062499997 0
0 0.275820740625 0.72556050625 0.10110933124999999 0.503646728125 0.044461490625 0.6000884421875 0.2341845984375 0.798301084375 0.275820740625 0.72556050625
0 0.872654165625 0.9264100015625001 0.9156853859374999 0.9636952421875 0.941380446875 0.9287669171875 0.8630359249999999 0.85603483125 0.8327169156249999 0.8905364703125 0.872654165625 0.9264100015625001
0 0 0.5169410859375 0.030211068749999997 0.53710281875 0.053369 0.50666175625 0.0374377875 0.494300221875 0.0269735828125 0.503763040625 0.010478159375 0.50217060625 0 0.5136799234375 0 0.5169410859375
0 0.4175596515625 0.7234390765625001 0.4047717125 0.7147731562499999 0.3945315578125 0.734471396875 0.40728968749999994 0.7437063312500001 0.4175596515625 0.7234390765625001
0 1 0.0222973171875 0.9973124656250001 0.019574675 0.624100684375 0.0021867578124999997 0.602496728125 0.031031265625 1 0.4546339640625 1 0.0222973171875
0 0.498899709375 0 0.4910494984375 0.060041937499999996 0.5110028703125 0.0593237359375 0.5187878890625 0 0.498899709375 0
0 0.6489836875 0.8460621484375 0.53737299375 0.7189651984375 0.4785671015625 0.8142711953124999 0.5902218718750001 0.940123765625 0.6320943921875 0.8931045390625 0.6294526968749999 0.87620741875 0.6309485296874999 0.8464471984375 0.6489836875 0.8460621484375
0 0.64333675625 0.9962571765625 0.783933271875 0.995439209375 0.700235065625 0.9147010796874999 0.64333675625 0.9962571765625
0 0.3971212328125 0.7120506078125 0.4863836078125 0.5473703546875 0.41838539375000006 0.5033023875 0.3337607234375 0.6604877234375001 0.3971212328125 0.7120506078125
0 0.768410434375 0.8582386718749999 0.80709260625 0.894687509375 0.8512281859374999 0.8274505109374999 0.6301349187499999 0.5793977953125 0.5844456359375 0.6307390374999999 0.648359975 0.684630459375 0.697014125 0.7617255421875 0.7255077984375 0.8108400703124999 0.7449906281249999 0.803381878125 0.7869640875 0.8459415890624999 0.768410434375 0.8582386718749999
0 0.872654165625 0.9264100015625001 0.84296671875 0.9339420359374999 0.833749740625 0.947413525 0.8828699140625 0.9948636125 0.927213940625 0.9946056265625 0.9308679640624999 0.9802682234375 0.872654165625 0.9264100015625001
0 0.68985616875 0.4766980921875 0.6590197984375 0.5182528328125 0.629118125 0.564541096875 0.8600663859375001 0.81596834375 0.8661331671875001 0.7727314375 0.8159586890625 0.7597251796875 0.835765534375 0.723508475 0.8389582750000001 0.685545921875 0.8685469749999999 0.6678054296875 0.68985616875 0.4766980921875
0 0.9831107812500001 0.8296388734375 0.92318788125 0.7753473625 0.8764138875 0.830461871875 0.976951025 0.9472098687500001 0.9831107812500001 0.8296388734375