0 0.6682512953125 0.4658459671875 0.909816021875 0.4698282515625 0.9570581 0.45378463281250003 0.9526535484374999 0.39099090937500003 0.6597722546875 0.3980330265625 0.6682512953125 0.4658459671875
0 0.4381033296875 0.40615954218750006 0.44457242656249996 0.4561231046875 0.5302860359375 0.45331321718749995 0.5252658421875 0.39734408593750004 0.485300165625 0.40082387500000005 0.48277522812500007 0.4084541328125 0.4381033296875 0.40615954218750006
0 0.5375338984375 0.486650046875 0.4836070515625 0.4798000390625 0.487119046875 0.5153802125 0.462389465625 0.5161475375 0.46206286093750004 0.5460079875 0.5405473515625 0.5450334390625 0.5375338984375 0.486650046875
0 0.5576766109375 0.6465047625 0.517085928125 0.6472785484375 0.51535589375 0.664692575 0.52102895625 0.68730795625 0.509826565625 0.711561328125 0.56155213125 0.7137866234375 0.56388604375 0.690294115625 0.5581272953124999 0.6685412203125 0.5576766109375 0.6465047625
0 0.19680903593750002 0.6932221078125 0.23582548281250001 0.6905090781250001 0.2349020265625 0.70880145625 0.352652425 0.7113907640625 0.34545411875 0.6595608687500001 0.297999659375 0.658701790625 0.3056794640625 0.6789029109375 0.2414798015625 0.6779522890624999 0.23763061875 0.6369782515625 0.21966836406249998 0.6315614 0.19669458906249998 0.6324403171874999 0.19680903593750002 0.6932221078125
0 0.9320443921875 0.2904418046875 0.9633763343749999 0.28284916875 0.9521964921875 0.25875135312499997 0.9238768484375001 0.26154980625 0.9320443921875 0.2904418046875
0 0.607941528125 0.5696949499999999 0.6311077390625 0.57043600625 0.6264306390625001 0.5436541484374999 0.6041775984375 0.5460662703125 0.607941528125 0.5696949499999999
0 0.2658500546875 0.9325123937500001 0.27346305625 0.97990375625 0.366061715625 0.9901687140625001 0.35879681875 0.9089953484375 0.3800148171875 0.91072460625 0.377361496875 0.7589540890625 0.3084164296875 0.7574358953125 0.2828158953125 0.8127926359375 0.28275738125 0.9027252546875 0.2658500546875 0.9325123937500001
0 0.108195209375 0.961583109375 0.10286621562500001 0.8575374828125 0.0582431796875 0.8599819468750001 0.0605975859375 0.956306709375 0.108195209375 0.961583109375
0 0.0630497546875 0.8277115015625001 0.10302250625 0.8254159046874999 0.10094399375 0.8093028953125 0.06580651093749999 0.8060306015625001 0.0630497546875 0.8277115015625001
0 0.5182661875 0.7628229296875 0.5118885640624999 0.7973067984375 0.579337965625 0.8055105078125001 0.5837298265624999 0.768626546875 0.5182661875 0.7628229296875
0 0.090802478125 0.7799844578124999 0.1350413015625 0.7778503515625 0.1376328375 0.7605525875 0.0960929265625 0.7620931328125 0.090802478125 0.7799844578124999
0 0.9825581046874999 0.5649452687500001 0.68491129375 0.5693206640625 0.6901173468749999 0.6424594515625001 0.9840746453125 0.6310728796875 0.9825581046874999 0.5649452687500001
0 0.449035725 0.17455124375 0.4616424546875 0.14515935156249998 0.4806335046875 0.1490085625 0.4798359953125 0.1304631234375 0.3788877640625 0.1271827359375 0.3715215890625 0.183543515625 0.3979131296875 0.1838324140625 0.40018044374999995 0.1700074125 0.449035725 0.17455124375