0 0.48793630468750004 0.40027796093749995 0.490291615625 0.44787549374999996 0.5636331046875 0.43118321249999997 0.5606231890625 0.38224131093749997 0.48793630468750004 0.40027796093749995
0 0.261957771875 0.7953483859375 0.2358085375 0.8017368062499999 0.25281249375 0.9592529234375 0.2668118296875 0.9656105578125 0.2784480296875 0.9554776125 0.261957771875 0.7953483859375
0 0.21830484375 0.8038841234375 0.20827672812500003 0.8072331765625 0.2275805203125 0.9679556546875 0.24151765625000002 0.9704265281250001 0.25016355468749996 0.9636892874999999 0.2328400578125 0.8045683140625 0.21830484375 0.8038841234375
0 0.0693227703125 0.34823222343750004 0.23942757656250002 0.317250890625 0.22742996718750003 0.227228559375 0.054073548437499994 0.25618883124999997 0.0693227703125 0.34823222343750004
0 0.72701880625 0.1465423703125 0.76195891875 0.0298505046875 0.6155171984375001 0.0153492734375 0.6063087421875 0.0457549078125 0.59575191875 0.184788709375 0.7063204203125 0.2162314 0.72701880625 0.1465423703125
0 0.804657728125 0.459140775 0.7046591249999999 0.4421275859375 0.6937818484375 0.4353449453125 0.6266422125 0.42821406093750003 0.6210348 0.49486659375000003 0.6043766046875 0.4997196609375 0.5891998421875 0.4922595546875 0.578749284375 0.503663596875 0.5761866546875 0.63153256875 0.6494672671874999 0.643047275 0.6569762390625 0.5441538109375 0.8095521531250001 0.5635416203125 0.8286285703124999 0.4814418671875 0.804657728125 0.459140775
0 0.5594573234375 0.6373225234375 0.551260996875 0.9409806843749999 0.6062298796875 0.9425852718750001 0.6185296671875 0.6421862140625 0.5594573234375 0.6373225234375
0 0.6266422125 0.42821406093750003 0.5934250421875 0.4222188359375 0.5891998421875 0.4922595546875 0.6043766046875 0.4997196609375 0.6210348 0.49486659375000003 0.6266422125 0.42821406093750003
0 0.3700178890625 0.2865309453125 0.37587543125 0.32094562031249996 0.5726696078125 0.2872582375 0.5731557546875 0.252066334375 0.3700178890625 0.2865309453125
0 0.5707040109375 0.20573880312499998 0.36811763750000004 0.2453971984375 0.3696947109375 0.276115715625 0.377112375 0.28140208125 0.5734845921875 0.24635141093750001 0.5707040109375 0.20573880312499998
0 0.6036150218749999 0.9501714421875 0.55218850625 0.9536792374999999 0.5523148625000001 0.975821659375 0.5577299531250001 0.9881045640625 0.6041565125 0.9845631312500001 0.6036150218749999 0.9501714421875
0 0.629243040625 0.9426196687499999 0.6062298796875 0.9425852718750001 0.6089544609375 0.98614998125 0.62318241875 0.9875588890625 0.6318766515625 0.9823996546875 0.629243040625 0.9426196687499999
0 0.8091386890625 0.1379771328125 0.8024633937500001 0.175786503125 0.842402521875 0.1862650359375 0.8479123656249999 0.1494100453125 0.8091386890625 0.1379771328125
0 0.9434471484375001 0.3591931484375 0.9019090421874999 0.340983865625 0.8896233062500001 0.36686855625 0.8897787921875 0.3864128109375 0.9354815140625 0.3996016515625 0.9434471484375001 0.3591931484375
0 0.1160498015625 0.352083196875 0.087488878125 0.3528628921875 0.0850790515625 0.40231691875 0.099844034375 0.404680984375 0.11584597187500001 0.40265765 0.1160498015625 0.352083196875
0 0.7707669453125 0.6671411421875 0.6855157000000001 0.648295028125 0.679457446875 0.7023381625 0.6829256890625001 0.7338942125 0.7656783984375 0.7427389734375 0.7707669453125 0.6671411421875
0 0.42161419687499996 0.1027913296875 0.4103666921875 0.10060777031249998 0.41087679374999997 0.158112140625 0.425312078125 0.1612196765625 0.433610503125 0.15933548749999998 0.436359015625 0.10154548593749999 0.42161419687499996 0.1027913296875
0 0.2839793796875 0.100887896875 0.25748641562499996 0.09713174375 0.25751006875 0.171285015625 0.2726866671875 0.170165834375 0.2831309921875 0.17157764375 0.2839793796875 0.100887896875
0 0.4926480796875 0.3418223453125 0.491802121875 0.3471504390625 0.4914015359375 0.3701426578125 0.4881250953125 0.39557700625000003 0.5606231890625 0.38224131093749997 0.5566033390625 0.33414333281249997 0.4926480796875 0.3418223453125
0 0.9789519906249999 0.8906387796875 0.8109285609375 0.875384509375 0.8044792828125 0.9481416609375 0.9734624640625 0.962936075 0.9789519906249999 0.8906387796875
0 0.9706482031249999 1 0.9734155078125 0.9635544796875 0.8014924296875 0.9531528734375 0.79720203125 1 0.9706482031249999 1
0 0.5150960921875 0.7844618953125 0.4809554484375 0.7875837812500001 0.483495996875 0.9946818374999999 0.522985603125 0.9894885734375001 0.552256128125 0.9904362671875001 0.55135891875 0.7849483015625001 0.5150960921875 0.7844618953125
0 0.1556123875 0.40240022968750006 0.15986861562500002 0.45375195625 0.2931719625 0.42273430625 0.291191234375 0.37435579531249996 0.1556123875 0.40240022968750006
0 0.1030717484375 0.5952548953125001 0.11374432187500001 0.7193372515625 0.14721455 0.7150791890625 0.148084396875 0.64632138125 0.1521054671875 0.6434682484375001 0.1521353171875 0.6358778125 0.165488934375 0.6388362843750001 0.16199346406249998 0.59186001875 0.1030717484375 0.5952548953125001
0 0.224319925 0.7246652515625 0.2134145953125 0.7312626609375 0.21765680625 0.7886121953125 0.23299742812500002 0.7892083296875 0.24439492343749997 0.7822191593750001 0.2394595671875 0.722095053125 0.224319925 0.7246652515625
0 0.5267325890625 0.029400575 0.5091729890625001 0.0289622796875 0.50414805625 0.20669961093749997 0.5343481265625 0.21229119062500001 0.5545548453125 0.20388793593750001 0.5567478484375 0.0291214890625 0.5267325890625 0.029400575
0 0.48604872187500003 0.21558423750000003 0.4873790390625 0.204430765625 0.49915921093750004 0.203751378125 0.5041653625 0.033458746875 0.48170987812500005 0.0285711359375 0.46304676562499997 0.029932403125 0.46121361250000004 0.214907946875 0.48604872187500003 0.21558423750000003
0 0.5054715953125 0.487681246875 0.4867436703125 0.4898961203125 0.49507179843750004 0.6307370546875 0.5265109984375 0.6338502874999999 0.539362753125 0.6315150078125 0.531499703125 0.4848258109375 0.5054715953125 0.487681246875
0 0.5134750828125 0.7180584796875 0.5230599390624999 0.71999349375 0.5358633375 0.717464640625 0.537759334375 0.642389721875 0.5242470609375001 0.6381989171875 0.5070032453125 0.63747725 0.5048638734375 0.7116051171875 0.5134750828125 0.7180584796875
0 0.5462622265625 0.5722062390625 0.5599941875 0.5762719656249999 0.5702698203125001 0.5718776328125 0.5679370453125 0.483567496875 0.5477896359375001 0.48067044374999995 0.5346991734375 0.48614949375 0.5385076062499999 0.5669284609374999 0.5462622265625 0.5722062390625
0 0.490291615625 0.44787549374999996 0.49673451562500004 0.4848233265625 0.5690295421875 0.47914481562500005 0.5636331046875 0.43118321249999997 0.490291615625 0.44787549374999996
0 0.2943529171875 0.314446159375 0.14990414999999999 0.34415038125 0.1471452125 0.3660909953125 0.150904309375 0.3952006515625 0.2969407984375 0.3661780578125 0.2943529171875 0.314446159375