0 0.177795759375 0.175526759375 0.24475917656249999 0.1907488453125 0.24976211250000002 0.17653403750000002 0.1810008984375 0.1577068671875 0.177795759375 0.175526759375
0 0.6014584609375 0.33066065 0.6160831140624999 0.33561165000000004 0.653923865625 0.2915220890625 0.6332380468750001 0.27896752812500003 0.6014584609375 0.33066065
0 0.15590985 0.8152607390625001 0.2979968671875 0.5995486156250001 0.1933660265625 0.5627432859375 0.11133779531250002 0.53619399375 0.004059084375 0.6976972296875 0.0044841546875 0.7707606703125001 0.0343030640625 0.7800797046875 0.15590985 0.8152607390625001
0 0.9025859140625 0.7967337890625 0.9166184203125001 0.772326025 0.90957958125 0.760223675 0.87294829375 0.7547144593749999 0.8617639671875 0.7873814640625 0.9025859140625 0.7967337890625
0 0.29473093281249996 0.8142536203124999 0.363055928125 0.8415629250000001 0.4333237203125 0.7483094296874999 0.36107381250000004 0.722793159375 0.29473093281249996 0.8142536203124999
0 0.5018844125 0.20810868125 0.5385767515625 0.22254623125 0.5742366984375 0.17614388125 0.5359356921875 0.159184071875 0.5018844125 0.20810868125
0 0.9166184203125001 0.772326025 0.9025859140625 0.7967337890625 0.9264453218750001 0.805192471875 0.9300863078124999 0.7974629390625 0.9397469078125 0.7957538421875 0.9465393984375 0.780276165625 0.9166184203125001 0.772326025
0 0.0467497484375 0.3375753640625 0.047875476562500005 0.3543825265625 0.10237773593749999 0.36717846718749997 0.10484370624999999 0.3573676796875 0.0467497484375 0.3375753640625
0 0.0349416578125 0.33368683906249996 0.10484370624999999 0.3573676796875 0.116858175 0.343298265625 0.036482323437500006 0.3200433203125 0.0349416578125 0.33368683906249996
0 0.317967940625 0.9836660437500001 0.31873062343749997 0.97032193125 0.1859519140625 0.9239820312499999 0.1737539703125 0.9455295203125 0.164937765625 0.9565084125000001 0.2184971203125 0.9755463140625 0.317967940625 0.9836660437500001
0 0.0360847796875 0.9606561234375001 0.065936996875 0.915850421875 0.06997610625 0.8969671781249999 0.0050814203124999995 0.873422065625 0.00557444375 0.9581655874999999 0.0360847796875 0.9606561234375001
0 0.4061229453125 0.52893998125 0.5033876187499999 0.38112661718749996 0.492680503125 0.3689810046875 0.40214285624999996 0.3373608125 0.2945584609375 0.48894289375 0.4061229453125 0.52893998125
0 0.40617786718750004 0.1281409109375 0.3899000953125 0.1580865859375 0.49414144687499995 0.19966336093749998 0.5112068765625 0.1673910359375 0.5235684218750001 0.1485467140625 0.4209928859375 0.1161146609375 0.40617786718750004 0.1281409109375