0 0.6302536078125 0.6965759593749999 0.5864553953125 0.6845945046875 0.5680514718749999 0.6862087 0.542683121875 0.7235769734375 0.6057290609375 0.7402074671875 0.6302536078125 0.6965759593749999
0 0.5142558890625 0.781964484375 0.5760556453125 0.8002360453125 0.598379 0.7657316359374999 0.5440070343750001 0.74445506875 0.5142558890625 0.781964484375
0 0.48823996718749996 0.8399918234375001 0.53750506875 0.8526716562500001 0.5643134437499999 0.8151011640625001 0.5133827140625 0.797265259375 0.48823996718749996 0.8399918234375001
0 0.283071225 0.2958489375 0.462987403125 0.315730421875 0.48639245937500003 0.2588243125 0.29204384375000003 0.23672221875 0.283071225 0.2958489375
0 0.9951888640625001 0.8269641171875 0.9961368453125001 0.6640199828125 0.9777050125000001 0.660936271875 0.8964819921875 0.8128909796875 0.9923304843749999 0.832439540625 0.9951888640625001 0.8269641171875
0 0.08406260156249999 0.2207386796875 0.0292365625 0.3673048953125 0.072629575 0.374837234375 0.1286513046875 0.22465353124999998 0.08406260156249999 0.2207386796875
0 0 0.3659499203125 0.0216499484375 0.3675294171875 0.07661689375 0.2218489296875 0.029420996875 0.217480921875 0 0.30151245625 0 0.3659499203125
0 0.867221003125 0.9201855875 0.8936913796875 0.8754615593749999 0.8879769218750001 0.8597922671875 0.8708220328125 0.8586654390625 0.838247803125 0.9138191953125 0.867221003125 0.9201855875
0 0.10598026406250001 0.555439571875 0.181977921875 0.5612177140625 0.185324325 0.5397700249999999 0.11389597968750001 0.5361961359375 0.10598026406250001 0.555439571875
0 0.43661063437500003 0.553984384375 0.4157781890625 0.599555253125 0.49673040625000003 0.6107175328125 0.520058065625 0.5618856875 0.43661063437500003 0.553984384375
0 0.45576472187499995 0.3774357484375 0.442752359375 0.373743690625 0.255634428125 0.3490954703125 0.2469151375 0.399692021875 0.44070502031250003 0.41764683593749996 0.45576472187499995 0.3774357484375
0 0.255634428125 0.3490954703125 0.439582346875 0.3726365328125 0.4716914859375 0.3226793375 0.2791538921875 0.3034491140625 0.255634428125 0.3490954703125
0 0.7454028265625 0.528171671875 0.7159213421875 0.538693365625 0.6956216109375 0.569959903125 0.73101504375 0.585061996875 0.7621455562499999 0.53953264375 0.7454028265625 0.528171671875
0 0.319112696875 0.4355623984375 0.305125271875 0.47844725468749993 0.415588265625 0.49115726562499995 0.4303706078125 0.459458159375 0.37998518125 0.44182595625000004 0.3590962578125 0.43348348750000004 0.319112696875 0.4355623984375