0 0.00491406875 0.8446567843749999 0.011655028125 0.8506305046874999 0.0290122390625 0.8647490859375001 0.062313034375 0.7930103390625 0.0404027046875 0.7803887734375 0.0105673 0.763005046875 0.00452386875 0.777586940625 0.00491406875 0.8446567843749999
0 1 0.47238491875 0.9571498234375 0.45453947968749997 0.94291246875 0.5365828859375 0.998344065625 0.559193640625 1 0.5483197921875 1 0.47238491875
0 0.9871886671875 0.6324466109375 0.9410601890624999 0.6169964765625 0.9213893515624999 0.712114128125 0.9743413453124999 0.71680975625 0.9871886671875 0.6324466109375
0 0.91152995 0.8674226703125001 0.8994550453124999 0.9071544953125 0.9308622468750001 0.9063919796875 0.9314249734375 0.8908145359375 0.91152995 0.8674226703125001
0 0.57099154375 0.9934236078125 0.6711632046875 0.9922580062499999 0.5979542625 0.9384451031250001 0.57099154375 0.9934236078125
0 0.7291429578125 0.51807419375 0.7208518140625 0.572518775 0.7780739624999999 0.5809083015625001 0.7930598765625 0.534667834375 0.7291429578125 0.51807419375
0 0.5080985328125001 0.6080522578124999 0.5008570531250001 0.6437218578125 0.5539382421875 0.6587268359375 0.5637134546875 0.6222139109375 0.5080985328125001 0.6080522578124999
0 0.5094903953125 0.3585144390625 0.48447344687499994 0.433963578125 0.5827242859374999 0.478539803125 0.6114866734375 0.40573809375 0.5094903953125 0.3585144390625
0 0.53138866875 0.364839334375 0.563112896875 0.3819919796875 0.6108189578125 0.3827355953125 0.712032378125 0.019041490624999997 0.630176365625 0.0070403125 0.53138866875 0.364839334375
0 0.401730865625 0.16206286406249998 0.39740757968749996 0.144951834375 0.382338184375 0.13580702656250002 0.3899041328125 0.10307844531250002 0.2725794703125 0.0598581703125 0.26389348749999997 0.094145353125 0.2706322109375 0.1124940140625 0.2651795203125 0.13685209062499998 0.2537528296875 0.1663862390625 0.38810874375000004 0.2173161421875 0.401730865625 0.16206286406249998
0 0.20981111874999997 0.3637881328125 0.24563937500000002 0.2424141421875 0.183533921875 0.21769288750000002 0.1341977296875 0.41081407499999995 0.1868881890625 0.428964434375 0.1944367203125 0.413593971875 0.18679320625 0.401186684375 0.20981111874999997 0.3637881328125
0 0.3781412359375 0.693140740625 0.3862385921875 0.6557633734375 0.37546174374999997 0.6475571328124999 0.3580259984375 0.64743043125 0.34995596562500003 0.6805710296874999 0.3781412359375 0.693140740625
0 0.33137042656250004 0.5971388953125001 0.3155640625 0.65746125 0.3498662453125 0.6733353046875 0.35574287031249996 0.63865831875 0.3422090015625 0.6366740734375 0.351625590625 0.60251609375 0.33137042656250004 0.5971388953125001
0 0.23169871406250003 0.50480024375 0.2071273234375 0.5831198046875 0.28493629375 0.63731086875 0.312018946875 0.5503257578125 0.23169871406250003 0.50480024375
0 0.0029986109375 0.51541755625 0.0030417125 0.5228259625 0.0592222171875 0.5466805875 0.085208925 0.451097421875 0.028457526562500002 0.42903856874999996 0.0029986109375 0.51541755625
0 0.1694375078125 0.0363871625 0.1590001015625 0.01798215 0.14723777031250002 0.00422001875 0.13641530468750002 0.00022577968749999997 0.0378258078125 0.39476306875 0.09897155625000001 0.41216522343750006 0.13718144999999998 0.25211203125 0.1811959203125 0.07364968125 0.1694375078125 0.0363871625
0 0.2434812875 0.8932996515625 0.216009015625 0.9579193968749999 0.27394749375 0.9664139484375 0.287918421875 0.938114225 0.2744466203125 0.9318099562500001 0.2714826515625 0.91330793125 0.2434812875 0.8932996515625
0 0.18459065937500002 0.9533130484375001 0.18764011875 0.9422084453125 0.1494992140625 0.93661648125 0.145455753125 0.9475753499999999 0.18459065937500002 0.9533130484375001
0 0.1102571796875 0.942414771875 0.11258388906250001 0.9181947421875 0.0889232171875 0.9075032046875 0.08467618125000001 0.9386642578125001 0.1102571796875 0.942414771875
0 0.07427179375000001 0.790412440625 0.055787054687500004 0.8310819265625 0.0753256171875 0.8404402265625001 0.095578390625 0.80221660625 0.07427179375000001 0.790412440625
0 0.089301240625 0.8150346390625 0.067584153125 0.86751079375 0.107613153125 0.898669615625 0.12948138125 0.849837946875 0.089301240625 0.8150346390625
0 0.1309655609375 0.9454508953125 0.1406782421875 0.9226671468750001 0.1301917671875 0.916756390625 0.11887662343750001 0.943678496875 0.1309655609375 0.9454508953125