0 0.0927210578125 0.6428940390625 0.017700346875000002 0.6758092640625 0.03076128125 0.761338453125 0.0524298109375 0.815229040625 0.1475376765625 0.7668938703125 0.0927210578125 0.6428940390625
0 0.7119850546875 0.703859203125 0.704083840625 0.670773128125 0.6678019109375 0.6862324390625 0.6247345531249999 0.7028266125 0.62825276875 0.7258655546874999 0.6370018734375 0.7522573265625 0.643960953125 0.7670695796875 0.6484518375 0.7769687765625 0.6532135203125 0.7927709859375 0.655606425 0.8084408562500001 0.6520838906249999 0.82026243125 0.6817816546875 0.920751321875 0.7263723875 0.8986109765625001 0.76119526875 0.8858437984374999 0.7282281453125 0.774625846875 0.721553784375 0.76979505 0.7159093109375 0.7482119265625 0.7160368234375001 0.7303921015625 0.7070541359375 0.721837559375 0.7119850546875 0.703859203125
0 0.8258420624999999 0.5910419874999999 0.8223132734374999 0.575623578125 0.7728987468749999 0.5938016609375001 0.7346240453124999 0.46747881874999997 0.715381434375 0.488998853125 0.6782069234375 0.505733303125 0.725737428125 0.6577787296875 0.75868123125 0.6482284203125 0.7857886265625 0.6354897359375 0.7987337937500001 0.61146473125 0.8202699390625 0.597274065625 0.8258420624999999 0.5910419874999999
0 0.7307214171874999 0.31817412031250003 0.714542453125 0.322304303125 0.683796346875 0.33770198906250004 0.705845715625 0.411032475 0.7603473703125 0.3892848890625 0.7546683140625 0.37146257656250004 0.7425897234375001 0.36356786093750004 0.7256505 0.35944425625 0.7281634968749999 0.34029973125 0.7288163812499999 0.3283411578125 0.7307214171874999 0.31817412031250003
0 0.6471422328124999 0.2110264625 0.6692347562500001 0.2779466046875 0.674758284375 0.278516471875 0.6858731125 0.33193479843749996 0.7406657984375 0.31209300624999997 0.70168630625 0.1798732265625 0.6471422328124999 0.2110264625
0 0.5478084609375 0.265437984375 0.5988277859375 0.442893128125 0.63030205625 0.43653590937500003 0.633860453125 0.4223859109375 0.6243355968750001 0.41654673593749997 0.6135770625 0.41088823906250005 0.610878190625 0.3981988703125 0.61691580625 0.38689805312500003 0.623802546875 0.38329379375 0.6275161234375 0.383118696875 0.5917185359375 0.26233691875 0.5810235671874999 0.27318624687500004 0.5717936578125 0.26643044374999997 0.5665035796875 0.25870271875 0.5478084609375 0.265437984375
0 0.745977103125 0 0.750882646875 0.0249832453125 0.7883509703125 0.0046191046875 0.7876456000000001 0 0.745977103125 0
0 0.6045190953125 0 0.6267860359374999 0.074449153125 0.67087785625 0.0508929421875 0.6460093359375 0.0045279453125 0.6443841156250001 0 0.6045190953125 0
0 0.5729558921875 0 0.5970842875 0.085008725 0.6267860359374999 0.074449153125 0.6045190953125 0 0.5729558921875 0
0 0.40306039374999997 0.409934446875 0.43862635625 0.505987696875 0.5021556031250001 0.47101618749999996 0.46843716406249997 0.3709698328125 0.40306039374999997 0.409934446875
0 0.28082700781250003 0.14307728749999998 0.33502550625 0.3433448140625 0.363978084375 0.3377051671875 0.308178303125 0.1356382625 0.28082700781250003 0.14307728749999998
0 0.3063201828125 0.1284545265625 0.2789241234375 0.027132212500000003 0.25206375 0.0315386859375 0.2814145359375 0.1335388 0.3063201828125 0.1284545265625
0 0.1444974734375 0.185346684375 0.0715562578125 0.2177815140625 0.1449750921875 0.4502115578125 0.206975971875 0.42673447812500004 0.1444974734375 0.185346684375
0 0.0821491390625 0.0959011234375 0.0748411546875 0.0606122484375 0.040284760937500004 0.06628126250000001 0.055436684375 0.10738118593749998 0.0821491390625 0.0959011234375
0 0.440034628125 0.776234921875 0.4547586296875 0.830645696875 0.48369724375 0.824487396875 0.46530185 0.7692463234375 0.440034628125 0.776234921875
0 0.31070845 0.8613751453124999 0.3207129390625 0.889579625 0.44342736875 0.84031875625 0.433534234375 0.8035872640624999 0.31070845 0.8613751453124999
0 0.2149125984375 0.9046354531249999 0.2274139484375 0.9417855968750001 0.3134088640625 0.8952927109375001 0.30037304374999996 0.8658924578124999 0.2149125984375 0.9046354531249999
0 0.530341996875 0.62013565625 0.49008471875000004 0.4775546859375 0.455605690625 0.498839315625 0.48154723437499997 0.6267078953125 0.5081707796875 0.6287435375 0.530341996875 0.62013565625
0 0.9096987484374999 0.44880749062499997 0.919629121875 0.4869220578125 0.9424245796875 0.4811203703125 0.9343771109375 0.44408609375 0.9096987484374999 0.44880749062499997
0 0.9673648781249999 0.487512875 0.971000825 0.5091867328124999 0.986777496875 0.5045581890624999 0.98337579375 0.4845606765625 0.9673648781249999 0.487512875
0 0.9032 0.5819762296875 0.8922708328125 0.54643488125 0.864452771875 0.5575102609375 0.8760200890625001 0.5905375546875 0.8929816 0.59153184375 0.9032 0.5819762296875