0 0.204775853125 0.0011913515625 0.062333087499999995 0.00036264375 0.0764733078125 0.069352534375 0.204775853125 0.0011913515625
0 0.9772595484375 1 0.9780968203124999 0.9794518796875 0.937657590625 1 0.9772595484375 1
0 0.94441235625 0.8327038046874999 0.9354593781249999 0.7977227546875 0.9259146156250001 0.8012937062500001 0.9328511109375001 0.8371716796875001 0.94441235625 0.8327038046874999
0 0.9282393734375001 0.841422303125 0.919783740625 0.8059828546875 0.9102991640625 0.8080767468750001 0.91729809375 0.8429564171875 0.9282393734375001 0.841422303125
0 0.9976402328124999 0.4114273703125 0.9458081500000001 0.44068984218749996 0.9608084781249999 0.513079178125 0.90508903125 0.5381362515625 0.9337081406250001 0.6538123140625001 0.9925354109375 0.6251034984375 0.9970403093750001 0.5145453625 0.9976402328124999 0.4114273703125
0 0.677872734375 0.3892162609375 0.6003269312499999 0.42236984218750007 0.573869884375 0.44265770312499997 0.6312135734375001 0.660742025 0.718541525 0.6144538484375001 0.69858755625 0.544560603125 0.7142267203125 0.5281181828125 0.677872734375 0.3892162609375
0 0.57886195625 0.7323669140625 0.5469365328125 0.5878361812499999 0.5245955375 0.5962815953125 0.5602538484374999 0.752256596875 0.57886195625 0.7323669140625
0 0.0240388375 0.21830033750000002 0.00792261875 0.2266936765625 0.0033840078125 0.3380791796875 0.01600578125 0.3316126359375 0.0163881375 0.32222895937499996 0.053110515625 0.3015108359375 0.0240388375 0.21830033750000002
0 0 0.608712684375 0.0483909140625 0.578596590625 0.041731340625 0.553543396875 0.06986898281250001 0.53419431875 0.018976723437500002 0.3569506796875 0.0022197265625 0.366652709375 0 0.42112870156250004 0 0.608712684375
0 0.09745305625 0.15839069374999998 0.3943332203125 0.0022941640625 0.204775853125 0.0011913515625 0.0764733078125 0.069352534375 0.09745305625 0.15839069374999998
0 0.717632290625 0.01147190625 0.508727534375 0.0029596906249999997 0.448524475 0.0026094390625000003 0.4809197796875 0.13300280625 0.717632290625 0.01147190625
0 0.5698466343749999 0.31606071562500004 0.793996034375 0.20011001718750002 0.7884547296875 0.15989387187499998 0.7745571484375 0.1234494078125 0.55032455 0.24144192343749998 0.5698466343749999 0.31606071562500004
0 0.40669798124999995 0.11768549375 0.35554207187500003 0.140208825 0.4245877796875 0.40857297187499997 0.4911423703125 0.385654484375 0.5205236625 0.3437935125 0.5075855109375 0.2838029703125 0.484998865625 0.28492784375 0.46149710468749994 0.207057325 0.43145029687500003 0.21505820781249999 0.40669798124999995 0.11768549375
0 0.1399251640625 0.5753856703125 0.1889976578125 0.55380005 0.22979707343750003 0.5339442937500001 0.21708768125 0.493436071875 0.2998755875 0.449639078125 0.31348109062499996 0.493251628125 0.37336766718750003 0.4577684296875 0.3588253359375 0.4120507421875 0.388268109375 0.393777446875 0.33207735625 0.18744565625 0.07706911718750001 0.30622937031249997 0.12734057031249998 0.5318147203125 0.1399251640625 0.5753856703125
0 0.36517020625 0.8148672421875001 0.29249838281249996 0.5853013328125 0.091227709375 0.7185894515625 0.1352932265625 0.8700768453125001 0.15181773125 0.8420519765625001 0.16721457343749999 0.8918948984374999 0.1803634421875 0.8965210906250001 0.313911215625 0.8148238062500001 0.3259957375 0.8450370109374999 0.36517020625 0.8148672421875001