0 0.7568296906249999 0.1520242921875 0.791699325 0.1564777328125 0.7970823296875 0.13198380625 0.759162125 0.12631578906250002 0.7568296906249999 0.1520242921875
0 0.7493165421875 0.1848178140625 0.7464145078125 0.2137651828125 0.7844971000000001 0.215991903125 0.7876039171875 0.18724696406250002 0.7493165421875 0.1848178140625
0 0.7912897562500001 0.156072875 0.7570321203125 0.1520242921875 0.753214375 0.17186234843749998 0.7891469890625 0.17546558750000002 0.7912897562500001 0.156072875
0 0.7725058437500001 0 0.770753709375 0.059554656250000004 0.8063982140625001 0.0627530359375 0.8138758140625001 0 0.7725058437500001 0
0 0.8594025468750001 0 0.8403005984374999 0.08846153906250001 0.8765163781249999 0.092044534375 0.883547275 0.064777328125 0.9026814703125 0.0564777328125 0.9214626265625 0.0526315796875 0.9296847890625 0 0.8594025468750001 0
0 0.804426025 0.1020242921875 0.7987297437499999 0.0995951421875 0.8061981406250001 0.062955465625 0.7713426390625 0.059716598437500004 0.7596233734375 0.1137651828125 0.80015395625 0.11761133593749999 0.804426025 0.1020242921875
0 0.8274287093750001 0.2348178140625 0.82528083125 0.2624696359375 0.8652196453125001 0.264170040625 0.8632739656249999 0.2343927125 0.8274287093750001 0.2348178140625
0 0.8638489 0.16376518281250002 0.8657417093750001 0.20465587031250002 0.9001664437500001 0.205668015625 0.8997141921875 0.16680161875 0.8638489 0.16376518281250002
0 0.82528083125 0.2624696359375 0.8226900984375 0.3355668015625 0.9066024265625 0.33951417031250003 0.906556884375 0.2677530359375 0.82528083125 0.2624696359375
0 0.9010738171874999 0.375850203125 0.9066024265625 0.33951417031250003 0.8226900984375 0.3355668015625 0.8198443015624999 0.4197975703125 0.9005667140625 0.42273279375 0.9010738171874999 0.375850203125
0 0.8902483218749999 0.6058704453125 0.8914907359375001 0.556072875 0.8483780390625 0.5564777328125 0.8460693031250001 0.6016194328125 0.8902483218749999 0.6058704453125
0 0.8198443015624999 0.4197975703125 0.8217060046875 0.456275303125 0.8974498390625 0.459311740625 0.9005667140625 0.42273279375 0.8198443015624999 0.4197975703125
0 0.8217060046875 0.456275303125 0.821444971875 0.48603238906249996 0.8955505296874999 0.48744939218749994 0.8972474109374999 0.459311740625 0.8217060046875 0.456275303125
0 0.8165866718749999 0.48603238906249996 0.813338965625 0.556599190625 0.8914907359375001 0.556072875 0.895084 0.48736842031250005 0.8165866718749999 0.48603238906249996
0 0.8147326859374999 0.587651821875 0.8469189203124999 0.587651821875 0.8483780390625 0.5564777328125 0.8153159406249999 0.5560121453125 0.8147326859374999 0.587651821875
0 0.887468446875 0.60530364375 0.80812133125 0.5970445343749999 0.8048588359375 0.643724696875 0.8016798703125 0.65757085 0.8782280312499999 0.6636234812499999 0.8858831078125 0.6586842109375 0.887468446875 0.60530364375
0 0.8016798703125 0.65757085 0.7994525609375 0.7010121453125 0.8738137953124999 0.7087449390625 0.8782280312499999 0.6636234812499999 0.8016798703125 0.65757085
0 0.8636864828125 0.741295546875 0.879056965625 0.740080971875 0.8793062203125 0.709311740625 0.7994525609375 0.7010121453125 0.7988786765625 0.756072875 0.862302596875 0.7615384609375 0.8636864828125 0.741295546875
0 0.908272059375 1 0.8899519984375001 0.926599190625 0.732444125 0.9424493921874999 0.7412415 1 0.908272059375 1
0 0.7413046343749999 1 0.7323774796875 0.9384615390625 0.23246270156249998 0.9979757078124999 0.23391135625 1 0.7413046343749999 1
0 0.3204493703125 0.78319838125 0.3260585484375 0.8129352234375 0.39054888593750003 0.805668015625 0.3849748046875 0.77894736875 0.3204493703125 0.78319838125
0 1 0.896831059375 0.9427199249999999 0.9052631578125 0.9612334078125 0.9827935218749999 1 0.979844653125 1 0.896831059375
0 0.3423424265625 0.507489878125 0.2789962359375 0.508704453125 0.284926671875 0.56257085 0.34419062500000003 0.5619433203125 0.3423424265625 0.507489878125
0 0.25359705625 0.42568825937500004 0.27251129375 0.490688259375 0.32827103125 0.4811740890625 0.3109147921875 0.41611336093749995 0.25359705625 0.42568825937500004
0 0.311296896875 0.396761134375 0.2473622609375 0.39959514218750003 0.2490760546875 0.4251012140625 0.25359705625 0.42568825937500004 0.3109147921875 0.41611336093749995 0.311296896875 0.396761134375
0 0.47244925625 0.6767206484375 0.474989396875 0.72105263125 0.526792415625 0.7194331984375 0.5263439187500001 0.679149796875 0.47244925625 0.6767206484375
0 0.24711108906249998 0.6285222671875 0.253425484375 0.6597165984375 0.2930544890625 0.655668015625 0.287742803125 0.6219230765625 0.24711108906249998 0.6285222671875
0 0.7479620921875 0.7555870453125 0.7026635875 0.7508097171875 0.7028249796875 0.7698987859375 0.7449780453125 0.77226720625 0.7479620921875 0.7555870453125
0 0.2317692859375 0.538259109375 0.23357951093749998 0.5546558703125 0.25097428437499997 0.5534412953125 0.24952678125 0.536902834375 0.2317692859375 0.538259109375
0 0.47952425156249995 0.48623481718750006 0.479768278125 0.507206478125 0.5116906640625001 0.5088866390625 0.511451346875 0.4883198375 0.47952425156249995 0.48623481718750006
0 0.537855584375 0.5394129546875 0.4832145546875 0.540688259375 0.48323368125000005 0.57712550625 0.5349397390624999 0.5776113359374999 0.537855584375 0.5394129546875
0 0.775485496875 0.36356275312499997 0.74107960625 0.364170040625 0.740314928125 0.4028340078125 0.7739629203125 0.4066801625 0.775485496875 0.36356275312499997
0 0.77416535 0.4066801625 0.7417484203125 0.40425101249999995 0.739933625 0.4048583 0.7337224859375 0.4799595140625 0.774469353125 0.47977732812499996 0.77416535 0.4066801625
0 0.7724005859374999 0.4811740890625 0.7337224859375 0.4799595140625 0.7228372265624999 0.5395748984375001 0.7245741984375 0.5496761140624999 0.7715702375 0.5489878546875 0.7724005859374999 0.4811740890625
0 0.723281903125 0.6021457484375 0.7115862484375 0.6651821859375 0.7537362671875 0.6690283406249999 0.773238165625 0.5496761140624999 0.7245741984375 0.5496761140624999 0.7190432999999999 0.5649392718749999 0.7286665140624999 0.57257085 0.723281903125 0.6021457484375
0 0.7537362671875 0.6690283406249999 0.73733950625 0.6690283406249999 0.7115862484375 0.6651821859375 0.7026635875 0.7508097171875 0.7479620921875 0.7555870453125 0.7537362671875 0.6690283406249999
0 0.788077509375 0.2453441296875 0.7455796078125 0.2429149796875 0.74391511875 0.259919028125 0.7866370921875 0.2607287453125 0.788077509375 0.2453441296875
0 0.784160975 0.27408906875 0.7438705078125001 0.27348178125 0.7430350234375 0.2886639671875 0.7836594906250001 0.288400809375 0.784160975 0.27408906875
0 0.78570931875 0.21578947343750002 0.7462215015625 0.2145748984375 0.7455796078125 0.2429149796875 0.7838217859375 0.244939271875 0.78570931875 0.21578947343750002
0 0.7766127765624999 0.33866396718749997 0.7430095390625 0.33866396718749997 0.7412820359375 0.364170040625 0.7760927843750001 0.36356275312499997 0.7766127765624999 0.33866396718749997
0 0.7452006421874999 0.3008097171875 0.74569750625 0.3261133609375 0.7786958140625 0.32631578906250003 0.780271971875 0.3017206484375 0.7452006421874999 0.3008097171875