0 0.8383231109375 0.553346853125 0.9052204234375001 0.58686366875 0.9221306 0.568200790625 0.9165064375 0.54255551875 0.9168606374999999 0.5276079734375 0.9319788609374999 0.5188514843750001 0.973770078125 0.5029525109375 0.9826333515625001 0.48500839375 0.9205634187499999 0.45496859062499995 0.8383231109375 0.553346853125
0 0.7918029171875001 0.534293309375 0.8383231109375 0.553346853125 0.9205634187499999 0.45496859062499995 0.8933439484375001 0.4437325625 0.8844968124999999 0.45299460937499997 0.8669256359374999 0.43794407968750004 0.7918029171875001 0.534293309375
0 0.82074560625 0.6342148546875 0.849628184375 0.593523703125 0.7882218171875001 0.5603520843750001 0.75912175 0.60652763125 0.82074560625 0.6342148546875
0 0.6671394140625 0.675347440625 0.6522351796875 0.7133827578124999 0.7066856515625 0.7324770453125 0.7268834328125 0.6915676734375 0.6912604046874999 0.6692473421875 0.6671394140625 0.675347440625
0 0.66317124375 0.917140675 0.68482291875 0.8725903890625 0.65256319375 0.8580574421874999 0.6255588671875 0.9015074828125 0.66317124375 0.917140675
0 0.0416774109375 0.5820392390625 0.006585584375 0.56596375 0.0075273140625 0.6468958109375 0.0216080375 0.6499937296875 0.0416774109375 0.5820392390625
0 0.46314195468749997 0.8311423937500001 0.475750678125 0.801343003125 0.4566371671875 0.7974141921875 0.44458556875 0.8241718125 0.46314195468749997 0.8311423937500001
0 0.45577593906249997 0.6156274609375 0.5620496796875 0.655514509375 0.5710021734375 0.6245606484375 0.47078554375000004 0.5875751375 0.45577593906249997 0.6156274609375
0 0.5089992703124999 0.3250413109375 0.370287653125 0.4981060859375 0.452590359375 0.5278053734375 0.585351096875 0.3600985859375 0.5089992703124999 0.3250413109375
0 0.4582417828125 0.29658809062499997 0.3110218234375 0.47117217812499995 0.370287653125 0.4981060859375 0.5089992703124999 0.3250413109375 0.4582417828125 0.29658809062499997
0 0.8324721437499999 0.40138103750000004 0.8202230078125 0.40539963593749995 0.8179075750000001 0.4180413203125 0.8116938765624999 0.42495700468750003 0.785312471875 0.41626605625 0.7111280234375 0.5157182031249999 0.7760098765625 0.5569241171875 0.8669256359374999 0.43794407968750004 0.8324721437499999 0.40138103750000004