0 0.154586096875 0.6289831828125 0.1645377484375 0.6439342765625 0.1865923734375 0.6176120625 0.16707910625 0.58668769375 0.14298503906249999 0.6131538140624999 0.154586096875 0.6289831828125
0 0.152196565625 0.6248064421875 0.1269459546875 0.657236721875 0.140198246875 0.678455359375 0.1648370609375 0.64461645 0.152196565625 0.6248064421875
0 0.0833772296875 0.6378056437499999 0.055541820312500004 0.664786940625 0.0991533796875 0.733947909375 0.12192605625 0.707122909375 0.0833772296875 0.6378056437499999
0 0.4605549671875 0.2691893640625 0.443716890625 0.28258466875 0.45956665625 0.3057299046875 0.47300565937499994 0.2925744453125 0.4605549671875 0.2691893640625
0 0.324846871875 0.72507041875 0.3154587 0.7427375078125 0.30607052968750004 0.7604045984375001 0.30824681875 0.7717398390625 0.31969210000000003 0.76905845625 0.34017723125 0.774244028125 0.34444845625 0.7885711484375 0.3566181578125 0.805339978125 0.35544182812499997 0.8239095609374999 0.3453516203125 0.8367533671875 0.360423509375 0.8519359421875 0.38737224062500003 0.8264137500000001 0.333228134375 0.730723259375 0.324846871875 0.72507041875
0 0.21518842500000002 0.8100047234375 0.20104316406249997 0.822406253125 0.278101275 0.9435365859375 0.3392067109375 0.87838490625 0.31826800624999996 0.84769173125 0.29528309375 0.8631082078125001 0.2776038625 0.8524800812500001 0.27476904687500003 0.81358703125 0.25821573125 0.79193319375 0.2509002984375 0.7907062265625 0.21518842500000002 0.8100047234375
0 0.26258931875 0.6302990578125 0.27585185156250003 0.63051863125 0.266959821875 0.6097960875 0.244928396875 0.570665140625 0.217708421875 0.5993913875 0.23176709375 0.6269832359375 0.24719828124999998 0.6266830671875 0.26258931875 0.6302990578125
0 0.19929656406250001 0.5705494156250001 0.21774429999999997 0.599187915625 0.244681771875 0.5701600953125 0.22513212968750002 0.53587253125 0.21777272656250002 0.5454844125 0.19929656406250001 0.5705494156250001
0 0.20039983281249998 0.5000417265625 0.1778424234375 0.5256458890625 0.20177361718750003 0.56720980625 0.2248569015625 0.5362435984375 0.20039983281249998 0.5000417265625
0 0.3896678984375 0.629208965625 0.385404790625 0.6216178203125 0.334758534375 0.684921275 0.359930153125 0.7126683671875 0.45404622968749997 0.8867386156249999 0.47516753593749994 0.8621400203125 0.4669425953125 0.844535228125 0.4897993171875 0.8196132390624999 0.4651731640625 0.7724720109375001 0.3896678984375 0.629208965625
0 0.0925679453125 0 0.1079606484375 0.0343529890625 0.12950784531249998 0.025543428125 0.134876171875 0.0196086046875 0.1551987078125 0.0175064671875 0.14624757187499998 0 0.0925679453125 0
0 0 0.6315257640625 0.013841715625 0.6561752937499999 0.0593040140625 0.6077556234375 0 0.4849335828125 0 0.6315257640625
0 0.6119833625 0.9607429484375001 0.636863015625 0.9374364500000001 0.6252920734375 0.914416290625 0.5632366890625 0.8017217921875 0.556818809375 0.8083736859374999 0.5379029140625 0.829983390625 0.6119833625 0.9607429484375001
0 0.6715961171875 1 0.6547607921874999 0.9703837515625 0.631341821875 0.997304590625 0.6330282859375 1 0.6715961171875 1
0 0.6241106578125 0.9823926140625 0.647206728125 0.9573030296875 0.6366954218750001 0.9371970984375 0.61277316875 0.9598332171875 0.6241106578125 0.9823926140625
0 0.41865848437500003 0.9044368531250001 0.4276205671875 0.903940103125 0.385906109375 0.8266377687500001 0.36176986875 0.8510823859375 0.3791335609375 0.8562420609375 0.38858201875 0.85893609375 0.40471113281250004 0.8769275734375 0.388722190625 0.8943119234375001 0.39155135625000004 0.901230628125 0.4026119640625 0.9037054078125 0.41865848437500003 0.9044368531250001
0 0.48256215625000004 1 0.4391750984375 0.9294329937500001 0.42534793281249994 0.9484782968750001 0.4499701421875 0.9988916921875 0.45625566875 1 0.48256215625000004 1
0 0.5971318703125 1 0.5136090984374999 0.8487776140625 0.492196359375 0.817560275 0.466689975 0.8439452078125 0.474730709375 0.8623567156249999 0.45356020468749997 0.8860444984375 0.5143876234375 1 0.5971318703125 1
0 0.24530115000000002 0.514294965625 0.3359467828125 0.683179665625 0.385751775 0.6208398078124999 0.317440665625 0.49317455 0.29608350781250004 0.45712065781250005 0.24530115000000002 0.514294965625
0 0.4142972859375 0.5362890265625 0.346371175 0.42297895937499996 0.3220419765625 0.4455433203125 0.477087546875 0.7263190953125 0.5041685296875 0.6964773859375 0.471894346875 0.640476803125 0.4142972859375 0.5362890265625
0 0.48604382187499995 0.7528643953125 0.512263678125 0.7188636875000001 0.501071771875 0.7017847328125 0.473366071875 0.7319568640624999 0.48604382187499995 0.7528643953125
0 0.5559460609375 0.7895267171875 0.5211447812500001 0.729891596875 0.496984171875 0.759828646875 0.530291496875 0.8175848921875 0.5559460609375 0.7895267171875
0 0.2150203 0.1184779484375 0.21896266875 0.1606083734375 0.2342841625 0.1633099671875 0.26128620156250004 0.125230221875 0.23726087968749998 0.078131996875 0.2117465734375 0.0992076203125 0.2150203 0.1184779484375
0 0.26747244062500003 0.41473155312500004 0.22153360156250002 0.46180840312500004 0.24855857499999998 0.5110509984375 0.2942045828125 0.45825794374999995 0.26747244062500003 0.41473155312500004
0 0.0675550125 0.13357544062499999 0.10608443593750001 0.209665790625 0.161565090625 0.18248196249999998 0.1477641046875 0.157474115625 0.13726233125 0.1370761484375 0.1302164765625 0.10350376562500001 0.11806555781250001 0.0926965359375 0.0675550125 0.13357544062499999
0 0.059260043750000005 0.1201752578125 0.07048890625000001 0.136211734375 0.08845148281250001 0.1188187296875 0.10125648125 0.108069065625 0.11561700781249999 0.0944467 0.0968768515625 0.07163100781250001 0.0984836625 0.050263087500000005 0.07857159531249999 0.01065400625 0.059260043750000005 0.1201752578125
0 0.138819278125 0.195947509375 0.10824842187499999 0.2100054 0.217467821875 0.4187121203125 0.2631557640625 0.3748429140625 0.22985558906249998 0.299674621875 0.16128936562500001 0.1792863609375 0.138819278125 0.195947509375
0 0 0.7607623921875 0.010749010937500001 0.7765160843750001 0.0212347703125 0.8022401203125 0.03003325625 0.81302268125 0.05459968125 0.783639725 0.016778987500000002 0.7174509718750001 0 0.7359577734375 0 0.7607623921875
0 0.029669603125 0.2879909859375 0.12281466875 0.4531711859375 0.170887996875 0.4008900515625 0.05207149062500001 0.160943565625 0.029669603125 0.2879909859375
0 0.14907804062500002 0.4995940640625 0.1972144703125 0.4449323515625 0.16972751875 0.4043778890625 0.12339864375000001 0.45247691874999996 0.14907804062500002 0.4995940640625
0 0.1260296390625 0.5232234625000001 0.1045872921875 0.47706322187500005 0.10615362187499999 0.4658004703125 0.09326159687499999 0.4532471125 0.02416675 0.319199221875 0.0032859203125 0.437620284375 0.0764266296875 0.57489919375 0.1260296390625 0.5232234625000001