0 0.8100648421875001 0.8221807218749999 0.8259481921875 0.8071955546874999 0.838186975 0.8167407328125 0.8737690406249999 0.7843913328125 0.8463086984375 0.75269766875 0.7808673296875 0.822168534375 0.794325234375 0.83298320625 0.8100648421875001 0.8221807218749999
0 0.777905065625 0.4279221390625 0.8089677109375 0.39336984375 0.8241007281250001 0.34812927656250003 0.8191559859374999 0.311317284375 0.8105005796875 0.3194832390625 0.7046464718750001 0.3230140359375 0.708375578125 0.33874615625 0.6934341578125001 0.35695396874999996 0.67471114375 0.340785571875 0.6845415171875 0.3664572234375 0.7299872703125 0.41013299375 0.7579014484375 0.43531717187499996 0.777905065625 0.4279221390625
0 0.5229918515625 0.5195352765625 0.528316965625 0.5447893703125 0.5393697078125 0.5511709078125 0.55082180625 0.5445847859375 0.575079359375 0.5765378343750001 0.5877497015625 0.5704939921875 0.60127558125 0.581244534375 0.7579014484375 0.43531717187499996 0.7299872703125 0.41013299375 0.6845940500000001 0.3646517890625 0.6578696609375 0.3318997703125 0.6100080390625 0.37125193749999996 0.5982247453125 0.3604419171875 0.5618010625000001 0.391422625 0.5768388953125 0.4100399859375 0.5013487515625 0.47800647500000004 0.512077090625 0.49477962656249996 0.5057034125000001 0.5040476671875 0.5229918515625 0.5195352765625
0 0.3356493765625 0.1489014734375 0.27991225937499997 0.0900959375 0.26657940625 0.0939168921875 0.25736416875 0.0804270796875 0.1997801484375 0.1388661109375 0.2727242765625 0.2136857515625 0.3356493765625 0.1489014734375
0 0.18098055156249998 0.3260228265625 0.2651964375 0.2429290140625 0.2007212859375 0.1663505109375 0.11129763906250001 0.25347965625 0.18098055156249998 0.3260228265625
0 0.356091228125 0 0.3551168890625 0.0099792375 0.37448587187500004 0.0107631765625 0.38299763124999997 0.0173792859375 0.3808436234375 0.0270345421875 0.40888572500000003 0.055395642187500004 0.4662105796875 0 0.356091228125 0
0 0.0170448390625 0.8443463640625 0.0317884546875 0.86020065 0.11636093437499999 0.7784834515625 0.00383763125 0.6596326703125001 0.00475094375 0.8166177765624999 0.009893721875 0.8174745765625 0.0170448390625 0.8443463640625
0 0.3019848234375 0.5500592140625 0.3050950921875 0.5438914515625 0.3073686953125 0.5376993484375 0.30762303125 0.52895840625 0.304062 0.5225965312499999 0.31566890000000003 0.50993294375 0.2606832140625 0.44575042187499997 0.2470498953125 0.4598975765625 0.192362103125 0.5172529625 0.24818327812500002 0.577713653125 0.26503654375 0.55817319375 0.274098440625 0.5617863578125 0.2745167734375 0.56179853125 0.28116436562499997 0.5628072937499999 0.2874532078125 0.5617562578124999 0.29377688125 0.5602655109375 0.29808361250000004 0.5553886234375 0.3019848234375 0.5500592140625
0 0.10660429062500001 0.898715140625 0.12163967812500001 0.8848511796875 0.110134621875 0.871294740625 0.0641598265625 0.9162328765625001 0.0752142171875 0.9278590609374999 0.10660429062500001 0.898715140625
0 0.847546265625 0.56551474375 0.8584710624999999 0.5460001109375 0.8444849734375 0.5359192953125 0.830616071875 0.556648396875 0.847546265625 0.56551474375
0 0.8267628265625 0.9533848890625001 0.791867784375 0.9341015968749999 0.7557439234375 0.9547781203125 0.738837534375 0.9413069171874999 0.6946823046875 0.97975326875 0.6709956499999999 0.95317160625 0.6376361015625001 0.9939594046875 0.639675815625 0.9963123218750001 0.8437287734375 0.9951251765625001 0.8227561734375 0.9714260765624999 0.8307765093749999 0.9638806890625 0.8267628265625 0.9533848890625001
0 0.4937143578125 0.76764755 0.4783078625 0.7442816953125 0.46101824531249996 0.7250479109375 0.42810629999999994 0.75802590625 0.4615013765625 0.7993237140625 0.4937143578125 0.76764755
0 0.78762953125 0.8828544624999999 0.7086721046875 0.8018880625 0.6713939890625 0.831940428125 0.6319037421875 0.79185354375 0.6621779734375 0.7624347578124999 0.5702573203125 0.649865975 0.479530459375 0.7401304046875 0.69853183125 0.9686268531250001 0.78762953125 0.8828544624999999
0 0.6658303046875 0.9602932328125 0.6227108484375 0.921489025 0.6044011890625 0.9471572234375 0.6301430890625 0.9712645312499999 0.64630385 0.9838546296875 0.6658303046875 0.9602932328125
0 0.9570347859374999 0.665791709375 0.9090591984374999 0.7113327125 0.957724828125 0.7617350484375 0.996579009375 0.7221994671874999 0.996979825 0.7084243359375 0.9570347859374999 0.665791709375
0 1 0.597286821875 0.9650822187499999 0.561133903125 0.95056821875 0.54647625 0.8988145171875 0.6037186859375 0.9116508718749999 0.6169612828125 0.9645587953125 0.6737893890625 0.996987925 0.7081459921875 1 0.604627665625 1 0.597286821875
0 1 0.5436999515625 0.9795001531249999 0.521535815625 0.95056821875 0.54647625 1 0.5976526734375 1 0.5436999515625
0 0.46136215312499995 0.130082490625 0.3836209171875 0.0451849765625 0.3578678296875 0.0699314375 0.40339645312499994 0.1259057796875 0.40510460468750004 0.1399043515625 0.4395597609375 0.1750628890625 0.46136215312499995 0.130082490625
0 0.665637371875 0.2891112671875 0.6578696609375 0.3318997703125 0.67471114375 0.340785571875 0.6845415171875 0.3664572234375 0.6934341578125001 0.35695396874999996 0.708375578125 0.33874615625 0.7046464718750001 0.3230140359375 0.8105005796875 0.3194832390625 0.8208805 0.3073348515625 0.8087469921875 0.15482234687500002 0.8061290359375001 0.095601209375 0.7378425046875 0.01141951875 0.7099828015625 0.007083103124999999 0.6470066765625 0.08876760781250001 0.65874181875 0.105019146875 0.6660812828125 0.12541779687500001 0.65630423125 0.1395669765625 0.650863746875 0.15311514531249998 0.6517215937499999 0.1978514078125 0.644904921875 0.23370416718749998 0.665637371875 0.2891112671875
0 1 0.45513870624999997 0.9887495609375 0.4460006703125 0.9751034328125 0.4605881734375 0.9815997703124999 0.4645233390625 1 0.48016873281250005 1 0.45513870624999997
0 1 0.302251334375 0.9748507984374999 0.3223481984375 0.9962841109375 0.35366816874999996 1 0.351195171875 1 0.302251334375
0 0.7993314125000001 0.00549601875 0.79496763125 0.01343426875 0.815629803125 0.0265740328125 0.814398540625 0.034052525 0.82970305 0.041990125 0.8354835375 0.0326607484375 0.9330631203124999 0.08706456093750001 0.9730610609375001 0.0105510359375 0.7993314125000001 0.00549601875
0 0.8809615546874999 0.2077609203125 0.92372898125 0.2185249328125 0.950855315625 0.129164434375 0.9077053671875 0.11488554687500001 0.8809615546874999 0.2077609203125
0 0.192362103125 0.5172529625 0.1986471390625 0.510274096875 0.25993165 0.44658796250000005 0.17776139375 0.358652809375 0.1493657 0.3878838546875 0.1418252921875 0.4039271140625 0.109580040625 0.43595491875 0.192362103125 0.5172529625
0 0.3270051234375 0 0.307937759375 0.018302359375 0.345056590625 0.060369603125000004 0.3729132765625 0.034516437500000004 0.34034869687499997 0 0.3270051234375 0
0 0.3755302296875 0.139969340625 0.35643118125 0.1594444546875 0.2645722890625 0.25150494375 0.3589658859375 0.3472439703125 0.443990246875 0.2651432734375 0.4369332984375 0.24942450312500003 0.45563573125 0.2269189015625 0.3755302296875 0.139969340625
0 0.00513963125 0.8834275296874999 0.00830771875 0.8871286953125 0.015876540624999998 0.8852554953125 0.036484953125000004 0.8654056109375 0.0170448390625 0.8443463640625 0.007975246875 0.855387 0.005015453125 0.8620831546875 0.00513963125 0.8834275296874999
0 0.124034571875 0.984303796875 0.1540356234375 0.9551855671875 0.10660429062500001 0.898715140625 0.0752142171875 0.9278590609374999 0.124034571875 0.984303796875
0 0.10718507031249999 0.9643335890625 0.0752142171875 0.9278590609374999 0.049725771875000005 0.9601716109374999 0.075145090625 0.9848645093749999 0.0830036140625 0.9850931671875 0.10718507031249999 0.9643335890625
0 0.0780102421875 0.671968765625 0.061019929687499995 0.661381853125 0.0407544484375 0.6391527109374999 0.042730771875000004 0.620457471875 0.0098531875 0.5856092687500001 0.0034439078125 0.5919575984375001 0.003839859375 0.6600158296874999 0.1174425890625 0.779176009375 0.1574449765625 0.7448617953125 0.0894634796875 0.6751887546875001 0.0780102421875 0.671968765625
0 0.528316965625 0.5447893703125 0.5229918515625 0.5195352765625 0.49493510937499996 0.5022799578125 0.3905442453125 0.6100181046875 0.465948765625 0.6919168234375 0.575079359375 0.5765378343750001 0.55082180625 0.5445847859375 0.5393697078125 0.5511709078125 0.528316965625 0.5447893703125
0 0.42862553124999997 0.728821109375 0.465948765625 0.6919168234375 0.387177125 0.6045653515625 0.34009946874999997 0.6472677859375 0.3365837375 0.6696423375 0.39993967656249996 0.7331869625 0.42862553124999997 0.728821109375
0 0.8227561734375 0.9714260765624999 0.8435982609374999 0.9951259359375 0.86880488125 0.9949792875 0.8812024421875 0.98407864375 0.82757219375 0.9263260390625 0.8081247453125 0.9395988624999999 0.8267628265625 0.9533848890625001 0.8307765093749999 0.9638806890625 0.8227561734375 0.9714260765624999
0 0.9256250874999999 0.945529890625 0.868923215625 0.9949785999999999 0.9665310234375 0.9944107343749999 0.966624959375 0.9943209015625 0.9256250874999999 0.945529890625
0 0.9754524703125 0.9943588312499999 0.9886622171875 0.994281978125 0.9915431 0.8952724625 0.9844279921875 0.8876111234374999 0.9309973906250001 0.939626275 0.9754524703125 0.9943588312499999
0 0.837426884375 0.510394415625 0.880135534375 0.536053140625 0.8971147421874999 0.50309634375 0.8541232375 0.47579871718750005 0.837426884375 0.510394415625