0 0.1456209765625 0.630043025 0.1453011421875 0.62122268125 0.1523076046875 0.6189149390625001 0.16792260312500001 0.5672526125 0.162453475 0.562070140625 0.16834738437500002 0.5371049015625 0.1460345296875 0.5282926640625 0.14120648281249998 0.5407104125 0.11696671249999999 0.533725834375 0.09348875625 0.612807746875 0.1456209765625 0.630043025
0 0.2750249640625 0.23332218125 0.2934558671875 0.17293077031249998 0.271768490625 0.16476465 0.2575192890625 0.1593266515625 0.21359869062499998 0.1580484328125 0.17857452499999998 0.2801405609375 0.25614744375 0.2972250078125 0.2699420765625 0.2350579921875 0.2750249640625 0.23332218125
0 0.042331404687500004 0.0287980703125 0.0358226125 0.05919407812500001 0.11193154218750001 0.078767825 0.11680756562500001 0.047574853125 0.042331404687500004 0.0287980703125
0 0.659334275 0.041812384375 0.6512378640625001 0.06547795625 0.7179746390624999 0.08435358281250001 0.7239278296875 0.0594305796875 0.659334275 0.041812384375
0 0.1713284453125 0.2736505515625 0.1885269546875 0.21259536093750003 0.19600893125000002 0.21406893437500002 0.21264599374999998 0.1511136671875 0.2040192234375 0.1464672125 0.19277435781250002 0.144884128125 0.1860728328125 0.1390378765625 0.1717579296875 0.1354817078125 0.1386740546875 0.129495565625 0.09800555625 0.2514234265625 0.1713284453125 0.2736505515625
0 0.358402884375 0.3903975875 0.319938040625 0.5205524484375 0.374578725 0.54134463125 0.40984058437500004 0.416504709375 0.358402884375 0.3903975875
0 0.017152128125 0 0.015603140625000001 0.0443661890625 0.026281614062500003 0.0441908390625 0.032290296875 0 0.017152128125 0
0 0.29621349375 0.37874363906249997 0.2631394265625 0.5018242625 0.257792065625 0.5053348390625 0.319938040625 0.5205524484375 0.358402884375 0.3903975875 0.3254942140625 0.379393240625 0.29621349375 0.37874363906249997
0 0.00236423125 0.638168771875 0.0011365859375 0.6617304140625 0.062116253125 0.6639507171875 0.0637470328125 0.6421832703125 0.00236423125 0.638168771875
0 0.330444496875 0.693514 0.372911125 0.70627514375 0.386816215625 0.697787765625 0.4109426421875 0.6210135703125 0.403204540625 0.618175440625 0.3993085796875 0.6096966375 0.3775957703125 0.602258965625 0.3725902734375 0.6104787109375 0.35243521875 0.6030863734375 0.3300127859375 0.675717325 0.330444496875 0.693514
0 0.1530699421875 0.6272417796875 0.20199975781249999 0.6468752531249999 0.2028678109375 0.6399934765624999 0.21169168593749998 0.63899445 0.2148160609375 0.628390603125 0.228955896875 0.5760574328125 0.22571861875 0.5608933109375001 0.217916103125 0.550619628125 0.2029959515625 0.5464179328125 0.1968917078125 0.55942645 0.177625321875 0.5538424375 0.1530699421875 0.6272417796875
0 0.40984058437500004 0.416504709375 0.374578725 0.54134463125 0.43732005625000003 0.5574910546875 0.474879790625 0.4312191171875 0.40984058437500004 0.416504709375
0 0.0551952015625 0.23980683125 0.09800555625 0.2514234265625 0.113112865625 0.181820425 0.1193405453125 0.1832574953125 0.1386740546875 0.129495565625 0.12471084375000001 0.11934641718750001 0.1023744171875 0.1117893203125 0.080402334375 0.11177778281249999 0.05983951875 0.10678395468749999 0.019995271875 0.2230845859375 0.0551952015625 0.23980683125
0 0.3167887265625 0.6838396703125 0.327046596875 0.67715014375 0.3436707484375 0.6261653546875 0.3386895953125 0.6186069640625 0.34235268125 0.6012737968749999 0.3348840015625 0.5901388546875 0.3210970203125 0.585382734375 0.316367365625 0.5961424140625 0.29535825781249997 0.5859502515624999 0.27031567500000003 0.6663437328125 0.3167887265625 0.6838396703125
0 0.23680776875 0.3587040078125 0.1983471640625 0.4887374609375 0.257792065625 0.5053348390625 0.2631394265625 0.5018242625 0.29621349375 0.37874363906249997 0.26536757187500004 0.36318112812500003 0.23680776875 0.3587040078125
0 0.0800007375 0.615149665625 0.084014934375 0.6069010703125 0.0924575765625 0.6034805734375001 0.10847493906250001 0.5489942234375 0.1049473671875 0.546785015625 0.11152841250000001 0.5218600265625 0.086352640625 0.50804244375 0.0815825234375 0.525181353125 0.0598678515625 0.5172169875 0.034978762499999996 0.6007545000000001 0.0800007375 0.615149665625
0 0.116794490625 0.3246258359375 0.08298082031250001 0.4480090171875 0.14141791875 0.47201074375 0.1490173640625 0.4521386984375 0.175990140625 0.344882159375 0.153267471875 0.33040678125 0.116794490625 0.3246258359375
0 0.56038079375 0.3772560546875 0.547358846875 0.40337094999999995 0.6003499328124999 0.43950911875000004 0.6144345328124999 0.41137937031250005 0.56038079375 0.3772560546875
0 0.23540662812500002 0.5635653796875 0.2148160609375 0.628390603125 0.21260058437499998 0.6471837687499999 0.217130178125 0.6520148109374999 0.25225567187500003 0.6650686875 0.2692597671875 0.6577247749999999 0.28691022187500004 0.6017060390625 0.2817090984375 0.6010280359375 0.2854651171875 0.5833532328125 0.28524996874999997 0.5744346593749999 0.26661779375 0.568666553125 0.261234403125 0.5732090999999999 0.23540662812500002 0.5635653796875
0 0.5315874265625 0.2385203125 0.4951434109375 0.22552934218749998 0.44860844687499996 0.22198746875 0.40812606718750005 0.3554054765625 0.43606257499999995 0.36381423125 0.43110755625 0.3810287765625 0.487073378125 0.39460814843750003 0.5315874265625 0.2385203125
0 0.175990140625 0.344882159375 0.1490173640625 0.4521386984375 0.14141791875 0.47201074375 0.1983471640625 0.4887374609375 0.23680776875 0.3587040078125 0.2087273359375 0.34281687656250004 0.175990140625 0.344882159375
0 0.42248863593749997 0.2787117171875 0.43222725312500004 0.2805142828125 0.44860844687499996 0.22198746875 0.4227463125 0.20636744999999998 0.371615215625 0.20338049531250002 0.3342130234375 0.325140096875 0.39674973593749996 0.346567184375 0.4089654125 0.3423855203125 0.42248863593749997 0.2787117171875
0 0.3459565328125 0.25849774375 0.352752146875 0.2581688796875 0.3705323328125 0.19901435625 0.3598572640625 0.1898116234375 0.3381444546875 0.1823739515625 0.3156866453125 0.1811937265625 0.2942054890625 0.18162183437499999 0.25614744375 0.2972250078125 0.33125768906249997 0.31930159375 0.3459565328125 0.25849774375
0 0.9536782781250001 0.08665582031249999 0.9599567625000001 0.062856321875 0.9613373296875001 0.013453425 0.9016468328125 0.0160711375 0.8991614796875 0.08725678906249999 0.9536782781250001 0.08665582031249999
0 0.039520134375 0.4335580140625 0.08298082031250001 0.4480090171875 0.116794490625 0.3246258359375 0.059727934375 0.3060316390625 0.0322300015625 0.39062751875 0.039520134375 0.4335580140625