0 0.348345578125 0.3831141578125 0.3808269046875 0.366522090625 0.398134759375 0.394321334375 0.4317757015625 0.368175496875 0.4170097484375 0.342527075 0.44681324062499994 0.3285445890625 0.41634112187500005 0.27513720468749997 0.318393075 0.3334141796875 0.348345578125 0.3831141578125
0 0.36437654375 0.4480636765625 0.3890814078125 0.4881353375 0.497203159375 0.4225307171875 0.4724922484375 0.383497965625 0.36437654375 0.4480636765625
0 0.010355020312500001 0.827024759375 0.0219314828125 0.8427657749999999 0.06671516718750001 0.8101693828125001 0.053831503125 0.7958633984375 0.010355020312500001 0.827024759375
0 0.32237085625 0.189237240625 0.32125768125 0.1982504171875 0.3154102078125 0.1987018703125 0.31638132812499997 0.2141030421875 0.337610003125 0.2154106578125 0.33826539218749996 0.19206290937499998 0.32237085625 0.189237240625
0 0.307078125 0.7080291328125 0.3481306046875 0.68049764375 0.322911115625 0.6470218359375 0.2903327359375 0.66913235 0.307078125 0.7080291328125
0 0.40068564218749997 0.644203725 0.4461668875 0.6182172953125 0.43080576875 0.5981248140625001 0.38974020781249996 0.6241842671875 0.40068564218749997 0.644203725
0 0.0074079343749999995 0.6366363171875 0.06630218125000001 0.602109109375 0.0434362296875 0.5622320078125 0.19138892968750001 0.4781294546875 0.12061039843750002 0.34635135781250004 0.007778403125 0.14998449687499998 0.005767253125 0.49563657499999997 0.0074079343749999995 0.6366363171875
0 0.5053515890625 0 0.527217028125 0.0301027140625 0.5676295687499999 0.000940375 0.566964034375 0 0.5053515890625 0
0 0.5028756734375001 0.7869968234375 0.49957226875 0.781785140625 0.501513171875 0.768171128125 0.48562741093749995 0.7749994046875 0.5074107484375 0.829799228125 0.5266319171875 0.8189620703125 0.520453384375 0.8056215625 0.5094394421875 0.7973763968750001 0.5138788 0.7933803609375001 0.5102374968750001 0.7867145046874999 0.5028756734375001 0.7869968234375
0 0.5143705671875 0.8390794953125 0.5479831546875 0.8884973781250001 0.55571081875 0.8885872875 0.5646091656250001 0.8809417703125 0.52990975625 0.828567471875 0.5143705671875 0.8390794953125
0 0.5946837359375 0.83525194375 0.5766334750000001 0.812270984375 0.58205320625 0.8072040843750001 0.5683269937500001 0.7888839015625 0.558039265625 0.7972059046875 0.5661702281250001 0.8098331890624999 0.5594718671875001 0.8151449546875 0.5828501890625 0.8450927859374999 0.5946837359375 0.83525194375
0 0.7617319234375 0.40474232343749994 0.792403665625 0.38663566875 0.76089569375 0.3289520875 0.7372594593749999 0.34333101250000003 0.731586203125 0.3324423125 0.7162485046875 0.3418094734375 0.74027105 0.3726522625 0.7345125375 0.3764164953125 0.75405381875 0.41101673125 0.7617319234375 0.40474232343749994
0 0.74984563125 0.2562248921875 0.7293877234374999 0.27126851093750004 0.7489918421875 0.2950684296875 0.765625175 0.28253446875 0.74984563125 0.2562248921875
0 0.8524418015625 0.295730921875 0.8769101562499999 0.313202046875 0.8952119484375001 0.281791075 0.8735072453124999 0.265564246875 0.8524418015625 0.295730921875
0 0.8955246406249999 0.22804921406249998 0.86992186875 0.2455654828125 0.8797027375 0.25366642968750003 0.888889984375 0.25961757812499997 0.8849394328125 0.26145476093750003 0.888250015625 0.2654327390625 0.8924877140625 0.2737722296875 0.9144017078125 0.2577498625 0.8955246406249999 0.22804921406249998
0 0.05855489375 0.76165370625 0.0681546328125 0.77856221875 0.1161616875 0.75005101875 0.1039569859375 0.7343892750000001 0.05855489375 0.76165370625
0 0.14598331250000002 0.73295180625 0.15622865625 0.7505171921875 0.2029332921875 0.7226185546874999 0.19528548437499998 0.705083390625 0.14598331250000002 0.73295180625
0 0.6648987562500001 0.24164324375000001 0.678162078125 0.2316242265625 0.667215746875 0.21547928125000002 0.652871378125 0.22526926406249997 0.6648987562500001 0.24164324375000001
0 0.4010336859375 0.5285781140625 0.442626425 0.6016606703125 0.5561364390625 0.5326771265625 0.5114566 0.4618530625 0.4010336859375 0.5285781140625