0 0.796107309375 0.29586915625 0.78431015625 0.279021071875 0.7948764828125 0.26891817812499996 0.7695858453125 0.23134152187499998 0.73630038125 0.25260661875 0.7921101921875 0.3230780546875 0.8040260453125001 0.312012303125 0.796107309375 0.29586915625
0 0.42428869999999996 0.2720200484375 0.3963281296875 0.23835453593749997 0.356232090625 0.21807555 0.321250221875 0.217658578125 0.3276789140625 0.22683970156250002 0.3165192609375 0.32597220937500004 0.3316898390625 0.32464447343749997 0.346618915625 0.34105465156250003 0.32899492656249996 0.3562963734375 0.354261515625 0.350639421875 0.4011688734375 0.3142485390625 0.42844978593749994 0.29167187499999997 0.42428869999999996 0.2720200484375
0 0.47486910312499997 0.522092025 0.49913153593750004 0.5205767375 0.5065876078125 0.511147303125 0.5020130140625 0.49957547187499995 0.535103 0.48133061406250005 0.5312000828125 0.46869746875 0.5430654500000001 0.4575596125 0.42844978593749994 0.29167187499999997 0.4011688734375 0.3142485390625 0.3525861171875 0.35034400468750004 0.318414784375 0.37077875625 0.3485553546875 0.42075526874999997 0.33687243906250003 0.43026100781250004 0.3607726375 0.46843516718749995 0.3801758671875 0.45696215156250003 0.433211915625 0.5365931578125 0.450308146875 0.5288846109375 0.45807540781249995 0.5360897312499999 0.47486910312499997 0.522092025
0 0.103883525 0.646090134375 0.041471140625 0.6900066671875 0.043211998437499996 0.7029537921875 0.029382221874999996 0.709700415625 0.0759835453125 0.7713432515624999 0.155669175 0.713576771875 0.103883525 0.646090134375
0 0.24783752187500002 0.8144123109375 0.181894746875 0.7245843328125 0.1017260484375 0.7742180609375 0.1707186296875 0.8694502671875 0.24783752187500002 0.8144123109375
0 0 0.5847451703125001 0.0267384734375 0.5650731671875 0 0.5278436484375 0 0.5847451703125001
0 0.7063586234375 1 0.6606860218749999 0.9363999515625 0.5701928671875 1 0.7063586234375 1
0 0.47314609374999994 0.732225896875 0.4678226453125 0.7284853265625 0.462362296875 0.7255211593750001 0.45425091406250007 0.724090903125 0.4478358578125 0.7265411375 0.4376185140625 0.713995403125 0.3702976375 0.7564776265625001 0.381620959375 0.7711144 0.42760774843749993 0.8299101734375001 0.4915741265625 0.7861412515625 0.47566407968749996 0.7677674109375 0.480268403125 0.7598154312500001 0.48033685468750004 0.7594272281250001 0.48218443437499997 0.7533697218750001 0.48206341249999995 0.747365371875 0.48153736093750005 0.7412685359375 0.47758027031249994 0.7365891421875 0.47314609374999994 0.732225896875
0 0.7873925734375 1 0.794279359375 0.9951378546875 0.7714038125 0.9619054953124999 0.7605358078125 0.946000725 0.7463313546875 0.95487224375 0.7791346734375 1 0.7873925734375 1
0 0.56202458125 0.2259008796875 0.54532930625 0.21305558906250002 0.5340252671875 0.2247137609375 0.5514504640625 0.2404685921875 0.56202458125 0.2259008796875
0 1 0.26763373437500004 0.99781533125 0.26461138281249996 0.9369287046875 0.304415021875 0.9309916578124999 0.2959104625 0.9206622078125 0.29821822187499997 0.8979276531249999 0.3281062171875 0.9122658187500001 0.3645943328125 0.8974034609375 0.3785112484375 0.927205815625 0.4249099453125 0.8991996203125 0.443356003125 0.9326578031249999 0.48001331875000003 1 0.43696565 1 0.26763373437500004
0 0.7021001421874999 0.583246996875 0.6782212375000001 0.5944153703125 0.6579361421875001 0.607902784375 0.684177096875 0.6430768390625 0.727223278125 0.6175919421875 0.7021001421874999 0.583246996875
0 0.8495894265624999 0.3250602875 0.7633544578125 0.3875917515625 0.7862728515625 0.42643547187499997 0.7435231390625 0.45776605156250005 0.72023910625 0.42553608125000003 0.60278275 0.495834546875 0.6745193484375 0.5927092796875 0.9173620765624999 0.41980351718750003 0.8495894265624999 0.3250602875
0 0.9051314828124999 0.4491420125 0.8630817328125 0.484029925 0.8845037 0.50459755 0.9104844890624999 0.4838983328125 0.924423915625 0.47055602343749997 0.9051314828124999 0.4491420125
0 0.7544542984375 0.037153853125000004 0.7469987265625 0.0427070578125 0.7399298953125 0.0366784359375 0.719453259375 0.0469509671875 0.7031446906250001 0.057958440624999996 0.7297646234374999 0.0960012234375 0.72286079375 0.1011039734375 0.74511311875 0.1295074453125 0.7852310953125 0.10019871875 0.791585015625 0.107533834375 0.8092000796875001 0.0972412703125 0.8069549968749999 0.08822902187500001 0.8122062796874999 0.0829402171875 0.7981158875000001 0.0651189671875 0.8097709171874999 0.05385975625 0.803386075 0.04578184375 0.7544542984375 0.037153853125000004
0 0.75993219375 0.1500062828125 0.72286079375 0.1011039734375 0.6704238015625 0.1375521140625 0.706316484375 0.18847967968749998 0.75993219375 0.1500062828125
0 0.604627309375 0.18333676875 0.618721015625 0.1731817046875 0.6789043265625 0.1316318953125 0.7297646234374999 0.0960012234375 0.7286584953124999 0.09283574375 0.6859264671874999 0.035414415625 0.5739867296875001 0.1157654625 0.5583452515625 0.1272908328125 0.604627309375 0.18333676875
0 0.5390515703125 0.0969231515625 0.5583452515625 0.1272908328125 0.69324855625 0.030448615624999998 0.6887331062500001 0.0255654328125 0.6524670421875001 0.019170746875 0.5390515703125 0.0969231515625
0 0.10350630000000001 0.5263633890625 0.013773759375 0.587224790625 0.033320609375 0.614603475 0.0917009078125 0.5798142390625001 0.10498002656250001 0.5801332796875001 0.1424494375 0.5528223718749999 0.10350630000000001 0.5263633890625
0 0.31777421562499997 0.21550777812500002 0.1739841546875 0.20599605156249998 0.1184357578125 0.20035155625 0.036544021875 0.24900421874999998 0.030121775 0.28542659531250003 0.0903453625 0.347712453125 0.10709291875 0.338994415625 0.1271053109375 0.334939040625 0.138956940625 0.3459822515625 0.150840446875 0.3529019640625 0.19264941875 0.358209453125 0.22513177812500001 0.3694565109375 0.2795985015625 0.3576985828125 0.318414784375 0.37077875625 0.32899492656249996 0.3562963734375 0.354261515625 0.350639421875 0.346618915625 0.34105465156250003 0.3316898390625 0.32464447343749997 0.3165192609375 0.32597220937500004 0.3276789140625 0.22683970156250002 0.31777421562499997 0.21550777812500002
0 0.5369695921875001 0.0163752609375 0.46991938749999995 0.0779918609375 0.48165134531250003 0.0927006875 0.4862055328125 0.0871836296875 0.550867159375 0.0303915265625 0.5369695921875001 0.0163752609375
0 0.38489885 0.05836571875 0.3666375984375 0.0197533046875 0.33004747343749996 0.035147898437500005 0.3527844 0.074064953125 0.38489885 0.05836571875
0 0.0622044640625 0.1842427828125 0.0716911140625 0.171063340625 0.06378571875 0.1644026703125 0.1278078546875 0.0808902609375 0.0731692765625 0.0412920828125 0.046532734375 0.1923554171875 0.055402978125 0.1820744171875 0.0622044640625 0.1842427828125
0 0.23317817812500002 0.1459224984375 0.2490478703125 0.10753488124999999 0.1694715609375 0.07005592499999999 0.1502739703125 0.10832021562500001 0.23317817812500002 0.1459224984375
0 0.42760774843749993 0.8299101734375001 0.4219617828125 0.8231001625 0.370975584375 0.7572923765625 0.277807515625 0.8218667249999999 0.301173025 0.8523203734375 0.31509516249999997 0.8615377093750001 0.3405416015625 0.8959607281249999 0.42760774843749993 0.8299101734375001
0 0 0.640004703125 0.0226606140625 0.6252375921875 0.0023695328125 0.5957473875 0 0.597406553125 0 0.640004703125
0 0.10100338906249999 0.6077039265625 0.1165459640625 0.6281618015625 0.1898018640625 0.7263367078125 0.29191135 0.65143615 0.227004471875 0.5609902828125 0.2113920515625 0.5654212203125 0.192971075 0.544919278125 0.10100338906249999 0.6077039265625
0 0.8535473953125001 0.9573451109375 0.830506175 0.9254107578124999 0.7714038125 0.9619054953124999 0.794279359375 0.9951378546875 0.8535473953125001 0.9573451109375
0 0.8512853953124999 1 0.8513671890625 0.99993724375 0.8326360734374999 0.97032183125 0.794279359375 0.9951378546875 0.7988772546875 1 0.8512853953124999 1
0 0.57035974375 1 0.6614791062500001 0.9354864453125 0.63496078125 0.8935220625 0.5607489625000001 0.9473661906249999 0.5561846171875 0.9576004515625 0.5439988125 0.971989315625 0.5205159640625 0.9878411843749999 0.5033627625 0.983447259375 0.479723 1 0.57035974375 1
0 0.9363722390625 0.8565657218749999 0.9459632250000001 0.8502021093750001 0.9648286374999999 0.7432110390625 0.9560685 0.731361821875 0.887294340625 0.7633281921874999 0.8802341734375 0.7763666796875001 0.9363722390625 0.8565657218749999
0 0.49913153593750004 0.5205767375 0.47486910312499997 0.522092025 0.454958009375 0.54588391875 0.5411139265625 0.65787813125 0.627732759375 0.5987850625 0.535103 0.48133061406250005 0.5020130140625 0.49957547187499995 0.5065876078125 0.511147303125 0.49913153593750004 0.5205767375
0 0.657030628125 0.6386061875 0.627732759375 0.5987850625 0.5355726 0.66027175625 0.5689424609375 0.7099750031250001 0.5893144453125 0.7163058359375001 0.6571834625 0.6659358921874999 0.657030628125 0.6386061875
0 0.9369287046875 0.304415021875 0.974922484375 0.279745671875 0.95669875625 0.2516733453125 0.8955552546875 0.293770121875 0.9052700609375 0.3137060078125 0.9206622078125 0.29821822187499997 0.9309916578124999 0.2959104625 0.9369287046875 0.304415021875
0 1 0.20456710937499997 0.9779050578125 0.173462184375 0.9268374749999999 0.2050114546875 0.974922484375 0.279745671875 0.99781533125 0.26461138281249996 1 0.26769596406249996 1 0.20456710937499997
0 1 0.080450184375 0.9766878828125 0.0763396296875 0.880887396875 0.14230370312500001 0.922068984375 0.1991988421875 0.996089875 0.1551593109375 1 0.1501149 1 0.080450184375
0 0.5092739078124999 0.2278071265625 0.539016671875 0.19150756875 0.5106204890625 0.1711848875 0.47931174218750006 0.207524325 0.5092739078124999 0.2278071265625