0 0.8726145093750001 0.612497928125 0.85368911875 0.6019594078125 0.84494790625 0.605592759375 0.829705903125 0.6647353953125 0.8560712203125 0.6692815671875 0.8726145093750001 0.612497928125
0 0.9436302296875001 0.34896915 0.9529367343749999 0.3739845484375 0.9584812375 0.38282143281250003 0.9780305671875 0.41609683437499995 0.99293864375 0.41190855312499997 0.9912797734375 0.39839813749999997 0.977817990625 0.3958695109375 0.9865749921875 0.3600807734375 0.9759445109374999 0.2735024578125 0.9707652843749999 0.2698263984375 0.9588596734375001 0.2769451453125 0.9450741296875 0.324409296875 0.9436302296875001 0.34896915
0 0.9015856328125 0.8788831609375001 0.7555669218750001 0.8464984484375 0.7435400484375 0.8509481437499999 0.72263605625 0.9764186421875 0.8893653125000001 0.9559468640625 0.9015856328125 0.8788831609375001
0 0.5480353734375 0.8227814328124999 0.5737030078124999 0.8313978890625 0.5756470874999999 0.8268855265624999 0.609840340625 0.8351571218749999 0.616381953125 0.8215122921875 0.5570815984374999 0.8063309453124999 0.5480353734375 0.8227814328124999
0 0.3789345234375 0.8327673546875 0.37028633125 0.8252199640625 0.35760630937500004 0.8529349703125 0.38245429999999997 0.8784163671874999 0.40708395625 0.8536936015625001 0.3963521203125 0.836574703125 0.3898534546875 0.8445160484375 0.3789345234375 0.8327673546875
0 0.4792486484375 0.8160940859375 0.4760760171875 0.8047155937499999 0.4842581375 0.7987146968750001 0.4890514640625 0.7942034687499999 0.41841620312499994 0.779691275 0.40902304999999994 0.816520365625 0.480370178125 0.8309451546875 0.4855731921875 0.8238854921875 0.4792486484375 0.8160940859375
0 0.6214268875 0.20195561718750002 0.613985134375 0.193640725 0.357255778125 0.132938815625 0.3422602640625 0.19560224375 0.3268602609375 0.2514403234375 0.49827730781249996 0.287726046875 0.4388154375 0.5411030625000001 0.48604162500000003 0.553286815625 0.5311205484375 0.560593440625 0.6214268875 0.20195561718750002
0 0.48304740625000003 0.5579900531249999 0.47447570156249996 0.56081805625 0.46303164687500004 0.6080153578124999 0.49189686562499996 0.6130804078125001 0.5169961375 0.6189175437500001 0.5297801515625 0.5680046578125 0.5019318609375001 0.5639915484375 0.48304740625000003 0.5579900531249999
0 0.4347445421875 0.6164022515625 0.42519534531250003 0.6583499890625 0.46558699062500003 0.66699603125 0.5132749265625 0.6784004890625 0.5240099703125 0.6311457234375 0.4412285609375 0.6093504703125 0.4347445421875 0.6164022515625
0 0.5163713015625 0.68512241875 0.5597798218750001 0.697320715625 0.6109839953125 0.704742375 0.6835226328124999 0.393252471875 0.5935781640625 0.37869560468749996 0.5867818781249999 0.387912234375 0.5163713015625 0.68512241875
0 0.6238736125 0.2513080890625 0.6116461421875 0.30692179531249997 0.9099108703125 0.3716285546875 0.9194442374999999 0.3194631421875 0.933985365625 0.2635240625 0.6340307453125 0.197497015625 0.6238736125 0.2513080890625
0 0.3381409515625 0.6530385125 0.36034605468750003 0.6573316046875 0.365095875 0.6354833375 0.341220909375 0.6276790515624999 0.3381409515625 0.6530385125
0 0.8406662 0.709945678125 0.8415744609375 0.687412934375 0.8260601609375 0.6838054515625 0.8233288546875001 0.6914906796875 0.8141546015625 0.68857058125 0.7915639062500001 0.6781104796874999 0.7727569296875 0.734449465625 0.8268298625 0.7469074109375 0.8414537296875 0.7252713156249999 0.8406662 0.709945678125
0 0.04389515625 0.329498734375 0.054671424999999996 0.370519890625 0.0932054515625 0.34638155625 0.0821851125 0.32170046406249997 0.04389515625 0.329498734375
0 0.90703074375 0.10621018125 0.890844415625 0.1729631515625 0.8773011593750001 0.23635667656249998 0.9739220187500001 0.2570305796875 0.9570022015624999 0.1192297265625 0.90703074375 0.10621018125
0 0.7063542515625 0 0.6942442125 0.03532296875 0.6610489625 0.028621782812500003 0.65087188125 0.06478323750000001 0.437446234375 0.0118949609375 0.42156877656249997 0.06872072031250001 0.4088359453125 0.1287940109375 0.66958494375 0.1889404328125 0.8674781406250001 0.23605565624999997 0.8920285218749999 0.1171982640625 0.8757449953125 0.1096799640625 0.877665496875 0.0903468921875 0.8886321625000001 0.089537140625 0.91013485 0 0.7063542515625 0
0 0 0.22628336718750003 0.060951521875000005 0.209971771875 0.048388103125 0.12833286875 0 0.139091853125 0 0.22628336718750003
0 0.6939487390625 0.7298803656249999 0.7230576390625 0.7362574671875 0.7286981546875 0.7115746046875 0.7010051109375001 0.706303690625 0.6939487390625 0.7298803656249999
0 0.825745734375 0.7673352421875 0.8510562515625001 0.7730432125 0.859369528125 0.7418797578125 0.8353503874999999 0.7349190046875 0.825745734375 0.7673352421875
0 1 0.7297085296875 0.9824526656250001 0.723835359375 0.9074349046875 0.7084367171875 0.8992423734375 0.749495278125 0.8922868453125 0.779273925 0.9195231890625 0.7830111953125 0.9633014421875 0.7923356359375 0.97473938125 0.7957003890625 0.9978051671875001 0.7829583328124999 1 0.77968075625 1 0.76235270625 0.9984347296875 0.761182409375 1 0.7560968859375 1 0.7297085296875
0 1 0.680609425 0.9241343890625 0.67209378125 0.9160886609375 0.7064451140625 1 0.723999665625 1 0.680609425
0 0.054671424999999996 0.370519890625 0.044821859375 0.37656035781249997 0.0711110625 0.4183194140625 0.11481113437499998 0.39707718281250004 0.11793766406249999 0.37949543124999996 0.10393005625 0.3516713609375 0.0932054515625 0.34638155625 0.054671424999999996 0.370519890625