0 0.050089957812499995 0.4165098234375 0.055155168750000004 0.32211123750000004 0.0664789203125 0.219132309375 0.010979056249999999 0.21228804375000002 0.0051312875 0.41318115781250003 0.050089957812499995 0.4165098234375
0 0.232121828125 0.2380966609375 0.164820578125 0.23228054375 0.1528297625 0.3673344203125 0.1589122859375 0.371846046875 0.1557613234375 0.4096416609375 0.2821942734375 0.42012116875 0.30219540624999996 0.2473056046875 0.232121828125 0.2380966609375
0 0.05631423437500001 0.31047376875 0.0524690421875 0.376345834375 0.12727602968750001 0.3835746328125 0.1403645359375 0.3827137703125 0.144802425 0.3260700921875 0.149096303125 0.322985571875 0.1529930171875 0.284933340625 0.09917438437500001 0.27669395625000004 0.1016343890625 0.25629471718749997 0.162264046875 0.2637455453125 0.1650373328125 0.2318793828125 0.0699934203125 0.22239136875 0.062258456250000004 0.31198684375 0.05631423437500001 0.31047376875
0 0.4323473375 0.6717996875 0.42190504375 0.70222601875 0.6258572453125 0.7641390796875001 0.631852678125 0.7350075859375 0.4323473375 0.6717996875
0 0.6247036125000001 0.7643175875 0.6143097171874999 0.7973083203125 0.668577446875 0.8140732609375 0.6779829281249999 0.7798123046875001 0.6247036125000001 0.7643175875
0 0.5024218874999999 0.8507644937500001 0.49265150625 0.872198440625 0.523890534375 0.8846840078125 0.5333830875000001 0.8629312515625 0.5024218874999999 0.8507644937500001
0 0.519959375 0.41666528124999996 0.521652634375 0.3584953515625 0.46782251874999997 0.3520594515625 0.46800337656249996 0.3754361734375 0.4578244890625 0.3890636984375 0.4678049515625 0.41113810937500006 0.519959375 0.41666528124999996
0 0.5367790515624999 0.4567092671875 0.5364722703125 0.45245338906250004 0.5345233953124999 0.44683916406249996 0.5325534390625 0.44124457812499995 0.532259175 0.436558721875 0.532333678125 0.433999328125 0.5353902046875 0.4311514015625 0.5401224234375 0.4292122046875 0.5434857281250001 0.430620159375 0.5439033656250001 0.4310676578125 0.5483268046875 0.4108508875 0.53356725 0.40641633125 0.52344038125 0.40346193281250003 0.5188170671875 0.416454759375 0.510375309375 0.45776577500000004 0.504504503125 0.48472940781249996 0.5047288140624999 0.49111386718750005 0.525673371875 0.502175665625 0.5207708609374999 0.495170171875 0.519723196875 0.487481209375 0.5271147859374999 0.482247425 0.5356813687499999 0.479623925 0.5375543406250001 0.473755378125 0.5328721875 0.47397466093749996 0.5256369671875001 0.47454094218750004 0.522584990625 0.47652807656249996 0.5208803140625 0.477319621875 0.5179266765625 0.47592835312500004 0.5172108234375 0.47163531406250003 0.5197877296875 0.47046930624999994 0.5215987171875 0.4667301734375 0.5199605703125 0.4645315109375 0.5132425234375 0.4621259421875 0.5120754390625 0.45783502187499997 0.514329690625 0.45366295624999997 0.5198846671874999 0.453048734375 0.5246043703125001 0.4515395171875 0.5250140390625 0.451556203125 0.528315359375 0.4550935734375 0.5303836546875 0.4573097578125 0.5354345734375 0.4592169359375 0.5367790515624999 0.4567092671875
0 0.650861565625 0.45678451249999996 0.6567522718750001 0.464363240625 0.66396339375 0.46955631562500005 0.6729234234375 0.476665575 0.700052684375 0.47041126093749996 0.6891763890625 0.42345504843750004 0.70257020625 0.36278926718750004 0.6709753328125 0.354778584375 0.6629101296875 0.3789264109375 0.658433590625 0.385467896875 0.6585671171875 0.402016378125 0.6607938828125001 0.41006085625 0.658772759375 0.41608736718749995 0.6505581578124999 0.4249365296875 0.6199763203125 0.4236909203125 0.6187389875 0.44506243437500004 0.6467760078125 0.4498942890625 0.650861565625 0.45678451249999996
0 0.7163699875 0.188839646875 0.7037598015625 0.21835770000000002 0.740048990625 0.2341853765625 0.7531227703125001 0.20564967812499999 0.7163699875 0.188839646875
0 0.7348288640625 0.0218036046875 0.6941281874999999 0.020145853124999998 0.683670846875 0.08701956875 0.7284775015625 0.09345693125 0.7348288640625 0.0218036046875
0 0.8411304562499999 0.06303228749999999 0.8613482125 0.0694726078125 0.8643035812500001 0.055304874999999996 0.8695737171875001 0.032068175 0.87151049375 0.018371440625 0.871644421875 0.0177414125 0.809572625 0.015213207812499999 0.8096565265625 0.0219814390625 0.8037627374999999 0.031417117187499996 0.803480825 0.041101865625 0.82143350625 0.055608706249999994 0.8411304562499999 0.06303228749999999
0 0.3222638328125 0.227172575 0.320065625 0.25055489531249997 0.3617333203125 0.2563314234375 0.36452310312499997 0.23094375312499998 0.3222638328125 0.227172575
0 0.4179646703125 0.21831985468749998 0.3914888453125 0.2162165140625 0.388105440625 0.26199744062499997 0.4150939453125 0.26410116562499997 0.4179646703125 0.21831985468749998
0 0.08520902500000001 0.0237565953125 0.0872739515625 0.0005077453125 0.031218907812500002 0.0001816265625 0.0296978515625 0.0165962421875 0.08520902500000001 0.0237565953125
0 0.2302902359375 0.23761207031249998 0.31363039531250003 0.24900132187500001 0.3168585859375 0.213484290625 0.2355253078125 0.198671375 0.24310926875 0.10017299531249999 0.2785123140625 0.102762940625 0.279860484375 0.05644813125 0.24526115937499998 0.050201023437500006 0.1700479203125 0.044247140625 0.0893203921875 0.036100718749999997 0.0721000203125 0.2218826875 0.15495149218749998 0.23103809687500002 0.2302902359375 0.23761207031249998
0 0.00499643125 0.858813640625 0.0056372890625 0.9689676953124999 0.093981075 0.9771531250000001 0.10472911250000001 0.8404086765625 0.007311781250000001 0.83355041875 0.00499643125 0.858813640625