0 0.07703051093749999 0.6421528734375 0.1138906109375 0.6388380171875 0.12096425156249999 0.6314832015625 0.1123869734375 0.5951700921875 0.10667175468750001 0.588297515625 0.06276476875 0.5834166781250001 0.047444765625 0.5871196140625 0.04286876875 0.59611715625 0.0355687328125 0.5997621890625 0.0453581515625 0.6342061734375 0.0514713828125 0.6377796499999999 0.07071489843749999 0.63488540625 0.07703051093749999 0.6421528734375
0 0.923425128125 0.0950204578125 0.8733565546875001 0.111058225 0.895555303125 0.16921485625 0.9369789296875 0.1606615671875 0.923425128125 0.0950204578125
0 0.7508745718750001 0.3075095859375 0.8301981578125 0.2833892203125 0.8009262749999999 0.2070594890625 0.7824814390625 0.201860665625 0.753096784375 0.209214878125 0.6998135375000001 0.22536405468749998 0.7051291 0.24487551718749997 0.7165712875 0.256667340625 0.7099308859375 0.2618987765625 0.72107084375 0.28469053125 0.7304543796875 0.283396371875 0.7364903171875 0.3001647984375 0.7508745718750001 0.3075095859375
0 0.838154015625 0.914545640625 0.8414850749999999 0.9423535125000001 0.9431052984375 0.9213706234375 0.9387552781249999 0.9018050734375 0.9307013953125001 0.8887325 0.9158355625000001 0.8859908390625 0.8687931765625001 0.9006023296875 0.8725437109374999 0.9101220484375 0.8544585937500001 0.913399728125 0.838154015625 0.914545640625
0 0.5558064 0.338676778125 0.6132002765625 0.336103075 0.57700441875 0.239307221875 0.521908134375 0.2530081734375 0.5558064 0.338676778125
0 0.8529745890625 0.0049624609375000005 0.854226921875 0.01187996875 0.8594304140625001 0.0370805 0.8646339046874999 0.062281034375 0.8733565546875001 0.111058225 0.923425128125 0.0950204578125 0.904892015625 0.0052645078125 0.8529745890625 0.0049624609375000005
0 0.7824814390625 0.201860665625 0.8009262749999999 0.2070594890625 0.7628082390625 0.10437197499999999 0.7482746140625001 0.10504844218750001 0.725707884375 0.10431197656249999 0.677151784375 0.1197341265625 0.6832077953125 0.13780593125 0.6821990890625 0.1441782453125 0.6864738203125 0.1610612828125 0.699874646875 0.16987514374999999 0.7165256859375 0.21413040468750003 0.7824814390625 0.201860665625
0 0.2763253296875 0.52923336875 0.2816272 0.5503872515625 0.2625857984375 0.5524510953124999 0.2548015328125 0.53274373125 0.22755640000000002 0.5309601078124999 0.20821484375 0.540515975 0.20816118593750002 0.5581474703125 0.257144684375 0.593443640625 0.27928958125 0.6333475921875 0.3082526578125 0.65239690625 0.3219432140625 0.6782940109375 0.372537403125 0.6585699703125 0.4003702484375 0.6407854453125 0.3929837171875 0.5959662484375 0.3782901203125 0.551742646875 0.3618952578125 0.5486318125 0.363087396875 0.514099521875 0.3473417859375 0.5006642578125 0.328443709375 0.49437602500000005 0.28861834375 0.503533246875 0.274685059375 0.4943519796875 0.2537161375 0.5005496015625 0.2763253296875 0.52923336875
0 0.9425775062499999 0.69747824375 0.926714625 0.6959386640624999 0.8764330906250001 0.709537884375 0.9041559250000001 0.7944476890625001 0.963903196875 0.7799524203125 0.9425775062499999 0.69747824375
0 0.8535252468750001 0.253231540625 0.9176840937499999 0.2411045375 0.91578876875 0.2228792703125 0.9482670656250001 0.21533006562499998 0.9375132 0.163249046875 0.8943406812499999 0.1738863265625 0.8974675062499999 0.193351625 0.8647052453124999 0.19922405 0.8624323265625 0.2055045796875 0.843822971875 0.2084546671875 0.8535252468750001 0.253231540625
0 0.5915296671875 0.225121421875 0.5825117843750001 0.1852672859375 0.5679741500000001 0.15969036875 0.5556541625 0.1599305109375 0.477630559375 0.1822051234375 0.46267676875 0.188385225 0.46410965156249995 0.2027626625 0.485952065625 0.2075297453125 0.5033955984375 0.247179946875 0.57700441875 0.239307221875 0.5915296671875 0.225121421875
0 0.6188519 0.1483755390625 0.60570195 0.1542454421875 0.6093057374999999 0.165165246875 0.6048827453125 0.1673652875 0.6082549609375001 0.1859082359375 0.5931856796874999 0.19082541718749998 0.592462496875 0.21104416874999998 0.6047922484375 0.22773753437500002 0.615233796875 0.23247196093750003 0.691576140625 0.225072525 0.6998135375000001 0.22536405468749998 0.7130940328125 0.21741251875 0.6924274984375 0.167178975 0.6872940890625 0.1660389796875 0.6634923796875001 0.17630825156250002 0.655436421875 0.137293209375 0.6463227703125 0.1364769640625 0.634366175 0.13938164375 0.6310933750000001 0.12976328125 0.6173486671874999 0.1348635546875 0.6188519 0.1483755390625
0 0.3932968953125 0.18145859375 0.45956041406250003 0.39020031093749996 0.5067963578125 0.37210363750000003 0.5093444046875 0.37992074374999996 0.5448302171875 0.36331633124999996 0.5033955984375 0.247179946875 0.485952065625 0.2075297453125 0.46410965156249995 0.2027626625 0.46267676875 0.188385225 0.477630559375 0.1822051234375 0.46679986093750003 0.1514628703125 0.446661040625 0.1482119109375 0.40935879374999995 0.1605424171875 0.3932968953125 0.18145859375
0 0.8569762609374999 0.817742075 0.8589973359374999 0.8113475140625 0.856880059375 0.792047340625 0.8493266796875 0.7716489171875 0.8234174968750001 0.7725158015625 0.793431321875 0.7805753359375001 0.78860209375 0.7860346703125 0.7430387703125 0.8006728296875 0.7513218140625 0.8070151921875001 0.75942639375 0.8359128437500001 0.7630098000000001 0.84804060625 0.8569762609374999 0.817742075
0 0.7924447578125 0.004610309375 0.7724171234375 0.017627264062500002 0.7848733343750001 0.06679577812500001 0.796117184375 0.076822928125 0.8047403359375 0.0718462265625 0.8339534875 0.06255576874999999 0.8596589 0.0545707203125 0.8646339046874999 0.062281034375 0.8594304140625001 0.0370805 0.854226921875 0.01187996875 0.849535503125 0.004942453125 0.81076171875 0.0047168734375 0.8090769906249999 0.0052010984375 0.8077597328125 0.004699409375 0.7924447578125 0.004610309375
0 0.65088729375 0.96882035625 0.6400936125000001 0.9728339437500001 0.6174458281249999 0.9757254625 0.6167943703125001 0.9812145937500001 0.602576921875 0.98593513125 0.6039109125000001 0.99140863125 0.701128659375 0.9713347796875 0.69703959375 0.9591453937500001 0.6851847 0.9617385125 0.6714697171874999 0.9645704265624999 0.6667202249999999 0.9610681859374999 0.65088729375 0.96882035625
0 0.182169203125 0.7160171156249999 0.1816461734375 0.700517865625 0.17217598750000002 0.6987790328125 0.16335280000000002 0.6716278453125 0.1457279953125 0.672008646875 0.1221009890625 0.679606046875 0.09835576875 0.689344796875 0.1055396953125 0.7189098953124999 0.11626658906250001 0.718894928125 0.127515809375 0.7240229515625 0.1395658171875 0.7226763140625 0.182169203125 0.7160171156249999
0 0.852161159375 0.545049115625 0.9827861531250001 0.4797024890625 0.9972870265625 0.472138409375 0.997396825 0.453265709375 0.9967227765625 0.4500012953125 0.9779727656249999 0.41920132812500005 0.9880133000000001 0.407821259375 0.9715210015625001 0.327948984375 0.95750934375 0.32924358593749997 0.9313814796875001 0.3519684140625 0.890411703125 0.3393000953125 0.4679903953125 0.489927521875 0.5008902109375 0.5560856875 0.444199190625 0.579351596875 0.4589617875 0.6417002234375 0.48119978906250005 0.656223171875 0.49485231875 0.668969890625 0.852161159375 0.545049115625
0 0.5655369171875 0.9097773390624999 0.6626957859375 0.8806667640624999 0.6580373078124999 0.8674534625 0.648051484375 0.8315557203124999 0.62877475 0.8316757421875 0.54889818125 0.860455484375 0.5655369171875 0.9097773390624999
0 0.5165572328125 0.923751134375 0.5655369171875 0.9097773390624999 0.54889818125 0.860455484375 0.5371737609375 0.8628763812500001 0.490168678125 0.8751556859375 0.5054933484374999 0.915098115625 0.5165572328125 0.923751134375
0 0.0239114625 0.0900564125 0.054465204687500005 0.16147249375 0.1708220390625 0.126633740625 0.181829265625 0.1050594140625 0.172408684375 0.066471425 0.1538429140625 0.066818221875 0.1428596609375 0.0659936875 0.1427069328125 0.06552712031249999 0.0239114625 0.0900564125
0 0.5556541625 0.1599305109375 0.5679741500000001 0.15969036875 0.553533478125 0.1215163140625 0.535577684375 0.12059567499999999 0.5295537703125001 0.1063982984375 0.5173456828125 0.0996418859375 0.46215329218749995 0.120315378125 0.48130587656249996 0.17196150625 0.477630559375 0.1822051234375 0.5556541625 0.1599305109375
0 0.1485815015625 0.6104432562500001 0.1522224234375 0.6177233875 0.19718401875 0.6095187906249999 0.199590203125 0.5977523578125 0.188445096875 0.5619694640625 0.14639143593749998 0.5583247796874999 0.12302745468750001 0.56206983125 0.1237138828125 0.5705203828125 0.114273478125 0.5767658109375 0.11779213125000002 0.596420009375 0.1278922125 0.614175640625 0.1485815015625 0.6104432562500001
0 0.7134032203125 0.864406065625 0.7630098000000001 0.84804060625 0.75942639375 0.8359128437500001 0.7513218140625 0.8070151921875001 0.7430387703125 0.8006728296875 0.6971425234375 0.8136986296875 0.7134032203125 0.864406065625
0 0.231683915625 0.685536934375 0.2245464078125 0.6704695203125 0.21549252812500003 0.6504431890625 0.19336898125 0.6536623046875001 0.169567271875 0.663931575 0.16335280000000002 0.6716278453125 0.17217598750000002 0.6987790328125 0.1816461734375 0.700517865625 0.1964430453125 0.70754915625 0.23561305312499997 0.698132921875 0.231683915625 0.685536934375
0 0.648051484375 0.8315557203124999 0.6580373078124999 0.8674534625 0.6626957859375 0.8806667640624999 0.7134032203125 0.864406065625 0.71154221875 0.8600168390625 0.6971425234375 0.8136986296875 0.686035178125 0.8159921125 0.648051484375 0.8315557203124999
0 0.8256997593750001 0.14159061875 0.8575066609374999 0.1269703453125 0.8790789953125 0.1274140359375 0.8733565546875001 0.111058225 0.8646339046874999 0.062281034375 0.8596589 0.0545707203125 0.8339534875 0.06255576874999999 0.8047403359375 0.0718462265625 0.796117184375 0.076822928125 0.7896724578125001 0.09747592968749999 0.8147782296875 0.13915525625 0.8256997593750001 0.14159061875
0 0.8834690296875 0.5860081796875 0.893210515625 0.59418709375 0.9177832234375 0.6872604109375 0.94795503125 0.685326578125 0.9903446875 0.6776322859375 0.9689063109375 0.5764194734375 0.9519915593749999 0.5723990265625 0.8834690296875 0.5860081796875
0 0.562302875 1 0.5714438421875 0.9981125421874999 0.562032540625 0.9961332515624999 0.5453884421875 0.9984492484375 0.533312484375 0.9994691765624999 0.53220780625 1 0.562302875 1
0 0.8647052453124999 0.19922405 0.8974675062499999 0.193351625 0.8943406812499999 0.1738863265625 0.895555303125 0.16921485625 0.8790789953125 0.1274140359375 0.8575066609374999 0.1269703453125 0.8256997593750001 0.14159061875 0.83171295625 0.17071255937500002 0.8253937640625001 0.1724739625 0.8279644953125 0.1871353109375 0.8354287843750001 0.20026736406249998 0.8647052453124999 0.19922405
0 0.7170587984375 0.2907905484375 0.7074441124999999 0.2588010015625 0.7019576937500001 0.23745692968749998 0.6840154218750001 0.23358638437499998 0.6393314828125 0.24605055 0.6281929828124999 0.2542239359375 0.6301209937500001 0.2661746546875 0.6264302875000001 0.2771478484375 0.631805396875 0.29533949375 0.6533527328125001 0.2930487765625 0.6618343125 0.3075896109375 0.7170587984375 0.2907905484375
0 0.655896890625 0.6830989703125 0.6428186375 0.669112940625 0.620929034375 0.6708517015625 0.48803255312499993 0.7094169328125 0.4873712765625 0.7466206875 0.5017767390625 0.7714569859375 0.5152207984375 0.7872146171875001 0.5040413359375 0.791370125 0.5139879374999999 0.817127103125 0.6815193093749999 0.76678213125 0.655896890625 0.6830989703125
0 0.2941489453125 0.0825314046875 0.280308496875 0.0371146828125 0.171630015625 0.059554984374999995 0.172408684375 0.066471425 0.1865781140625 0.0790076390625 0.1939282140625 0.10837239375 0.2941489453125 0.0825314046875
0 0 0.1787950390625 0.037588859375 0.166181684375 0.014811678125 0.09193536718749999 0 0.0949937328125 0 0.1787950390625
0 0.926714625 0.6959386640624999 0.9425775062499999 0.69747824375 0.94795503125 0.685326578125 0.9177832234375 0.6872604109375 0.893210515625 0.59418709375 0.688645659375 0.6558523828125 0.7062164937500001 0.705064790625 0.7049795249999999 0.7349573703125001 0.71258294375 0.7537888875000001 0.8764330906250001 0.709537884375 0.926714625 0.6959386640624999
0 0 0.4178823171875 0.0376666421875 0.510313734375 0.2150988703125 0.47645800312500003 0.11330793750000001 0.2212984234375 0 0.2569438796875 0 0.4178823171875
0 0.19760958281250002 0.35135096875 0.18742648281250002 0.36123647812500004 0.20201321249999998 0.40494253125 0.21481253749999998 0.40229968437499997 0.2437028328125 0.46471979843750005 0.4074511796875 0.41756345625 0.3260456921875 0.154687140625 0.142912990625 0.2102874546875 0.19760958281250002 0.35135096875
0 0.7454376125 0.935620190625 0.7399365140625 0.9426503015625001 0.7261859296875001 0.94872724375 0.7250402828125 0.9663974281250001 0.829215721875 0.9448869296875 0.82242746875 0.92401920625 0.8051975499999999 0.9237996140625 0.7903081359375 0.92687403125 0.78060020625 0.924084309375 0.7631610609374999 0.9357171234375 0.7454376125 0.935620190625
0 0.6653734046875 0.053946720312499995 0.62929755 0.04749039375 0.576438778125 0.06458963749999999 0.5628776953125 0.07741411249999999 0.566804265625 0.106883890625 0.5788642875 0.13915718125 0.619562990625 0.12749514687500002 0.67112109375 0.11917373906249999 0.6836013390625 0.09729525781250001 0.6653734046875 0.053946720312499995