0 0.746746846875 0.5602020875 0.69226630625 0.567854284375 0.709788775 0.658786578125 0.6550485359375 0.6728134906250001 0.7129943734374999 0.9192128546875 0.8180004703125 0.8973865343749999 0.746746846875 0.5602020875
0 0.056654753125 0.3413931765625 0.07031075 0.37107082187499996 0.08777309375 0.357348115625 0.073027134375 0.3291562703125 0.064614946875 0.33450489375000003 0.056654753125 0.3413931765625
0 0.2705262828125 0 0.0888162 0.0371038375 0.1088145984375 0.14610017656250002 0.43771594062499997 0.07490767499999999 0.42191265 0 0.2705262828125 0
0 0.518279015625 0.0003336125 0.5852183609375 0.30270959531249997 0.642120828125 0.2906939328125 0.677456175 0.449257553125 0.7227113296875001 0.4401299328125 0.6405256031250001 0.0367282828125 0.5891109984375 0.045434837500000005 0.578097315625 0.0024229390625 0.518279015625 0.0003336125
0 0.581422375 0.3200809375 0.5317203828125 0.3271792890625 0.5680238390625 0.4877536359375 0.6195812390625 0.4750364625 0.581422375 0.3200809375
0 0.9539238328125 0.3031290109375 0.8917472265624999 0.0133780609375 0.782185359375 0.0095512984375 0.8322371578125001 0.243175075 0.887989834375 0.22905996874999998 0.9079593609375 0.3150118921875 0.9539238328125 0.3031290109375
0 0.4049259875 0.1798362015625 0.299377978125 0.19828695624999998 0.37002061249999996 0.522167671875 0.425586890625 0.50656336875 0.40517720468749996 0.426362071875 0.4603343921875 0.41675659375 0.4049259875 0.1798362015625
0 0.490675825 0.3441351125 0.44480556250000003 0.3532000609375 0.480305978125 0.5021525812500001 0.5295282625 0.4931841171875 0.490675825 0.3441351125
0 0.5781125390625 0.0024234703125 0.589386646875 0.045238537499999995 0.6398920640625 0.0371180109375 0.632514640625 0.00432361875 0.5781125390625 0.0024234703125
0 0.8459117859375 1 0.839641209375 0.9898218015625 0.822761840625 1 0.8459117859375 1
0 0.25450884375 0.8852625546875 0.319820109375 0.849282209375 0.302319640625 0.809359190625 0.29149484375 0.8142940609375 0.24738744218750003 0.7234834453125 0.21801264062499998 0.740537975 0.1884661046875 0.7618080421875 0.2421023328125 0.8794956718750001 0.25450884375 0.8852625546875
0 0.9947627906250001 0.49792236093750003 0.8909876453125 0.524404471875 0.9443740359374999 0.778614021875 0.9865817874999999 0.765450190625 0.9969814140625 0.5101732015625 0.9947627906250001 0.49792236093750003
0 0.004984121875 0.29877047343749996 0.012821089062499999 0.313606265625 0.050744243749999994 0.2883660546875 0.00835361875 0.2160603203125 0.004984121875 0.29877047343749996
0 0.959437821875 0.8702635624999999 0.9826442234374999 0.8621045625000001 0.9866143328125 0.7646513406250001 0.9374085109375001 0.7772587171875001 0.8819446109375001 0.7989414874999999 0.9040040812499999 0.8912060437499999 0.959437821875 0.8702635624999999
0 0.9713452109375 0.376327325 0.9564751906250001 0.30165306875 0.9539238328125 0.3031290109375 0.90753979375 0.315203165625 0.9054046187499999 0.322130159375 0.9184038375 0.3921880546875 0.9713916375 0.3802415890625 0.9713452109375 0.376327325
0 0.642981253125 0.2948425578125 0.5815142796874999 0.3082226609375 0.617993728125 0.45335851250000003 0.6226180265625 0.4611393875 0.6776785249999999 0.4488534609375 0.6745939109375 0.43865522187500006 0.642981253125 0.2948425578125
0 0.4595036375 0.4169335078125 0.4053660453125 0.42678052343750006 0.40726592500000003 0.43321007656250005 0.42574222187500005 0.507804365625 0.47522654375 0.4959414609375 0.4773617203125 0.4890144671875 0.4595036375 0.4169335078125
0 0.8498362437500001 0.331721275 0.90427158125 0.31961944375 0.90753979375 0.315203165625 0.887989834375 0.22905996874999998 0.8322120249999999 0.2437919828125 0.8498362437500001 0.331721275