0 0.4463292140625 0.8892814453125 0.44885287656250006 0.9190492359375 0.4787863078125 0.9154030625 0.47760925781249997 0.8886681484375 0.4463292140625 0.8892814453125
0 0.330003434375 0.13425355 0.3207711453125 0.0940693078125 0.300427915625 0.10252944687500001 0.30989302812499997 0.137448146875 0.31399104843750003 0.13556079062499998 0.318650553125 0.1405027546875 0.330003434375 0.13425355
0 0.9749985390625 0.3623576 0.9979780328125001 0.35336434687499996 0.9983017203125 0.29772734375 0.9692711703124999 0.2992182859375 0.9749985390625 0.3623576
0 0.8490518578125 0.43015686875 0.8568731156249999 0.4757092078125 0.9361830265625001 0.467445221875 0.9346819890625 0.424464365625 0.8490518578125 0.43015686875
0 0.9659626015624999 0.059117932812499996 0.9560391453125 0.073346078125 0.94409025625 0.08011167500000001 0.9474314359375 0.12870958125 0.95533133125 0.1196647921875 0.9756361203124999 0.11890996250000001 0.9734857859374999 0.0617171390625 0.9677983984375 0.05935418906249999 0.9659626015624999 0.059117932812499996
0 0.31298800312499997 0.48669314531249996 0.3169101609375 0.51382370625 0.34038774374999997 0.5140914765625 0.3407113515625 0.48672358750000005 0.31298800312499997 0.48669314531249996
0 0.4969455015625 0.07708920625 0.5045604890625001 0.147122596875 0.5208422640625 0.14339291406250002 0.5137053375 0.0758993421875 0.4969455015625 0.07708920625
0 0 0.8773572421875 0.004953203125 0.9100686 0.269753265625 0.8769574953125 0.254103896875 0.7834371828125 0 0.8104767624999999 0 0.8773572421875
0 0.764873759375 0.30309788125 0.736543003125 0.0295929328125 0.6136493265625 0.013777214062500001 0.617820996875 0.043757093749999997 0.6542520296875 0.0404811203125 0.676659296875 0.2441068140625 0.4893404859375 0.2594620515625 0.46529657343749997 0.00930065 0.39673517343750003 0.0169991640625 0.41045908750000004 0.15560120625 0.36422749374999996 0.158166634375 0.366354678125 0.190192240625 0.355048753125 0.19212635312499998 0.365190853125 0.3002948765625 0.34013524687499996 0.30043830312500003 0.33390660625 0.274112378125 0.29580079375 0.2778930046875 0.30130616875 0.34045301562499997 0.764873759375 0.30309788125
0 0.1963562125 0.0788627296875 0.2017159703125 0.1320203640625 0.2180414859375 0.128444584375 0.2126184234375 0.076931 0.1963562125 0.0788627296875
0 0.9021726015624999 0.313819759375 0.9141352984375001 0.306123928125 0.9179597875000001 0.2719623328125 0.9092654140624999 0.2587061171875 0.803856165625 0.26534819375 0.79065389375 0.2907409421875 0.7970050640624999 0.35002067812500004 0.8045941296875 0.41284884687499995 0.8185886328124999 0.4110912796875 0.8272751312500001 0.3885276828125 0.8406310140625 0.3925553515625 0.8596078781250001 0.4065629484375 0.92438725 0.3969796953125 0.9093137078125 0.3615298609375 0.891780071875 0.3540837859375 0.8924113234375 0.340290803125 0.903883825 0.3319599734375 0.9021726015624999 0.313819759375
0 0.9756361203124999 0.11890996250000001 0.95533133125 0.1196647921875 0.9474314359375 0.12870958125 0.9555994671875 0.1842409171875 0.9820869812499999 0.18087146406250001 0.9756361203124999 0.11890996250000001
0 0.8899510156250001 0.0967198515625 0.7689508046875 0.1127513859375 0.77445284375 0.173362221875 0.78348990625 0.2328393421875 0.9043475984375 0.2187382109375 0.8899510156250001 0.0967198515625
0 0.76618411875 0.43364185 0.7553277640625 0.3241104859375 0.70717511875 0.33041090624999997 0.719631746875 0.43771228593749995 0.7520311859375 0.43597212343749997 0.756466509375 0.43376807968750003 0.76618411875 0.43364185
0 0.8011019812500001 0.8078465640625 0.8008566078125 0.8036633109375 0.7627532578125 0.8067664296875 0.7660593109375 0.818439553125 0.7593200859375 0.827188890625 0.7692031921875 0.908401734375 0.8147925375 0.9047369156249999 0.8053301453125 0.8153172265625 0.8011019812500001 0.8078465640625
0 0.7949075624999999 0.7348398703125001 0.8011019812500001 0.8078465640625 0.8053301453125 0.8153172265625 0.96321625 0.7982360046875 0.9738105875 0.7159142953125001 0.7949075624999999 0.7348398703125001
0 0.85137386875 1 0.8508599 0.99431848125 0.8468709515624999 0.9927248437499999 0.8450266609374999 0.9746310499999999 0.8136286265624999 0.9761611718750001 0.814903246875 1 0.85137386875 1
0 0.022622759375000003 0.38416889374999996 0.040399428125 0.38067395937500004 0.03266845625 0.3196068171875 0.0203137953125 0.31685183125 0.0179445859375 0.30876214687500003 0.0075646375000000005 0.38941799062500004 0.018058321874999998 0.38819915781250003 0.022622759375000003 0.38416889374999996
0 0.15754899218750001 0.1522843015625 0.118996725 0.1555838296875 0.125127496875 0.301999215625 0.228489609375 0.28575241406249996 0.224862415625 0.2219301921875 0.1648748796875 0.2301601984375 0.15754899218750001 0.1522843015625
0 0.7671217296874999 0.5893020921875001 0.7597740453124999 0.5267379890624999 0.5834759375 0.5455026375 0.5896358171875 0.6136753859375 0.76081573125 0.5971539921875 0.7628413609375 0.5926063609375001 0.7671217296874999 0.5893020921875001
0 0.38921648593749997 0.5662345296875 0.3962079953125 0.6350226734375 0.5752338906250001 0.61711744375 0.5661464765625001 0.545687184375 0.38921648593749997 0.5662345296875
0 0.41970793124999994 0.9970822281249999 0.40994164062499994 0.8999555359375 0.40527753125 0.8912637609375 0.40639629218750006 0.8781266125 0.49728449843750006 0.8704206796875 0.49480924687499994 0.836655715625 0.34154824375000004 0.8549959859375 0.3512577578125 0.988273078125 0.41970793124999994 0.9970822281249999