0 0.839464171875 0.9891605390624999 0.846192059375 0.9950431515625 0.8555898609374999 0.9949884765625001 0.8696907218750001 0.9812722031250001 0.8592848359374999 0.9722479249999999 0.85556273125 0.9627114562499999 0.840523909375 0.94306298125 0.8327409125 0.9406481015624999 0.8162021781250001 0.9636159796875001 0.839464171875 0.9891605390624999
0 0.5750795171875 0.1963199484375 0.5848430984374999 0.1881106078125 0.555995334375 0.1522693109375 0.5210214109375 0.1850122640625 0.4187984765625 0.28783010781249996 0.414797353125 0.29792894062499997 0.4599634453125 0.346452653125 0.4828177078125 0.3249916140625 0.4633955171875 0.303138496875 0.549360753125 0.22123985156249998 0.547976753125 0.2143714015625 0.548747875 0.20610279843749998 0.552165196875 0.199851853125 0.55831505 0.1951752625 0.564957465625 0.1941417796875 0.5750795171875 0.1963199484375
0 0.456183625 0 0.43909071875 0.02030960625 0.451142990625 0.029288271875 0.45928435624999997 0.047157175 0.46824640000000006 0.0497134328125 0.4776042875 0.0547790015625 0.4833909796875 0.06509215625 0.49270407812499994 0.07690942656250001 0.4977326171875 0.1018648 0.5268055687500001 0.13022604531249998 0.5388493171875 0.11927569687499999 0.5406340296875001 0.109063309375 0.5515956609375 0.1032036484375 0.5462610812500001 0.09479642187500001 0.52317761875 0.0726441328125 0.5101695765625001 0.0476221984375 0.4912714203125 0.033175245312500004 0.47946669843749995 0.015029517187499999 0.46157911093750004 0 0.456183625 0
0 0.1604227921875 0.2207586296875 0.22277088906250003 0.2891059421875 0.24096304375000002 0.271564865625 0.25306246250000003 0.2602587828125 0.190509521875 0.19434917812500002 0.1740897859375 0.2059102234375 0.1604227921875 0.2207586296875
0 0 0.9586210890625001 0.1190704265625 0.9683506218750001 0.18538888125 0.9014872984375 0.1851956515625 0.8890866796875001 0.158162453125 0.8533261046874999 0.08453639375000001 0.7865116890625 0 0.8729542875 0 0.9586210890625001
0 0.1081593203125 0.4555377703125 0.17000973749999998 0.5231914015625 0.19045821875 0.5043710328125 0.202555553125 0.4930872953125 0.1399802859375 0.4271758671875 0.12356263593750001 0.43871456249999996 0.1081593203125 0.4555377703125
0 0.35777804999999996 0.767023240625 0.3772906875 0.7473833125 0.36855404062499997 0.7272139796875 0.4363899296875 0.6629065796875 0.44388443593750004 0.6679324765625 0.47864252812499997 0.6362977843750001 0.47076920468749994 0.625926715625 0.47406003124999996 0.6191024859375001 0.4830035953125 0.6083491750000001 0.49457623125000005 0.6075158890625 0.5042209468750001 0.603958034375 0.5450227421875 0.5620311265625 0.5405789624999999 0.544554434375 0.46879586093750003 0.45773711562499997 0.39349398281250003 0.374640453125 0.19246522187499998 0.5699269265625 0.174675271875 0.599075053125 0.21831394999999998 0.6521576734375001 0.227906665625 0.64409199375 0.2438602296875 0.6339114859375 0.25670467656249996 0.6384963406249999 0.2601800078125 0.648508040625 0.263176696875 0.65834551875 0.269516671875 0.6723742968749999 0.277103940625 0.6826769546875 0.287001053125 0.6947446078125 0.336775565625 0.7447482609375 0.344033646875 0.7535153234374999 0.35777804999999996 0.767023240625
0 0.052283912499999995 0.31633770625 0.1187313734375 0.38848774218750004 0.136862525 0.37015355625 0.1473852140625 0.3586285609375 0.0823706421875 0.2899282546875 0.0659509078125 0.3014892984375 0.052283912499999995 0.31633770625
0 0.7312191453125 0.41097372656250003 0.7641487546875 0.37578942656250003 0.62124389375 0.21990787812499998 0.58968630625 0.25099345 0.7312191453125 0.41097372656250003
0 0.6616353765625 0.46025399375 0.665628871875 0.459161684375 0.6743393046875 0.4658631890625 0.687066290625 0.4502399171875 0.664237621875 0.4284912515625 0.648051134375 0.4459935546875 0.6616353765625 0.46025399375
0 0.1984938234375 0.17820326250000001 0.26081959375 0.2465487515625 0.2790138328125 0.228985328125 0.29111116875 0.2177015921875 0.22855822812499998 0.1517919890625 0.21213849218749997 0.16335303125 0.1984938234375 0.17820326250000001
0 0.4246257125 0.7888109796875 0.3975921515625 0.8143215015624999 0.3954965140625 0.8179783 0.4591238015625 0.8803277968750001 0.4204432859375 0.9163932499999999 0.3547217359375 0.8487610703125 0.327392934375 0.8721307859375 0.3898478546875 0.9424683999999999 0.3484697796875 0.9843031828125 0.3008451265625 0.9283728578125 0.3181913046875 0.9114607078124999 0.308130534375 0.8965649499999999 0.2672828875 0.938983503125 0.306123871875 0.9836352125 0.382671921875 0.9898901390624999 0.5062820796875 0.87492636875 0.4246257125 0.7888109796875
0 0.146540146875 0.41665561406249996 0.2129876078125 0.4888056484375 0.23111875624999997 0.4704714640625 0.24164145 0.45894646874999995 0.1766268765625 0.3902461625 0.16020714062500002 0.4018072078125 0.146540146875 0.41665561406249996
0 0.6615857703125 0.6875228109375 0.6650428015625 0.6900120453125 0.6668085875 0.702676265625 0.6701280656249999 0.7066404390625001 0.6726495031249999 0.7107195468749999 0.696394709375 0.6876649890625 0.632019109375 0.6099421921875 0.61584933125 0.625576878125 0.6201583078125 0.626649546875 0.6243964234375 0.6284820328125 0.6283859296875 0.633221528125 0.6314788390625 0.6393739390625 0.6351265515625 0.6477784375 0.6372320499999999 0.65680000625 0.6410637640625 0.6629902671875 0.6478846375 0.6687267296875 0.6503319296875001 0.67408329375 0.6521800515625 0.6779047234375 0.6539573171875 0.68248596875 0.6615857703125 0.6875228109375
0 0.5091051046875 0.7747048249999999 0.509970796875 0.7852013359375001 0.512062409375 0.7890651765625 0.5155304609375 0.7911950265625001 0.519191734375 0.791494196875 0.5222279125 0.7917422921874999 0.527380109375 0.795833703125 0.5329058265625 0.8024326 0.5377501765625 0.80958380625 0.541820859375 0.8185182578125 0.543743659375 0.8241922531249999 0.5466312656250001 0.826274671875 0.5525327234375 0.828603359375 0.558173065625 0.8339731421875 0.5657565875 0.838285740625 0.5716601296875 0.8405920796874999 0.5776739921875 0.8484693484375001 0.58254066875 0.8556223796875001 0.582007596875 0.867851059375 0.5833467 0.8723064296875 0.615789546875 0.841135571875 0.5046590109375 0.7104583234375 0.471555390625 0.7395485796875 0.4707622953125 0.745158278125 0.47302480625000004 0.7471896171875 0.475892171875 0.749247865625 0.48164505625 0.753410878125 0.48660194843750004 0.7593553140625 0.4896963421875 0.7657330250000001 0.49378948906250003 0.7679139515625 0.49682566718750004 0.768162046875 0.4992590734375 0.768360884375 0.50169248125 0.768559725 0.506957221875 0.7714443656250001 0.5091051046875 0.7747048249999999
0 0.210064871875 0.35636440625 0.2724129703125 0.4247117203125 0.290605125 0.40717064374999995 0.30270454375 0.395864559375 0.2401292765625 0.3299531296875 0.22373186718750002 0.34151599843749997 0.210064871875 0.35636440625
0 0.8387332875 0.9222227406249999 0.8859499375000001 0.8718128593750001 0.8336631750000001 0.8198024953124999 0.7902537546875 0.8655695437500001 0.8387332875 0.9222227406249999
0 0.6111535031249999 0.923892728125 0.66957500625 0.9824842015625 0.7090609828125001 0.947430315625 0.7191876921875 0.9401513625 0.6576915765625 0.8686986437499999 0.6109740171875 0.9091738906250001 0.6111535031249999 0.923892728125
0 0.9922072 0.035399703125 0.8674304484375 0.1586222765625 0.9028282203125 0.199727540625 0.9993300671875 0.10933370625000001 0.9997566140625 0.036016584375 0.9922072 0.035399703125
0 0.2508294015625 0.3172491875 0.313155175 0.38559467812500003 0.33134732968749997 0.3680536015625 0.3434467484375 0.356747515625 0.2808938078125 0.2908379125 0.2644740734375 0.30239895625 0.2508294015625 0.3172491875
0 0.06461368906250001 0.495529115625 0.12646410624999999 0.5631827421875 0.1469125859375 0.5443623750000001 0.1590099203125 0.533078640625 0.0964346546875 0.46716721093749997 0.08003932968750001 0.47870773125 0.06461368906250001 0.495529115625
0 0.116029415625 0.260433003125 0.17835518749999998 0.32877849531250003 0.1965717515625 0.31121689375 0.2086467625 0.2999313328125 0.1460938203125 0.2340217296875 0.12967408593750002 0.2455827734375 0.116029415625 0.260433003125
0 0.2883125328125 0.2752087296875 0.35063830625 0.3435542203125 0.36885278593750004 0.3260149671875 0.3809522046875 0.314708884375 0.31837693749999996 0.24879745468749997 0.3019572046875 0.260358496875 0.2883125328125 0.2752087296875
0 0.8297127390625001 0.390356628125 0.79827189375 0.41850189687499995 0.7625241640625 0.45978344375 0.9122772484375 0.6377516609375 0.984803825 0.56945908125 0.8832856171874999 0.44690810625 0.8387851015625 0.398483815625 0.8297127390625001 0.390356628125
0 0.0096684078125 0.5487301875 0.07611587187499999 0.6208802234374999 0.09424701875 0.6025460359375 0.1047697125 0.59102104375 0.0397328125 0.5223189125000001 0.0233354046875 0.5338817796875001 0.0096684078125 0.5487301875
0 0.5558283187499999 0.4003350484375 0.5530874859375 0.39716125 0.5416699515625 0.3825824625 0.5142467640625 0.40720546874999997 0.5178742703125 0.41389695625 0.5219690046875 0.41123666875 0.5269086234375 0.4176075359375 0.5347871703125 0.41996266875000005 0.5558283187499999 0.4003350484375
0 0.6680219296875001 0.264172321875 0.7056623625 0.2300935265625 0.7011293937499999 0.22177431718750001 0.702111009375 0.21124861093749997 0.57932083125 0.0712419765625 0.5414272687499999 0.11092955625 0.5384533375 0.123521734375 0.6567336859374999 0.259061609375 0.66174970625 0.2556884765625 0.6680219296875001 0.264172321875
0 0.7189174281249999 0.9394312234375001 0.8334503484375 0.8196725140625001 0.7730223656249999 0.757269190625 0.65811723125 0.8689586046875 0.7189174281249999 0.9394312234375001
0 0.61192706875 0.506024253125 0.6228392546875 0.516373421875 0.6529489796875 0.4863404734375 0.6422213953125 0.473529425 0.6304575812500001 0.4636285796875 0.6002201609375 0.493583540625 0.61192706875 0.506024253125
0 0.932582575 0.9945405468749999 0.946602884375 0.9812518796875 0.9542558015625 0.9739659390625001 0.95744313125 0.9397887656250001 0.8933288234375001 0.8684301421875 0.8634400156250001 0.8960942484375 0.839501234375 0.9236365624999999 0.904922065625 0.9947014703124999 0.932582575 0.9945405468749999
0 0.01610600625 0.36006106875 0.0779564234375 0.427714696875 0.098404903125 0.40889432968749995 0.11050223906250001 0.3976105921875 0.0479269734375 0.3316991640625 0.031531646875 0.34323968437499996 0.01610600625 0.36006106875
0 0.8432421343750001 0.26313280156249996 0.90430194375 0.20056853437500002 0.8751323421875 0.16769581718749998 0.8106746734374999 0.23099574375 0.8432421343750001 0.26313280156249996
0 0.8874363187500001 0.82138169375 0.9285907171875 0.8584087359374999 0.9688694437500001 0.81726644375 0.975977746875 0.7410453625 0.9657796078124999 0.75101989375 0.9568175640625001 0.748463634375 0.8935536015625001 0.8083708296875001 0.8874363187500001 0.82138169375