0 0.9569247953125 0.6209269421875 0.8820757453124999 0.6003747515625 0.864946559375 0.6515300265625 0.943179140625 0.6753299703125 0.9569247953125 0.6209269421875
0 0.5467176031250001 0.020578998437500003 0.48076707812499997 0.0036749265625 0.475838834375 0.017954775 0.5404317765625 0.0378644609375 0.5467176031250001 0.020578998437500003
0 0.401262596875 0.488836721875 0.3338697078125 0.46377113750000004 0.312681696875 0.462898396875 0.278216003125 0.5634293593749999 0.35864045 0.5916283078125 0.3830425234375 0.5418678875 0.3719522421875 0.5325650640624999 0.37855297499999996 0.5194359015625001 0.38378608281250004 0.5049506890625 0.39478103125 0.5087923453125 0.401262596875 0.488836721875
0 0.9230118718749999 0.25712321875 0.8462435265625 0.230116909375 0.8443117859375 0.2507156578125 0.918261621875 0.27276477187500003 0.9230118718749999 0.25712321875
0 0.4582105828125 0.07207365624999999 0.44732977187499995 0.1012740234375 0.5226828234374999 0.12419370156250001 0.5309463859375 0.10787557968749999 0.53083875 0.10170974375 0.49697271093750006 0.08892755625 0.490692625 0.08508632187500001 0.4582105828125 0.07207365624999999
0 0.737135496875 0.10107225312499998 0.728235621875 0.121326484375 0.7484496078125 0.13076945 0.7584314156249999 0.10938854843750001 0.737135496875 0.10107225312499998
0 0.8516169828125 0.44958477031250005 0.8629260656250001 0.41841378437500004 0.7558959796875 0.393257303125 0.7177663062499999 0.507289675 0.7402346703125 0.513353678125 0.7705461765625 0.4209602671875 0.8516169828125 0.44958477031250005
0 0.6732679890625 0.42688115781249997 0.62975721875 0.41187812343749997 0.6164919906249999 0.4382701125 0.6617906953125 0.4509404375 0.6732679890625 0.42688115781249997
0 0.7299204421875001 0.397056146875 0.6454117296875 0.368379475 0.635687378125 0.39693609687500003 0.721500178125 0.4245910765625 0.7299204421875001 0.397056146875
0 0.3200995484375 0.058633381250000005 0.341345971875 0.000707259375 0.2795362125 0.0021457515625 0.25953000937500004 0.045811765625 0.264758915625 0.052541339062500005 0.28984874375 0.0547992671875 0.3200995484375 0.058633381250000005
0 0 0.094169665625 0.02962439375 0.10504719375 0.0484930296875 0.044995464062500004 0 0.029714134375 0 0.094169665625
0 0.683623465625 0.030610674999999997 0.6951113296875 0.0311363921875 0.698450228125 0.0192066609375 0.694849159375 0.016118178125 0.6876738140625 0.012738375 0.66303104375 0.005799725 0.6558729140625 0.026123571875 0.678937821875 0.0322838375 0.683623465625 0.030610674999999997
0 0.8919470437499999 0.5878083375 0.9562873156249999 0.5945060343749999 0.9877617890625 0.4803862171875 0.9088461562499999 0.4603692640625 0.8629154921875 0.567996284375 0.8919470437499999 0.5878083375
0 0.15208754687499998 0.3441062140625 0.09823208125 0.3296964078125 0.0800817109375 0.3766236984375 0.13196823124999998 0.38678352031249996 0.15208754687499998 0.3441062140625
0 0.5114133109375001 0.60188551875 0.4561909875 0.5861637046875 0.44977071718749995 0.6033201203125 0.44013068750000006 0.6177757140625 0.4850487390625 0.6313581187499999 0.49582831406250005 0.615289859375 0.50614076875 0.6166360046875 0.5114133109375001 0.60188551875
0 0.7817904999999999 0.227056753125 0.7474727890625 0.218691034375 0.753882853125 0.19463953437499998 0.7126316203124999 0.1790772296875 0.6868705453125 0.2696243859375 0.7075580031250001 0.2771617703125 0.7047793515625 0.2845843859375 0.72195844375 0.2892954890625 0.755799928125 0.304457465625 0.7537214515625 0.3153885515625 0.7783178687500001 0.3221961015625 0.7954276859375 0.25857241875 0.8228750734375 0.265886390625 0.8318898125 0.22697025625 0.8021220390625 0.21799196250000002 0.7817904999999999 0.227056753125
0 0.1237032078125 0.428259690625 0.0634908734375 0.413182725 0.0454734703125 0.4551061625 0.10870505 0.47275643437500003 0.1237032078125 0.428259690625
0 0.50020646875 0.182038296875 0.42575389374999995 0.1564320578125 0.41070333437500006 0.20802361249999998 0.4810901578125 0.2291643078125 0.50020646875 0.182038296875
0 0.39514546250000004 0.48170925625 0.4011796859375 0.4739905765625 0.40432592187500005 0.4649071703125 0.4105500453125 0.46806678437500004 0.419636434375 0.44461389218749997 0.33793509374999997 0.4114218703125 0.322723375 0.43737450312500004 0.31543179062500004 0.4551019390625 0.39514546250000004 0.48170925625
0 0.7075580031250001 0.2771617703125 0.6764087640625001 0.2660346765625 0.6685799984374999 0.289590478125 0.69969398125 0.2974359546875 0.7075580031250001 0.2771617703125
0 0.6943933375 0.5112482484374999 0.6250103515625 0.48955547812500005 0.5936957875 0.5737110624999999 0.671162571875 0.5889812703125 0.6943933375 0.5112482484374999
0 0 0.029714134375 0.0484930296875 0.044995464062500004 0.0686380640625 0.007053960937500001 0 0.008651368750000001 0 0.029714134375
0 0.314749728125 0.9981688390624999 0.42700984062499997 0.9975157296875 0.4937481453125 0.9151416421875 0.4321995796875 0.8714790828125001 0.4116603453125 0.86990831875 0.314749728125 0.9981688390624999
0 0.714803834375 0.3047727 0.71044215 0.3174311875 0.668679771875 0.3016164203125 0.6557544484375 0.3247621203125 0.672585015625 0.3297016328125 0.7009120625 0.338184740625 0.74601624375 0.3485464671875 0.7514484390625 0.332844984375 0.7441053171875 0.326164615625 0.7415819625 0.31287329218750004 0.714803834375 0.3047727
0 0.3132717921875 0.1004065484375 0.3905739109375 0.1251754296875 0.3982288 0.10175585000000001 0.3252237609375 0.0782968734375 0.319123803125 0.082249990625 0.28667481875 0.07113111718750001 0.26181655 0.1414559453125 0.29473312812499997 0.1515946265625 0.3132717921875 0.1004065484375
0 0.263936859375 0.059720151562500004 0.204311296875 0.041655509375 0.1910325 0.0685324671875 0.24973567343749997 0.08802848125 0.263936859375 0.059720151562500004
0 0.49697271093750006 0.08892755625 0.535110184375 0.10028855 0.5470903500000001 0.06086280468750001 0.46956827343749996 0.0373767703125 0.46167958750000004 0.06128644531250001 0.502498878125 0.0722986359375 0.49697271093750006 0.08892755625
0 0.6558729140625 0.026123571875 0.6380943734375 0.0148395109375 0.62854006875 0.034205753125 0.6484323890625 0.041629464062499996 0.6729112749999999 0.04927688125 0.70739895625 0.062330987500000004 0.7149427390625 0.0413813328125 0.6558729140625 0.026123571875
0 0.155603353125 0.45463595156250003 0.2627582625 0.48820490625 0.310067675 0.361115528125 0.2670524609375 0.3391615796875 0.225991475 0.448085171875 0.15769040781250002 0.43409967812500005 0.155603353125 0.45463595156250003
0 0.4818964453125 0 0.48076707812499997 0.0036749265625 0.502674596875 0.0079014796875 0.5102229703125001 0.0048839640625 0.557936575 0.020846615625000002 0.5669500359375 0 0.4818964453125 0
0 0.6065232765624999 0.2294394359375 0.6391516296875001 0.2394746734375 0.657073153125 0.189534628125 0.5707320109375 0.168214490625 0.5554627187500001 0.2072761875 0.61039989375 0.2230707234375 0.6065232765624999 0.2294394359375
0 0.6241080671875 0.3167087375 0.525850915625 0.2867438578125 0.5091922859375 0.33835080624999997 0.61067574375 0.36255691562500003 0.6241080671875 0.3167087375
0 0.9435179734375 0 0.931547896875 0.0267132875 0.9842397593750001 0.043881868750000004 0.9918895203125 0.025216840624999997 0.9917588453124999 0.0177312890625 0.9641604750000001 0.005554717187500001 0.9663168531249999 0 0.9435179734375 0
0 0.365816159375 0.8651153234375 0.290388678125 0.8101660671875001 0.2747357015625 0.814627896875 0.197199353125 0.912746621875 0.258972528125 0.968013653125 0.2803017296875 0.9757123406250001 0.365816159375 0.8651153234375
0 0.8678091421874999 0.12514976718749998 0.94691544375 0.15608905625 0.96458426875 0.11060490625 0.8593932093750001 0.073421421875 0.8338640421875001 0.136866540625 0.8551473875 0.14320044999999998 0.8678091421874999 0.12514976718749998
0 0.6334246671875 0.26353230625 0.5458287671875001 0.23596288125 0.530442340625 0.2670525203125 0.6220519828125 0.2973703765625 0.6334246671875 0.26353230625
0 0.801724240625 0.6079064187500001 0.722859090625 0.58068455 0.734911190625 0.549165825 0.8137571203125 0.5752866515624999 0.8221013718749999 0.550969840625 0.7145853625 0.51564690625 0.6446859828125 0.6877621875 0.7712787624999999 0.7166049890624999 0.801724240625 0.6079064187500001
0 0.2385385109375 0.29473020625 0.31816069062499996 0.31609656406250003 0.3412074390625 0.26568475937499997 0.23130925468750002 0.23273039375 0.21755615781249998 0.2665137140625 0.24845567656249998 0.2746946265625 0.2385385109375 0.29473020625
0 0.6693834187500001 0.170280484375 0.6751647468749999 0.1518612125 0.6123926875000001 0.132768309375 0.585270809375 0.1276938 0.577982959375 0.1468971453125 0.6043495171875 0.1516147265625 0.6693834187500001 0.170280484375
0 0.445398575 0.3377206109375 0.45807065781249995 0.31647536875000004 0.4571618453125 0.3085878265625 0.378846553125 0.285098225 0.367911975 0.315004796875 0.445398575 0.3377206109375
0 0.26400638593750003 0.9984640562499999 0.2803017296875 0.9757123406250001 0.258972528125 0.968013653125 0.186576753125 0.9188757921875 0.1442485921875 0.98297623125 0.14434892500000002 0.988723671875 0.1352165078125 0.9992133328125 0.26400638593750003 0.9984640562499999
0 0.7176410265625 0.1732329 0.7308508671875 0.170171746875 0.7896987515625 0.191647075 0.797482815625 0.1667925578125 0.8032218453125 0.1547849375 0.7660158781249999 0.143776771875 0.7663507359375 0.136455090625 0.730077809375 0.1258878359375 0.7185341234375 0.14488181093750002 0.7176410265625 0.1732329
0 0.8261226796875001 0.9037493812499999 0.8555580515625 0.9315488500000001 0.839250571875 0.9490014562500001 0.8608557953125 0.9636771625 0.8993969546875 0.9148654109375001 0.8762691265625 0.89500408125 0.8841969484375 0.8872192999999999 0.8640482140625 0.8739416328124999 0.85174835 0.8761224484374999 0.8261226796875001 0.9037493812499999
0 0 0.1657592765625 0.004190846874999999 0.166397259375 0.02962439375 0.10504719375 0 0.09407039218749999 0 0.1657592765625
0 0.2021783046875 0.122664615625 0.17042208125 0.11589151718749999 0.16237965625 0.1524498671875 0.1882034875 0.1601541015625 0.2021783046875 0.122664615625
0 0.575551040625 0.5616424531249999 0.560232159375 0.597863459375 0.5858664015625 0.6085901890625001 0.596456178125 0.5892218765624999 0.6644841140625 0.6115409890625 0.671162571875 0.5889812703125 0.5936957875 0.5737110624999999 0.575551040625 0.5616424531249999
0 0.4863193984375 0.44541917656249996 0.5188675109374999 0.458430303125 0.548354753125 0.380661825 0.4922984671875 0.362602234375 0.48740031874999995 0.37734400625000003 0.5097232515625 0.38517377656249996 0.4863193984375 0.44541917656249996
0 0.5699956828125 0.898430946875 0.692193996875 0.9926943375 0.7270640984375001 0.991882809375 0.7790374796874999 0.925046503125 0.6465256312500001 0.829745409375 0.605347959375 0.838590396875 0.5699956828125 0.898430946875
0 0.8482206968750001 0 0.931547896875 0.0267132875 0.9435179734375 0 0.8482206968750001 0
0 0.186012325 0.2479277078125 0.11333510312499999 0.22684031718750003 0.095109303125 0.29216423593749996 0.167846109375 0.3166648578125 0.186012325 0.2479277078125
0 0.9010520421875 0.31552856875 0.8462002703125 0.2995778359375 0.832654209375 0.3426969671875 0.8899105046875 0.3613454625 0.9010520421875 0.31552856875
0 0.8445000296874999 0.6502214640624999 0.8566865671875 0.6667906359375 0.841488971875 0.6859797953125 0.8299929265625 0.686247340625 0.8152020921875 0.732523671875 0.98265253125 0.7884595171875 0.9796702234374999 0.7614983750000001 0.95483414375 0.747272365625 0.9738705578125 0.6905211984374999 0.8445000296874999 0.6502214640624999
0 0.646850759375 0.9581715015625001 0.6175303703125 0.994431978125 0.6848620671875 0.9928649734375 0.646850759375 0.9581715015625001
0 0.76844265625 0 0.764229265625 0.0136663703125 0.82580575625 0.0387351421875 0.8345943625000001 0.018417409375 0.8188132265625001 0.004178934375 0.83244445625 0 0.76844265625 0
0 0.1752728578125 0.7610310859375 0.240603103125 0.7840518453125 0.25630555781250003 0.7836864046875001 0.3770874703125 0.8242080484375001 0.4065413890625 0.8215178609375 0.42858863593749996 0.7315197640625 0.0974678671875 0.625420021875 0.0755105859375 0.6246533046875 0.0615439421875 0.6701834718749999 0.0515618765625 0.720577609375 0.16429362187500002 0.7543031609375 0.1752728578125 0.7610310859375
0 0.3104520046875 0.192556684375 0.2767178328125 0.17849369843750001 0.28253710625 0.163510190625 0.259575121875 0.1556732625 0.24433712968750002 0.19905206875 0.30246841875 0.21481633125 0.3104520046875 0.192556684375
0 0.8845427499999999 0.3605451375 0.8525661843749999 0.355032865625 0.848146565625 0.3631105046875 0.8401342328125001 0.3610058765625 0.8259473046875 0.3636271453125 0.7956385640625 0.35521218593750004 0.8030822359374999 0.326003690625 0.7783178687500001 0.3221961015625 0.7558959796875 0.393257303125 0.8250660999999999 0.410328771875 0.82300040625 0.3904398890625 0.8074715687499999 0.3805574390625 0.7898390453124999 0.38268612343749997 0.7930934749999999 0.37349005156250004 0.874967825 0.3989235640625 0.8826222687499999 0.3805267875 0.8773617281250001 0.3732472078125 0.8845427499999999 0.3605451375
0 0.44622107343749995 0.286394096875 0.4646129109375 0.296209915625 0.48314778125 0.24859075156250002 0.457375025 0.2400261671875 0.3922763078125 0.22900625312499998 0.3713362109375 0.268838790625 0.4201468421875 0.2921118296875 0.439483103125 0.29166181875 0.44622107343749995 0.286394096875
0 0.39581574062499997 0.373703640625 0.4003655265625 0.3617237 0.34998195781249997 0.3518373171875 0.332139475 0.394946290625 0.3552173421875 0.40311096874999996 0.3604521265625 0.40891515156249997 0.36846181875 0.41465475625000003 0.3771540140625 0.414055928125 0.384246709375 0.41270125156250004 0.397587459375 0.384324825 0.39581574062499997 0.373703640625
0 0.5182422609375 0.146216684375 0.520983675 0.14044716875000002 0.44507999531250003 0.11375118125000001 0.433219134375 0.141079796875 0.5177614515625 0.174205703125 0.5282958718749999 0.1516663921875 0.5182422609375 0.146216684375
0 0.8432320546875 0.20527130468750002 0.8719261296875 0.2183721296875 0.8756450140625001 0.21306452031249998 0.9262907031250001 0.2341799921875 0.9424583390624999 0.1859990875 0.858964884375 0.158686665625 0.8510735296874999 0.16477430312500002 0.8461934984375 0.184340178125 0.8432320546875 0.20527130468750002
0 0.4132768203125 0.061377518750000006 0.3708601734375 0.0472081828125 0.36012171875 0.074466615625 0.4054311390625 0.083964403125 0.4132768203125 0.061377518750000006