0 0.5593425578125 0.2813510140625 0.58461899375 0.2705226515625 0.6110729859374999 0.14957249374999998 0.073045396875 0.000849959375 0.0576373671875 0.000670671875 0.04064351875 0.14575096875 0.5593425578125 0.2813510140625
0 0.9159257937499999 0.5518975171875 0.9077151203125 0.5934027921875 0.9794728125000001 0.615155709375 0.977578846875 0.620603278125 0.9933288453125 0.6255234796875 0.9988575000000001 0.578324115625 0.9937826078124999 0.5769760578125 0.9159257937499999 0.5518975171875
0 0.530581309375 0.006173871875 0.36556233125 0.004253703125 0.6108061734375 0.067327946875 0.6370155484375 0.0254833421875 0.6375936156249999 0.0205482640625 0.530581309375 0.006173871875
0 1 0.069228378125 0.720428978125 0.031675096874999996 0.70332604375 0.09195328124999999 1 0.168823075 1 0.069228378125
0 1 0.24753278281250002 0.698819534375 0.1641995640625 0.6841449734375 0.179940040625 0.651209425 0.30476076875 1 0.401318575 1 0.24753278281250002
0 0.99103194375 0.6451326578125001 0.9848308859375001 0.641962490625 0.972652440625 0.6680219375 0.987381578125 0.67629665 0.99103194375 0.6451326578125001
0 0.8201569531249999 0.786954475 0.8139344546875 0.79200859375 0.780772765625 0.9191173328125 0.8469111828125 0.937379328125 0.8551459375 0.9278334171875 0.8604903703125 0.8947154046874999 0.8360269718750001 0.8891318671875 0.8419066484375 0.858592115625 0.8662121484374999 0.8637367156250001 0.8845282578125 0.8020759 0.8201569531249999 0.786954475
0 0.8434237890625 0.9691176499999999 0.8412199125 0.99275738125 0.8710850078125001 0.9961841828125 0.8732158234374999 0.9737042734375001 0.8434237890625 0.9691176499999999
0 0.9494648828125 1 0.9545654328125 0.956455453125 0.932936115625 0.9529447796875001 0.9004758828125 0.9429034796875 0.8888057312500001 1 0.9494648828125 1
0 0.41266380937499997 0.752686728125 0.5560239734375 0.792871665625 0.5927632468749999 0.6571996890625 0.44194175781249995 0.6170986046875 0.42428935 0.6797049109375 0.391050603125 0.677203446875 0.37613062343750003 0.7372109234375 0.41266380937499997 0.752686728125
0 0.6662407390625 1 0.676683021875 0.959314728125 0.691732796875 0.8898005046874999 0.58642163125 0.8644804171875 0.3886743640625 0.8098885890625 0.3829202 0.8590131734374999 0.3758849296875 0.88405079375 0.5240681921875 0.9230873656249999 0.5085302734375 0.9914081546875 0.5438508046874999 1 0.6662407390625 1