0 0.707272503125 0.567027034375 0.6748571171875 0.5451657515624999 0.6004463015625 0.6208488828125 0.6218970796875001 0.639665725 0.6646093890625 0.6093761953125 0.707272503125 0.567027034375
0 0.1013627921875 0.486292459375 0.1038599546875 0.49062530468750004 0.1072651 0.49445921875 0.1088724046875 0.4988542359375 0.10636927031250001 0.502643696875 0.096655621875 0.506479690625 0.08670685156249999 0.5062820578125 0.0829725515625 0.5042784250000001 0.0606250375 0.5239126781250001 0.05104159375 0.5299823484374999 0.05796522656250001 0.5403422953125 0.0665322609375 0.5478656046875 0.0709587296875 0.55389270625 0.0757130890625 0.5580678406249999 0.086993103125 0.56540159375 0.099906896875 0.5622565328125 0.10195425312499999 0.55849891875 0.105781321875 0.5546169546875 0.1093057828125 0.55302068125 0.11543703593750002 0.549413215625 0.16160425 0.49651988437499994 0.1337121671875 0.46776665937499995 0.1308015 0.472041859375 0.12441686562500001 0.46345153593750005 0.1013627921875 0.486292459375
0 0.054708346875 0.7084076828125 0.085413196875 0.676997409375 0.066431384375 0.6582911296875 0.058744165625 0.6658613984375 0.0473377421875 0.656359028125 0.03453069375 0.66918628125 0.0306831453125 0.677576996875 0.024906871875 0.6898912359375 0.035976828125 0.6939952640625 0.054708346875 0.7084076828125
0 0.6240047796875 0.69713378125 0.6548077203125 0.7234843984375 0.6840434390625 0.6937880859375001 0.6476865921875 0.6727247828125 0.6240047796875 0.69713378125
0 0.9748534921875001 0.14746676718750001 0.9042587328125 0.2224436671875 0.9260573937500001 0.2423684765625 0.977328915625 0.18993356249999999 0.9748534921875001 0.14746676718750001
0 0.9415024656250001 0.665848490625 0.9231677859375 0.6915169703124999 0.9498727125 0.7178490734375 0.9575358312500001 0.7188378671875 0.9602571687499999 0.7262688015625 0.948522925 0.7339476390625 0.9652941593750001 0.7472558734375 0.9852216109375 0.7489119750000001 0.9905390453124999 0.7485404453125 0.9912863125 0.7488524765625 0.992180853125 0.6719757875 0.97345888125 0.6910515625 0.9415024656250001 0.665848490625
0 0.21095869843749998 0.5439149421875 0.19890814375000002 0.5312131765625 0.19706578749999998 0.538113771875 0.19732872031249998 0.5426244953125 0.19434325624999998 0.5459903921875 0.1922645125 0.5488356703124999 0.19115526249999998 0.55298500625 0.18776226875 0.556836640625 0.1837289375 0.557553940625 0.178974578125 0.55337880625 0.1743674140625 0.559579821875 0.175299546875 0.5680938453125 0.1776616640625 0.5697360875 0.17373325312500001 0.572253340625 0.16746569218750001 0.5731485171874999 0.1764619609375 0.5801845734375 0.1829236328125 0.5747685109375 0.19974884531249998 0.5609637249999999 0.19986331562499998 0.5550766125 0.2004649578125 0.5500699906250001 0.20485272812500002 0.5479561328125 0.21095869843749998 0.5439149421875
0 0.22844931562499998 0.8607965125 0.24818362500000002 0.8763364625 0.3287655015625 0.7988503671875 0.3037976765625 0.7776445484375001 0.22844931562499998 0.8607965125
0 0.9676074453125001 0.08933021249999999 0.8703780484375001 0.19787585624999998 0.8995610031249999 0.22410014218750002 0.9747556078124999 0.1457875015625 0.9716194453125 0.091985471875 0.9676074453125001 0.08933021249999999
0 0.76841378125 0.9816528859375 0.7560857859375 0.9696455125 0.733953984375 0.949613334375 0.69908139375 0.9864971359375 0.76841378125 0.9816528859375
0 0.2397635921875 0.504210690625 0.2200812546875 0.52021835625 0.231683909375 0.5237408046875001 0.240998915625 0.516056803125 0.2397635921875 0.504210690625
0 0.322625734375 0.905495353125 0.27327421875 0.859646078125 0.2539863234375 0.8779342828125 0.3030778 0.9253041671875 0.322625734375 0.905495353125
0 0.196490375 0.0199862484375 0.31824473750000004 0.1342221203125 0.4028051078125 0.0382545671875 0.36936344062500004 0.0079076140625 0.196490375 0.0199862484375
0 0.743453971875 0.0347690515625 0.7355782890625 0.0282643890625 0.726921534375 0.039016151562500004 0.7398937828125 0.049584940625000004 0.749035178125 0.0396702953125 0.743453971875 0.0347690515625
0 0.81214455625 0.5323944078125 0.804465390625 0.53486888125 0.7742599640625001 0.5636313187499999 0.79087839375 0.58067366875 0.8332484078125001 0.5374086828125 0.8201497484375 0.524671275 0.81214455625 0.5323944078125
0 0.7760191187500001 0.45997066875000003 0.78235421875 0.47032818593750003 0.8026747875 0.4809714609375 0.8139983890625 0.468117209375 0.8089071546875 0.45704132187499996 0.8139299015624999 0.445258771875 0.827062325 0.45259374531249996 0.8297886468750001 0.4447821828125 0.8037853593750001 0.42375758281250003 0.7816305875 0.403705234375 0.776238721875 0.409155421875 0.7156167265625 0.3505281015625 0.63761400625 0.4296412765625 0.625329796875 0.43685772656250005 0.6679276515625 0.48087078281249995 0.6772276609375 0.477041915625 0.690387884375 0.4627964171875 0.676072371875 0.44600687812500006 0.7066495265625 0.4146490765625 0.7141383015625 0.401431303125 0.744924596875 0.42787018281250006 0.7287031796875 0.455024096875 0.73468538125 0.459701353125 0.7474337296875 0.4600735484375 0.760492834375 0.46615072343749997 0.77870878125 0.4515302078125 0.7760191187500001 0.45997066875000003
0 0.1732404625 0.4707097390625 0.160254471875 0.48831810937500003 0.1894921921875 0.5169773125 0.199935440625 0.525284059375 0.21640852656249998 0.5132893859375 0.21418742812499997 0.506215440625 0.1894328484375 0.484929396875 0.1732404625 0.4707097390625
0 0.8115313828125 0.3211157484375 0.8137066078125 0.3214210296875 0.8031715374999999 0.33060562031249996 0.83757641875 0.3626707828125 0.8302969234375001 0.37162790625 0.8357862562499999 0.3764484703125 0.847790203125 0.3704056515625 0.8526663453125 0.37592229375 0.8735251625 0.3543017046875 0.8682723171875001 0.3423225796875 0.8637362187500001 0.34263951718749996 0.8285677187499999 0.3086897796875 0.8115313828125 0.3211157484375
0 0.767820740625 0.9298274671875 0.75749808125 0.9381697859375 0.7995068640625 0.9720770828124999 0.8054386015624999 0.9646730187499999 0.823099721875 0.951375965625 0.7811655203125001 0.9187481515625 0.767820740625 0.9298274671875
0 0.8725553156249999 0.7421732750000001 0.8692753156249999 0.74048629375 0.8700917 0.732808178125 0.870525275 0.7181889703125 0.8558531875 0.7064978015625 0.81698950625 0.748603271875 0.8319548671874999 0.7653256328125 0.8443869765625 0.760646465625 0.8566687703125 0.764230334375 0.861674146875 0.7626176890624999 0.8679899593749999 0.762176403125 0.8738826234375001 0.764943759375 0.8850155703125001 0.7705022796875001 0.8856059078125 0.7806297234375 0.88402843125 0.786466634375 0.8921405234374999 0.7947838375 0.8886002312500001 0.7994731953125 0.901992946875 0.800431828125 0.9108331484375001 0.7991827046875 0.914371025 0.805293665625 0.9222252390625 0.8091868890624999 0.9293183640624999 0.811238909375 0.9358025140624999 0.813311703125 0.9557600578125 0.7960436625 0.9244406375 0.770926728125 0.9188071156250001 0.7726050375 0.913490984375 0.7685127031250001 0.904022634375 0.7698274921875 0.9024680125 0.7648408812499999 0.9143819515624999 0.762114071875 0.8981198453125 0.7448290796875 0.881558371875 0.744091846875 0.8725553156249999 0.7421732750000001
0 0.9775412640625 0.1935765140625 0.88160670625 0.291810375 0.9278685609374999 0.3291439515625 0.982111753125 0.271984953125 0.9775412640625 0.1935765140625
0 0.482539621875 0 0.48146461250000006 0.0000751109375 0.46337917656250005 0.01418569375 0.43875805312500005 0.0314529609375 0.46775073125000005 0.0577776390625 0.3986485421875 0.1284518890625 0.3708059171875 0.153260475 0.3509415578125 0.1418449921875 0.3448791890625 0.14775574375 0.330506590625 0.152418071875 0.3291613 0.16074282812500001 0.35429410156249996 0.18365730625 0.37245051406249996 0.18147418906249999 0.38815941249999997 0.1840347234375 0.3898673578125 0.197633325 0.3801587484375 0.2037988375 0.3908230203125 0.21402807343750002 0.4001950953125 0.23349288124999998 0.42191326875 0.229231846875 0.43237416562500003 0.22027018437499998 0.4395604640625 0.2179390203125 0.516328046875 0.15315266875 0.5891078640625 0.0831359921875 0.54882651875 0.0511983484375 0.48866230625 0 0.482539621875 0
0 0.0736955203125 0.3668109703125 0.0841620109375 0.36803938125 0.095885540625 0.35681205 0.07796488124999999 0.339860684375 0.07157298906250001 0.34161375625 0.06371822499999999 0.35191754375 0.07110127656250001 0.35595255937500003 0.0643970484375 0.3635630203125 0.0736955203125 0.3668109703125
0 0.361671771875 0.7136121453125 0.3943034921875 0.7432971312500001 0.45312586875000005 0.6731016125 0.4223201859375 0.6470778046875 0.361671771875 0.7136121453125
0 0.955474796875 0.4172962015625 0.804817946875 0.5786763109375 0.8660043609375 0.6238075546874999 0.9035041734375 0.6641049812500001 0.9131299343749999 0.6621259578124999 0.98637819375 0.5900515234375 0.9858118749999999 0.58033611875 0.9900079296875001 0.5741856000000001 0.9921381359374999 0.56624149375 0.9934110015625001 0.5662571390625 0.99438514375 0.4825396203125 0.9924249749999999 0.44891220625 0.955474796875 0.4172962015625
0 0.37183080468749996 0.78732756875 0.4811024953125 0.9066816296875 0.514871375 0.8751225984375001 0.5322810609374999 0.8904112546875 0.5749465890625001 0.837261771875 0.5627405296875 0.82413538125 0.5808477640625 0.8076498546875 0.5225918328125 0.7570879796875001 0.44846186250000003 0.837215259375 0.3472402203125 0.7363296515625 0.3382347453125 0.7452113984375 0.337529603125 0.754797896875 0.3374309015625 0.7643202484375 0.328910615625 0.759842103125 0.319536025 0.7623914875 0.3157720984375 0.7740860828125 0.36191266093749996 0.8026094625000001 0.37183080468749996 0.78732756875
0 0.638990490625 0.09360814843750001 0.6481289109375 0.0866332671875 0.6407195484375 0.0795298859375 0.640881803125 0.079322578125 0.6329362359374999 0.0876947796875 0.638990490625 0.09360814843750001
0 0.48139137656250003 0.62788255 0.5257960859375 0.5828858609374999 0.5324797515624999 0.588755253125 0.508942840625 0.620884071875 0.5183883359375 0.6303928062499999 0.5263928671875 0.6260229921875 0.54335240625 0.6006901124999999 0.5555218078124999 0.6131876046875 0.571644525 0.5955560421875 0.549846334375 0.57040531875 0.5584310765625 0.5539318953125 0.547408103125 0.5502600734375 0.5397371843750001 0.54951134375 0.53716359375 0.5382595484375 0.5322202593750001 0.5297209453125 0.45278669843749997 0.617186625 0.443299715625 0.6286496328125 0.47530690625 0.654349971875 0.4850151109375 0.646682046875 0.4905765796875 0.643767625 0.4888536171875 0.6362669328125 0.4859301953125 0.6294815781249999 0.48139137656250003 0.62788255
0 0 0.0921739125 0.0021991125 0.0939638296875 0.009916334374999999 0.1007408578125 0.078777884375 0.028210815625000003 0 0.033715024999999996 0 0.0921739125
0 0.8621872671874999 0.1997981640625 0.8237098421875 0.24067905 0.9248073140624999 0.324480353125 0.9821970484375001 0.273448265625 0.9719159156250001 0.097071525 0.8621872671874999 0.1997981640625
0 0.6698488593749999 0.9359106515625 0.679508884375 0.9431180749999999 0.6982006640625 0.9246973234375 0.6740549234375 0.8947895890625001 0.582433809375 0.9946472984374999 0.6377107765625001 0.9907851000000001 0.63014505 0.9781836937499999 0.6698488593749999 0.9359106515625
0 0.5058243375 1 0.5796874 0.994839190625 0.553340815625 0.9716829015625 0.5196108953125 0.935868915625 0.46036303125 1 0.5058243375 1
0 0.159224725 0.4388748484375 0.165987315625 0.431891771875 0.1739925078125 0.42416864062500004 0.170398153125 0.4185842109375 0.1667015234375 0.4220868953125 0.155874546875 0.4150481046875 0.1601843703125 0.4108493421875 0.14228415156250002 0.39387477656250003 0.139853090625 0.3966575734375 0.11290710625 0.3699285984375 0.0924731296875 0.3876218703125 0.1394001359375 0.4337494171875 0.1550274078125 0.44500368124999995 0.159224725 0.4388748484375
0 0.7877842890625 0.27075568125 0.7380384953125 0.32169982343750003 0.7253365609375 0.33819962187499997 0.738321453125 0.34898527343749997 0.74900695 0.3423813390625 0.7572017578125 0.33791113125 0.7698047859375 0.3533614328125 0.8020489749999999 0.3158338453125 0.8115313828125 0.3211157484375 0.8229690109375 0.30535752031249996 0.8168881890625 0.3012315171875 0.7877842890625 0.27075568125
0 0.15462239375 0.0967271109375 0.099486059375 0.146414803125 0.0296549640625 0.22140778125 0.08377686250000001 0.2702117 0.2342041484375 0.119473584375 0.1777044734375 0.076235878125 0.15462239375 0.0967271109375
0 0 0.32224663750000004 0.0111393359375 0.3105180171875 0.0357388390625 0.3306390734375 0.0344024390625 0.3346300828125 0.0495455375 0.339821315625 0.06601356875 0.327739896875 0.060894696875 0.3203022828125 0.0537253 0.3176894546875 0.0480956109375 0.314947271875 0.0476885703125 0.3079643234375 0.0042192406250000005 0.25872095625 0 0.26345208593749997 0 0.32224663750000004
0 0.6921037875 0.085106734375 0.682832678125 0.08531901562500001 0.6772269640624999 0.087474421875 0.6760559890625 0.0901909515625 0.680232571875 0.093426603125 0.6843368890625 0.095796321875 0.688439940625 0.0981443578125 0.6942966484374999 0.092443946875 0.6965903515625 0.08655699375 0.7023201593749999 0.08615665156249999 0.707364121875 0.081841271875 0.6921037875 0.085106734375
0 0.6584759015625 0.0671189328125 0.640881803125 0.079322578125 0.6572809000000001 0.093723765625 0.6729987875 0.08073668125 0.6584759015625 0.0671189328125
0 0.5532016671875 0.2099989140625 0.546098025 0.20627099218749997 0.548254153125 0.19765006406250002 0.538807375 0.19036241874999998 0.5025678375 0.22252956406250002 0.49043421875000004 0.214384471875 0.4675522765625 0.239804534375 0.44814382343750003 0.26125846406250003 0.477450934375 0.2825094890625 0.5532016671875 0.2099989140625
0 0.12452329531249999 0.321343728125 0.193317846875 0.38969936875 0.286743328125 0.47460285 0.414991440625 0.3460130671875 0.444366678125 0.313476325 0.34868273437499997 0.2287088671875 0.34274588906250003 0.21845417031249997 0.307109825 0.1828386890625 0.279329328125 0.1642245859375 0.2601085125 0.1746910578125 0.12452329531249999 0.321343728125
0 0.2929725140625 1 0.23405200625 0.9367246687499999 0.2462136375 0.922919109375 0.1998099703125 0.8857696390625 0.16992551250000001 0.9091966734374999 0.1397981328125 0.9288301421874999 0.12051935312499999 0.9644719828125 0.082745228125 1 0.2929725140625 1
0 0.7111599953125001 0.0789195640625 0.7155196609375001 0.08566989375 0.7260416609375 0.077008803125 0.721196090625 0.069399671875 0.7111599953125001 0.0789195640625
0 0.14465280625000002 0.60498723125 0.1492769640625 0.6069286890625001 0.1516390828125 0.60857093125 0.1610645140625 0.5997904890625 0.162577715625 0.5947201765625 0.1641427453125 0.590538996875 0.1686354359375 0.59022509375 0.16417884375 0.583307340625 0.15839718593750002 0.5850613250000001 0.15570591250000002 0.5852493640625 0.157524321875 0.5932659734375 0.1562570609375 0.5947045359375001 0.14821336406250002 0.596159303125 0.142536628125 0.5997132390625 0.139574134375 0.6030993046875001 0.14465280625000002 0.60498723125
0 0.626060453125 0.49575024218749997 0.5976226453125 0.4636165515625 0.569576203125 0.49427494375 0.60002890625 0.5235895890625 0.6133785515625 0.510724425 0.626060453125 0.49575024218749997
0 0.720712215625 0.0539953609375 0.729355115625 0.060577065625 0.7361303484375 0.0538108515625 0.7257829953125 0.043036885937500005 0.720712215625 0.0539953609375
0 0.390748146875 1 0.4117015109375 0.9774638546875 0.39499225937500004 0.960732690625 0.367637790625 0.993541959375 0.3740060140625 1 0.390748146875 1
0 0.7934473921875 0.7036289578125 0.8029244390624999 0.69610783125 0.8264581 0.7203751875 0.8324466812500001 0.71843255 0.8527873093749999 0.7010070953125 0.761639465625 0.6159227015625001 0.7252137359375 0.5925561125 0.6925712515625 0.634466428125 0.7195933765625 0.65315529375 0.7297198640625 0.6440645765624999 0.7934473921875 0.7036289578125