0 0.488330815625 0.4742428046875 0.44667033125 0.165936834375 0.395994784375 0.178000828125 0.34154245156249996 0.184566303125 0.36344170937500003 0.3728555703125 0.1198603890625 0.40816751093750003 0.13740759375 0.525971071875 0.488330815625 0.4742428046875
0 0.2250204625 0.7622015625 0.1875974453125 0.7681433609375 0.144732121875 0.78047303125 0.22653528281250002 0.9548615093749999 0.26041271250000003 0.9442789078124999 0.29896702343750003 0.9234812140624999 0.2250204625 0.7622015625
0 0.517448775 0.4791998515625 0.1647523453125 0.5260072765625 0.17645152656250002 0.6341801296875 0.1966127375 0.648894675 0.44514821875 0.612533775 0.6274694609375 0.8938419359375 0.6868478484375 0.8570039656249999 0.736748934375 0.8290145578124999 0.517448775 0.4791998515625
0 1 0.7977239968750001 0.893538325 0.8638732046875001 0.9327611812500001 0.9252380953125 1 0.91216819375 1 0.7977239968750001
0 0.8732890093749999 0.869270721875 0.8001174140625 0.9112184078125001 0.8287596140625 0.9444653234375 0.8813603656250001 0.9352294015625 0.9254921703125 0.9266510484375001 0.8732890093749999 0.869270721875
0 0.13527641562499998 0.6912497984375 0.1487613828125 0.7683635843750001 0.23532099843749998 0.7526126953125 0.2259051703125 0.6789633484375 0.13527641562499998 0.6912497984375
0 0.629959878125 0.8916170031249999 0.6539764515625001 0.924838896875 0.724847746875 0.8805658890625001 0.7382783421875 0.8973624421874999 0.549429553125 0.999750215625 0.8249685765624999 0.9461908546875 0.7365014421875 0.831168871875 0.629959878125 0.8916170031249999
0 0.8373584828125 0 0.8459403312499999 0.0484805984375 0.9194566078124999 0.037495646875 0.9121681921875 0 0.8373584828125 0
0 0.9195175546875 0.037809190625 0.8413440015625 0.049159115625 0.9044195671875 0.2168717515625 0.9496917546875 0.19304199375 0.9195175546875 0.037809190625
0 0.9497300937500001 0.1932392296875 0.9039041125 0.21731581718749998 0.982733484375 0.3685552671875 0.9837103781250001 0.3680526375 0.9497300937500001 0.1932392296875
0 0.4819802390625 0.358647190625 0.48728675624999995 0.3620645328125 0.7529639031250001 0.29436766875 0.748998659375 0.2479851765625 0.7407219796875 0.20927517031249998 0.7300684984375 0.2053282609375 0.469807665625 0.268383153125 0.4819802390625 0.358647190625
0 0.6025668359374999 0.3605035125 0.5789580328125 0.3658663078125 0.57636158125 0.3525087234375 0.491589384375 0.3759071640625 0.50883849375 0.4210830171875 0.5861926875 0.3991049984375 0.5853272046875 0.39465246875000004 0.6100936 0.3863996625 0.6025668359374999 0.3605035125
0 0.4503014171875 0.164715215625 0.42924377031249994 0.0043952703125 0.060162018750000004 0.0761374953125 0.06448143437500001 0.10568745156249999 0.13854148125000001 0.09683655 0.1375029 0.091493515625 0.32974572343749997 0.0630659328125 0.346058271875 0.183473596875 0.3982227703125 0.1776322296875 0.4503014171875 0.164715215625