0 0.5332753484375 0.7414923609375 0.5939533390625 0.767920234375 0.634979228125 0.6379514609375 0.6423734249999999 0.6307357359375 0.5989425734375 0.6005319671875 0.585899334375 0.613599834375 0.5332753484375 0.7414923609375
0 0.001224115625 0.21040757499999999 0.0059623125 0.2154049234375 0.010612245312500001 0.2127882578125 0.0321467328125 0.23609653281249998 0.058002540625 0.205375696875 0.0137519390625 0.16303003437500002 0.001017990625 0.1749776359375 0.001224115625 0.21040757499999999
0 0.553489665625 0.003220109375 0.5096687703125 0.0029651656249999997 0.531957753125 0.027838292187500002 0.553489665625 0.003220109375
0 0.8684044984374999 0.462676134375 0.631076565625 0.33439703125000003 0.6037984046875 0.39100788125 0.843050290625 0.522943090625 0.8684044984374999 0.462676134375
0 0.049660996875 0.60516815 0.007083398437500001 0.6826618203125 0.007419390624999999 0.69710035 0.15369384218749998 0.780173825 0.1756424671875 0.7324905890625 0.201022553125 0.693756996875 0.049660996875 0.60516815
0 0.856167815625 0.8966329984374999 0.8671547687500001 0.8928679640625001 0.89364404375 0.8796022750000001 0.9280622640624999 0.8146213781249999 0.9188128734375001 0.7723023359375001 0.6902994046875001 0.651670284375 0.6443150265625001 0.7514628437499999 0.64960831875 0.7809325281249999 0.856167815625 0.8966329984374999
0 0.1598704046875 0.3335160875 0.1651181265625 0.34149397187499997 0.169537975 0.33964461562500003 0.17480636562500002 0.3485108828125 0.1942407625 0.3268543640625 0.17079176406250002 0.29141693750000003 0.15028214374999999 0.3050470125 0.1621554328125 0.32871571718750003 0.1598704046875 0.3335160875
0 0.0939615125 0.20039007031249997 0.11111032968750001 0.17995876093750002 0.1132768640625 0.158523878125 0.0692373046875 0.124359378125 0.044785565625 0.15237733281250002 0.0939615125 0.20039007031249997
0 0.8371617656250001 0.589534521875 0.8501356156250001 0.5654939734375 0.8316987984375 0.55454906875 0.8185183874999999 0.5785920234375 0.8371617656250001 0.589534521875
0 0.9306526375 0.4056376234375 0.9077906109375 0.3927603140625 0.8923251562500001 0.4207150125 0.9174353312499999 0.434310121875 0.9306526375 0.4056376234375
0 0.9595994390625 0.73593131875 0.9945408859375 0.6517045609375 0.8562594671875001 0.5702791421875 0.8158928124999999 0.65932215 0.9595994390625 0.73593131875
0 0.9808009203125 0.43239470156250004 0.9359616703125001 0.40470787656249996 0.8716132453125001 0.5304222984375 0.9215299703125 0.5561074546875 0.9808009203125 0.43239470156250004
0 0.010435489062500001 0.8267105546875 0.0873047015625 0.8759053984375 0.132064696875 0.7803222265625 0.0074335328125 0.697708078125 0.010435489062500001 0.8267105546875
0 0.45430998125000005 0.18757858593750001 0.42603912812500006 0.1819972234375 0.4057374546875 0.168160159375 0.38251325468749997 0.156589003125 0.364091615625 0.1605025625 0.3465342609375 0.1695931546875 0.3284573375 0.1883200125 0.332795596875 0.2149282796875 0.34879374687500003 0.234725821875 0.36171791249999996 0.2493927140625 0.38051840000000003 0.26175932031250004 0.4058840328125 0.27035035625 0.4849294796875 0.1990843375 0.45430998125000005 0.18757858593750001
0 0.6270411796875 0.8144669562500001 0.1217890796875 0.507447875 0.049660996875 0.60516815 0.201022553125 0.693756996875 0.23828949531250002 0.7094631828125 0.8059134703125 0.9994924468749999 0.837355825 0.9991265078125 0.840920290625 0.96591656875 0.8213811171875 0.935124753125 0.856167815625 0.8966329984374999 0.64960831875 0.7809325281249999 0.6270411796875 0.8144669562500001
0 1 0.521633703125 0.9671675875 0.5834750046875 1 0.60102959375 1 0.521633703125
0 0.271016003125 0.3063077375 0.2152751328125 0.24876185 0.192281190625 0.270170478125 0.1842549375 0.283076628125 0.2132493171875 0.3179742046875 0.15834039687499998 0.38141633124999996 0.175472221875 0.40109734843749995 0.271016003125 0.3063077375
0 1 0.44610796875 0.9808009203125 0.43239470156250004 0.9215299703125 0.5561074546875 0.9671675875 0.5834750046875 1 0.521633703125 1 0.44610796875
0 0.6098314203124999 0.49222027968750004 0.5905660687500001 0.5362351234375 0.727791390625 0.605128753125 0.7533164390625 0.5113607046875 0.6343096312500001 0.442255040625 0.6098314203124999 0.49222027968750004
0 0.40350356718749997 0.38203485625 0.4272967515625 0.33104430625000003 0.4039320625 0.3081086484375 0.3792018078125 0.3658884578125 0.40350356718749997 0.38203485625
0 0.023962928124999998 0.44733327031250003 0.05957884375 0.48798151093750003 0.089266125 0.4594273140625 0.0805965125 0.4402471125 0.085028225 0.43091663281250003 0.0794951703125 0.42310739531249997 0.0824646578125 0.4148685515625 0.071924665625 0.4049890203125 0.0677152375 0.40788987812500005 0.059538121875 0.3947796625 0.02423298125 0.4269744109375 0.031286470312499995 0.43796913593750003 0.023962928124999998 0.44733327031250003
0 0.08842694375 0.0158270890625 0.1114947765625 0.0393241734375 0.1238016109375 0.0265748640625 0.10478975937499999 0.0074323687499999996 0.0946275640625 0.0075506390625000004 0.08842694375 0.0158270890625
0 1 0.8683292890625 0.9431018921875 0.9978957906250001 1 0.9972335859375001 1 0.8683292890625
0 0.579960459375 0.462272009375 0.5957326609375 0.42352624375000003 0.5142172484375 0.3762205359375 0.49910363281250003 0.4148553078125 0.579960459375 0.462272009375
0 0.0160961265625 0.8542085359374999 0.0109980390625 0.8508848765625 0.012507545312500002 0.915752628125 0.01498578125 0.917479178125 0.027484668750000003 0.924525375 0.04395945 0.9248502765625 0.0443975484375 0.9001703296875 0.041909821874999996 0.8811661671875 0.030807740625000003 0.8684413125000001 0.0160961265625 0.8542085359374999
0 0.5590280703125 0.152302753125 0.5246331890625 0.10818912968750001 0.4845109640625 0.14380845 0.5197007625000001 0.1830150515625 0.5590280703125 0.152302753125
0 0.209598478125 0.044774762499999995 0.226765859375 0.0402351640625 0.23399409062499998 0.045420792187499996 0.25787618437500004 0.021335953125 0.25163209062499997 0.0057233546875 0.18373013437500002 0.0065136265624999995 0.1791034265625 0.010204637499999999 0.209598478125 0.044774762499999995
0 0.0231807796875 0.24413651249999999 0.001312525 0.2256039453125 0.0016358515625 0.281178934375 0.0297791703125 0.2702018328125 0.0231807796875 0.24413651249999999
0 0.7623033 1 0.8059134703125 0.9994924468749999 0.23828949531250002 0.7094631828125 0.1930486953125 0.7826089953124999 0.137157809375 0.8908657953124999 0.3378254578125 1 0.7623033 1