0 0 0.3880726796875 0.0780768265625 0.465139853125 0.07956118906250001 0.436314996875 0.08267713125000001 0.4158719046875 0.0980286953125 0.38566095312500004 0.086966240625 0.3775535390625 0.09071422812499999 0.3645386109375 0.0790799328125 0.3524515921875 0.06732965156250001 0.36124449062499997 0.054237159374999996 0.350706671875 0.060298725 0.3300905390625 0.040560714062499996 0.31297645625000003 0.029614087500000004 0.320261034375 0 0.34810837656250004 0 0.3880726796875
0 0.007231440625 0.567019521875 0.0010717609374999999 0.565752071875 0.003063353125 0.679827215625 0.0147502609375 0.6849192171875 0.0650196125 0.5792269765625 0.014476428125 0.555387803125 0.007231440625 0.567019521875
0 0.1928108375 0.6765073015625 0.2088878734375 0.6928543921875 0.24513075 0.6569912515625 0.23217044531250003 0.6415143359375 0.1928108375 0.6765073015625
0 0.23758029375 0.796249546875 0.2502758515625 0.81282603125 0.282887575 0.7854104046875 0.2697768515625 0.7688241609375 0.23758029375 0.796249546875
0 0 0.307907603125 0.016149903125 0.285931275 0.000743353125 0.2754607765625 0 0.2764968921875 0 0.307907603125
0 0.009696539062499999 0.297867525 0.029614087500000004 0.320261034375 0.0455029046875 0.3083123421875 0.02380879375 0.284245365625 0.009696539062499999 0.297867525
0 0.025127996875000003 0.45488800625000003 0.041964537499999996 0.4709509515625 0.061259609375 0.45143478437500006 0.045483140625 0.43603979531250003 0.025127996875000003 0.45488800625000003
0 0.0683093796875 0.47741272500000004 0.07984832343750001 0.4677743171875 0.061259609375 0.45143478437500006 0.0453994234375 0.46877647343750006 0.0671107421875 0.4888248734375 0.0683093796875 0.47741272500000004
0 0.15526655 0.505215175 0.1714224140625 0.5223242796875 0.2055949125 0.4854731734375 0.198146403125 0.472936825 0.1954140203125 0.4740645078125 0.1894573390625 0.46941173125 0.15526655 0.505215175
0 0.25865753125 0.40465980625000003 0.2753496484375 0.41245058593749995 0.28461614218750003 0.39150100625 0.2713112796875 0.3788074640625 0.25865753125 0.40465980625000003
0 0.251038471875 0.21221018749999998 0.268910053125 0.21749902968749998 0.2799751703125 0.1869760265625 0.262453484375 0.17920938125000002 0.251038471875 0.21221018749999998
0 0.1855580046875 0.1034432109375 0.2074981578125 0.15161150625 0.22638278750000002 0.143615584375 0.204799878125 0.09213944843750001 0.1855580046875 0.1034432109375
0 0.2306097765625 0.1492795234375 0.2441530078125 0.1430986265625 0.231608734375 0.08764719374999999 0.20729010625000002 0.092154353125 0.2220765390625 0.1334117734375 0.2306097765625 0.1492795234375
0 0.43372464375 0.30110213125 0.44199254374999997 0.3117803015625 0.45210056718749997 0.3027512953125 0.44448377812500006 0.29183580625 0.43372464375 0.30110213125
0 0.6007886859375 0.6248947265625 0.620990084375 0.6510360078125 0.6356709703125001 0.638707546875 0.6128789546875 0.6130565406249999 0.6007886859375 0.6248947265625
0 0.6953414703125 0.0306129390625 0.70937229375 0.049858415625 0.7211253531249999 0.039973567187499996 0.7065457640624999 0.0243253875 0.6953414703125 0.0306129390625
0 0 0.3467489171875 0.024562203125 0.32239519843750003 0.008419834375 0.3085613109375 0 0.3167921796875 0 0.3467489171875
0 0.1894573390625 0.46941173125 0.19464843125 0.4652426375 0.1711389390625 0.44103193437500005 0.155708640625 0.4392097296875 0.11949141562500001 0.46653370625 0.119767646875 0.5086281515625 0.135893409375 0.5240129796875 0.15526655 0.505215175 0.1894573390625 0.46941173125