0 0.26540598125 0.720008284375 0.2414596171875 0.71640875 0.23852330781250003 0.743312940625 0.26317316874999996 0.746417865625 0.26540598125 0.720008284375
0 0.0051547484375 0.886025996875 0.0053497843750000005 0.919549815625 0.0527867296875 0.9279056578124999 0.0549718859375 0.8926221125 0.0115699703125 0.8864408765625 0.0051547484375 0.886025996875
0 0.0628675703125 0.38684051875000003 0.06024811249999999 0.2939916375 0.031283928125 0.2883496578125 0.0026544171875 0.4562556640625 0.00413611875 0.7109385109375 0.025564935937499998 0.7139450671875001 0.045081237499999996 0.5308553468749999 0.046794565625 0.4702115125 0.0527856140625 0.47126681406250004 0.0628675703125 0.38684051875000003
0 0.239533 0.7131829203125 0.200431225 0.70526440625 0.19335867812500002 0.7394808796875 0.2321172953125 0.747112153125 0.2383940609375 0.7186521390625 0.239533 0.7131829203125
0 0.20719031562499998 0.36543986093749997 0.20688641093750001 0.3756951296875 0.13372508125 0.3702303703125 0.1323917265625 0.397416915625 0.3362321921875 0.4236117640625 0.339411175 0.367081590625 0.3223709484375 0.36655413124999997 0.32125674531250004 0.37914078125 0.20719031562499998 0.36543986093749997
0 0.3916536234375 0.147840875 0.32341678125 0.13891384843750001 0.3187222109375 0.18097153125 0.3862258375 0.1893570515625 0.3916536234375 0.147840875
0 0.31852743906250003 0.6384418078125 0.2728863328125 0.6332887625 0.263343815625 0.7454170453125 0.31158224687499997 0.7493781921875 0.31852743906250003 0.6384418078125
0 0.13647154687500002 0.6869881624999999 0.0973840765625 0.68068034375 0.0884193 0.7273258015625 0.1287937578125 0.7344376125000001 0.13647154687500002 0.6869881624999999
0 0.322228934375 0.07845998125 0.07758351718749999 0.05155141875 0.062178728125000006 0.169615834375 0.059908724999999996 0.287024959375 0.06339194375 0.38691226875 0.1325965046875 0.39621592968749997 0.14438570781249999 0.1619736015625 0.2987447015625 0.1795143265625 0.31304360625 0.1803836171875 0.316925415625 0.125420475 0.322228934375 0.07845998125
0 0.11652885937499999 0.5352347749999999 0.046128448437500004 0.5295553421875 0.031191656249999998 0.673804078125 0.10594503125000002 0.6816728828125 0.11652885937499999 0.5352347749999999
0 0.143857921875 0.16192186875 0.14230541562500001 0.2037083078125 0.192132709375 0.20815550468750002 0.18799617500000002 0.232415403125 0.2376115375 0.2372582375 0.2412975578125 0.21564050781250002 0.34832156406250003 0.225131996875 0.352137278125 0.20275364062499998 0.35000776093749997 0.199265278125 0.35249108906250004 0.1850642078125 0.143857921875 0.16192186875