0 0.273759775 0 0.21973522031249998 0.136045346875 0.44678815624999996 0.2249435765625 0.500121425 0.09605904531250001 0.509159846875 0.056163182812500004 0.3624658375 0 0.273759775 0
0 0 0.9914493140625 0.021244265625 0.9918201718749999 0.1425998984375 0.6654639718750001 0.0113986046875 0.6125303234375 0.014705817187500001 0.6040206640625 0 0.5984810656249999 0 0.9914493140625
0 0.129763153125 0 0.1365455640625 0.0025813484375 0.10611575312499999 0.0656967296875 0.1311102375 0.075439765625 0.1015962890625 0.1636644625 0.1782586484375 0.2001638453125 0.2328174953125 0.024223540625 0.242260653125 0.016451590625 0.25434231875 0.027034696875000003 0.2658190828125 0 0.129763153125 0
0 0.74252873125 0.011942198437499999 0.9505517671874999 0.0926584078125 0.9671198140625 0.0431306390625 0.980559653125 0.0083128796875 0.7455657359375001 0.0042106296875 0.74252873125 0.011942198437499999
0 0.563817178125 0.0010378750000000002 0.54638625625 0.0429399515625 0.6044726671875 0.06763388125 0.6179476546875 0.0342301359375 0.6230347828125 0.03705876875 0.6278093671875 0.02342124375 0.621369209375 0.0198731640625 0.629983284375 0.002192925 0.563817178125 0.0010378750000000002
0 0.5156544078125 0.8234495578125 0.526799434375 0.81168455625 0.5208487265625 0.7983164406250001 0.5069716234375 0.7948124921875 0.49608928125 0.813975259375 0.5156544078125 0.8234495578125
0 0 0.3931806515625 0.044360784375000004 0.4116415546875 0.05844826875 0.382749646875 0.0002797515625 0.359715353125 0 0.37173584375 0 0.3931806515625
0 0.092446859375 0.4278761984375 0.14885477656249999 0.4499532125 0.15738909843749999 0.41957270625 0.10621137656249999 0.39884818437499997 0.092446859375 0.4278761984375
0 0.16793147656250001 0.364568821875 0.1830891515625 0.32612794843750004 0.1714068390625 0.312398840625 0.14881022500000002 0.297718140625 0.183263359375 0.2046653734375 0.1215505625 0.175102571875 0.09552998124999999 0.24681882968750002 0.0894045546875 0.25123478593750004 0.07301202031250001 0.29415524375 0.0938842359375 0.3016518515625 0.08446263281250001 0.3187743765625 0.10423100625 0.32512099375000003 0.0876652921875 0.358666484375 0.0712615640625 0.35348758125 0.044360784375000004 0.4116415546875 0.092446859375 0.4278761984375 0.12992116250000002 0.3507497671875 0.16793147656250001 0.364568821875
0 0.223872303125 0.1563400921875 0.18366640781250002 0.2714284859375 0.21442678437499998 0.28566459375000003 0.2605675265625 0.16780951093750002 0.223872303125 0.1563400921875
0 0.386571071875 0 0.48937198281249994 0.0385090078125 0.5035559171874999 0 0.386571071875 0
0 0.4091462609375 0.23920329843750002 0.40281998906250005 0.2531833953125 0.4407149515625 0.272893234375 0.4471929796875 0.2523923921875 0.4091462609375 0.23920329843750002
0 0.3847868578125 0.21618536875 0.37486476562500004 0.23893102187499998 0.40162473125 0.2484874296875 0.4093380890625 0.2253553046875 0.3847868578125 0.21618536875
0 0.32093122812499997 0.228247909375 0.242525746875 0.41986296718749994 0.23675891249999997 0.43783210156249996 0.207204434375 0.4269004859375 0.1869312859375 0.4646649515625 0.3370078171875 0.5258866453125 0.3592725421875 0.4791546609375 0.4405723015625 0.27902273593750004 0.32093122812499997 0.228247909375
0 0.369673584375 0.49281791249999995 0.38678948125 0.49729167500000004 0.3813002515625 0.5089379625 0.41633851875000005 0.5280760609375 0.44273537812499997 0.47008724687500003 0.4047797125 0.45298570624999995 0.40085530468749997 0.464659309375 0.38569250624999996 0.4547399890625 0.369673584375 0.49281791249999995
0 0.47587547812500003 0.55490454375 0.490075678125 0.5258406453125 0.4622063609375 0.5125682796875 0.4354475171875 0.497358284375 0.4259651171875 0.5217642046875001 0.47587547812500003 0.55490454375
0 0.44230740625 0.33339290625 0.49749468124999996 0.35653584375 0.5052719546875 0.3474736234375 0.5201810140625 0.3580191078125 0.5390649437499999 0.3089449171875 0.5535279140625 0.3087625015625 0.5883933171875 0.22415385781250002 0.5733544 0.211714321875 0.5787082953125 0.1937379796875 0.5905763312500001 0.16959115 0.514480978125 0.1376897875 0.44230740625 0.33339290625
0 0.5994652484375 0.3584681390625 0.55951731875 0.4895651 0.993604534375 0.6530843359375 0.9970656999999999 0.504363446875 0.997579403125 0.416065259375 0.639715925 0.27975932812500004 0.5994652484375 0.3584681390625