0 1 0.5421892421875001 0.8332306375 0.5976909671875 0.8601803875 0.67566135 0.868571353125 0.6851528906250001 0.9002634468749999 0.6735159265624999 0.917090253125 0.660014778125 0.9303211203125 0.6483001625 0.9346513125 0.6665169828125 0.9417960390625 0.67194379375 0.9761551484375 0.657447778125 0.9688635015625 0.6390584015624999 0.9949703140624999 0.6313406828125 1 0.5528215953125 1 0.5421892421875001
0 0.398449603125 0.9891464781250001 0.6656321921874999 0.4527231890625 0.621867325 0.42748326875 0.33565494687499997 0.98548761875 0.398449603125 0.9891464781250001
0 0.7646457265625 0.183443909375 0.7651630671875 0.17536761875 0.7636127484374999 0.1671504828125 0.759553990625 0.159316753125 0.7450526921875 0.15335945625 0.67949521875 0.3335638484375 0.6958571640625 0.33907962812500003 0.7094020265625 0.3332696359375 0.7118827703124999 0.32632614375 0.7621466671875 0.197983575 0.7646457265625 0.183443909375
0 0.8028531078125001 0.010607796875 0.7717355640625 0.0950121109375 0.78973855 0.1066931515625 0.828203996875 0.012084917187499999 0.8028531078125001 0.010607796875
0 0.6031852359375 0.303718684375 0.6061730765625 0.29680473749999997 0.6135128140624999 0.30077642187500003 0.6246611109375 0.28470393125000004 0.56929246875 0.2556308625 0.5559552625 0.2817190390625 0.6031852359375 0.303718684375
0 0.70005029375 0.183672240625 0.7087911171875 0.1578254421875 0.6810326437499999 0.14810160156250002 0.6724205078125001 0.171939471875 0.70005029375 0.183672240625
0 0.0337173078125 0 0.030661165624999997 0.047709817187499996 0.070716534375 0.06443123281249999 0.0808745859375 0.0628641109375 0.09180835312499999 0.0606293125 0.10205869375000001 0.0576214453125 0.1128120765625 0.046760503125000005 0.12534610468750002 0.053234579687500005 0.1430181515625 0.030352329687500002 0.136527953125 0.023924890625 0.1462204015625 0 0.0337173078125 0
0 0.1462204015625 0 0.136527953125 0.023924890625 0.1430181515625 0.030352329687500002 0.132876134375 0.053917746875000006 0.13130798906250002 0.0650491046875 0.1323172046875 0.07631026875 0.13793519375000002 0.0826868875 0.21800705156250003 0.12531825624999998 0.22677252499999997 0.12324227031249999 0.2406901171875 0.121466478125 0.25126992812500004 0.1177649328125 0.25584569375 0.11371354843749999 0.2761003546875 0.08039045624999999 0.3042586671875 0.0311113359375 0.31160495 0.0108252 0.31357418593749997 0 0.1462204015625 0
0 0.3284730578125 0 0.325090984375 0.0021195375 0.3109139484375 0.03496166875 0.3042586671875 0.0311113359375 0.2761003546875 0.08039045624999999 0.2886504921875 0.0862951703125 0.2739529953125 0.1139131546875 0.272364565625 0.12504332812500002 0.27348296875 0.13459995 0.27717743281249996 0.1443066703125 0.2854832703125 0.1490882609375 0.29345140937499997 0.146110359375 0.3533351515625 0.1806607 0.36944275000000004 0.185061790625 0.379170634375 0.1813106046875 0.393309203125 0.1760851421875 0.407286721875 0.14031877343750002 0.415611 0.1438589921875 0.42877680468749996 0.1163147046875 0.44971759999999994 0.0627451359375 0.45043524375 0.0578986484375 0.45044551874999994 0.0513815109375 0.4470957875 0.0369287796875 0.44089603125 0.0288277265625 0.43338825156249994 0.0220762109375 0.3890483125 0 0.3284730578125 0
0 0.4816117359375 0.1433051890625 0.5056768953125 0.149025396875 0.5185593625 0.1274935046875 0.5067568578125 0.12104168281250001 0.522340559375 0.09103118437499999 0.5214502375000001 0.08236367343749999 0.5191823906249999 0.071680946875 0.5129097812500001 0.0615388546875 0.46529933906250004 0.038804165625 0.4154084328125 0.1444785953125 0.3893211359375 0.1925748390625 0.4354552296875 0.21324781874999998 0.44780497500000005 0.211156628125 0.45920185625 0.20709533125 0.46501385156249997 0.2005903546875 0.48108291249999996 0.1626850109375 0.47119913125 0.1599704796875 0.4816117359375 0.1433051890625
0 0.7361294421875 0.9915020546875001 0.707373259375 0.9783666656250001 0.7277069046875 0.9415856296875 0.71933736875 0.9241314765625 0.6647854390625 0.9029680171875001 0.6286634421875 0.9837607625 0.6555292390624999 0.9924399234375001 0.7361294421875 0.9915020546875001
0 0.9205685875 0.8011838828125001 0.9330046734374999 0.81268313125 0.972705265625 0.8006166109375 0.9485761343749999 0.7285135984375 0.9327798640625 0.7132134390625 0.7407706390625 0.774515084375 0.767364953125 0.8551736906249999 0.7788330640625001 0.8630317828124999 0.81190525 0.8517807515625 0.8346344046875 0.8243252296874999 0.842660625 0.83919301875 0.8481275593750001 0.8472921109374999 0.8776861796875 0.8346346468749999 0.8768578859374999 0.8195955890625 0.9205685875 0.8011838828125001