0 0.22137085625 0.409743571875 0.205668559375 0.4231280453125 0.21707357656249998 0.43515061250000003 0.231187915625 0.41623857500000006 0.22137085625 0.409743571875
0 0.255603496875 0.44883303281250003 0.27403546093750003 0.45384442968750005 0.2785038625 0.44256701875 0.257662465625 0.43599775156250004 0.255603496875 0.44883303281250003
0 0.578482134375 0.835845040625 0.570350284375 0.8248541859375 0.579787734375 0.7966686890625 0.571284678125 0.7868175875000001 0.5386384421875 0.8522951296875 0.57215404375 0.871287015625 0.5958814109375 0.8543626640624999 0.6026833625 0.8354226921875 0.578482134375 0.835845040625
0 0 0.22130955624999998 0.0375320890625 0.1863633421875 0 0.142445478125 0 0.22130955624999998
0 0.06435662343750001 0.19751684375 0.027032976562499998 0.21925601718749999 0.0454474765625 0.251821875 0.0829894765625 0.229412259375 0.06435662343750001 0.19751684375
0 0.024390646874999998 1 0.04692436875 0.9372279656250001 0 0.9205030046875 0 1 0.024390646874999998 1
0 0.197150103125 1 0.2002160890625 0.9909943718750001 0.19312668125000002 0.9834518156250001 0.14859440468750001 0.973340634375 0.090200659375 0.9530274453124999 0.0802219609375 0.9798669015625 0.086116853125 0.9845637828125 0.0914504578125 0.984470703125 0.090439590625 0.9940878578125 0.0843152546875 0.9957946546875001 0.0827148453125 1 0.197150103125 1
0 0.1545362234375 0.3176924484375 0.1725550484375 0.3051786109375 0.165026559375 0.28711091875 0.145910915625 0.3021104375 0.1545362234375 0.3176924484375
0 0.175382271875 0.32506159375 0.1562868 0.34352725 0.16621137187499999 0.35322021718749996 0.1863704625 0.334202690625 0.175382271875 0.32506159375
0 0.23804741875 0.41100801562499995 0.2648690375 0.436938596875 0.2818496875 0.421709684375 0.2510606609375 0.3900264140625 0.23804741875 0.41100801562499995
0 0.10320759531249998 0.33894273125 0.12791842656250002 0.342066865625 0.1286808140625 0.3279431671875 0.10734753125 0.320871396875 0.10320759531249998 0.33894273125
0 0.10472469843750001 0.29791833749999996 0.0838367984375 0.260440340625 0.0718723921875 0.26687104375000004 0.0943207078125 0.30514399062500003 0.10472469843750001 0.29791833749999996
0 0.0599612328125 0.24425784843749998 0.09561426875 0.2600792578125 0.1284015796875 0.222664496875 0.101969621875 0.19112739843749998 0.0706590203125 0.1996734109375 0.08231760625 0.22853514062500002 0.0599612328125 0.24425784843749998
0 0.109174496875 0.287263440625 0.12849165625 0.26106097500000003 0.1405898296875 0.2317846515625 0.1291791390625 0.22260648437500002 0.09335348125000001 0.2726069671875 0.109174496875 0.287263440625
0 0.13744063281250002 0.3131688140625 0.1257782015625 0.32566060625 0.1346391578125 0.335905440625 0.147543509375 0.322947553125 0.13744063281250002 0.3131688140625
0 0.131028025 0.31116971875 0.14276505625 0.3114981984375 0.145384378125 0.2956532890625 0.1313578109375 0.29145385468749996 0.131028025 0.31116971875
0 0.1477280296875 0.2935458265625 0.1655180296875 0.2799027078125 0.1566043234375 0.2605925859375 0.1340358015625 0.2780522421875 0.1477280296875 0.2935458265625