0 0.955762490625 0.3565324140625 0.999666096875 0.298737546875 0.9792491859375 0.277282415625 0.928600046875 0.3318780765625 0.955762490625 0.3565324140625
0 0.3669942953125 0.8921254390625 0.35322373749999997 0.878354346875 0.3252150828125 0.9160619484374999 0.34110515937499997 0.9256855937499999 0.3669942953125 0.8921254390625
0 0.818761190625 0.5521779734375001 0.756913059375 0.62193329375 0.82336540625 0.6822161734375001 0.8334966093749999 0.683459240625 0.8984638203124999 0.6077102828125 0.818761190625 0.5521779734375001
0 0.194164 0 0.21600671093749998 0.015791734374999998 0.48941644375 0.20572641093750002 0.508478059375 0.20488822812500002 0.55708966875 0.1271324875 0.3796935875 0 0.194164 0
0 0.7926504578125 0.68793375 0.7585882515625 0.7224599281249999 0.7850039640625 0.7399079890625 0.8137046 0.703940903125 0.7926504578125 0.68793375
0 0.840789340625 0.9063178109375001 0.8253871515625001 0.8860149281249999 0.7914479203125 0.911450334375 0.8083020109374999 0.9306337203125 0.840789340625 0.9063178109375001
0 0.7913673828125 0.809732225 0.6581522234375 0.8336587625 0.67586999375 0.9187698531249999 0.80899485625 0.8956152953125001 0.7913673828125 0.809732225
0 0.620776028125 0.7361124828125 0.64899421875 0.757674625 0.6604360046875 0.7442674890625 0.6310743515625 0.7231020015625 0.620776028125 0.7361124828125
0 0.763395784375 0.20397091875 0.874943509375 0.0422521796875 0.7008299453125 0.0208889828125 0.6736221578125 0.059970115625 0.6605355562499999 0.051070792187500005 0.643700953125 0.07325770625 0.6569965234375 0.0838159078125 0.6183630484375 0.1302430375 0.7412199625 0.20693278906249998 0.763395784375 0.20397091875
0 0.4781859078125 0.342703865625 0.4452152765625 0.387230525 0.5624245390625 0.46530802812500005 0.58411906875 0.46454679062500004 0.7374708140624999 0.24338843593749998 0.6192674375 0.164047928125 0.6021160828125 0.1638676 0.5732354281250001 0.2073075953125 0.5608213171875 0.1966785609375 0.54238890625 0.2210409796875 0.5559699859375 0.23145522812500002 0.4934215578125 0.3194482125 0.48178456562500005 0.30810909531249997 0.4644944671875 0.332276075 0.4649359140625 0.3323302390625 0.4781859078125 0.342703865625
0 0.19593828124999998 0.76179993125 0.1703676171875 0.8010595640625 0.12964873593749998 0.8555536203124999 0.2193403890625 0.9131617296875 0.289108478125 0.8166578640625 0.19593828124999998 0.76179993125
0 0.1499225890625 0 0.1493757734375 0.0010609984374999998 0.1460617703125 0.005084259375 0.1449443921875 0.0090861890625 0.14313675312500002 0.0136298734375 0.14255111874999998 0.0186367171875 0.1422965703125 0.0236841828125 0.14260185625 0.029113564062500003 0.1435472390625 0.034621484375 0.1452938203125 0.038639214062499996 0.1476779171875 0.042757540625 0.149791703125 0.046507103125 0.152907340625 0.04973076875 0.1571675890625 0.0540792921875 0.1613934375 0.055850687499999996 0.168405846875 0.058299578124999994 0.1724144125 0.0594402390625 0.1705772515625 0.05064591875 0.188580825 0.0515796328125 0.190946290625 0.058537059375 0.19583086875 0.057547890625 0.1993676046875 0.0544916296875 0.203686903125 0.052784281249999995 0.20687592656249998 0.050020953125 0.209883496875 0.045937721875 0.21210850468750003 0.040505575 0.2144444453125 0.034124996875 0.21533909375000002 0.029156068750000003 0.21671101875 0.020106671875000003 0.21600671093749998 0.015791734374999998 0.194164 0 0.1499225890625 0
0 0.8106565984375 0.8163274734374999 0.7991388500000001 0.8236845453124999 0.829096165625 0.8738291984375 0.840173040625 0.8671787171875 0.8106565984375 0.8163274734374999
0 0.937248896875 0.896876259375 0.9096988921875001 0.89888788125 0.9099617515625 0.910039578125 0.9391545671875001 0.9104444609375 0.937248896875 0.896876259375
0 0.268085596875 0.6681161515625 0.22970495156249998 0.7123817359375 0.20547840781249999 0.750486271875 0.3404329640625 0.84682734375 0.36249355 0.8408309640624999 0.40835385625000004 0.7730069125 0.268085596875 0.6681161515625
0 0.9554348218750001 0.5608930812499999 0.968736703125 0.54881045625 0.9209159843749999 0.5114640140625 0.9105924359375 0.5220103578125 0.9554348218750001 0.5608930812499999
0 0.0358812640625 0.18600249062500002 0.34680275 0.40130979531250005 0.3752488328125 0.40139932656250005 0.4492387625 0.2944506359375 0.20958393437499998 0.1342524375 0.17830657187500001 0.129273771875 0.0764180921875 0.056499171875 0.04601610625 0.0993552609375 0.0358812640625 0.18600249062500002
0 0.6147207546875 0.742707903125 0.59224480625 0.7660372390625 0.6179562093750001 0.7826158234375 0.6380216875 0.759796165625 0.6147207546875 0.742707903125
0 0.003224303125 0.5542107234375 0.195244015625 0.6932753578125 0.13423491875 0.7807412734375 0.1703676171875 0.8010595640625 0.254526590625 0.662872803125 0.0031068265625 0.46620557187499995 0.0027309984375 0.46941869531249997 0.003224303125 0.5542107234375
0 0.26689891875 0.0890883078125 0.248375640625 0.106571028125 0.242203125 0.1143602140625 0.22968122656249998 0.1312592703125 0.3111923578125 0.18338902968749998 0.34144206875 0.1443231609375 0.26689891875 0.0890883078125
0 0.2762959015625 0.945722478125 0.3317146734375 0.8943744375 0.2881361421875 0.8632536468750001 0.255162078125 0.8635929625 0.2193403890625 0.9131617296875 0.2762959015625 0.945722478125
0 0.3769819046875 0.7251944796875 0.3988274984375 0.723333121875 0.5489584046875 0.5006161765625 0.4398674625 0.42127508281250003 0.4211936921875 0.42511410468750005 0.3896121859375 0.464464028125 0.37763206718750003 0.45605843593750006 0.3606028234375 0.4818235421875 0.37264371406249996 0.48990099374999996 0.3093181671875 0.57688133125 0.296887428125 0.5683085828125 0.2778424390625 0.5929314359375 0.29049848906250003 0.6024491265624999 0.2575433359375 0.6468434484375 0.3769819046875 0.7251944796875