0 0.8809595546875 0.3578271 0.9979436500000001 0.3418203609375 0.9990083437499999 0.15881510000000001 0.8799344609374999 0.176027809375 0.8773509046875001 0.15697376406250002 0.850672046875 0.1593862015625 0.85146439375 0.1782113796875 0.8605796437500001 0.1781028171875 0.8809595546875 0.3578271
0 0.7865437703125 0.7555495390625 0.764918571875 0.3921445765625 0.5653136546875001 0.40566204375000003 0.5837720546875 0.7716744875 0.7865437703125 0.7555495390625
0 0.6727013296875 0.8177391578125001 0.7261712874999999 0.8130065734375 0.7230662453125001 0.76899775 0.6961655 0.774149953125 0.6697108796875 0.77472256875 0.6727013296875 0.8177391578125001
0 0.2904921671875 0.358774846875 0.2992229203125 0.4093011625 0.3172806359375 0.46573006250000004 0.546775271875 0.402762684375 0.5230621578125 0.2980785734375 0.2904921671875 0.358774846875
0 0.358715271875 0.705966925 0.28966015624999997 0.7211223515625 0.308673175 0.8076177765624999 0.3749719859375 0.7928384625 0.358715271875 0.705966925
0 0.277810996875 0.6274447890625 0.28564350156249996 0.693264203125 0.3562363953125 0.6800724953125 0.347436259375 0.612485825 0.277810996875 0.6274447890625
0 0.33330940937500003 0.523523275 0.2933634421875 0.5312792468749999 0.302870671875 0.59930011875 0.3093959328125 0.6013826734375 0.3706851671875 0.5894474562500001 0.3621679859375 0.5229914578125 0.33424821875 0.5283141828125 0.33330940937500003 0.523523275
0 0.4015346875 0.457639846875 0.36937100312500004 0.46792310937500003 0.3827774265625 0.5200931671875 0.41671418281249994 0.508544353125 0.4015346875 0.457639846875
0 0.363063915625 0.469582546875 0.33011459374999996 0.47958785 0.34147734218750003 0.522569528125 0.3682993921875 0.516285309375 0.3700058578125 0.5211480140625 0.37633536875 0.519286190625 0.363063915625 0.469582546875
0 0.1531905578125 0.3563622859375 0.137806403125 0.3583383390625 0.1417446046875 0.3870888734375 0.148364178125 0.427009565625 0.164269 0.4243869671875 0.166355653125 0.455111403125 0.221603190625 0.4492568265625 0.277384934375 0.44337041875 0.24703970156250002 0.2502406734375 0.1416218890625 0.26199526562500003 0.1531905578125 0.3563622859375
0 0.28760770468749997 0.5261196296875 0.277384934375 0.44337041875 0.221603190625 0.4492568265625 0.2314488609375 0.5319094234375 0.28760770468749997 0.5261196296875
0 0.2603838796875 0.73868941875 0.2708654015625 0.8078647218749999 0.30135513125 0.8018212828125 0.29070533906249996 0.7332436921875 0.2603838796875 0.73868941875
0 0.49660865468750004 0.7767320875 0.46159789843750004 0.7791832109375 0.4631001140625 0.8028392312499999 0.49793580625 0.800494421875 0.49660865468750004 0.7767320875
0 0.0497337828125 0 0.043597135937499996 0.055391601562500004 0.21284233125 0.0347687546875 0.47784773593749996 0 0.0497337828125 0
0 0.1132840375 0.074881021875 0.09783751874999999 0.08092045 0.10664415000000001 0.10902210000000001 0.1221760015625 0.103317825 0.1132840375 0.074881021875
0 0.94622644375 0.44171646875 0.99738875 0.437199746875 0.9974475343749999 0.42709564375 0.99329745 0.3462494015625 0.9065321234375 0.357846784375 0.9131483859375 0.42635386249999996 0.9360607765625 0.423486925 0.9443161984374999 0.42211194531249996 0.94622644375 0.44171646875
0 0.88401169375 0.672402621875 0.8891847140625 0.70364064375 0.9060233828124999 0.7205925921875 0.9750827578125 0.7118469578125 0.989395503125 0.5826549 0.8780096078125 0.5968778796875001 0.8641721531250001 0.6003686234375001 0.8554054499999999 0.6058058875000001 0.857108303125 0.655470434375 0.87425465625 0.6738825390625001 0.88401169375 0.672402621875
0 0.9429295828125 0.4641057203125 0.9360607765625 0.423486925 0.8634360375 0.4325420859375 0.8683806234375 0.4680528828125 0.8732748390625 0.4765672375 0.8904478953125 0.47428818125000005 0.8912416203125 0.46712372343749997 0.9429295828125 0.4641057203125