0 0.7915520703125 0.8338473125 0.7865880562500001 0.834858 0.7847273015625 0.8392752296875001 0.775296759375 0.8537531765624999 0.764914665625 0.8605707656250001 0.75783898125 0.8595801312500001 0.7486009734375 0.8561101437499999 0.7386053343750001 0.8476940796875001 0.7336269578125 0.8372220968749999 0.7314945328125 0.8236382734375001 0.7307226546875001 0.8144042499999999 0.7214211046875 0.81494616875 0.7229525812500001 0.8723145593750001 0.794210084375 0.875337703125 0.802443278125 0.84686071875 0.8031435765625 0.8130708312499999 0.7959517015625 0.8127683625 0.797597853125 0.8162597984375 0.7973571640625 0.8234485093749999 0.7915520703125 0.8338473125
0 0.9352023859375 0.8857614843749999 0.9873001531250001 0.8921254484375 0.9957379124999999 0.7670788890625 0.933328525 0.7623778671875 0.9352023859375 0.8857614843749999
0 0.72946568125 0.9311362843750001 0.7105670453124999 0.8128329187500001 0.5232303921875 0.8502015171874999 0.5505505 0.9826842687499999 0.70760056875 0.95948559375 0.713267609375 0.9422408015625001 0.72946568125 0.9311362843750001
0 0.9883225203125001 0.21037044843750002 0.8997714968749999 0.227934925 0.9126392703124999 0.2814964109375 0.991946271875 0.266935546875 0.9883225203125001 0.21037044843750002
0 1 0.49825244375000005 0.956988115625 0.5071598203125001 0.969729784375 0.5709495734375001 1 0.5656102875 1 0.49825244375000005
0 0.8552178781249999 0.3186911359375 0.8913584437500001 0.489719953125 0.9412882093749999 0.48288294687500005 0.9113640484375001 0.310690315625 0.8552178781249999 0.3186911359375
0 0.6928586484375 0.326567128125 0.8690980843749999 0.28954445156249997 0.8568578312499999 0.233581565625 0.677334953125 0.26845074062499996 0.6928586484375 0.326567128125
0 0.7514598484375 0.6111424734375001 0.924595425 0.575082228125 0.9128517171875 0.5143607328125 0.73949535625 0.5472873984375 0.7514598484375 0.6111424734375001
0 0.6880659890625 0.3587115828125 0.644756684375 0.3650626671875 0.639586340625 0.369732840625 0.673605096875 0.5339110015624999 0.7250078578125 0.525986125 0.6880659890625 0.3587115828125
0 0.4756592515625 0.3747140671875 0.64865564375 0.3374193890625 0.63653961875 0.275577246875 0.46262046718749994 0.3116029765625 0.4756592515625 0.3747140671875
0 0.53059011875 0.6554750031250001 0.7111765531249999 0.6193814843750001 0.6933703546875 0.5537824875 0.5136930859375 0.59280915 0.53059011875 0.6554750031250001
0 0.5210294953125 0.6088153625 0.4746405046875 0.3616265078125 0.3570557390625 0.3832072828125 0.40450899375000005 0.6319975375 0.5210294953125 0.6088153625
0 0.46262046718749994 0.3116029765625 0.9883225203125001 0.21037044843750002 0.985963821875 0.173552221875 0.9795496375000001 0.1600575296875 0.4480282421875 0.2674009140625 0.45609625468750004 0.284506840625 0.46262046718749994 0.3116029765625
0 0.5210294953125 0.6088153625 0.40450899375000005 0.6319975375 0.4057228796875 0.650945746875 0.427364546875 0.6510075859375 0.43894575312499995 0.6988722109375 0.5400480375 0.6805163609375 0.5455168078125 0.6736242890625 0.53059011875 0.6554750031250001 0.5210294953125 0.6088153625
0 0.3570557390625 0.3832072828125 0.4746405046875 0.3616265078125 0.45609625468750004 0.284506840625 0.33979377187500004 0.30827754375 0.3570557390625 0.3832072828125
0 0.572203190625 0 0.5721576578125 0.00021686875 0.53517904375 0.0106281875 0.562471515625 0.1429923015625 0.618360728125 0.1366097328125 0.6247296 0.1640956984375 0.7409429265624999 0.1455007734375 0.7379366875 0.11421151249999999 0.79892363125 0.099836190625 0.781156046875 0 0.572203190625 0
0 0.38554257812500003 0.708096053125 0.382130434375 0.7311416171875 0.227242540625 0.7646356515625 0.25587776875 0.90826475625 0.45685413593749996 0.8648908265624999 0.422616321875 0.7010460859375 0.38554257812500003 0.708096053125
0 0.0436984109375 0.44651605937500005 0.0530926265625 0.44460595156249993 0.1026569296875 0.687882178125 0.1548845546875 0.6753198515625 0.1092503984375 0.432095225 0.2949300703125 0.395444434375 0.34261945625 0.59538095625 0.393219253125 0.5846169546875 0.341427034375 0.32970644843749997 0.031996046875 0.3914437234375 0.0436984109375 0.44651605937500005