0 0.169483715625 0.22934638281250003 0.143009734375 0.1635701890625 0.048614881250000005 0.204006875 0.075190034375 0.2662557828125 0.169483715625 0.22934638281250003
0 0.0915287375 0.122968446875 0.0861726234375 0.125204665625 0.10642396406250001 0.1792746 0.1457168609375 0.1626540453125 0.1196679984375 0.1035163125 0.091031315625 0.1114296203125 0.0937742921875 0.11474804999999999 0.0915287375 0.122968446875
0 0.8012506875 0.5879714359375 0.789865071875 0.5868913078125 0.786209415625 0.560234065625 0.7491529640625 0.559802875 0.75752488125 0.7565869921874999 0.8152153656250001 0.7557057578124999 0.815167275 0.7639718875 0.8562963078125 0.7644504671875 0.853721128125 0.7149615078125 0.8451782531250001 0.7139144578125001 0.843415753125 0.6910899875000001 0.8510221906250001 0.6902106875 0.8493375734375 0.6539991203125 0.840769025 0.653899415625 0.8399756859374999 0.62737629375 0.850455934375 0.6246553078125 0.8478251578125 0.5847228 0.8088902015625001 0.5814066546875 0.8012506875 0.5879714359375
0 0.1446266578125 0.3361813328125 0.12873573437500002 0.2950662359375 0.070639715625 0.3171337015625 0.0862405359375 0.35612834531250004 0.1446266578125 0.3361813328125
0 0.2622889671875 0.3165812953125 0.23043368281249998 0.2192484171875 0.174229790625 0.238394153125 0.2099559234375 0.33579223593749996 0.2622889671875 0.3165812953125
0 0.1737887453125 0.10626314218749999 0.20827159062499997 0.10545462812499999 0.2046809484375 0.02950045 0.1697049796875 0.0284281 0.1737887453125 0.10626314218749999
0 0.409806775 0.7137883015625001 0.40213176562499997 0.5635678656249999 0.3689201375 0.564209709375 0.3793260578125 0.7163572125 0.409806775 0.7137883015625001
0 0.30891050625 0.68993128125 0.3199608734375 0.904590515625 0.353243425 0.9021550203125001 0.3885198171875 0.9035736312499999 0.36850166406249996 0.566825984375 0.3092180875 0.5677491703124999 0.3103524265625 0.6500260015625 0.314847678125 0.6536672625 0.321500903125 0.6537446796874999 0.3252781921875 0.6594946625 0.3261705265625 0.6690016578125 0.3242311453125 0.6765804109375 0.31750601875 0.6888618640625 0.3117948609375 0.6897430546875001 0.30891050625 0.68993128125
0 0.574921659375 0.8033969765625001 0.563974078125 0.8032695890625 0.5462157484375 0.7989497703125 0.5357164078125 0.7980210921875 0.3824296078125 0.8067220203125001 0.38870266249999996 0.906801784375 0.6414405609375 0.893108465625 0.6365659078125 0.7917948890625001 0.5845381515625 0.7966535718750001 0.574921659375 0.8033969765625001
0 0.6395025890625 1 0.6368923125 0.954027409375 0.6337550046875 0.893724728125 0.37478433437500003 0.9078495875 0.3739567703125 0.9114692375000001 0.380685665625 1 0.6395025890625 1
0 0.70852055 0.9002402484375001 0.7658196671875 0.8938500546875 0.746339403125 0.5616855890625 0.7475284765625 0.554844121875 0.6322770265625001 0.558604203125 0.6526866765625 0.8973726703124999 0.70852055 0.9002402484375001
0 0.75949076875 1 0.757144446875 0.8947572421875 0.7063039796874999 0.9000128281249999 0.654297234375 0.8977946625 0.654795665625 1 0.75949076875 1
0 0.6380983625 0.770984696875 0.6243325140625 0.5656090140625001 0.5531833203125001 0.5647811171875 0.569739728125 0.775693678125 0.6380983625 0.770984696875
0 0.256871990625 0.6585172203125 0.2568389140625 0.6642027046875 0.2557752109375 0.68415135625 0.2556590890625 0.7041110328125 0.2556093546875 0.7126594203125001 0.29551969218749996 0.7112083671875 0.29567991718750003 0.6836680453125 0.2862281703125 0.67595674375 0.2786937515625 0.664457009375 0.2855845359375 0.6444955125 0.29164934531250003 0.641743309375 0.286821459375 0.570512959375 0.2592702296875 0.5720675 0.2553436234375 0.5919828375 0.25147600468750003 0.6052250234375001 0.25326055625 0.624259171875 0.25698811250000003 0.63855754375 0.256871990625 0.6585172203125
0 0.260451084375 0.08491116562499999 0.2868422140625 0.0852182546875 0.2845196578125 0.030429457812499998 0.2554950234375 0.028781151562500003 0.2258051859375 0.02710494375 0.2307535046875 0.084565603125 0.260451084375 0.08491116562499999
0 0.3512537390625 0.1282085125 0.3479818890625 0.1222224578125 0.348012503125 0.1169603625 0.348066340625 0.1077063296875 0.3454674390625 0.10041753281250002 0.33954377187499996 0.09970339843750001 0.3349153421875 0.10162548125 0.3308822234375 0.112123621875 0.323604921875 0.11534561875 0.3189879859375 0.11529189531249999 0.31901871718749997 0.11000963593749999 0.32764191249999997 0.10418215625 0.3283600296875 0.09164934218750001 0.3204568046875 0.0915573796875 0.313805546875 0.098073171875 0.30615943125 0.0537876609375 0.2855891671875 0.054536275 0.287220703125 0.08600900156249999 0.2583830203125 0.086883203125 0.281096978125 0.168201378125 0.320716328125 0.1509192546875 0.3421160890625 0.2224634125 0.36591605625 0.214151059375 0.37177918593750003 0.22873639375 0.40215641093750004 0.2231620453125 0.3905654984375 0.174193221875 0.3608573484375 0.1791301515625 0.353091371875 0.151981503125 0.37355415625 0.148912934375 0.3743000609375 0.13506986875 0.372328125 0.1343815546875 0.365723771875 0.1363008109375 0.359776190625 0.1362316046875 0.356497640625 0.13486271875 0.355170865625 0.1341819125 0.3512537390625 0.1282085125
0 0.8120847765624999 0.0808252609375 0.8132929046875 0.056845759375000006 0.83703528125 0.058432598437500004 0.838018040625 0.0246715875 0.783804109375 0.020613100000000002 0.778847840625 0.078885990625 0.8120847765624999 0.0808252609375
0 0.4157420734375 0.1025458234375 0.41673827656249995 0.1080618203125 0.4173271640625 0.1108107953125 0.4188750984375 0.118530940625 0.42333074374999996 0.1185827859375 0.43099754843750004 0.117724353125 0.444711915625 0.117077428125 0.45016367500000004 0.11572947812500001 0.45741730937499997 0.10964410937499999 0.44736083437499996 0.0429903296875 0.440182215625 0.050044379687499994 0.43418469374999996 0.0516279296875 0.4286170109375 0.052107535937500005 0.41812865625000006 0.0596876265625 0.41597877499999997 0.061860340624999996 0.41318148906249996 0.0678765875 0.41253184374999996 0.0755711625 0.413629896875 0.08437485624999999 0.4168438421875 0.089916659375 0.4157772609375 0.0964974375 0.4157420734375 0.1025458234375
0 0.049625290625 0.2036153796875 0.106422790625 0.1794762125 0.07981496406250001 0.1089804 0.0250383140625 0.125400621875 0.049625290625 0.2036153796875