0 0.48258436250000003 0.8665259359374999 0.4721751703125 0.8717721515625 0.45060700000000004 0.831503028125 0.41864892343750004 0.8436992999999999 0.40119814531250003 0.8424930078124999 0.3600202578125 0.8700866843749999 0.38986320937499996 0.8985288609375001 0.40511434375000005 0.9317652937500001 0.41358115937499995 0.9412521328125001 0.43314729375 0.9858898500000001 0.44782704687499997 0.98761924375 0.452100203125 0.9905150203125 0.495667153125 0.9666827109374999 0.492969678125 0.9593879718749999 0.52170048125 0.9371370000000001 0.4927257015625 0.90485065625 0.503291290625 0.8962937078125 0.48258436250000003 0.8665259359374999
0 0.21992885 0.5493894328125 0.206803203125 0.53220215 0.1895410640625 0.5439964078124999 0.193223284375 0.5510165703125 0.204248984375 0.5520612 0.21038868906250002 0.552897503125 0.21992885 0.5493894328125
0 0.678076665625 0.231000409375 0.7053983625 0.21387074843749998 0.701343871875 0.20355096874999998 0.6721883125 0.21925319375000002 0.678076665625 0.231000409375
0 0.22277894687500002 0.43975117187499996 0.2071301734375 0.3828453734375 0.170766003125 0.3902643140625 0.1829061484375 0.42674846562499996 0.1928344875 0.4237435484375 0.19864969999999998 0.44430619531250004 0.22277894687500002 0.43975117187499996
0 0.29133716718749997 0.36114049062500003 0.287057915625 0.3328829984375 0.2663285359375 0.3316526890625 0.25007173437499997 0.3100903359375 0.211520921875 0.3187423640625 0.1998800875 0.3356388078125 0.2055541484375 0.37595970156249997 0.29133716718749997 0.36114049062500003
0 0.7224488734375 0.2997989484375 0.7132345765625 0.307812590625 0.715009246875 0.32089063125 0.723991909375 0.3303022578125 0.7381378671875 0.3299153875 0.7512408265625 0.322874775 0.7524312390625 0.31466873125 0.7508444984375 0.302419859375 0.7371345 0.2950313234375 0.7224488734375 0.2997989484375
0 0.7633460609375 0.3052033828125 0.780960234375 0.3306775171875 0.807643503125 0.31621796406249997 0.7865843859375 0.2905516796875 0.7633460609375 0.3052033828125
0 0.6883939265625 0.5643347703125 0.7297980609375 0.6209456656250001 0.8231119921875001 0.5684562984375 0.8991470265625001 0.5180537421875 0.86159224375 0.460117584375 0.6883939265625 0.5643347703125
0 0.2307397421875 0.47336618125 0.2249317765625 0.43923391875 0.187830696875 0.44827738281249996 0.196548071875 0.48667137968749996 0.2307397421875 0.47336618125
0 0.40865509062500005 0.79073648125 0.3819754515625 0.75145445 0.352523509375 0.7722009484375 0.33658092968750003 0.7579620031250001 0.26631943125 0.7999584421875 0.32848850937499996 0.8718045859375 0.3607016328125 0.8681844312500001 0.401015934375 0.8452321875000001 0.41938651406250005 0.8437374203125 0.443726534375 0.822869584375 0.4208133390625 0.7880422296875 0.40865509062500005 0.79073648125
0 0.491196090625 0.26004910468750003 0.47129482187500005 0.240394109375 0.43632976718750005 0.2704065484375 0.46136381875000004 0.28907042656250004 0.491196090625 0.26004910468750003
0 0.1001990328125 0.352416521875 0.100832990625 0.35967957031250003 0.11173840312500001 0.379369990625 0.14402625156249999 0.3708139140625 0.14148014375 0.3479048515625 0.1001990328125 0.352416521875
0 0.7517142515625 0.33375971875 0.7375776828125 0.3466932296875 0.73537665 0.3648893421875 0.7447663453125 0.3792124578125 0.7694319671875001 0.3830917625 0.783964384375 0.378996 0.7918540828125 0.363805346875 0.7929771078125001 0.3471872984375 0.7783558687500001 0.3321446546875 0.7517142515625 0.33375971875
0 0.2120220296875 0.5852904140625 0.23666471875 0.6060900140625 0.2509344484375 0.595592271875 0.24832582812499998 0.5866401546875 0.2236139234375 0.5633927125 0.2120220296875 0.5852904140625
0 0.5791176078125 0.7419738421875001 0.5172323984375 0.6448886078125 0.371760590625 0.7314563078125 0.410786875 0.790888309375 0.42975702499999996 0.7855335734375 0.4462484625 0.8178929265624999 0.5791176078125 0.7419738421875001
0 0.3449753984375 0.4755013265625 0.318158490625 0.4446034265625 0.28729384687500004 0.47211251875000004 0.31904157031249997 0.4981332796875 0.3449753984375 0.4755013265625
0 0.2511372703125 0.5493731734375 0.2402960234375 0.47801375312500005 0.210001303125 0.48127175937500005 0.21987281250000001 0.547892428125 0.2511372703125 0.5493731734375
0 0.8349364640625 0.5940700671875 0.863347015625 0.6123625859375 0.881222975 0.6107173218749999 0.8980479796875 0.6038165484375 0.9064160421875 0.580288225 0.8924726453125 0.5546975656249999 0.8651268 0.554450240625 0.8442428359375 0.5609643890625 0.832677271875 0.5742550296875 0.8349364640625 0.5940700671875