0 0.45510956562500005 0.49400858124999997 0.44068893593749997 0.484587346875 0.42846676562499997 0.4856030859375 0.41032805781250004 0.49181454999999996 0.3712957578125 0.5358299546875 0.35119406249999996 0.559666446875 0.355167284375 0.60385983125 0.409588790625 0.6329032578125 0.448435378125 0.6085067640624999 0.46676230937499996 0.5509138640625 0.4498175921875 0.5366420125 0.452495309375 0.5228063281249999 0.469702196875 0.5165297578125 0.4674494671875 0.5070238421875 0.45510956562500005 0.49400858124999997
0 0.93360893125 0.6415154859375 0.8705354609375 0.7528743578125 0.8874493453125 0.7634714234375 0.8499713468750001 0.8052805546874999 0.9849355531249999 0.8791925968750001 0.9965344640625 0.680208871875 0.9439567734375001 0.6489605203125001 0.93360893125 0.6415154859375
0 0.3288052640625 0.1308971390625 0.3454608125 0.1573908921875 0.3556895953125 0.1710822109375 0.3740442640625 0.1795095890625 0.3941379984375 0.1802680453125 0.42377094218750005 0.1622169265625 0.4237310015625 0.1518194734375 0.432328203125 0.1491704375 0.3774292265625 0.03239565 0.353268021875 0.04562061875 0.3398927671875 0.0408131328125 0.32563774843750004 0.051480525 0.3287656796875 0.06469796562499999 0.3211916640625 0.0719592 0.3121809578125 0.081702025 0.317601115625 0.0892256703125 0.32570857656249996 0.0949783390625 0.3364867609375 0.0996266265625 0.34361097812499997 0.11116455 0.33912495 0.121245771875 0.3288052640625 0.1308971390625
0 0.14787310468749998 0.9074928984374999 0.1707376015625 0.9176599156249999 0.18745888593749999 0.9246821828125 0.1857090484375 0.9317716359375 0.20336580781250002 0.9384140984375 0.20657366875 0.9296235890625001 0.212879771875 0.9143052671874999 0.1964458515625 0.9099963390625 0.156551809375 0.8900699953125001 0.148394359375 0.9061938171874999 0.14787310468749998 0.9074928984374999
0 0.33007323906249997 0.9808550296874999 0.3306611875 0.9707685484375 0.244747103125 0.9733352109375 0.24593720000000002 0.9826555875 0.33028350624999997 0.9885488609375 0.33007323906249997 0.9808550296874999
0 0.0842007546875 0.7008490296875001 0.0900545765625 0.7158372734375 0.13267341875 0.73564238125 0.1330636609375 0.72894761875 0.15077274375 0.7335459656250001 0.31987398906250003 0.7790157265625 0.32400397812500004 0.74676254375 0.295312603125 0.747896309375 0.3384503046875 0.7396921187500001 0.31351834843750004 0.5800269484375 0.31036465625 0.5764233265625001 0.3066635453125 0.562720671875 0.3056606671875 0.5413270765625 0.151670421875 0.6023510453124999 0.12911039062500002 0.60415805 0.11288380625000001 0.6131073421875 0.0938297671875 0.6319643859374999 0.07140343593750001 0.6505858046874999 0.077281340625 0.6846511578125 0.0842007546875 0.7008490296875001
0 0.5193995265625 0.9224112812499999 0.519045371875 0.9418626140624999 0.5387295921875 0.9385636921874999 0.5398602640625 0.9191666125 0.5193995265625 0.9224112812499999
0 0.48666793124999996 0.8063617671875001 0.491863509375 0.7753182140625 0.46634490937499995 0.7701742171875 0.4813975765625 0.7622558203125 0.47815390156250004 0.7407056609375 0.4605721421875 0.71481494375 0.4601141015625 0.70356471875 0.41910753125 0.6847625953125 0.33366086250000004 0.7351061296875 0.35154287968750003 0.7363555453124999 0.36385937031250004 0.75626926875 0.3574866875 0.7692903265625 0.3745445046875 0.7850613921875 0.388554371875 0.79503264375 0.403869959375 0.801711853125 0.40546078437500005 0.8130189671875 0.407114925 0.8232398453125 0.43987857343750003 0.8389953562500001 0.4708980953125 0.8265834546875 0.48666793124999996 0.8063617671875001
0 0.3200943390625 0.6116703953125 0.3253596109375 0.617647390625 0.3323113765625 0.7101047203124999 0.295312603125 0.747896309375 0.3384503046875 0.7396921187500001 0.382760025 0.71138146875 0.41910753125 0.6847625953125 0.409588790625 0.6329032578125 0.3170457859375 0.58677285625 0.3200943390625 0.6116703953125
0 0.963834046875 1 0.9587795140625 0.9881676859375 0.978850415625 0.9835854015625 0.9821553218749999 0.9268884890625 0.8545832375 0.969980890625 0.8065672984375001 0.9915554 0.806841628125 1 0.8462226562499999 1 0.9240172703124999 0.9826226765625 0.9281619703124999 1 0.963834046875 1
0 0.233552471875 0 0.14822649999999998 0.040420310937499995 0.162154915625 0.0472029234375 0.17023760625 0.0529983796875 0.1698641609375 0.059404957812500006 0.16877990781250002 0.066540915625 0.15668250625 0.07344158437500001 0.17161870937499998 0.096565484375 0.1845379328125 0.09811364375 0.1962643578125 0.108659878125 0.21191287343749998 0.1065702921875 0.30796069843749996 0.063912071875 0.3089827078125 0.0574617765625 0.3398927671875 0.0408131328125 0.3065384578125 0 0.30326566875 0 0.302888821875 0.006464967187499999 0.29442751875 0.0071647625000000005 0.2798221046875 0.0009135640625 0.2785321015625 0 0.233552471875 0