0 0.686145925 0.81895246875 0.685194071875 0.78670570625 0.6466405796875 0.78610115625 0.6503480890625 0.8172044406250001 0.686145925 0.81895246875
0 0.5478214328125001 0.5527753421875 0.5366350375 0.4550640546875 0.4322631265625 0.46574971249999997 0.43844271093750004 0.48078628749999996 0.44920370312499996 0.482991903125 0.4452197328125 0.5017247703125001 0.43919030625 0.514248121875 0.4384920515625 0.5556411031249999 0.480678021875 0.5512329546875 0.47997488125 0.53568450625 0.5008729828125 0.5337311984374999 0.50750725625 0.5533098609375 0.5478214328125001 0.5527753421875
0 0.08103263125 0.397917021875 0.0684129578125 0.3748447625 0.018572920312499998 0.38557170625000003 0.038176329687499996 0.40542206875 0.08103263125 0.397917021875
0 0.2948004203125 0.474766540625 0.2986971671875 0.5268482125 0.324758846875 0.5270921546875 0.3287350625 0.49901365625 0.3104539671875 0.472373225 0.2948004203125 0.474766540625
0 0.4636482015625 0.35360560625000004 0.46202865624999995 0.314998403125 0.4314740578125 0.31473144999999997 0.4333833734375 0.35820622343749997 0.4636482015625 0.35360560625000004
0 0.0926879328125 0.6444395734375 0.08934106875 0.512043025 0.0288600359375 0.5126463875 0.022600065625 0.649617396875 0.0926879328125 0.6444395734375
0 0.5021188984375 0.3234989515625 0.5004183734375001 0.359980221875 0.520144746875 0.3603512109375 0.53930935 0.34062024375 0.5237589 0.3252414171875 0.5021188984375 0.3234989515625
0 0.6449012828125 0.929891946875 0.63165205 0.9218947125 0.6125948859375 0.925580659375 0.6265310640624999 0.9641440359375 0.7090825265625 0.9554757468749999 0.7062828999999999 0.9136345328125 0.6985796390625 0.9102129109374999 0.66027888125 0.915387453125 0.657790496875 0.9251878687499999 0.6449012828125 0.929891946875
0 0.62067640625 0.921015878125 0.61444941875 0.8775017140625 0.5172817390625 0.8904375109375 0.5283837124999999 0.9384571171875 0.62067640625 0.921015878125
0 0 0.17158040624999998 0.0720917546875 0.133843359375 0.03705430625 0.05483931875 0 0.06689491875 0 0.17158040624999998
0 0.8317408015625001 0.505153246875 0.8106487890625 0.486505115625 0.7821418671875 0.5076408375 0.807322103125 0.5264605437500001 0.8317408015625001 0.505153246875
0 0.521354434375 0.3585992078125 0.5232498890625 0.3802375859375 0.5486084796874999 0.37926267343750003 0.5482306203125 0.30401775781249996 0.52541875625 0.3054412109375 0.522822740625 0.3251738859375 0.5374295359375 0.336831496875 0.540162425 0.3411606453125 0.521354434375 0.3585992078125
0 0.9736419 0.3369664328125 0.9562537015625001 0.3582367390625 0.9786482921875 0.3709604078125 0.9870848046875 0.3624020015625 0.9852237578124999 0.34467367968749996 0.9736419 0.3369664328125
0 0.21781411875 0.9673747531249999 0.277656009375 0.962157953125 0.2702272265625 0.9215245875000001 0.2165253296875 0.9296003984375 0.21781411875 0.9673747531249999
0 0.363417815625 0.49477527343750005 0.36359788437499996 0.47141470312499995 0.3129251703125 0.476527503125 0.32951321093749997 0.49947247031249997 0.363417815625 0.49477527343750005
0 0.64570488125 0.863794365625 0.631166121875 0.7566956984375001 0.5377666343749999 0.7667544453125 0.55423924375 0.8419124703125 0.5612324390625 0.851845459375 0.5699142765625 0.8715428078125 0.64570488125 0.863794365625
0 0.3238662953125 0.9170647359374999 0.3287148203125 0.9358579562499999 0.3408231859375 0.9331980140624999 0.33767646875 0.9137584796875 0.3238662953125 0.9170647359374999
0 0.3203585203125 0.9428625265624999 0.31910887187500003 0.9054610234375 0.27224539375 0.9106164390625 0.2804643 0.9488725828125 0.3203585203125 0.9428625265624999
0 0 0.5262038921875 0.0131023671875 0.6510170515625 0.023774421875 0.652586171875 0.030700007812500003 0.49119041093750004 0.084520965625 0.48846323125 0.0841949109375 0.45037741249999996 0 0.4540712578125 0 0.5262038921875
0 0.591712140625 1 0.628362715625 0.9965743375 0.6284325265625 0.9622387859374999 0.5341681265625 0.9663763296875001 0.54021050625 1 0.591712140625 1
0 0 0.380509046875 0.0016417984375 0.38885960625 0.077293671875 0.376207328125 0.073545621875 0.36831868437500004 0.0655916640625 0.360823159375 0.0602663984375 0.35308193593750004 0.062356728125000004 0.3451791359375 0.059743040625 0.3379817859375 0.030822690625 0.34148223906249997 0.034076575 0.3539352140625 0.032249112499999996 0.3618134421875 0.0240993734375 0.3676248734375 0.0110119625 0.3643299859375 0.0069457859375 0.3559395328125 0 0.3584348359375 0 0.380509046875
0 0.8102979343750001 0.5255179671875 0.8127611124999999 0.529385071875 0.8266575218750001 0.5349077109375 0.8527334890624999 0.5175871437499999 0.8339672984375 0.5038156046875 0.8102979343750001 0.5255179671875
0 0.9032273640625 0.484009040625 0.8885611750000001 0.4614602828125 0.827451553125 0.500327284375 0.8538494999999999 0.5176821609375 0.9032273640625 0.484009040625
0 0.2620048640625 0.61920103125 0.282060746875 0.6136499125 0.297873834375 0.5938114015625 0.293534334375 0.5786028359375 0.2776700921875 0.5718245234375 0.263443528125 0.5543065125 0.243276671875 0.554375353125 0.22870846875 0.56858271875 0.231889915625 0.5944640062500001 0.2367506859375 0.6013627359375 0.24400149531249998 0.6006850140625 0.250266471875 0.60789545 0.24861892343749997 0.62275555625 0.2620048640625 0.61920103125
0 0.191697384375 0.349191321875 0.0979278609375 0.366261196875 0.10515540937500001 0.41087782031250003 0.2002300046875 0.394018178125 0.191697384375 0.349191321875
0 0.6216390984375 0.59092428125 0.5748858765625 0.5914405109375 0.5753440515625 0.5958050890625 0.5481741828125 0.6043909453125 0.528382496875 0.5941260140625 0.52188105625 0.6316540078124999 0.550367890625 0.6356135765625 0.553331534375 0.6535198796875 0.530497565625 0.6562078234375 0.533319825 0.6934180390625 0.5584056765625001 0.6965881031250001 0.5638672984374999 0.7170072484375 0.539678196875 0.722590325 0.54302619375 0.7597514000000001 0.6402747796875 0.7528543812499999 0.6216390984375 0.59092428125
0 0.485971928125 0.765815034375 0.487243025 0.7254537484375 0.46219282812499995 0.722834046875 0.4613978546875 0.7047250421875 0.4779122375 0.7048425546875 0.47479435312499996 0.66334115625 0.4537535015625 0.6639346453125 0.45111890624999995 0.6430519328125001 0.472963496875 0.6414752609375001 0.46592671562500004 0.600783109375 0.3835232671875 0.6066469453125001 0.378977975 0.6170825734375 0.3755607296875 0.6317315781249999 0.3585819125 0.6377259609375 0.377917728125 0.6436482453125 0.3941280484375 0.656462696875 0.3846767125 0.67663679375 0.3731205234375 0.6870854328125 0.3719747625 0.7075684640625 0.3947962140625 0.7258334718749999 0.389246778125 0.772640984375 0.485971928125 0.765815034375