0 0.0889812234375 0.3505597828125 0.1037204125 0.39074817031250003 0.1486903515625 0.38010003124999997 0.13913821875000001 0.3401903890625 0.0889812234375 0.3505597828125
0 1 0.7415408578125 0.9387649390625 0.75607945625 0.9777271359374999 0.915314509375 1 0.9107098453125 1 0.7415408578125
0 0.267264328125 0.5143417312499999 0.2577312484375 0.47314459375 0.147116090625 0.497589328125 0.15846238125 0.5419244921875 0.267264328125 0.5143417312499999
0 0.6565528781250001 0.007292475 0.6555609796875 0.0038139421875 0.5049392109374999 0.00293765 0.51310538125 0.0380069984375 0.6565528781250001 0.007292475
0 0.1306655203125 0.72849485625 0.19898951874999998 0.712590678125 0.15681365625000002 0.5574653453125 0.0888173171875 0.571522821875 0.1306655203125 0.72849485625
0 0.4729708515625 0.2345816671875 0.47056675156249994 0.20641261718749998 0.49373032656250004 0.20470884531250003 0.5029328375000001 0.2188169953125 0.603459721875 0.1856264921875 0.5798044375 0.10884229999999999 0.42496810625 0.1451314859375 0.4547726234375 0.2403931296875 0.4729708515625 0.2345816671875
0 0.9706381109375 0.9167800859374999 0.9239109171875001 0.7239313984375 0.84471943125 0.7430033171875 0.89149565625 0.933141896875 0.9706381109375 0.9167800859374999
0 0.9384546265625 0.22745390625 0.9119513515625 0.11648991875 0.785482534375 0.14486525156250002 0.7504652015625 0.004366078125000001 0.6690997109375 0.0038927078125 0.7428288203125 0.2768146703125 0.9384546265625 0.22745390625
0 0 0.1064827078125 0.19236638749999999 0.055338399999999996 0 0.095107984375 0 0.1064827078125
0 0.8392817515625 0.885613578125 0.8025571390625 0.7505511828125 0.7128255234374999 0.7733581828125 0.7454542859375 0.9069254250000001 0.8392817515625 0.885613578125
0 0.5641909828125 0.032647403125 0.5798044375 0.10884229999999999 0.603459721875 0.1856264921875 0.697498696875 0.161073290625 0.6597116625 0.011683579687499999 0.5641909828125 0.032647403125
0 0.5150561765624999 1 0.5203497546875 0.9989056125 0.48083214218750003 0.8205996093750001 0.37471595 0.8455779359375001 0.3723196015625 0.861093203125 0.3884219453125 0.9337642140625 0.34370345625 0.947715628125 0.354139509375 0.9731432718749999 0.3958921578125 0.961854196875 0.407994715625 1 0.5150561765624999 1
0 0 0.46335454218749994 0.020276046875000002 0.4592740125 0 0.3889057953125 0 0.46335454218749994
0 0.143494953125 0.4695142578125 0.147116090625 0.497589328125 0.2220089484375 0.48084503749999996 0.2167882578125 0.4562532484375 0.143494953125 0.4695142578125
0 0.5641909828125 0.032647403125 0.4161663921875 0.052395895312499996 0.41582167031250006 0.0524671625 0.433474053125 0.1422920890625 0.5798044375 0.10884229999999999 0.5641909828125 0.032647403125
0 0.049958996875 0.29875045624999996 0.1265456875 0.28384027968750003 0.1200239 0.248776146875 0.044029765625 0.2598032265625 0.049958996875 0.29875045624999996
0 0.791166490625 0.28467858281249997 0.8664791046874999 0.5545757671875 0.8909084640625 0.5428372734375 0.8895473125000001 0.5323998624999999 0.944921546875 0.5226632718750001 0.8747179859375 0.2648606625 0.791166490625 0.28467858281249997
0 0.529084396875 0.3350104375 0.725413384375 0.2855718546875 0.6960522234375001 0.171528184375 0.5029328375000001 0.2188169953125 0.529084396875 0.3350104375
0 0.219684171875 0.5349422406250001 0.2436404015625 0.628823325 0.407648803125 0.5915611765625 0.3798752609375 0.4924118 0.219684171875 0.5349422406250001
0 0.407994715625 1 0.3958921578125 0.961854196875 0.354139509375 0.9731432718749999 0.36173190625 1 0.407994715625 1
0 0.1357782265625 0.5393181874999999 0.0894257328125 0.358056625 0.0341865859375 0.37076025156250003 0.0813435171875 0.5567645406249999 0.1357782265625 0.5393181874999999
0 0.4729708515625 0.2345816671875 0.4547726234375 0.2403931296875 0.4816438609375 0.342814084375 0.529084396875 0.3350104375 0.49373032656250004 0.20470884531250003 0.4938310765625 0.20518342343749998 0.47056675156249994 0.20641261718749998 0.4729708515625 0.2345816671875
0 0.3238771265625 0.22545726875 0.3058450265625 0.1708172109375 0.275340878125 0.1860409296875 0.2823109578125 0.2188731265625 0.26728704531249997 0.22247455781249997 0.27241637500000004 0.24091516093749998 0.3238771265625 0.22545726875
0 0.5585505921875 0.672979028125 0.6411248656249999 0.6505708390625 0.6351432546875 0.6191105859375 0.5778290140625 0.631680253125 0.5585505921875 0.672979028125
0 0.25963531562500003 0.47808783750000006 0.267264328125 0.5143417312499999 0.272160559375 0.5202426765625 0.3798752609375 0.4924118 0.3852828390625 0.4719054015625 0.37082656875 0.4541320046875 0.33514788125 0.4615081703125 0.33188371562499996 0.47060492343749993 0.32277773125000003 0.4734782984375 0.310664203125 0.46981256250000003 0.3007548265625 0.46731247187499997 0.2964373640625 0.471447725 0.30079251875 0.4919624546875 0.2756709296875 0.49715605937499996 0.2703252234375 0.47653085781250004 0.25963531562500003 0.47808783750000006
0 0.778418528125 0.94926835625 0.7804557328125 0.9560981500000001 0.8534212953125 0.9410133421875001 0.8392817515625 0.885613578125 0.7277248515625 0.9111312296875 0.737565284375 0.9534583062499999 0.778418528125 0.94926835625
0 0.21331835 0.7990493796875 0.2017394125 0.7605045328125 0.14104726875 0.7755965406249999 0.14950009687500002 0.8113873796875 0.21331835 0.7990493796875
0 0.5778290140625 0.631680253125 0.5456526312500001 0.51666481875 0.5171620875 0.525482325 0.553487396875 0.67222430625 0.5585505921875 0.672979028125 0.5778290140625 0.631680253125
0 0.271675421875 1 0.252799284375 0.9316278609375 0.15852882343750002 0.9584807703125 0.170725428125 1 0.271675421875 1
0 0.0813435171875 0.5567645406249999 0.060824885937499996 0.47356714218749996 0.041956787499999995 0.47791827812500004 0.06361188125 0.5650916890625 0.08306179531249999 0.56242175 0.0813435171875 0.5567645406249999
0 0.33046841875 0.38035057031249997 0.35910528125 0.3779431109375 0.34229659218749997 0.31656479375 0.3134948671875 0.3181956703125 0.33046841875 0.38035057031249997
0 0.593515871875 0.8151156640625 0.6407722671875 0.9828368734374999 0.6807563421875 0.9721160984375 0.66960196875 0.930803775 0.6814070390625 0.9228461749999999 0.6483581953125 0.790266521875 0.593515871875 0.8151156640625
0 0.3723196015625 0.861093203125 0.32824746562499996 0.8749109890625 0.3323259390625 0.9036571406249999 0.34370345625 0.947715628125 0.3884219453125 0.9337642140625 0.3723196015625 0.861093203125
0 0.95538024375 0.2430866765625 0.8793590328124999 0.2632031015625 0.8917421937500001 0.307549090625 0.964701784375 0.2869953078125 0.95538024375 0.2430866765625
0 0.024437371875 0.11793375312500001 0.049380112500000004 0.20692703437499999 0.26251336875 0.14712369375 0.24177650156250002 0.0572834140625 0.024437371875 0.11793375312500001