0 0.5886146015625 0.316338065625 0.5800429953124999 0.3390129609375 0.606038575 0.34956803281250004 0.6158001265624999 0.32927825624999996 0.604307990625 0.3219354234375 0.5886146015625 0.316338065625
0 0.7115675046875001 0.6668401890625 0.7204355812500001 0.643260028125 0.6965811421875 0.6383307453125 0.6908127203125 0.6610684109375 0.7115675046875001 0.6668401890625
0 0.48528942031250005 0.05516953125 0.48047463125 0.05348289375 0.47233526093749995 0.048183784375 0.4725512421875 0.040076596874999995 0.4328619546875 0.026712835937500002 0.4251884265625 0.025393578125 0.408041690625 0.06564659218749999 0.5748680296875001 0.12959159375 0.587899146875 0.10773952499999999 0.5910348421875 0.090014421875 0.49646177968750005 0.0519994375 0.49546668125000004 0.053269434375 0.48528942031250005 0.05516953125
0 0.44816753593750003 0 0.43654965937499995 0.0014930203125 0.433262484375 0.0114965640625 0.5987772015624999 0.07328358593749999 0.61214001875 0.0542653375 0.617286778125 0.0339975515625 0.534506375 0 0.44816753593750003 0
0 0.727198265625 0.42327334843750003 0.731894896875 0.40422667656250005 0.672330478125 0.38880630781250003 0.6661227703125 0.40978149375 0.727198265625 0.42327334843750003
0 0 0.1360827171875 0.08486413125 0.1790683625 0.10712266875000001 0.1323632328125 0.08706596718750001 0.118803015625 0.0067749453125 0.08464208281249999 0 0.096834746875 0 0.1360827171875
0 0.8969649234375 0.5887005640625 0.9159563296875 0.5435785656250001 0.833453165625 0.5149472 0.8145509171875001 0.5606499515625 0.8969649234375 0.5887005640625
0 0.4989888515625 0.3451992078125 0.5127194125 0.312132171875 0.4220237625 0.27376695 0.404300075 0.3109004046875 0.4989888515625 0.3451992078125
0 0.46729555156249997 0.10881382656250001 0.40653360000000005 0.0831625328125 0.3995101921875 0.082330784375 0.38262984375000003 0.130650146875 0.5468651875 0.191459465625 0.5595830359375 0.16675005625 0.564411371875 0.14882857968750002 0.49280388124999996 0.11936806562499999 0.48971587968749997 0.12266250468749999 0.478077678125 0.121852746875 0.4698041625 0.11540760937500001 0.46729555156249997 0.10881382656250001
0 0.714118340625 0.2232222390625 0.716657571875 0.20872518750000002 0.6882869828125 0.20158443125 0.65556935625 0.3196201640625 0.6993566484375 0.331442071875 0.713812934375 0.29136560624999996 0.7501846875 0.296653265625 0.7598435328125 0.2937622734375 0.7696438359375 0.27090832656249997 0.77289199375 0.24889639843750003 0.7377624859374999 0.24010734375 0.7417518203125 0.2313037359375 0.714118340625 0.2232222390625
0 0.3398563671875 0.262118465625 0.3408807296875 0.2464413171875 0.1943395390625 0.1697795921875 0.182773421875 0.167776153125 0.16301780625 0.2107121234375 0.3124180046875 0.28013257343750003 0.3236957828125 0.2820250125 0.3398563671875 0.262118465625
0 0.714947609375 0.393164465625 0.728272490625 0.3984316921875 0.7395952515625 0.39111795 0.7496860609375 0.3638696984375 0.732767228125 0.35739345624999996 0.7251831296875 0.3611810875 0.714947609375 0.393164465625
0 0.8510066671875001 0.4626073671875 0.9236580343749999 0.487957465625 0.9353347171875 0.4881912171875 0.9459122359375 0.4649201328125 0.869603234375 0.4349216921875 0.8581826421875001 0.43524724218750005 0.8510066671875001 0.4626073671875
0 0.9959306234374999 0.6936484968750001 0.99622553125 0.6429583671875 0.9341932984374999 0.62012571875 0.9144975703125 0.6650209765625 0.963161440625 0.6828573984374999 0.9959306234374999 0.6936484968750001
0 0 0.25928656875 0.0404923140625 0.28493865937499996 0.062039217187499995 0.2558586203125 0.0216347671875 0.2305945203125 0 0.255379478125 0 0.25928656875
0 0.636073103125 0.533058059375 0.6454425234375 0.5086943578125 0.61303463125 0.4990902390625 0.6032348703125 0.5244821609375 0.636073103125 0.533058059375
0 0.699361575 0.7304850515625 0.7059923046875001 0.7084191328125 0.6415995484375 0.6962630484375001 0.6359262453125 0.7198133531249999 0.699361575 0.7304850515625