0 0.56750705625 0.7708324640625001 0.5378872046875001 0.7293015875 0.507100609375 0.6922702625 0.47998239218750005 0.7021206078125 0.5015731328124999 0.747773415625 0.5285235609375001 0.7877807703124999 0.56750705625 0.7708324640625001
0 0.4550426609375 0.7973138453125 0.4473613328125 0.77652229375 0.4201814 0.784780346875 0.43795547656249995 0.8179205140624999 0.453446884375 0.8137257109375 0.44961593593750004 0.8033525687499999 0.4550426609375 0.7973138453125
0 0.4860172078125 0.7477720625 0.46789998906249997 0.7095369015624999 0.404262646875 0.7277412453125 0.42009780625 0.7721982828125 0.4860172078125 0.7477720625
0 0.3057918671875 0.953801465625 0.311576328125 0.9837499421875 0.35112266875000003 0.9860532546874999 0.34693138437500004 0.9699221578125 0.33649072812499997 0.9688506890624999 0.329870509375 0.9487828984375 0.3057918671875 0.953801465625
0 0.2913346109375 0.9053867406249999 0.2998350546875 0.9401491734375 0.40724619687499997 0.9257962125000001 0.42149144843749997 0.974441309375 0.40266626875 0.9847305375 0.403493425 0.9891035046875001 0.48350220000000005 0.9937634843750001 0.5039112046875001 0.9860819421875 0.492632375 0.964926403125 0.47407104218749996 0.9706855578125 0.45668877031250005 0.9171799171874999 0.50768109375 0.9020343078125 0.5168268078125 0.9207928859375001 0.57827455625 0.8875228359375 0.6266993656250001 0.8547078734375001 0.577403778125 0.7797274843750001 0.42238635 0.8219342656249999 0.3753577859375 0.73038251875 0.3183104078125 0.752126015625 0.338028978125 0.8238612375000001 0.2929909578125 0.8348964656250001 0.2910082640625 0.868937996875 0.2913346109375 0.9053867406249999
0 0.2998350546875 0.9401491734375 0.2913346109375 0.9053867406249999 0.2196691125 0.8913274640625 0.210349628125 0.8986619625 0.19460479375 0.9030405921875 0.189606778125 0.9324051921875001 0.2998350546875 0.9401491734375
0 0.04536061875 0.9412147078125 0.011056874999999999 0.9502255140625 0.011243425 0.9662575421874999 0.11057049999999999 0.9720426859375 0.15793388125000002 0.959841046875 0.1449643640625 0.9184635265625 0.210349628125 0.8986619625 0.19157203750000001 0.8592630124999999 0.154069365625 0.87351734375 0.12936540937500002 0.8820740624999999 0.13071289218749998 0.8903828828125 0.1051658046875 0.8971252765625 0.0896684234375 0.9021802734375 0.059054953125 0.9095322578125 0.0550924203125 0.91543560625 0.0409685109375 0.9222916921875 0.04536061875 0.9412147078125
0 1 0.022083534374999998 0.9363080890625 0.018373903125 0.6550804046875001 0.22573592812499998 0.7323298421875 0.313266746875 1 0.11548645312500001 1 0.022083534374999998
0 0.671337525 0.32659426874999997 0.6282900296875 0.272388146875 0.4852716765625 0.3711188875 0.532733125 0.42834025000000003 0.671337525 0.32659426874999997
0 0.7777444375 0.6761271140625 0.7411001078125 0.62677318125 0.7103022828125 0.646382709375 0.6955933453124999 0.6257776078124999 0.6658310109375 0.6465507078125 0.7216771875 0.7151385953125 0.7777444375 0.6761271140625
0 1 0.42705005625 0.978099815625 0.4055818890625 0.8406073859375001 0.513239928125 0.8903103421875 0.56569335625 1 0.47858749375 1 0.42705005625
0 0.9012987062500001 0.5990340609375 0.9303937140625 0.6344222937499999 0.9458186375000001 0.6203825171874999 0.9544592890624999 0.6247030671875 0.9680067125 0.6141064421875 0.9426706296875 0.58085681875 0.930570334375 0.5931264265625 0.9280253484375001 0.5875722109375 0.9012987062500001 0.5990340609375
0 0.8855271828125 0.5796247906249999 0.862506759375 0.54904754375 0.7956753078125 0.6001196015625 0.8198019046875 0.6332987828125 0.8855271828125 0.5796247906249999
0 0.19157203750000001 0.8592630124999999 0.17487788124999998 0.8056871234375 0.1551979375 0.8029963296875 0.1448809734375 0.8100300125000001 0.1429029890625 0.8455060624999999 0.154069365625 0.87351734375 0.19157203750000001 0.8592630124999999
0 0.09054608125 0.8496057625000001 0.1051658046875 0.8971252765625 0.13071289218749998 0.8903828828125 0.12936540937500002 0.8820740624999999 0.154069365625 0.87351734375 0.1429029890625 0.8455060624999999 0.11978019375 0.8504037796875 0.11148859062500001 0.8434998609375001 0.09054608125 0.8496057625000001
0 0.0896684234375 0.9021802734375 0.077422753125 0.8218556093749999 0.0463999921875 0.8282790796875 0.059054953125 0.9095322578125 0.0896684234375 0.9021802734375
0 0.0430429609375 0.859019040625 0.010070096875 0.8654219781249999 0.01058545 0.9097113359375 0.047713684374999996 0.901192996875 0.0430429609375 0.859019040625
0 0.2695698671875 0.5050910375 0.25954130468750003 0.460575021875 0.228926334375 0.4675738734375 0.232058809375 0.48918167968750004 0.239203665625 0.4926648921875 0.2471905578125 0.518438921875 0.2695698671875 0.5050910375
0 0.25923941093749997 0.3657430421875 0.237250421875 0.3360202171875 0.19726958125 0.3439519421875 0.1846456359375 0.3163412015625 0.14534096875 0.325923071875 0.138053521875 0.3017784796875 0.0984556640625 0.30540771875 0.0959149125 0.29599233125 0.0709790484375 0.29943847031250004 0.0794133125 0.35844676249999996 0.011831910937499999 0.37579692656249997 0.00693168125 0.4599306 0.0817784859375 0.4534651078125 0.08554461875 0.49715301093750003 0.0060321734375 0.5184036984375 0.006964834374999999 0.5985564421875 0.034264159375 0.593393709375 0.1400184296875 0.5680881421875 0.1526198390625 0.558958921875 0.14156376875 0.5226134015625 0.194410384375 0.5108635140625 0.2036743875 0.5306219171875 0.2111262640625 0.5348952921875 0.2471905578125 0.518438921875 0.239203665625 0.4926648921875 0.2248352546875 0.495005425 0.21952284687499998 0.4638487875 0.1852435359375 0.4689793203125 0.16827163125 0.39365298125 0.25923941093749997 0.3657430421875
0 0.008409259375 0.72269000625 0.049714628125 0.7130267265625 0.0629958375 0.705106559375 0.032540759375 0.6150276078125 0.0399786609375 0.6085543921875 0.034264159375 0.593393709375 0.006964834374999999 0.5985564421875 0.008409259375 0.72269000625
0 0.194410384375 0.5108635140625 0.14156376875 0.5226134015625 0.1526198390625 0.558958921875 0.1400184296875 0.5680881421875 0.1757319078125 0.6898722171875 0.1858305328125 0.7146218484375 0.2614505734375 0.6888188828125 0.2111262640625 0.5348952921875 0.2036743875 0.5306219171875 0.194410384375 0.5108635140625
0 0.06813394375000001 0.750242415625 0.113085434375 0.73273703125 0.1090270484375 0.716039978125 0.09853750624999999 0.71542903125 0.055489303125 0.606302453125 0.032540759375 0.6150276078125 0.0629958375 0.705106559375 0.049714628125 0.7130267265625 0.06813394375000001 0.750242415625
0 0.1348984328125 0.68402969375 0.10530713437500001 0.5889701734375 0.0708017515625 0.596845696875 0.0978330140625 0.698353621875 0.1348984328125 0.68402969375
0 0.62123114375 0.9701878390625 0.694165109375 0.9431472296875001 0.6335371578125 0.8528554749999999 0.57827455625 0.8875228359375 0.62123114375 0.9701878390625
0 0.030726575 0.13511299999999998 0.025660778125 0.1383644390625 0.023484815625 0.175724271875 0.0472737484375 0.17833172656250001 0.0634446796875 0.1681526875 0.0601743953125 0.15876100312500002 0.0801528578125 0.1430667625 0.0738764953125 0.1360374984375 0.04764306875 0.15039655937500002 0.030726575 0.13511299999999998
0 0.04609810625 0.095849528125 0.0296524953125 0.06982930000000001 0.026970775000000002 0.1158726546875 0.04609810625 0.095849528125
0 0.8334196640625 0.657105984375 0.8507483015625 0.6581152625 0.8689895125 0.6669446625 0.920033884375 0.623249646875 0.9012987062500001 0.5990340609375 0.88801579375 0.5838738734375 0.7777444375 0.6761271140625 0.7216771875 0.7151385953125 0.7479851375 0.7491288453125 0.7561621078125 0.7345124671875001 0.778201559375 0.748593965625 0.833029584375 0.7028245359375 0.8172880140625001 0.6904778921875 0.823046034375 0.677993346875 0.818917915625 0.6704493140625 0.8334196640625 0.657105984375
0 0.9492347625 0.9155718625 0.9430885124999999 0.91881051875 0.9555843171875 0.94180215625 0.981504575 0.9267584781249999 0.9875809078125 0.8224318687500001 0.905417203125 0.6995605140625 0.8932359296874999 0.68139741875 0.813532215625 0.727306703125 0.9043949937500001 0.869028321875 0.9115160390625 0.8604183859375001 0.9492347625 0.9155718625