0 0.9561162187500001 0.7308378109375 0.9545525375 0.7305789640625 0.9447847046875 0.725161565625 0.9333141859375 0.7245298140624999 0.8256669140625 0.875972653125 0.8677501937500001 0.9041578593749999 0.8867401015624999 0.911647903125 0.9302772218750001 0.8458063156250001 0.9561162187500001 0.7308378109375
0 0.6596178140625 0.622405646875 0.6589284734375 0.6254728093749999 0.6564694453125 0.6307372109375 0.643609078125 0.630420209375 0.6408100859375 0.63431071875 0.6389480234375 0.6397092843750001 0.6297835390625 0.64603999375 0.6226617 0.6489589484375 0.6209960203125 0.6621433203125 0.6276666875 0.6726816984374999 0.61271484375 0.6932166671875 0.6174146578124999 0.703960840625 0.6395805218749999 0.7173329984375 0.6381254234375 0.7266938640625 0.663517828125 0.7401424390625 0.6834540765625 0.7433255921875 0.695031171875 0.729146703125 0.7014360796875 0.7150812359375001 0.704235071875 0.7111907265624999 0.7135589328124999 0.7042470984375 0.7165590953125001 0.7023480296875 0.723833928125 0.6872022140625 0.729133115625 0.6780565578125 0.7339235484375 0.6739648796875 0.7367525374999999 0.66426405 0.74516068125 0.6584120984374999 0.751674384375 0.649539403125 0.7562890203125 0.637666546875 0.7634205406250001 0.6193096812500001 0.7196373375 0.5881041953125 0.6944113140625 0.58825175 0.686630134375 0.5884275453125001 0.6768481015625001 0.5946194593749999 0.67019560625 0.6041097078125001 0.661690459375 0.6131835734375 0.6596178140625 0.622405646875
0 0.9066773484375 0.36657843125 0.900028396875 0.365084090625 0.89421339375 0.36699926875 0.8871378203125 0.36971237343749996 0.8744425484375 0.3711624609375 0.8641912250000001 0.368858490625 0.85236000625 0.3640585890625 0.8489575625000001 0.3600501796875 0.8484139890625 0.3529432125 0.83241444375 0.371404603125 0.8237636 0.37160119375 0.7788197875 0.4470693625 0.7857378921875 0.4593933328125 0.8070154328125 0.47007899062499997 0.83107220625 0.48032966562499996 0.8508424046874999 0.449805728125 0.8694612671874999 0.4507682 0.915899421875 0.3686510796875 0.9066773484375 0.36657843125
0 0.8421178703125 0.5376958328125 0.7931208421875 0.5067890328125 0.7743863156249999 0.5063411859375 0.7214856265625 0.5789181984375 0.7457343640625 0.5978402984375 0.7735020984375 0.6132283328125 0.7812369046875001 0.617107571875 0.8421178703125 0.5376958328125
0 0.9220807515624999 0.40946228281249997 0.9529637859375001 0.4245557390625 0.9692130062500001 0.402193125 0.9654567187499999 0.396872578125 0.934955340625 0.38104315781250003 0.9170458546875 0.40482748593749995 0.9220807515624999 0.40946228281249997
0 0.795395703125 1 0.7828876046875 0.990592384375 0.792500028125 0.9788047828125 0.7909712375 0.968384046875 0.7755661796875 0.96803575 0.7549379296875001 0.980439903125 0.7436377609375 0.97558635625 0.7361140078124999 0.96768909375 0.723664825 0.9610203265624999 0.720899946875 0.9526356296875 0.7072881843750001 0.9412292453125 0.67955615 0.9395377140625 0.6609822125 0.9779208015625 0.696524159375 1 0.795395703125 1
0 0.9437688734374999 0.60902448125 0.9540596656250001 0.5977785875 0.9604045749999999 0.5953337640624999 0.971000540625 0.597066446875 0.9897555515625 0.5811623546875 0.9935704734374999 0.56418816875 0.9944199890625001 0.4911810046875 0.99128783125 0.48669032031250004 0.957596078125 0.48428647031249994 0.941582715625 0.49232161874999997 0.9100921734374999 0.5233253921875 0.8837162296875001 0.5458123890625 0.8652390499999999 0.5649063 0.8523298546875001 0.5820295171875001 0.8690989046875 0.6051741328125 0.8794266984375 0.6023269671875 0.89352438125 0.62292496875 0.9115361906249999 0.6288977 0.9283636453125 0.623013371875 0.9338480468749999 0.6158339453125 0.9437688734374999 0.60902448125
0 0.4841893921875 0.5310356703125 0.47941196406250003 0.524966628125 0.46533469531250005 0.5187104390624999 0.4528855140625 0.5120416718749999 0.44486672812499994 0.5063470015625 0.44144323906249994 0.4939650765625 0.42964804375 0.49131412343749997 0.42389464375 0.4904535515625 0.32105379218749996 0.6035762890624999 0.38594210156250003 0.6581656687499999 0.4881642109375 0.53778931875 0.4841893921875 0.5310356703125
0 0.7032838984375 0.119258309375 0.69442309375 0.125873515625 0.70910371875 0.13531439843749998 0.7194894765625001 0.127398440625 0.74572604375 0.1181361046875 0.730881278125 0.089412284375 0.7198349359375 0.089394859375 0.69392939375 0.0970881109375 0.7032838984375 0.119258309375
0 0.8481117390625 0.6488102890625 0.8457339140625001 0.6450537859375001 0.8414410671875 0.638271909375 0.8421398218749999 0.6293898 0.8373123874999999 0.62508275 0.8172837625 0.6251009234375 0.7966857625 0.639198609375 0.7818727109375 0.6591160281249999 0.726863346875 0.7473295703125 0.7562556828125 0.7628016109375 0.763053409375 0.762383159375 0.794079078125 0.7800171453125 0.813242565625 0.7752849546875 0.8233021859375 0.7678579421875 0.825576003125 0.7606273109374999 0.8208714015625 0.7556775 0.81788544375 0.7459672546875 0.8205662265625 0.7426989234375 0.8253566609374999 0.73860724375 0.8252226531250001 0.73343043125 0.8268835484375 0.726040421875 0.8329138671875 0.716431965625 0.838738228125 0.7106264328125 0.85549389375 0.7079480609375 0.8604231203125 0.703238834375 0.8633609046874999 0.6987307765625 0.8637402812499999 0.6884793984375001 0.8597873968749999 0.6830714171875 0.8557051328125 0.6724660359375 0.8499107703125001 0.67246125 0.8384960843749999 0.6685983281250001 0.8364052609374999 0.6577917796875 0.8410569015625 0.6543176500000001 0.8481117390625 0.6488102890625
0 0.93873085 0.34413484687499996 0.94026765 0.3493241859375 0.9459150093750001 0.3457494734375 0.9456953890625 0.34191578125 0.9451878375 0.336957759375 0.9433317140625 0.3284745578125 0.9435701109375 0.32260295 0.9451801140624999 0.315439375 0.9480506875 0.3074778734375 0.9506308859375 0.3032138203125 0.9551333359375 0.29992240937500003 0.9641311609375001 0.298181946875 0.9692568234375001 0.2993339296875 0.973010878125 0.3017778828125 0.9799951109375 0.3065912921875 0.9809016234374999 0.3121796 0.9863466109375001 0.3166254421875 0.9965259578125 0.31019447968749997 0.9967721140625001 0.2890398375 0.9893321953124999 0.28178857343749997 0.9851247484375 0.2813619515625 0.98084191875 0.28848705625000004 0.9745642734375 0.2924607328125 0.9648841828125001 0.29242599999999996 0.9506970140625001 0.2957032609375 0.9062687046875 0.3233667953125 0.9100779640625 0.32854787343749997 0.9120129515625001 0.328982759375 0.9157103984375 0.32927313593749996 0.9213506859375 0.33054078124999997 0.9322683156249999 0.3345947359375 0.93716265625 0.33677596875 0.93873085 0.34413484687499996
0 0.055755240625 0.740520021875 0.15896003125 0.8299518203125 0.2771766453125 0.6894045859375 0.2728895234375 0.6764393125 0.1778464625 0.6008219734375 0.055755240625 0.740520021875
0 0.18458230312499999 0.89433514375 0.20976487812500003 0.8846629265624999 0.21133516874999997 0.8749819531249999 0.32984361875 0.7282291234375 0.340330215625 0.728812740625 0.3439619125 0.7231415265625001 0.34293096093750003 0.7093510890625 0.347622734375 0.701561025 0.325917321875 0.6984559984375001 0.3127620109375 0.69136903125 0.3039396921875 0.6781845953125 0.302155934375 0.6624517359375 0.293689790625 0.65817025625 0.27243301875000003 0.6740444859375 0.2773901390625 0.6891281953124999 0.15908192968749998 0.82969809375 0.15120193906249998 0.8233858749999999 0.13483091875 0.8507164359375 0.1679302734375 0.8634535359375001 0.18458230312499999 0.89433514375
0 0.5106427765625 1 0.5233993078125 0.9811231421875 0.477774059375 0.9508011468750001 0.44495545312499996 0.94787991875 0.3987820703125 0.99688414375 0.412645815625 1 0.5106427765625 1
0 0.904877540625 0.4450178484375 0.9357651984375 0.4600907171875 0.9520097937499999 0.4377486890625 0.9482787171875 0.43241218124999997 0.917752128125 0.4165987203125 0.89984726875 0.4403624625 0.904877540625 0.4450178484375
0 0.21468371562500002 0.8709554578125 0.310314796875 0.9523273937500001 0.31228306250000004 0.9455903328125 0.3150906828125 0.9390635421875 0.3241800015625 0.93258619375 0.3325296109375 0.92728333125 0.3368330265625 0.9201628515625 0.343013515625 0.9166214593750001 0.349795390625 0.9123286125 0.36105730468749997 0.9121566124999999 0.382213240625 0.8877828093750001 0.373183353125 0.8781198124999999 0.369783353125 0.869289628125 0.3715090171875 0.861611428125 0.37973781875 0.8589628859375 0.3870002671875 0.8565729031249999 0.39140738124999996 0.8548602984375 0.392797340625 0.8506963609374999 0.3942361640625 0.84429443125 0.3963941125 0.8367133859375 0.40356460937499994 0.8306913984375001 0.410879975 0.8300865406250001 0.41809818437499996 0.8299139671875 0.423316375 0.8306542515625001 0.4370684671875 0.811320125 0.330022178125 0.7282043796875 0.21468371562500002 0.8709554578125
0 0.49126430781249997 0.9404257015624999 0.48663943749999994 0.9460899484375 0.5054310265625 0.9570602578124999 0.5385983265625 0.9634333203125 0.6065211171875 0.839219084375 0.561343328125 0.8121981234375 0.5324391984375 0.8068697015625 0.45919504843750003 0.9142532593749999 0.49126430781249997 0.9404257015624999
0 0.6100395953125 0.7797848671875001 0.625819575 0.755565184375 0.5959861140625 0.7417672343749999 0.5796855890625 0.7626262078125 0.6100395953125 0.7797848671875001
0 0.5074089734375 0.5049848156250001 0.5007323640625 0.5083282062500001 0.4954249125 0.5152014046875 0.491604728125 0.5202680109375 0.4902851046875 0.5237341375 0.48185388125 0.5277644203125 0.48816675781249996 0.5376817671875 0.3846301703125 0.6593845484374999 0.40019386093750003 0.6775008109375 0.5204444390625 0.5381026984374999 0.5074089734375 0.5049848156250001