0 0.0091231359375 0.7840403984375001 0.0553382421875 0.787402021875 0.055070435937499995 0.7788190609375001 0.08198009687499999 0.7751566125 0.113588584375 0.781084359375 0.112760509375 0.7086106703125 0.0081627984375 0.7015092546874999 0.0091231359375 0.7840403984375001
0 0.8150544156249999 0.5112321984375 0.8120600828125 0.5254653734375 0.8124060390625001 0.5320153765625 0.8157159609375 0.5373329609375 0.8197493359375001 0.5427296968750001 0.8221658109375 0.5508820265625001 0.822763825 0.5531114296874999 0.83794269375 0.553621565625 0.8379308312499999 0.5167309906249999 0.8466283078125001 0.516712915625 0.8473963390625 0.5406416921874999 0.8930142359375 0.5414720281250001 0.895644084375 0.611487871875 0.945789590625 0.6186032609375001 0.9463515250000001 0.3475800953125 0.8920140703125 0.34749292187499997 0.889032803125 0.4232098421875 0.8527727296875 0.42386902343750005 0.84953703125 0.47933347031249995 0.8517858593750001 0.4903595 0.8329416484375001 0.4902775390625 0.831628471875 0.47569331718749996 0.8157671796875 0.47440067656249996 0.8143285890625 0.4865799734375 0.8175529265625 0.49336455468749996 0.8182460140625001 0.5064444609375001 0.8150544156249999 0.5112321984375
0 0.0062210046875 0.472149375 0.040560298437499996 0.47494790781249996 0.048132532812500003 0.38813644531249997 0.0113242375 0.38467273281250003 0.0062210046875 0.472149375
0 0.1259761171875 0.4876231578125 0.21346194375 0.488735925 0.21590595 0.4728425921875 0.21949507031249998 0.471640934375 0.22170855625 0.3130566890625 0.17379732187500002 0.30612338437500003 0.12411997187499998 0.3121301484375 0.122459134375 0.4702546484375 0.1259761171875 0.4876231578125
0 0.6026073828125 0.1443051578125 0.566270871875 0.1417678765625 0.5649770562499999 0.150425484375 0.56381348125 0.21231812187500002 0.6026168234375 0.215904478125 0.6043513203125 0.2076664203125 0.6026073828125 0.1443051578125
0 1 0.6241143375 0.9456860640625001 0.623844578125 0.9458642765624999 0.6658571234374999 0.945786559375 0.7157234375 0.9462517187499999 0.721616840625 0.9947073968750001 0.7230310203125 1 0.6323082999999999 1 0.6241143375
0 1 0.074692540625 0.9717990296875 0.0840164921875 0.9689443453125 0.13294979843750002 0.9703066 0.15050615 1 0.146066953125 1 0.074692540625
0 0.0072181328125 0.6203248765625 0.008160925 0.701348159375 0.11277223437499999 0.7084097125000001 0.1115875921875 0.6663151468749999 0.11115146093749999 0.6287236796875 0.0072181328125 0.6203248765625
0 0.41226507031250004 0.305366328125 0.4106103109375 0.31431758125 0.4118577296875 0.3830698546875 0.4419313234375 0.384107353125 0.44363142499999997 0.37576553437500004 0.44137758125 0.30693124374999997 0.41226507031250004 0.305366328125
0 0.6215251609375 0.73836225 0.6848409359375001 0.740897390625 0.690371228125 0.722368215625 0.692437840625 0.5513947 0.66392585 0.5482028421875 0.6221788921875 0.548273521875 0.621250915625 0.5794339234375 0.6218872875 0.717594665625 0.6215251609375 0.73836225
0 0.617295803125 0.5844824953125001 0.6187552453125 0.5223716734375 0.616517803125 0.473709884375 0.4197564984375 0.4678105765625 0.416828215625 0.4816049234375 0.41675106093750003 0.593862578125 0.614204128125 0.5962242015625 0.617295803125 0.5844824953125001
0 0.3540231734375 0.9941929109375 0.352717290625 0.8279318140624999 0.115681175 0.8249489953125 0.11762417343750001 0.9749272078125 0.1716603171875 0.9793309671875001 0.1703369359375 0.8861409625000001 0.2781396921875 0.889131596875 0.2786367578125 0.988049178125 0.3540231734375 0.9941929109375
0 0.5789208546875 1 0.5798000578125 0.972755403125 0.57545330625 0.933209734375 0.49463881093750006 0.9314493671875 0.4915092453125 0.9022399125 0.44863705625000005 0.9035717109375 0.4488628078125 0.9295158109375 0.413416265625 0.9283634968750001 0.41373539687500005 0.9724672359375001 0.41562627343749997 0.9992133515624999 0.42527881093750003 1 0.5789208546875 1
0 0.00573433125 0.492807278125 0.007147984374999999 0.614296278125 0.020420534375 0.6156354609375 0.022763795312499998 0.6097892109374999 0.0282242703125 0.49920195156249997 0.00573433125 0.492807278125
0 0.8012890203125 1 0.799246003125 0.9555469140625 0.7792272828125 0.9534106734375 0.779380784375 0.9854466765625001 0.777538015625 0.9927672968750001 0.7775366125 1 0.8012890203125 1
0 0.8043400421875001 0.10693570781249999 0.7669263843749999 0.106915328125 0.7671864890625 0.2147785609375 0.808601075 0.2193651890625 0.8043400421875001 0.10693570781249999
0 0.5687957203125 0.335265496875 0.5208974546875 0.3364299859375 0.5194396640625001 0.473047046875 0.5687871828125 0.47200066874999996 0.6120635515624999 0.47552754375 0.6118622375 0.34238952500000003 0.5687957203125 0.335265496875
0 0.452683796875 0.20326143437500002 0.45074053125 0.11870319375 0.43181731875 0.11304198125 0.413088434375 0.1158365921875 0.4099187296875 0.1216356796875 0.4117076046875 0.20537368125 0.45082731875000004 0.207350321875 0.452683796875 0.20326143437500002
0 0.35332077968750003 0.35443311093749996 0.3325490953125 0.3523768453125 0.32848883125 0.35576115625 0.3292472171875 0.4367095390625 0.351365165625 0.438915903125 0.353170259375 0.4360544984375 0.3533548390625 0.42561041875 0.34896014218750004 0.4219004984375 0.3452106921875 0.41406355625 0.346625334375 0.4116549265625 0.3483921375 0.410143225 0.35402262812499996 0.4072301328125 0.35332077968750003 0.35443311093749996
0 0.12027116874999999 0.5767472734375 0.12645076093750002 0.59180885625 0.18948626875000002 0.590828053125 0.18826542968749999 0.6519689421875 0.1884843953125 0.662082465625 0.330267434375 0.6653588375 0.3422988 0.6629673953124999 0.351517653125 0.6616389921875 0.35139446093750004 0.653350496875 0.3537284921875 0.5128069562500001 0.1205193421875 0.5104388921874999 0.12027116874999999 0.5767472734375
0 0.41043424531249995 0.7264088203125 0.40958664218749996 0.763471646875 0.411097096875 0.7670474671874999 0.443017428125 0.767629728125 0.4448540546875 0.7292139171875001 0.4427688734375 0.72682293125 0.41043424531249995 0.7264088203125
0 0.152971559375 0.5913453328125 0.11874701562500001 0.592473275 0.11606029843750001 0.82538371875 0.18421002343749998 0.8254860203125001 0.185067828125 0.8142487703124999 0.1892640796875 0.5915166421875 0.152971559375 0.5913453328125
0 0.9118502859375001 0.156887790625 0.9068861640625 0.15739184374999998 0.9048116531250001 0.23281921562500002 0.917506325 0.2350046953125 0.9181081765625001 0.2295415046875 0.9159797984375 0.2261576234375 0.9145183859375001 0.2213945109375 0.9159189421875 0.21714731875 0.91903668125 0.2136256203125 0.9238223671875 0.2116734390625 0.9273513015624999 0.21081012812500002 0.9310703546875001 0.20703456406249998 0.9315235 0.1593997 0.9118502859375001 0.156887790625
0 0.6138496703125 0.9250519374999999 0.615316634375 0.7653972859375 0.564903415625 0.76009749375 0.5234832609375 0.7663531703124999 0.5255406640625 0.9172493171875 0.5255841375 0.9269043281249999 0.6085828671875 0.9283177296874999 0.6138496703125 0.9250519374999999
0 0.06042180625 0.9702654109375001 0.11753121250000001 0.9735062359375 0.1175584421875 0.9591725921875 0.1133708859375 0.781349296875 0.082613459375 0.7750466984375 0.0552101640625 0.7788506390625 0.05605193125 0.9609847015625 0.05553375000000001 0.9698670515625001 0.06042180625 0.9702654109375001
0 0.9461480546875001 1 0.9458013140625001 0.618402303125 0.8947822734375 0.6117003171875 0.8815494156250001 0.6104199703125001 0.8067673 0.616884509375 0.80536984375 0.6612925625 0.8076797671874999 0.8373273375 0.8101086343749999 0.8546273624999999 0.8717805046875 0.856220875 0.86876515 1 0.9461480546875001 1
0 0.7791281140625 0.9866577546874999 0.7789270796875 0.73321965625 0.7326163515624999 0.7258918125 0.6898022218750001 0.7293484343750001 0.6876394546875 0.7483943484375 0.6909775265625 0.9927798890625 0.7771237203125 0.992935446875 0.7791281140625 0.9866577546874999
0 0.6179225828125 1 0.617248709375 0.9309219546874999 0.6024542296875001 0.9297162546875001 0.5863496640625 0.9315536390625001 0.587142584375 1 0.6179225828125 1
0 0.8457334296875001 0.29596865 0.816249009375 0.2921119953125 0.8113542046875001 0.3510554828125 0.8407553875 0.356338940625 0.8457334296875001 0.29596865
0 0.0112944890625 0.38518264375 0.0465935828125 0.3885158109375 0.0487146484375 0.3178372 0.015460231250000001 0.31377591250000003 0.0112944890625 0.38518264375