0 0.3751008671875 0.1938702875 0.39845327343750003 0.21152501406250002 0.4250730171875 0.229255071875 0.515458671875 0.092226446875 0.599804825 0.1106383734375 0.602056959375 0.0781256109375 0.6153971968749999 0.049574404687500004 0.48405536875 0.0213503578125 0.45059826875000003 0.076311759375 0.42927735624999996 0.105301303125 0.437339471875 0.110502225 0.41019144531249996 0.15405865624999998 0.40096835156250005 0.151450990625 0.3751008671875 0.1938702875
0 0.141660365625 0.0580391671875 0.12700342656250002 0.0535363140625 0.02063024375 0.06975036875 0.01614711875 0.08296568125 0.12191236718750001 0.12475344687500001 0.1360061421875 0.103295309375 0.19565199687499998 0.1337654203125 0.244013059375 0.0357009859375 0.1533642625 0.0495182328125 0.141660365625 0.0580391671875
0 0.058960271875000005 0.2187554765625 0.080657721875 0.153546034375 0.04399171875 0.1419136765625 0.036456134375 0.1565566859375 0.024625796875 0.20723870625 0.03875838125 0.21438111875 0.058960271875000005 0.2187554765625
0 0.5470628453125 0.1325815625 0.536284421875 0.11063489062500001 0.5197802125 0.1189660515625 0.5258492234375 0.1397057171875 0.5470628453125 0.1325815625
0 0.3138244328125 0.025059906250000003 0.3076883515625 0.029558215625000002 0.336067871875 0.052385028125 0.3499623234375 0.019551545312499998 0.3138244328125 0.025059906250000003
0 0.2658976625 0.0864041875 0.23691223749999998 0.06766275625 0.21443280625 0.1074564875 0.2186763015625 0.11057745000000001 0.2315976375 0.0911000046875 0.238482734375 0.09381831562500001 0.2533963921875 0.10151741875 0.2658976625 0.0864041875
0 0.27442085 0.057686234375 0.259134909375 0.048753821875 0.24715909374999998 0.0722849453125 0.26353715312500003 0.0816652015625 0.27442085 0.057686234375
0 0 0.2783667109375 0.0020076640625 0.282663203125 0.0043208562499999995 0.2948835328125 0.0013337421875 0.30027382187499996 0.0224093796875 0.310514778125 0.0267579640625 0.3022344703125 0.032961675 0.304647103125 0.039545640625 0.285910390625 0.0329016609375 0.2835648671875 0.0354002078125 0.2764470671875 0.009239128125 0.2609200515625 0 0.2759686046875 0 0.2783667109375
0 0 0.2154001375 0.009841984375 0.217990128125 0.0170158203125 0.198958734375 0 0.19420534375 0 0.2154001375
0 0.45106694531249997 0.8056335734375001 0.3879783875 0.7961038578124999 0.3794429765625 0.8070086234374999 0.3644967984375 0.930347253125 0.40142411093749997 0.9377829359375 0.43780919531249995 0.9411239468750001 0.444828475 0.87929855625 0.4380391859375 0.8751936765625 0.432097984375 0.8699356734375 0.428743190625 0.85746456875 0.42965878750000003 0.8442606375 0.4352155796875 0.8326222187500001 0.4468261203125 0.8327568390625 0.4514986859375 0.8239152187500001 0.45106694531249997 0.8056335734375001
0 0.10951409062499999 0.8964787328125 0.14915380312499998 0.9012894515625 0.1652246609375 0.7604762671875 0.095818415625 0.748592246875 0.0868362171875 0.7542820328125 0.068767240625 0.8920620187500001 0.10951409062499999 0.8964787328125
0 0.9617707765624999 0.3655700515625 0.96019613125 0.3490598234375 0.9542725453124999 0.3499627328125 0.936073175 0.3576512921875 0.9352726046875001 0.325665271875 0.909979278125 0.3269814796875 0.909166328125 0.338306353125 0.91703499375 0.3564782703125 0.9132506890625001 0.371819065625 0.9128019765625 0.4223429625 0.9384993359375 0.4204532421875 0.990744259375 0.423326334375 0.979303965625 0.3482716734375 0.9695592156249999 0.34949605781250004 0.9617707765624999 0.3655700515625
0 0.676597484375 0.12221559374999999 0.6814732921875 0.175429471875 0.6794349484375 0.1980601765625 0.6794433078125001 0.23196893125 0.6834294640625 0.273032175 0.6896831999999999 0.2859828734375 0.730012559375 0.28403342343750004 0.7343301624999999 0.3424516578125 0.8010738046875 0.336598840625 0.7885001390624999 0.1798181 0.7828820546874999 0.106956990625 0.676597484375 0.12221559374999999