0 0.48535410937499995 0.5296379250000001 0.423375265625 0.431978721875 0.3963827765625 0.4366727453125 0.3767625859375 0.45047239843750003 0.4302385375 0.5451256015625 0.4507112578125 0.5519577859375 0.48535410937499995 0.5296379250000001
0 0.523002725 0.1897622671875 0.4628462265625 0.0974756125 0.44580005624999997 0.09950203125 0.4353910671875 0.1122906578125 0.4950132671875 0.20986756562500003 0.5051286109374999 0.20611349531249998 0.523002725 0.1897622671875
0 0.9144359156249999 0.2800282953125 0.8505153703125 0.17978883750000002 0.8352271234374999 0.17964821250000002 0.82072095625 0.19089553125 0.8814525515625 0.292989890625 0.8920823796875 0.2913948296875 0.9144359156249999 0.2800282953125
0 0.700745328125 0.40644673750000004 0.7106689984375001 0.3919152203125 0.651930846875 0.299678096875 0.639514696875 0.29612034062500003 0.6064360843750001 0.31180953125 0.6659344953125 0.4154338390625 0.67902993125 0.41080070468749996 0.700745328125 0.40644673750000004
0 0.013626660937499998 0.1010559375 0.048705085937499996 0.1613581546875 0.063756353125 0.1614031125 0.08246298125 0.151241915625 0.09630455 0.13525235625 0.03396541875 0.04415663125 0.0184356890625 0.042172393749999995 0.0156200296875 0.04397335 0.013626660937499998 0.1010559375
0 0.1132940375 0 0.1681314328125 0.095420403125 0.188762028125 0.087096028125 0.2055584046875 0.0747052328125 0.1616399921875 0 0.1132940375 0
0 0.4226258515625 0.1137237609375 0.402009871875 0.12475772031250001 0.4657057671875 0.2276765578125 0.4950132671875 0.20986756562500003 0.4353910671875 0.1122906578125 0.4226258515625 0.1137237609375
0 1 0.0811026015625 0.981294196875 0.09093638125 1 0.1195571078125 1 0.0811026015625
0 0.4015461046875 0.5759771046875 0.3406869078125 0.47315732656250004 0.3135298265625 0.4825646328125 0.37470525 0.5900926375 0.4015461046875 0.5759771046875
0 0.8452808640624999 0.3184242328125 0.79208193125 0.22522263125 0.7722853765625 0.21904763124999999 0.7438433640625 0.236471746875 0.8002488375000001 0.339201540625 0.8164315984374999 0.336249228125 0.8452808640624999 0.3184242328125
0 0.6006376296875 0.46158923906249993 0.5367166703125 0.365741090625 0.5184862890625 0.36226431406250004 0.492451903125 0.38018760625 0.5500715125 0.4819329703125 0.56614260625 0.47967587500000003 0.6006376296875 0.46158923906249993
0 0.2027254234375 0.2415420578125 0.20456709375 0.25261744531249997 0.2671570578125 0.346540240625 0.295330640625 0.32866980468749996 0.2317754375 0.229229609375 0.2027254234375 0.2415420578125
0 0.5767157421875 0.16563959687500002 0.5234893781250001 0.0732235421875 0.507593890625 0.067949428125 0.47210301093749996 0.0851492390625 0.5258550796875 0.18503360468750002 0.54339024375 0.1883987140625 0.5767157421875 0.16563959687500002
0 0.562294621875 0.3402426703125 0.5383232328124999 0.353518971875 0.60402248125 0.45224752968750004 0.6261223421875 0.43938651718750005 0.568753428125 0.3442259640625 0.562294621875 0.3402426703125
0 0.19533989062499998 0.247204784375 0.17371704062499999 0.260169846875 0.23920306875000003 0.3612504765625 0.253883315625 0.35627943281249996 0.2671570578125 0.346540240625 0.20456709375 0.25261744531249997 0.19533989062499998 0.247204784375
0 0.461003496875 0.23157596093750002 0.403132428125 0.137031446875 0.386336053125 0.1356584 0.356742390625 0.152277640625 0.4159373890625 0.254580509375 0.42813755000000003 0.2530621328125 0.461003496875 0.23157596093750002
0 0.09630455 0.13525235625 0.1150271109375 0.1265117921875 0.1270804828125 0.114807415625 0.06348413281250001 0.01654554375 0.0348148375 0.032345017187500005 0.09630455 0.13525235625
0 0.5676903765625 0.33525326718750004 0.6277161578125 0.4356625796875 0.6372301484375 0.43223706718750005 0.6548519046875 0.413102409375 0.5955190531250001 0.3197521484375 0.5676903765625 0.33525326718750004
0 0.1270804828125 0.114807415625 0.138165290625 0.1120703328125 0.1551845859375 0.095798490625 0.0926438765625 0.0010909078125000001 0.06348413281250001 0.01654554375 0.1270804828125 0.114807415625
0 0.8057429078125 0.2006407515625 0.7899385109375 0.209024421875 0.8522495843750001 0.3109336171875 0.8823307859374999 0.29787067500000003 0.8189998859375001 0.19826353593749999 0.8057429078125 0.2006407515625
0 0.2702416609375 0.5109620265625 0.329617390625 0.6180994734375 0.34412009062500004 0.6182126671875 0.37267183125000003 0.5976463609375 0.309894071875 0.497840065625 0.2702416609375 0.5109620265625
0 0.23390671875 0.3677726671875 0.174148396875 0.2734681109375 0.1583066640625 0.269157159375 0.1285358703125 0.28646933125 0.1944690515625 0.392262759375 0.21582672656250002 0.3868913234375 0.23390671875 0.3677726671875
0 0.24487315937499998 0.2176490921875 0.3033815328125 0.32084557187499996 0.313642278125 0.3235634 0.329894728125 0.3161129640625 0.3468886 0.301194771875 0.28250434687500003 0.2048498015625 0.2698046625 0.20440631874999998 0.2531930375 0.209004053125 0.24487315937499998 0.2176490921875
0 0.4329033015625 0.556404509375 0.37333062968749997 0.45740925312499997 0.3406869078125 0.47315732656250004 0.40362856718750006 0.573275209375 0.4329033015625 0.556404509375
0 0.9180537984375 0.2746490953125 0.9317514859375 0.27278976250000003 0.9644908046875 0.2518016578125 0.9062156015625 0.1556918671875 0.8934503875 0.1571249703125 0.8658518328125 0.16603621875000002 0.8604560093750001 0.17290449218749998 0.9180537984375 0.2746490953125