0 0.648721965625 0.159575409375 0.6014018984375 0.2260866734375 0.6735336203125 0.2790864046875 0.7354477109374999 0.20175535 0.7602838625 0.221093225 0.7828947484375 0.1932497640625 0.791253978125 0.1956390640625 0.85634589375 0.09627867500000001 0.7815794515625 0.0397150109375 0.703300190625 0.141248834375 0.681537409375 0.126203125 0.6700526046874999 0.12592843125 0.6564075140625001 0.125441996875 0.648721965625 0.159575409375
0 0.7516764734375 0.363366375 0.7830984421875 0.385469384375 0.8266890046875 0.31875015625 0.79500875 0.2973793609375 0.7516764734375 0.363366375
0 0.5746615390625001 0.6168732625 0.5507862343750001 0.5996909328125 0.5336050015625 0.6195522578125 0.543727065625 0.6279631609375 0.5485637296875 0.6227241984375 0.55940718125 0.6262314531250001 0.5592874109375 0.6339584875 0.5746615390625001 0.6168732625
0 0.84750706875 0.75947536875 0.8971049265625 0.7829632109375 0.91831789375 0.7333114421875 0.8723032453125 0.713131384375 0.84750706875 0.75947536875
0 0.6446388796875 0.7595388921875 0.6844405250000001 0.8013194015625 0.7004914734375001 0.7874104828124999 0.6601359578125 0.7453843671875 0.6446388796875 0.7595388921875
0 1 0.586215809375 0.9226819624999999 0.55198781875 0.9403637171874999 0.5223999296875 0.8713141453125001 0.4917444953125 0.8673294359374999 0.5011863437499999 0.8197924203125 0.48143459843749997 0.7788817859375 0.5603213890625 0.9030083 0.6161293015625 0.8598102578125 0.7060785953125001 0.933813284375 0.7408439640625 1 0.6074993359375 1 0.586215809375
0 0.682814934375 0.4086047640625 0.7165541265625001 0.43216769375 0.76183734375 0.3725734 0.7310146953125 0.349291934375 0.682814934375 0.4086047640625
0 0.7391253109375 0.5936619109375 0.755954440625 0.6052023015625 0.760059909375 0.591926790625 0.77117756875 0.5859757359375 0.7782828109375 0.5774656796875 0.7581182921875 0.5655202078125 0.7391253109375 0.5936619109375
0 0.29325649375 0.91466549375 0.3052940328125 0.9230602515624999 0.3198001015625 0.9070179625 0.3074435546875 0.8974331140625 0.29325649375 0.91466549375
0 0.9208863624999999 0.064531996875 0.9162669390625 0.061375665625 0.9090581234374999 0.074107065625 0.9253391875 0.0854290765625 0.9208863624999999 0.064531996875
0 0.8657962843749999 0.124460403125 0.8727266421875 0.1291494703125 0.882125103125 0.11594892187500001 0.875329675 0.10964171250000002 0.8657962843749999 0.124460403125
0 0.5711155703124999 0.272965446875 0.552900509375 0.28807735624999997 0.4461922125 0.42852564375 0.4540391796875 0.43516265781249996 0.4453665125 0.44798296875 0.4499680265625 0.46722414062500006 0.421280125 0.4721766234375 0.4153228125 0.48832527187499997 0.42105586562499997 0.5152304625 0.4339278859375 0.522220025 0.45524383281249997 0.519920865625 0.4582522953125 0.5409983203125 0.5452836140625 0.6005765484375 0.5516513984375 0.5932106625 0.549575415625 0.5788630203125 0.5625185187499999 0.55814644375 0.5879742515624999 0.561357746875 0.6043247125 0.5730054499999999 0.6279873421875 0.5444694046875 0.557662203125 0.49350086875 0.5540733296875 0.47205324531250004 0.549039590625 0.4553886953125 0.64580884375 0.3234549765625 0.5711155703124999 0.272965446875
0 0.553291446875 0.4695095484375 0.5881914625 0.49381281875000005 0.6102695125 0.4601940421875 0.5777212125 0.43536353437499997 0.553291446875 0.4695095484375
0 0.363078990625 0.86882013125 0.4458584 0.7642544765625 0.4243090734375 0.74683345625 0.3398392890625 0.8527786687500001 0.363078990625 0.86882013125
0 0.6496456359375 0.787128959375 0.6702973390625 0.8072961984375 0.6797284640625 0.7968073171875 0.6592601484375 0.7762726859375 0.6496456359375 0.787128959375
0 0.6378161703125 0 0.6593024468750001 0.014793475 0.66947325625 0 0.6378161703125 0
0 0.534728265625 0.2242854265625 0.550590503125 0.23732595 0.559988759375 0.2251477875 0.5430136484375 0.21292231093749997 0.534728265625 0.2242854265625
0 0.6076209765625 0.9812244421875 0.7046766437499999 0.8912729859375 0.7089725203125 0.8823704296875 0.6134826375 0.7924086859374999 0.50553473125 0.8943947015625 0.5470251265625 0.9384720921874999 0.5323639296875 0.9530700265625001 0.5660546562500001 0.9905433046875001 0.6076209765625 0.9812244421875