0 0.223487584375 0.8385315484375001 0.2514711046875 0.8578642421874999 0.29981217656250003 0.7866316328125 0.27052883125 0.7645033031249999 0.223487584375 0.8385315484375001
0 0.095773965625 0.821275278125 0.11927535468749999 0.77050365 0.09484377499999999 0.7556943 0.0692607734375 0.8068567046874999 0.095773965625 0.821275278125
0 0.09906065 0.756594125 0.118779103125 0.7680286187500001 0.1355457875 0.7346086578125 0.11356000625 0.7223177765625 0.09906065 0.756594125
0 0.3314827890625 0.47583246562500003 0.35195056406249997 0.4954511984375 0.3712980640625 0.46870128749999995 0.362449628125 0.45262077968750003 0.347418953125 0.44601334843749996 0.3314827890625 0.47583246562500003
0 0.5809473953125 0.3289201953125 0.6223679671875 0.2523987875 0.5900712578125 0.237684659375 0.5496974859375 0.30772348437499997 0.5809473953125 0.3289201953125
0 0.6912774171875 0.1534137203125 0.71435621875 0.138742259375 0.703465996875 0.12077048593749999 0.6813917953125 0.137321140625 0.6912774171875 0.1534137203125
0 0.9534750984375 0.2041900875 0.9178755453124999 0.199210796875 0.9170706703124999 0.23343901093750002 0.9338151578125 0.23695387656250003 0.953714653125 0.238015453125 0.9534750984375 0.2041900875
0 0.40041014375 0 0.44346180625000003 0.018020023437499998 0.4496613171875 0 0.40041014375 0
0 0.260503509375 0 0.2059052140625 0.144798071875 0.236173640625 0.15803609375 0.2753822515625 0.17139890468750002 0.3424836171875 0 0.260503509375 0
0 0.2572907671875 0.1666026078125 0.209505675 0.146541475 0.202040034375 0.17010965312499998 0.25070194375 0.18748348125 0.2572907671875 0.1666026078125
0 0.7531874265625 0.766924609375 0.684497915625 0.7320536718749999 0.573499278125 0.94349145 0.6381335203125 0.9777134437500001 0.7531874265625 0.766924609375
0 0.6712075453125 0.996095028125 0.7481824078125 0.9956472015625 0.8490915296875 0.8093125125 0.7844805671875 0.774945540625 0.669738653125 0.995200028125 0.6712075453125 0.996095028125
0 0.8823719265625 0.9757001921875 0.8737046484375 0.9587502875 0.8842077171874999 0.932333203125 0.8965656890625 0.922081240625 0.9116944312499999 0.918314790625 0.94361455 0.8559381046875 0.87779109375 0.8268482859375 0.7899181078125 0.995404390625 0.863556278125 0.9949759765625 0.8659577609375001 0.9912999609375 0.8745664078125 0.99140014375 0.8823719265625 0.9757001921875
0 0.9595614609374999 0.994417434375 0.99134863125 0.994232503125 0.9924509859375 0.9310722765625 0.9595614609374999 0.994417434375