0 0.49848768125 0.708395553125 0.5312058640624999 0.6026219625 0.22667833750000002 0.5028715625 0.2097954765625 0.5282494484375 0.45631141875000003 0.60436421875 0.4426476984375 0.647366171875 0.47942708281249996 0.6639499265625 0.46924315625 0.7031904796874999 0.49848768125 0.708395553125
0 0.0909152328125 0.189341390625 0.05354427656250001 0.181531090625 0.044897307812499995 0.2274402546875 0.084060434375 0.234816609375 0.0909152328125 0.189341390625
0 0.2172520875 0.17622179375 0.2212581875 0.126789153125 0.165345125 0.10385189375 0.1555179984375 0.162234240625 0.2172520875 0.17622179375
0 0.6475897328125 0.7518944125 0.9476058734375 0.8374331015625 0.9684260109375 0.7268931765625 0.6827181312499999 0.655624934375 0.6475897328125 0.7518944125
0 0.5464762578125 0.1084111640625 0.5402236046875 0.1209169578125 0.5262638640625 0.12008468750000001 0.5132028578125001 0.1628753953125 0.52255654375 0.163792765625 0.5117985265625 0.200218803125 0.5005220359375 0.197900021875 0.4889393796875 0.221461559375 0.502571759375 0.22621596875 0.496300390625 0.245603278125 0.4843820859375 0.243358471875 0.47704677812499996 0.2627619015625 0.4887141703125 0.2649594484375 0.48229781562499996 0.287415553125 0.46987038124999997 0.2844253203125 0.46165931875000005 0.3038803109375 0.47395013124999996 0.307710853125 0.4677448609375 0.327781796875 0.45681566875 0.3259181484375 0.4506672375 0.3436181796875 0.4615644375 0.34783576875 0.45429071875 0.3686364640625 0.44258150937499996 0.366431040625 0.43564826874999996 0.3848492953125 0.4487151640625 0.389042525 0.44370903124999994 0.40998885625000003 0.429093428125 0.40723601406250004 0.42083079999999995 0.42581525 0.43601818124999997 0.4278313921875 0.43016853125 0.4509571640625 0.4167656671875 0.4484327421875 0.4056028609375 0.4859733484375 0.41602206875 0.488130659375 0.41200224687500003 0.5080936046875 0.46821822968750004 0.5234450921875 0.470778096875 0.50985404375 0.4819781734375 0.5113140421875 0.4949474625 0.47038970156250004 0.48460121406249995 0.4669254171875 0.490373196875 0.44766055937499993 0.50153389375 0.449329646875 0.506546765625 0.42972695156249996 0.498413046875 0.42819496875 0.5035503609374999 0.406667115625 0.503320359375 0.40662379531250004 0.5143755750000001 0.4078183453125 0.5192324187499999 0.38881414375 0.5100201453125 0.3859964640625 0.5156069484375 0.3662204015625 0.5252130484374999 0.36694715312500004 0.53169509375 0.3488552859375 0.52411224375 0.34658266875 0.5272326015625 0.325302803125 0.5409544640624999 0.326133571875 0.5464385875 0.3072475171875 0.5368747109374999 0.3028480390625 0.54355919375 0.28494585781250004 0.5548025921875 0.2861758515625 0.559976446875 0.267902540625 0.5503338062500001 0.26392124687499996 0.5566091140625 0.2445130296875 0.5669873562500001 0.24562337343750001 0.5763144062500001 0.22484135312500003 0.565477215625 0.220764971875 0.57516341875 0.184396871875 0.6116235203125 0.19187034218750001 0.616839396875 0.17176460625 0.6169457296874999 0.17120005625 0.5964972015625001 0.164815409375 0.6041526453125 0.142332875 0.5904033359375 0.138314228125 0.5929579656249999 0.123141665625 0.5464762578125 0.1084111640625
0 0.4025897203125 0 0.39882003125 0.0104507171875 0.8028514421875 0.131605703125 0.8257983453125 0.049106940625 0.565075875 0 0.4025897203125 0
0 0.6984952718749999 0.9959701203125 0.736884115625 0.832561975 0.6298804890625 0.8047650703125001 0.5844931453125 0.996633365625 0.6984952718749999 0.9959701203125
0 0.2877211484375 0.10888766093749999 0.229464821875 0.087241134375 0.2212581875 0.126789153125 0.22033890781249998 0.1400613234375 0.2724856578125 0.152762728125 0.2877211484375 0.10888766093749999
0 0.8405419515625001 0.9951437171874999 0.8689309156249999 0.8741908515624999 0.7698042093749999 0.845495940625 0.73321271875 0.995768140625 0.8405419515625001 0.9951437171874999
0 0.1826242953125 0.2613270046875 0.1932428484375 0.21805461093749998 0.13086410312500002 0.1964543671875 0.120613146875 0.24570674062500003 0.1826242953125 0.2613270046875
0 0.1842058640625 0.65790446875 0.091887865625 0.9284756843749999 0.20756370937500002 0.9502631687499999 0.278669915625 0.6935372078125 0.1842058640625 0.65790446875
0 0.4023514515625 0.9869513390625 0.4576733078125 0.9973711812499999 0.5164143703125 0.9970294359375 0.5723007734375 0.7932054734375 0.5443432875 0.7836960875 0.547250128125 0.7757347171875 0.4978956046875 0.7593589187500001 0.495422784375 0.768809353125 0.4663684328125 0.7612151765624999 0.4023514515625 0.9869513390625
0 0.49848768125 0.708395553125 0.59989179375 0.7395979171875 0.6283714812500001 0.633567284375 0.5312058640624999 0.6026219625 0.49848768125 0.708395553125
0 1 0.08191773125 0.9908474515625001 0.0801938546875 0.9811783265624999 0.10236206875000001 0.9280309750000001 0.0841676875 0.93002028125 0.071421821875 0.9031407828125 0.063890859375 0.8991650953124999 0.076262590625 0.865950075 0.0675383375 0.850713121875 0.11797340468749999 0.8648467578125001 0.1235150609375 0.8623853468749999 0.136583375 0.88250890625 0.1407850078125 0.88966504375 0.13106916562499998 0.9452708812499999 0.149315228125 0.94221231875 0.1590017578125 0.9892656000000001 0.174835865625 0.9909556 0.1636791078125 1 0.1662078890625 1 0.08191773125
0 1 0.25851414375 0.99715393125 0.2667581578125 0.984513465625 0.26374945312500003 0.977108121875 0.28249015625 0.988663740625 0.28551104375 0.982211578125 0.30700775625 0.9535214125 0.2983996203125 0.943735940625 0.3203510609375 0.976572278125 0.3254532140625 0.9694786656250001 0.348171475 0.9437075625 0.3390089390625 0.934247828125 0.3606103609375 0.9622430312500001 0.36716065625 0.9544460953125 0.3900495640625 0.9453850578124999 0.3876933921875 0.9371015234375 0.4062686875 0.9471084328125 0.41072996249999993 0.9413761171875 0.42943936406249994 0.9280938375 0.4265046328125 0.920864009375 0.4463826 0.9331894140625 0.45106404843750003 0.9188711703125 0.4889196734375 0.8889555187499999 0.47969099843749996 0.8699731625 0.5310444515625 0.9080740546875001 0.5363587453124999 0.8857114140625001 0.599221775 0.876157365625 0.5971841109375 0.8717983640625 0.609981621875 0.88182805 0.6153565296875 0.8716878515625 0.6506864734375 0.9315646265625 0.6694771546875 0.938583778125 0.64830374375 0.9509411765625 0.6506312546874999 0.9543767984375 0.63698864375 0.941946928125 0.6337814421875 0.960698834375 0.56859285 0.9888218500000001 0.57388980625 0.99203205625 0.5609841765625 0.9819600656249999 0.5577880578125 0.9868564546874999 0.541562640625 0.9712773578125 0.5358786390625 0.9910929203125001 0.47102029375 1 0.473098553125 1 0.44896470937500005 0.998834721875 0.44842411562500006 1 0.4442458375 1 0.25851414375
0 0.7998269078125 0.2989401 0.811597746875 0.253113403125 0.7730102984375 0.23865732031250003 0.7552965859375 0.28741343124999996 0.7998269078125 0.2989401
0 0.3173611421875 0.7105460109374999 0.246864871875 0.9576655234375 0.361918615625 0.9793358359375001 0.4224652296875 0.735668475 0.3173611421875 0.7105460109374999
0 0.324471465625 0.21505808124999998 0.28325618750000003 0.357553646875 0.25925279375 0.3508458609375 0.24976918750000002 0.3680909203125 0.26889766875 0.37918503124999997 0.26578226250000003 0.40239277500000004 0.257240509375 0.42026990625 0.25264570000000003 0.4432856078125 0.2611203453125 0.4450766640625 0.258912525 0.46289102499999996 0.313641509375 0.47774592499999996 0.3153806765625 0.46241977187499994 0.3285744484375 0.4649048109375 0.333423740625 0.4407678828125 0.3266509125 0.43890764375 0.3313037 0.4232858765625 0.340233759375 0.4243832703125 0.35349748281250004 0.3814358859375 0.344703396875 0.3786969703125 0.3550793203125 0.34280519531250003 0.3674367203125 0.3451327046875 0.382096534375 0.29718706250000004 0.3727893765625 0.293723628125 0.38419818437500003 0.2606245265625 0.39539196875 0.26338240156250003 0.4086291015625 0.2201853515625 0.40230896875 0.21378354375000003 0.4129064515625 0.1786696375 0.422789325 0.1813754640625 0.43591975781250003 0.133618084375 0.4299580890625 0.1307847734375 0.43364729999999996 0.11073790624999999 0.3855304453125 0.09606749375 0.3762175640625 0.1155098171875 0.3664417546875 0.11453459218749999 0.34857733281250003 0.1558143484375 0.3564169015625 0.1590230125 0.34757673125 0.1949225828125 0.3169566203125 0.18725000625 0.304836534375 0.2079173296875 0.324471465625 0.21505808124999998
0 0.3954799234375 0.6436351015625 0.43867322499999994 0.6598463875 0.45631141875000003 0.60436421875 0.2097954765625 0.5282494484375 0.1884630765625 0.58437818125 0.3502753875 0.6382169546875 0.3564820796875 0.6052638890625001 0.4018782890625 0.619205359375 0.3954799234375 0.6436351015625
0 0.8464767 0.3174911984375 0.8597256874999999 0.2654259359375 0.811597746875 0.253113403125 0.7998269078125 0.2989401 0.8464767 0.3174911984375