0 0.44928785 0.9980808515625 0.43835649062500004 0.9756734453125 0.42441591875 0.9809981828125001 0.432359034375 0.9968965921875 0.44928785 0.9980808515625
0 0.42581495625 0.9964387984374999 0.401226084375 0.9594046484375 0.38630336718749997 0.970060640625 0.40511700156249997 0.9949908671875001 0.42581495625 0.9964387984374999
0 0.4177670375 0.755448975 0.42859778437499996 0.7679922703125001 0.47982656874999996 0.7276477406249999 0.46505736875 0.710543246875 0.4177670375 0.755448975
0 0.275630159375 0.647085034375 0.2885793828125 0.6562622703125001 0.323584590625 0.6182970765625 0.3082396390625 0.6093593859374999 0.275630159375 0.647085034375
0 0.3326212609375 0.5824152171875 0.34056560937499997 0.5931923203125 0.3685940640625 0.5766389078125 0.3599476203125 0.5624055703125 0.3326212609375 0.5824152171875
0 0.37906326875 0.714706003125 0.38970545625 0.7286075265624999 0.4087627203125 0.71483365 0.398083396875 0.7014223828125 0.37906326875 0.714706003125
0 0.401837678125 0.6968207625 0.4135129421875 0.7098088484375 0.43968267031249997 0.6858397468749999 0.4265372375 0.6727488140625 0.401837678125 0.6968207625
0 0.3521673890625 0.6538106359375 0.3633861578125 0.6674524984375 0.39723434062499996 0.629492078125 0.3840275296875 0.61862540625 0.3521673890625 0.6538106359375
0 0.32893596875000003 0.6288070734375 0.33949226875 0.6435597265624999 0.3840791296875 0.6035219828125 0.37208617187500004 0.5921830875 0.32893596875000003 0.6288070734375
0 0.12732137187499998 0.9035581203125 0.1734072 0.9506246062500001 0.184260315625 0.939683925 0.1418031515625 0.8899570171875 0.12732137187499998 0.9035581203125
0 0.03557984375 0.8028981421875001 0.056525349999999995 0.77069935 0.039835232812499996 0.7577461578125 0.01799579375 0.7907181249999999 0.03557984375 0.8028981421875001
0 0.9678733234375001 0.9018596000000001 0.9276594921875001 0.8954750265625 0.9246503562499999 0.9154072328125 0.9663238046875 0.922316728125 0.9678733234375001 0.9018596000000001
0 0.96960526875 0.8789940046875 0.9324668656249999 0.8715972171875 0.927478740625 0.8936195390625 0.967918659375 0.9012610546875001 0.96960526875 0.8789940046875
0 0.1761745078125 0.224652025 0.213472965625 0.248882521875 0.23265751875000001 0.21165343281250001 0.1962464578125 0.1909778453125 0.1761745078125 0.224652025
0 0.037295673437499996 0.3863211921875 0.0471405625 0.3951955484375 0.058106721875 0.38134850937500003 0.034009009374999996 0.3641057171875 0.0102020578125 0.3891186734375 0.03225948125 0.40643302031250006 0.026304468749999997 0.39258081875 0.037295673437499996 0.3863211921875
0 0.82875210625 0.021776496875000002 0.85326734375 0.11584794062499999 0.9271442171875 0.0991590328125 0.9120091359375 0.027600765625000002 0.82875210625 0.021776496875000002
0 0.7740528 0.8938579343749999 0.6911786921874999 0.9436457640624999 0.699992628125 0.961040796875 0.779813484375 0.9068822609374999 0.7740528 0.8938579343749999
0 0.8081433 0.22801901249999998 0.8541455421874999 0.2736439484375 0.8867839546875 0.242605990625 0.843710090625 0.19819304531249998 0.8081433 0.22801901249999998
0 0.9364007484375 0.2258056625 0.9062593234375 0.2448041015625 0.8266753281250001 0.3227004625 0.8592418859375 0.3565212953125 0.9281361265625 0.28910561874999996 0.9835545218749999 0.3441749140625 0.9122302796874999 0.414827715625 0.94267939375 0.44860756406249996 0.997702328125 0.394936375 0.9981135562500001 0.3242521171875 0.989775465625 0.3081389375 0.99827244375 0.296941790625 0.9982955515624999 0.292969884375 0.9364007484375 0.2258056625
0 0.502794703125 0.3998140125 0.5527466390625 0.471343634375 0.5679595765625 0.4608150875 0.5190068125 0.3888196515625 0.502794703125 0.3998140125
0 0.2946473078125 0.18449017343750002 0.338906915625 0.2296503484375 0.3752114703125 0.19432603125 0.3541706578125 0.1760328078125 0.34811360625 0.1819090390625 0.324757890625 0.15713249375 0.2946473078125 0.18449017343750002
0 0.98324104375 0.1814684484375 0.9988967000000001 0.18964102968750002 0.9990289062500001 0.1669167640625 0.994373525 0.1640116421875 0.98324104375 0.1814684484375
0 0.0456943046875 0 0.0836691734375 0.050653431250000006 0.09842273124999999 0.0396856078125 0.0716869125 0 0.0456943046875 0
0 0.9730550656249999 0.833448903125 0.86996766875 0.8070755046875 0.87890405 0.855657446875 0.9697895593749999 0.8765609546875 0.9730550656249999 0.833448903125
0 0.0493220609375 0.4240836625 0.1305855828125 0.4823752359375 0.152743375 0.4468969875 0.058106721875 0.38134850937500003 0.0471405625 0.3951955484375 0.062819278125 0.40651371249999996 0.062770934375 0.42016023125 0.0493220609375 0.4240836625
0 0.0344078109375 0.82996595625 0.046353946875 0.8419230000000001 0.07903399531250001 0.8114665203125 0.0634122046875 0.7940238125 0.0344078109375 0.82996595625
0 0 0.930707378125 0.034950593749999995 0.9690957765625001 0.1683081578125 0.978424840625 0.027111590624999998 0.8256198609375 0 0.8502749484375001 0 0.930707378125
0 0.656662684375 0.88466016875 0.657496828125 0.887504215625 0.64731530625 0.892406209375 0.6507732890625 0.9024623296875 0.6627929671875 0.899874621875 0.6843747796875 0.9398698203125001 0.7141673 0.9167112890625001 0.690873440625 0.86283928125 0.656662684375 0.88466016875
0 0.6406346515625 0.8558962671874999 0.6453032078125001 0.8683513406250001 0.6603850015625 0.8620993015625 0.6560912578125 0.8492204515624999 0.6406346515625 0.8558962671874999
0 0.3678165109375 0.9494389562500001 0.3677138984375 0.983031534375 0.3851428625 0.9842507828124999 0.384866821875 0.9491531546875001 0.3678165109375 0.9494389562500001