0 0.3892444109375 0.2377941296875 0.35623375 0.2825440921875 0.37067214375 0.292755884375 0.4034890296875 0.24652782499999998 0.3892444109375 0.2377941296875
0 0.45935035781250005 0.43731844999999997 0.41798005156249995 0.5115169390625 0.4295931046875 0.516142009375 0.46421650468750003 0.456083159375 0.47351783750000004 0.45993519687499995 0.47951754375 0.44655079531249997 0.45935035781250005 0.43731844999999997
0 0.3264555578125 0.52273685625 0.30289405 0.5531941078125 0.316909065625 0.561715471875 0.340935684375 0.5293619671875 0.3264555578125 0.52273685625
0 0.4489000265625 0.3436389609375 0.44158968437499996 0.3554332703125 0.4879690140625 0.3765705765625 0.493578915625 0.3658635484375 0.4489000265625 0.3436389609375
0 0.44698987968750004 0.340990403125 0.4129960515625 0.32517895 0.403966365625 0.339685096875 0.44175010625000005 0.3561515875 0.44698987968750004 0.340990403125
0 0.2521315171875 0.15808404843749999 0.22605653750000002 0.201481796875 0.2469178984375 0.2145160984375 0.2730134984375 0.16934610781249998 0.2521315171875 0.15808404843749999
0 0.1486181109375 0.7137712875 0.1694797328125 0.7249699328125 0.36531665 0.390394521875 0.33836053125 0.3753413984375 0.3563276359375 0.3506328734375 0.1583906921875 0.232864003125 0.0028973140625 0.49445189687499996 0.0028835296874999998 0.49563660781249996 0.00438475 0.7536744671875 0.08833001406249999 0.8000974421875 0.10267802031249999 0.794505146875 0.1486181109375 0.7137712875
0 0.426731521875 0.26162263750000003 0.41036718906249997 0.29001180937500004 0.47029664843749996 0.32517475625 0.49188096875 0.3014578546875 0.426731521875 0.26162263750000003
0 0.2794217125 0.5379080609375 0.2880096921875 0.5432329171875 0.31073718281249996 0.51192683125 0.297944734375 0.5053115390625 0.2794217125 0.5379080609375
0 0.1138262640625 0.1318965765625 0.07686357656250001 0.1119534375 0.054652378125 0.09163193750000001 0.0066247546875 0.1740837140625 0.0049645265625 0.31677786406249997 0.1138262640625 0.1318965765625
0 0.23553030000000003 0.146994590625 0.209010296875 0.1960022296875 0.2260477 0.202241328125 0.2521315171875 0.15808404843749999 0.23553030000000003 0.146994590625
0 0.3657759875 0.223985075 0.33608323906250004 0.2736916375 0.3562381671875 0.2821643265625 0.38965749375000003 0.2385561171875 0.3657759875 0.223985075
0 0.0054871187500000005 0.9431555843749999 0.0054990796875 0.9452114890625 0.028804953124999998 0.958651778125 0.047859259375000004 0.9311644390625 0.024725423437499998 0.9176105265625001 0.0054871187500000005 0.9431555843749999
0 0.5191051546875001 0.3224837078125 0.49654198593750004 0.3577996625 0.5262724328124999 0.37738422968749996 0.5505429187499999 0.34039024375000004 0.5191051546875001 0.3224837078125
0 0.302698028125 0.044187521875 0.2775915109375 0.026106828125 0.26392953124999996 0.0416410015625 0.2903263546875 0.05761925 0.302698028125 0.044187521875
0 0.40314988749999997 0 0.3690935875 0.056706078125 0.41866298593750007 0.08834841875 0.47100015468749995 0 0.40314988749999997 0
0 0.1889106265625 0.11931502812500001 0.1728578984375 0.1390552015625 0.1958720015625 0.15564675156250002 0.21026405312500002 0.13357596875 0.1889106265625 0.11931502812500001
0 0.2106981265625 0.6892139328125 0.19514965 0.7200132 0.21508383125 0.725699465625 0.228574690625 0.6976733671875001 0.2106981265625 0.6892139328125
0 0.3880590671875 0.3034068203125 0.40283852343750004 0.3024378359375 0.42714092187499997 0.262701096875 0.40243423125 0.24652168593749998 0.37067214375 0.292755884375 0.3880590671875 0.3034068203125
0 0.150004571875 0.9921878640624999 0.17310731562499998 0.958985003125 0.1271163609375 0.9298532296875001 0.0876360375 0.9918249781249999 0.150004571875 0.9921878640624999
0 0.574126634375 0.17384105156250002 0.5599013578125 0.19971072343750002 0.6005820749999999 0.22104696875 0.5977292828125 0.21237955625 0.602257628125 0.2039660859375 0.6155480921875001 0.204043415625 0.6162472484375 0.19835060468750002 0.574126634375 0.17384105156250002
0 0.21413514218750002 0.1363203328125 0.191289825 0.1777535140625 0.2086055609375 0.19452290625 0.23616072500000002 0.14720925468749999 0.21413514218750002 0.1363203328125
0 0.5758849015624999 0.120638228125 0.5111100421875 0.0794337203125 0.47333654062499997 0.1309922234375 0.527896775 0.1724959921875 0.5630626515625 0.18911604843750002 0.5868400890625 0.15097981875 0.5731202 0.1388521484375 0.5780067140625 0.126853840625 0.5758849015624999 0.120638228125
0 0.31736069843750003 0.1965060609375 0.29432896875000003 0.2358282015625 0.31255727499999997 0.24669503124999997 0.339163046875 0.20844865937499998 0.31736069843750003 0.1965060609375
0 0.0808320234375 0.0881973390625 0.0793871953125 0.1180869890625 0.11179475624999999 0.12154597812500001 0.1168425625 0.09387164375 0.0808320234375 0.0881973390625
0 0.1048861421875 0.9256727734375 0.0759740046875 0.90828731875 0.039011790625 0.9807812921875 0.060404493749999996 0.9916665328125 0.0652077875 0.99169448125 0.1048861421875 0.9256727734375
0 0.2730134984375 0.16934610781249998 0.2466588546875 0.2150209796875 0.2645177453125 0.22499947812499999 0.292138146875 0.1793319703125 0.2730134984375 0.16934610781249998
0 0.301503171875 0.5548739781250001 0.2851486609375 0.5824192265625 0.300622215625 0.594325003125 0.31701355000000003 0.5636150390625 0.301503171875 0.5548739781250001
0 0.436491734375 0.4254963 0.4287327171875 0.43958785 0.4232993125 0.43512533124999997 0.4071754 0.4609839578125 0.413670965625 0.46481966874999997 0.393810996875 0.50352728125 0.40868849531249996 0.5122646578125 0.4564543625 0.43236430625000005 0.436491734375 0.4254963
0 0.279056203125 0.23749060156250001 0.2906452140625 0.2423687265625 0.3175061609375 0.19669680312499999 0.292138146875 0.1793319703125 0.2642645921875 0.22499800625000002 0.279056203125 0.23749060156250001
0 0.39001479843750003 0.0700361234375 0.38353135781250003 0.0832911125 0.42854404218750003 0.11309238125000001 0.4816550890625 0.027104260937500003 0.4628135390625 0.0145459 0.4184942171875 0.0883474375 0.39001479843750003 0.0700361234375
0 1 0.40504949375 0.9855891250000001 0.39145048125000004 0.9385593671875 0.3863239484375 0.9273596656249999 0.4096370796875 0.9092371078125 0.42594708125 0.9179172703124999 0.43785553125 0.9388726921874999 0.437365571875 0.9554852140625 0.445669953125 0.9803926890625 0.44640566249999997 0.9890887828125001 0.42974542031249996 1 0.41789956093749997 1 0.40504949375
0 0.084360840625 0.852928709375 0.0574945359375 0.8337828 0.050762360937499994 0.84665655 0.0796951203125 0.8622697625000001 0.084360840625 0.852928709375
0 0.30430402343749996 0.49547395468750005 0.318811153125 0.499778271875 0.3351558453125 0.47307694843750003 0.3217477015625 0.4649811078125 0.30430402343749996 0.49547395468750005
0 0.23514226093750001 0.6554280890624999 0.212988275 0.6882144796875 0.23217478125 0.6928836171875 0.2514675125 0.6666636359375 0.23514226093750001 0.6554280890624999
0 0.2152529625 0.8616659234374999 0.1992144421875 0.8838115265625 0.2180388078125 0.8978467531250001 0.23685610625 0.876223709375 0.2152529625 0.8616659234374999
0 0.09023599843749999 0.8919548546874999 0.046953125 0.869421896875 0.0394585515625 0.8825444046875001 0.08303286875 0.9017875312499999 0.09023599843749999 0.8919548546874999
0 0.339163046875 0.20844865937499998 0.3067582640625 0.2555230984375 0.33686378906250003 0.27369617812499997 0.3657970828125 0.22398519687500001 0.339163046875 0.20844865937499998