0 0.325565096875 0.9348492374999999 0.328457071875 0.969377440625 0.35061639375000003 0.98996951875 0.3517669296875 0.99004990625 0.3991161734375 0.9355389609375001 0.29840009375 0.84768396875 0.2768261828125 0.870894859375 0.325565096875 0.9348492374999999
0 1 0.59724210625 0.9551531093750001 0.5845070437500001 0.9443365265624999 0.632048621875 0.9982165015625 0.6513528843749999 1 0.6207563046875 1 0.59724210625
0 1 0.49480628437499996 0.9031041500000001 0.4647805375 0.8769004296875 0.5035736078124999 0.8928886984375 0.512342621875 0.9037322671875 0.5049324875 0.9496010234375 0.50888963125 0.9635320765625 0.5341298765625 1 0.5474005296875 1 0.49480628437499996
0 1 0.30627258749999997 0.9985819593749999 0.309256790625 0.9703703984375001 0.3038895765625 0.97038199375 0.29778605156250004 0.9321483531249999 0.2864740234375 0.9251016859375 0.31768552968749997 1 0.34103141406250004 1 0.30627258749999997
0 1 0.39072833125 0.90933315625 0.36419330156249996 0.8975767953125 0.4101431328125 0.9812217406249999 0.4428550765625 0.9848059390625 0.4300800546875 1 0.438566028125 1 0.39072833125
0 0.7295064109375 0.0606626484375 0.726737475 0.03841619375 0.68592855625 0.0281064109375 0.6731542125 0.0723300671875 0.8723252171875 0.138476896875 0.886763746875 0.08895299375 0.7770230921875 0.055170037500000005 0.7667944796875 0.073434690625 0.7295064109375 0.0606626484375
0 0.8283467 0.23900587187500003 0.8247655406250001 0.21999127187499998 0.68595445 0.17749248906249998 0.6725053765625 0.22517254687500002 0.87170465625 0.29009618593750003 0.8819644375 0.24509500156250003 0.8670478312500001 0.2393455625 0.8601438484375 0.24707394218749998 0.8283467 0.23900587187500003
0 0.3297322234375 0.7489581578125 0.379533915625 0.7765972125 0.397306515625 0.7481125890625 0.349309884375 0.721244478125 0.3297322234375 0.7489581578125
0 0.06621064531250001 0.9700981000000001 0.06618965 0.9700751390625 0.0708497078125 0.9414266375 0.010620412499999999 0.9127159812500001 0.011243425 0.96625754375 0.06621064531250001 0.9700981000000001
0 0.06928016406250001 0.301866321875 0.061945278125 0.31846316875 0.1211504546875 0.3763136875 0.15041184999999999 0.386182046875 0.2728608515625 0.2311026703125 0.2850011953125 0.23244528125000002 0.2982217140625 0.212304740625 0.30220056875 0.1846403625 0.255935503125 0.12732856718750002 0.24427634843749998 0.134337809375 0.1893045609375 0.0880030203125 0.1957387765625 0.06988164062499999 0.1315652375 0.0131240921875 0.0385398640625 0.10775433906250001 0.0476824140625 0.1269425703125 0.025190601562499998 0.146710325 0.01916228125 0.250128434375 0.06928016406250001 0.301866321875
0 0.935878625 1 0.9400431984375001 0.9854347125 0.78772725 0.894146390625 0.7623427296874999 0.896005284375 0.733540428125 0.9587117234375 0.80848631875 1 0.935878625 1
0 0.174961775 0.90459496875 0.18592626406249999 0.881824975 0.0849796890625 0.8137929671874999 0.0480535375 0.8689891859375001 0.14487899531249998 0.9431385046875 0.14770399375 0.9315785921874999 0.139223928125 0.9117273421875 0.1456220375 0.90308235625 0.174961775 0.90459496875
0 0.593047196875 0.9144403609375 0.600311478125 0.9108640296875 0.5987350124999999 0.8869813640625 0.60263484375 0.883922253125 0.6116557312500001 0.8823171515625001 0.6376395421875001 0.8380706984374999 0.6299512421875 0.8297311453124999 0.6414001593750001 0.8056623609375 0.611219109375 0.7875834671875 0.603889940625 0.792272959375 0.5788897515625 0.7875385109375 0.57085175625 0.7977454609375 0.5364080578125 0.77640254375 0.5295940906250001 0.7785272437499999 0.52393661875 0.780001946875 0.5184525921875001 0.7785010828125001 0.5134413421875 0.7751632625 0.5079560703125 0.7736838046875001 0.50247308125 0.77179611875 0.4994318171875 0.7667689375 0.50080786875 0.7557096249999999 0.48714155468750003 0.7480700828125 0.476340409375 0.7547523796875 0.4446574265625 0.7436186218749999 0.44269532187499994 0.7197090109375 0.425664346875 0.712221275 0.38555051875 0.78815155625 0.4141245546875 0.807966665625 0.4436273328125 0.8059441375 0.45426527187500004 0.830846821875 0.4727949390625 0.8410400640625 0.4942476390625 0.8239680249999999 0.531242446875 0.8395568062500001 0.5413246 0.8643991640625 0.5411658828125 0.886312096875 0.536642290625 0.8937984078125 0.5451675812500001 0.9003264515625 0.554254753125 0.8913105031249999 0.593047196875 0.9144403609375
0 0.8366809390625001 0.46433090625 0.8312979468749999 0.45666828437499996 0.8139219359375 0.453992621875 0.7868137859375001 0.4433504609375 0.784136515625 0.413995853125 0.645323715625 0.3663598515625 0.627473565625 0.42200765 0.6284225593749999 0.43082207187500005 0.8246413546875001 0.4955804515625 0.8366809390625001 0.46433090625