0 0.1045481734375 0.51296925625 0.1264319234375 0.5292013890625 0.11073645000000001 0.549970471875 0.11309534218749999 0.5543089796875 0.1086689203125 0.5681086140625 0.10436871562500001 0.575334803125 0.09839139531249999 0.57703731875 0.07426696875 0.61508446875 0.0960367 0.6295600578125 0.09735065781249999 0.6234929203124999 0.12251383125 0.6358775750000001 0.1804917421875 0.5363934687499999 0.16624431875 0.5235768109375 0.26023148281249997 0.354686784375 0.25961026875000004 0.3476344359375 0.289325878125 0.29372501562500003 0.291669209375 0.28809667499999997 0.2877865890625 0.2822021578125 0.273288665625 0.271169059375 0.2676478140625 0.27108044375 0.21904918750000002 0.35833452499999996 0.1995149203125 0.3437893078125 0.1045481734375 0.51296925625
0 0.293640765625 0.9377053671875 0.29561348593750003 0.94620161875 0.2927600578125 0.963579146875 0.28632482656249997 0.973286578125 0.2942241375 0.9745388609375001 0.31715418125 0.9322742093749999 0.3057238265625 0.9256495640625 0.2998679875 0.923258378125 0.2971350609375 0.922358709375 0.2894940734375 0.933677059375 0.293640765625 0.9377053671875
0 0.7212881265625 0.7818955359374999 0.71628275625 0.8028328671875 0.7161090609375 0.8494259218750001 0.8228860953125 0.8571521859375 0.8267187234375 0.787373071875 0.7212881265625 0.7818955359374999
0 0.6175120062499999 0.1974740375 0.6443041328125 0.2123218140625 0.6799415859375 0.23289681093749998 0.7883469890625 0.039473485937500004 0.7123146796875 0.027420045312500002 0.6175120062499999 0.1974740375
0 0.1753298828125 0.8651630156250001 0.13045990624999998 0.94857723125 0.1825994125 0.9568429343749999 0.2182058796875 0.8927369671875001 0.223989221875 0.8720925749999999 0.18114651875 0.851668575 0.1753298828125 0.8651630156250001
0 0.997978215625 0.34751525 0.9984101109375001 0.2732788390625 0.882006153125 0.2597572140625 0.8645419234375 0.2938780171875 0.8452961968749999 0.331108528125 0.997978215625 0.34751525
0 0.5594723171875 1 0.5586113671875 0.988573234375 0.5500253171875 0.9910706328125001 0.53971674375 0.9923197187499999 0.5339149046875 0.9894706765624999 0.5297548375 0.9825569375000001 0.5068530484375 0.9861981859375 0.506887209375 1 0.5594723171875 1
0 0.8950426453125001 0.05638800468750001 0.8122570843749999 0.2149905625 0.7644502578125 0.1849388578125 0.720724240625 0.25644996249999996 0.7172094546875 0.2672775984375 0.8298292281249999 0.3326846984375 0.8391072968750001 0.3213290609375 0.972796225 0.0687143203125 0.8950426453125001 0.05638800468750001
0 0.6170883765624999 0.197216071875 0.6205885375 0.18905741874999998 0.5429481015625 0.14217051249999998 0.5368641953125 0.15458374218749998 0.5151130015625001 0.1941731671875 0.4963704796875 0.2257592328125 0.6359729546875 0.305111484375 0.6554652625 0.2674112421875 0.6742881749999999 0.2287568484375 0.6170883765624999 0.197216071875
0 0.2608781859375 0.3531992453125 0.322147125 0.38640274531249996 0.406917865625 0.22875092187499999 0.3955126046875 0.21952255625 0.40113139531249997 0.2098128984375 0.3916944671875 0.20407669374999998 0.38447528124999997 0.22095292500000002 0.35156885625 0.19432343125 0.3329754734375 0.20049216250000002 0.2880705375 0.28305280312500003 0.29153521250000003 0.28968669375 0.2593136078125 0.34724819375 0.2608781859375 0.3531992453125
0 0.3115374546875 0.40973775 0.3142178453125 0.3934140296875 0.30244796093750004 0.3902760953125 0.2815667125 0.3839340625 0.2772673109375 0.37012917343749996 0.25776878281250004 0.3592361625 0.2493081 0.374643528125 0.1658266609375 0.524443434375 0.1878645671875 0.5419296546875 0.23021932656250002 0.5579725343749999 0.3115374546875 0.40973775
0 0.2624073546875 0 0.20715508906250002 0.0998978921875 0.243733128125 0.121194425 0.279694628125 0.14056994375 0.3600630265625 0 0.2624073546875 0
0 0.4819527328125 0.48254753125 0.509360996875 0.48538731874999996 0.514276921875 0.4323589765625 0.5121330953125 0.41355320625 0.4863310890625 0.41073485 0.48268439531249996 0.456162503125 0.4819527328125 0.48254753125
0 0.284520965625 0.2646814046875 0.30233214375 0.248699896875 0.31445916406249996 0.2118673125 0.3175095171875 0.19793433124999998 0.3059385609375 0.199131696875 0.2993790203125 0.19277040625 0.2957922 0.1868803828125 0.29209694375 0.186294571875 0.284692721875 0.1805626 0.1904022828125 0.1215593953125 0.1631722671875 0.17039305 0.1572816953125 0.1892395734375 0.284520965625 0.2646814046875
0 0.15814760625 0.6563459828125 0.1614329125 0.6505277609375 0.1670602984375 0.6446356125 0.17434020625 0.6348712812499999 0.1727636859375 0.62667105 0.1484177640625 0.613695128125 0.1205809171875 0.6542278640625 0.12212298125000001 0.663927890625 0.1443357515625 0.6750603859375001 0.1538656015625 0.6670731937500001 0.15814760625 0.6563459828125
0 0.35145574375 0.19449630625 0.3847156515625 0.2207790234375 0.39186697656249997 0.20431605 0.40095888593750006 0.20957354218750002 0.4084638265625 0.19740679218749999 0.40320821718750005 0.18052459999999998 0.3863674875 0.1738266765625 0.38251920156249997 0.1816545296875 0.3748509515625 0.17933643593749998 0.37325550625 0.1718964328125 0.368812771875 0.16928405156249998 0.32070058437500004 0.14109201093749998 0.30901046718749997 0.15810749531249998 0.2983272078125 0.1793107515625 0.3331819125 0.2005248890625 0.35145574375 0.19449630625
0 0 0.5866000734375 0.0248568203125 0.5985379171874999 0.19383641406250002 0.2643400734375 0.20260104218750002 0.23727804375 0.136271109375 0.1987776484375 0.1316027796875 0.21817835 0 0.4568273953125 0 0.5866000734375
0 0.7772649781250001 1 0.77944526875 0.98200735 0.7600031046875 0.9839285656250001 0.7421711671875 0.986105053125 0.7298795890625 0.98498329375 0.7156891046875 0.9852353656249999 0.70352985 0.9833077515624999 0.7002887578125 0.9827939406249999 0.698389615625 1 0.7772649781250001 1
0 0.600734134375 0.5242324859374999 0.49423531875000004 0.514811859375 0.47865487343749996 0.5332034859375 0.47002162968750005 0.57584774375 0.4517260421875 0.7478964546875 0.4533812453125 0.768130021875 0.5082530546874999 0.7785037421875 0.5725679296874999 0.7820637578125 0.6001029296875 0.54329795625 0.600734134375 0.5242324859374999
0 0.7719740203125001 0.3339012796875 0.76577405625 0.391008628125 0.7601405890625 0.43086351718750004 0.9973506796875 0.455379584375 0.99795441875 0.3516056046875 0.775155203125 0.326137278125 0.7719740203125001 0.3339012796875
0 0.3099674609375 0.7817751562499999 0.33671171875 0.7356418031249999 0.338022934375 0.713079996875 0.200964090625 0.640682040625 0.1697586671875 0.7019875734375 0.1800788796875 0.7120191640625 0.3099674609375 0.7817751562499999
0 0.4993106046875 0.282025875 0.5220625531249999 0.2408566328125 0.49567761875 0.225076971875 0.47122020468750003 0.26798992187500004 0.4993106046875 0.282025875
0 0.4303505703125 0.248578340625 0.40702251718750004 0.2294035375 0.3876241109375 0.26756388124999997 0.47179020312500003 0.3225663765625 0.4969209796875 0.280841415625 0.4303505703125 0.248578340625
0 0.6483830640625 1 0.649009725 0.988593584375 0.5979232453125001 0.9836749390625 0.591948975 1 0.6483830640625 1
0 0.7065983124999999 0.33731776562500004 0.70888499375 0.3187479453125 0.7104036421875 0.30124361718750003 0.6566464078124999 0.2940147046875 0.6530369953124999 0.3086434859375 0.6523258859375 0.33193645312500003 0.7065983124999999 0.33731776562500004
0 0.6006941765625 0.31705179375000003 0.6282240109375 0.318893215625 0.632697603125 0.3031293828125 0.603714359375 0.2866621984375 0.6006941765625 0.31705179375000003
0 0.5314807765625 0.2841153140625 0.54926845625 0.2867231953125 0.5514558843749999 0.26837085156249996 0.533332546875 0.266388184375 0.5314807765625 0.2841153140625
0 0.9797053625000001 0.5327718124999999 0.9968905187500001 0.5344743734375 0.997343296875 0.4566485546875 0.9888667109375 0.455823553125 0.9797053625000001 0.5327718124999999
0 0.6927395984375 0.5827038453125 0.6852771875 0.6473705562500001 0.7044553671875 0.6504108828125 0.7269927703125 0.65143965 0.7355281359375 0.5882362875 0.7368101421875 0.5725601140625 0.6992382515625 0.5666038234374999 0.6927395984375 0.5827038453125
0 0.007561692187500001 0.39827686406249996 0.1025781890625 0.2093157015625 0.11363596093749999 0.18183277343749998 0.0498017375 0.14103288593750002 0.007561692187500001 0.39827686406249996
0 0.1642152140625 0 0.12929638906250002 0.064530828125 0.1522201578125 0.0874576875 0.188024875 0.102886203125 0.2493975484375 0 0.1642152140625 0
0 0.6902467624999999 1 0.69149181875 0.9878656046875 0.6724957984375 0.9862958109375001 0.6695221734375 0.9838951265625001 0.661784346875 0.981226790625 0.659983790625 0.9804537281249999 0.6555646515625 0.9822124546875 0.6536545968749999 1 0.6902467624999999 1
0 0.75737103125 0.4442473890625 0.7217349343749999 0.7817543609375 0.7762301453125 0.7852629171875 0.832530078125 0.7868102921875 0.8354347203125 0.7509325703124999 0.8485124421875 0.7513945265624999 0.851251646875 0.7153633734375 0.8389939984374999 0.7140349859375 0.8554853937500001 0.5426542921874999 0.8688707671874999 0.5422745859375 0.8744826265625001 0.5080980890625 0.8614769703125 0.506036296875 0.8685424859375 0.45604123281250003 0.8671450796875 0.44184836406250005 0.76067083125 0.43111718281250005 0.75737103125 0.4442473890625
0 0.522203284375 0 0.3955126046875 0.21952255625 0.43172778593750005 0.24922068749999998 0.46980906093749997 0.267554203125 0.6167074968749999 0.012263389062500001 0.539350853125 0 0.522203284375 0
0 0.459003165625 0.3503899875 0.4730823078125 0.323598046875 0.42494432031249996 0.293112228125 0.4083181359375 0.3221292875 0.459003165625 0.3503899875
0 0.5605082640625 0.3049568796875 0.5619969484375 0.2878930171875 0.54873539375 0.28674469375 0.5291214453124999 0.2841653046875 0.499081228125 0.2809718734375 0.4977591265625 0.29869816875 0.5605082640625 0.3049568796875
0 0.09563768125 0.6295392046875 0.0745497703125 0.6154261125 0.0570579765625 0.6449419703125 0.0782596609375 0.6622320203125 0.1053560015625 0.6747111296875 0.12106414218749999 0.6519299796875 0.12473548593749999 0.637311015625 0.09789079218749999 0.623557346875 0.09563768125 0.6295392046875