0 0.9815253890625 0.39106431875 0.9853863625000001 0.3881408375 0.953847828125 0.22552216249999998 0.63049485 0.1356946109375 0.493855190625 0.2209132890625 0.482722659375 0.2504268125 0.9815253890625 0.39106431875
0 0.39882325 0.7500210125 0.38316450625 0.7455591671875 0.23485308124999998 0.7085880062500001 0.05293780625 0.8211019125 0.078980659375 0.9553838171875 0.39882325 0.7500210125
0 1 0.6781076140625 0.9718670625 0.670243803125 0.9306852921875001 0.696854078125 0.9722647359375 0.7099142015625 1 0.6908322328125001 1 0.6781076140625
0 0 0.548144525 0.0090415484375 0.5947644671875 0.25222103281249997 0.657779271875 0.398129228125 0.56249410625 0.38398517499999996 0.5440486890625 0 0.4401886796875 0 0.548144525
0 1 0.46349152812499994 0.9957439375 0.44154646093750005 0.55371849375 0.7283167828125 0.5396961546875 0.74734051875 0.6945582859375 0.78825188125 1 0.5843617453125 1 0.46349152812499994
0 0.984339353125 0.9266661390625 0.6767774984375 0.8530177140624999 0.553329603125 0.93490751875 0.7040789796875 0.9778821125 0.984339353125 0.9266661390625
0 0.908746390625 0.40471403749999996 0.7497181046875 0.3669687140625 0.29719810468749996 0.65644614375 0.2877798203125 0.6724861546875001 0.44521633749999995 0.716293634375 0.9245285125 0.41007149218750005 0.908746390625 0.40471403749999996
0 0.361143540625 1 0.6430157046875 0.8237072921875 0.62467764375 0.8204783453125 0.4727415875 0.7801253046875 0.1253822875 1 0.361143540625 1
0 0 0.257191003125 0.10910259687499999 0.1896589984375 0 0.210059171875 0 0.257191003125
0 0 0.39502970937500004 0.0947589515625 0.42055145625 0.6017224078125001 0.0996792796875 0.56075648125 0.1071655671875 0.2545458546875 0.1656596625 0 0.3331734625 0 0.39502970937500004
0 0.669021834375 0.3602918375 0.615657509375 0.3471773875 0.60274535 0.3485751328125 0.565999575 0.3791185640625 0.6125912312499999 0.388705009375 0.6322676890625 0.3749658046875 0.6500087015625 0.37745128437500003 0.669021834375 0.3602918375
0 0.5030422921875 0.3326267484375 0.47749172656249994 0.3267153046875 0.44511251874999996 0.3294407328125 0.3954960265625 0.3756057625 0.48314688281249996 0.3934942859375 0.5461640546875 0.341185871875 0.5277540000000001 0.334472340625 0.5030422921875 0.3326267484375
0 0.079210590625 0.6841493265625 0.0470060125 0.7028231390624999 0.0764339953125 0.7129009828124999 0.10809723125 0.6929925828125 0.079210590625 0.6841493265625
0 1 0.722908540625 0.9044408484375 0.698261665625 0.7814789078125 0.7800626625 0.764169628125 0.796407940625 1 0.8642825625 1 0.722908540625