0 0.261747296875 0.596904634375 0.2770078375 0.5939556375 0.2481159375 0.504393246875 0.2313814078125 0.5103054265625 0.261747296875 0.596904634375
0 0.5435559234375 0.393165090625 0.5568814125 0.43194457656249996 0.6094699828125 0.5958366078124999 0.698544528125 0.565906303125 0.7065135687499999 0.5496774640625001 0.645153678125 0.3488173546875 0.5436315078125 0.382356090625 0.5435559234375 0.393165090625
0 0.30280796875 0 0.398983540625 0.30079572187500003 0.423207396875 0.2910581875 0.32654534062499996 0 0.30280796875 0
0 0.5486243562500001 0.9480339609374999 0.5388548953125001 0.921685625 0.483872403125 0.9430124125000001 0.48150291718749993 0.96036765 0.4139770734375 0.9853688078125 0.39492130625 0.9406219796874999 0.3713051515625 0.9461329812500001 0.3807699890625 0.9807044218750001 0.45542707968749996 0.9943321640624999 0.5182152640625 0.973929734375 0.52094825 0.9646067640625 0.543027971875 0.9568551046874999 0.5486243562500001 0.9480339609374999
0 0.5051412187500001 0.19755685625 0.58528736875 0.16714370781250001 0.5903033468750001 0.1492288984375 0.546170453125 0.0142397109375 0.4582106203125 0.04643795625 0.4536217640625 0.066953965625 0.5051412187500001 0.19755685625
0 0.17597226562499999 0.6880156921875 0.257056225 0.6591500359375 0.21720953125000003 0.530385921875 0.1350855125 0.561126190625 0.17597226562499999 0.6880156921875
0 0.5626522109375001 0.7966355968750001 0.5815001828125 0.7877935468749999 0.45862395312500004 0.401851471875 0.4312650515625 0.4123096390625 0.5626522109375001 0.7966355968750001
0 1 0.12790138125 0.9922756984375001 0.09485751875000001 0.9745443125 0.0760644046875 0.9129301421875 0.0992043703125 0.8634055734375 0.11477100625 0.843132609375 0.1527767703125 0.8512769890625 0.1836664 0.8433779046875 0.203619875 0.8633224453125001 0.2498426875 0.9141065609375 0.22724906093750002 0.9148808 0.18881201875 1 0.155326778125 1 0.12790138125
0 0.1791045640625 0.293273853125 0.15734994687499998 0.3006260875 0.1548213109375 0.31096645624999997 0.17893849374999998 0.3790752 0.204501121875 0.3700825171875 0.1791045640625 0.293273853125
0 0.4861896484375 0.9417671437499999 0.5326166703124999 0.9241753656249999 0.536244259375 0.92150103125 0.5220721484374999 0.872828571875 0.47266629531250004 0.8925249531249999 0.4728879703125 0.9061825390625 0.4861896484375 0.9417671437499999
0 0.25254004375 0.1753036171875 0.2565062640625 0.174150815625 0.2767729734375 0.235822078125 0.28285161875 0.23451269218749998 0.2986734078125 0.285488184375 0.30629963125000004 0.282042321875 0.3210958671875 0.3279509703125 0.3472568453125 0.31998505 0.344492965625 0.308657740625 0.35635443906250003 0.3029612609375 0.365396896875 0.2810269140625 0.33687510625 0.197579503125 0.345857853125 0.1885840765625 0.32372475624999997 0.100297128125 0.2924591484375 0.11148104218749999 0.28599971874999996 0.0982071125 0.26022105 0.11122672656249999 0.2467194 0.15520218125000002 0.25254004375 0.1753036171875
0 0.4143195640625 0.5802124671875 0.46827145625 0.5630350156249999 0.46212758750000005 0.5349086671875 0.42822330312499995 0.4327952578125 0.378790040625 0.447544434375 0.3734009390625 0.46301387343749995 0.4143195640625 0.5802124671875
0 0.045487170312500005 0.22405146406249998 0.1121312484375 0.4211820140625 0.178937596875 0.3893765046875 0.0741873078125 0.0715022765625 0.045487170312500005 0.22405146406249998
0 0.29603745 0.8178681546875 0.297420171875 0.800332796875 0.2837998046875 0.75426343125 0.132225525 0.800415625 0.1329591765625 0.820652003125 0.14922959687499998 0.8618249812500001 0.1906833796875 0.848413575 0.194895165625 0.854812740625 0.29603745 0.8178681546875
0 0.59232519375 0.8931178453124999 0.6233287187500001 0.9928146109375 0.651084928125 0.9924916375 0.6176009203125 0.8839893796875 0.59232519375 0.8931178453124999
0 0.8163877921875 0.4427378421875 0.8557165984375 0.42943902187500005 0.8632786156250001 0.41526290781249997 0.8202928484375 0.2829229359375 0.771369253125 0.29939169374999997 0.77076804375 0.3156516921875 0.8163877921875 0.4427378421875
0 0.3593513453125 0.6332386828125001 0.41281750156249997 0.6143251656250001 0.3582776875 0.45205801093750003 0.305469128125 0.4719048375 0.3593513453125 0.6332386828125001
0 0.32699668593750003 0.8026662124999999 0.349791715625 0.7945446484375001 0.321592096875 0.7050669187499999 0.296165196875 0.714334615625 0.32699668593750003 0.8026662124999999