0 0.19691880781249999 0.28388884999999997 0.2103859703125 0.22274358125 0.2242018640625 0.1611379359375 0.06552488906250001 0.12206631718750001 0.0427615234375 0.24663037031249999 0.19691880781249999 0.28388884999999997
0 0.298114521875 0.16728853593749998 0.22572817656250002 0.1520617875 0.1963055625 0.2867619671875 0.26313484531250003 0.30271500156250003 0.298114521875 0.16728853593749998
0 0.192927915625 0.28883495 0.0418164609375 0.25180186875 0.017425590625 0.3852718453125 0.1710485203125 0.419541978125 0.1689761515625 0.4092838890625 0.17956482499999998 0.3548404875 0.192927915625 0.28883495
0 0.2004511984375 0.44953280781249993 0.23143371875000002 0.4601396875 0.2634132828125 0.30734508125 0.25784005625 0.3016441203125 0.19871770625000001 0.2873177859375 0.1694772328125 0.4100410796875 0.17133336875 0.4190692140625 0.20375760937499998 0.4310777234375 0.2004511984375 0.44953280781249993
0 0.1587775953125 0.7109992640625 0.12648745 0.7018768093750001 0.12068683124999999 0.7251722546875 0.0081254484375 0.69829928125 0.0092635734375 0.796109565625 0.1299505515625 0.8238585671875001 0.1587775953125 0.7109992640625
0 0.12652627656249998 0.7016643359375 0.159002196875 0.7109768234375 0.1749864734375 0.637867509375 0.006958665625000001 0.5980262749999999 0.0081276375 0.698487503125 0.12068683124999999 0.7251722546875 0.12652627656249998 0.7016643359375
0 0.3666164609375 0.7403516859375 0.3308137453125 0.88004060625 0.3347688359375 0.8886838015625 0.576870784375 0.9388055078124999 0.587013840625 0.9005559671875 0.5841049453125 0.8905316453125 0.39626408125 0.8462253421874999 0.41600600468750004 0.7622065890624999 0.4139812671875 0.7534977625 0.3666164609375 0.7403516859375
0 0.4579581484375 0.40003239218750003 0.42149860156249996 0.536799878125 0.9111265218750001 0.6546615234375001 0.9396893578125001 0.5163405375 0.4579581484375 0.40003239218750003
0 0.8936398765625 0.7315275359375 0.6646464562500001 0.675675975 0.59964850625 0.9327728734375 0.8330995890624999 0.9911389890625 0.8936398765625 0.7315275359375
0 0.9948789 0.61107038125 0.9345609687499999 0.597253359375 0.8626981640625001 0.9036197593749999 0.938436603125 0.9199298640625001 0.9948789 0.61107038125
0 0.6585494328125 0.2866047390625 0.6266131484375 0.4302335796875 0.939463771875 0.4988724828125 0.9715095281250001 0.3609189734375 0.6585494328125 0.2866047390625
0 1 0.18705585 0.93789328125 0.17239020625 0.8975759484375001 0.34233409843749996 0.9760959265625001 0.36152246093749996 1 0.259553546875 1 0.18705585
0 1 0.31973931875 0.938994678125 0.5739568187499999 0.95182134375 0.5860586109375 0.9975390640624999 0.596513621875 1 0.583047065625 1 0.31973931875
0 0.62335789375 0.2913078359375 0.6156071109375 0.30777895 0.6029542421875 0.304379015625 0.591266925 0.3683335125 0.5196155953125 0.35065326875 0.5107666265625 0.3990759609375 0.627772309375 0.4275103359375 0.6566273109375 0.29736415312500003 0.62335789375 0.2913078359375
0 0.0167072171875 0.4441037234375 0.00702083125 0.44220801875 0.0052578140624999995 0.45185547187499997 0.0069625390625 0.59835913125 0.1742921671875 0.6402188984375 0.215156384375 0.4996195796875 0.20941431718749998 0.4947218875 0.1622986890625 0.4827461546875 0.14772835 0.48465044218750003 0.1350754796875 0.48125050625 0.1309978546875 0.47762163593749996 0.1217599390625 0.4710999359375 0.057079007812500006 0.45666357656249995 0.0450888109375 0.46001427812499995 0.036680529687500005 0.459329578125 0.0232789203125 0.454838415625 0.01936825625 0.45029590781250006 0.0167072171875 0.4441037234375
0 0.08783180625 0 0.06713826875 0.11323770156249999 0.2944426671875 0.1653003875 0.33381988125 0.03259681875 0.206061475 0 0.08783180625 0