0 0.43304108281250003 0.532720628125 0.454517234375 0.529772321875 0.45329643124999996 0.52068551875 0.434049128125 0.52520146875 0.43304108281250003 0.532720628125
0 0.245791753125 0.590568796875 0.2442287359375 0.5741672140625 0.2264890828125 0.573984965625 0.2281435375 0.5915966859374999 0.245791753125 0.590568796875
0 0.8090904578125 0.51632975625 0.8350026734375 0.5093090296875 0.8619675109375 0.49841294999999997 0.849160265625 0.45374656093750004 0.8244687468749999 0.4594178515625 0.794047478125 0.4692578703125 0.8090904578125 0.51632975625
0 0.45329643124999996 0.52068551875 0.44932449218750004 0.503942246875 0.428430684375 0.508973221875 0.42632739218750004 0.5027250046875 0.4063154328125 0.5081446984375 0.3957473890625 0.5087602171875 0.396418921875 0.5138134890625 0.393790553125 0.51905895625 0.3915172359375 0.524283746875 0.40862341874999997 0.525823140625 0.42502440156250004 0.5231704296874999 0.43170086249999995 0.5219433171875 0.434049128125 0.52520146875 0.45329643124999996 0.52068551875
0 0.4974183671875 0.3743973296875 0.5087196078125 0.3762957765625 0.5095665328125001 0.3818417828125 0.5201585125 0.3801980109375 0.5169817953125 0.3691923640625 0.50697865 0.3723106953125 0.4974183671875 0.3743973296875
0 1 0.6951885234375 0.9911009343750001 0.6441452859375 0.9871270453125 0.6414009421875 0.97947608125 0.6410083078125 0.9643026796875 0.6431494359375 0.949589975 0.6452846890624999 0.9424830234374999 0.647396084375 0.9317928671875 0.653111096875 0.934123690625 0.656789390625 0.93476400625 0.6605871 0.93542399375 0.664362709375 0.9390045031250001 0.6675490921875 0.9401841718749999 0.67341101875 0.9386408562499999 0.6760575765625 0.9412387546875 0.6767654765625 0.9464367828125001 0.6785793109375 0.9470036453124999 0.6883119375 0.9474963031250001 0.6967705484375 0.9357029046875001 0.6982956875 0.9355058406250001 0.6949122437499999 0.9311918875 0.69388516875 0.9278826468749999 0.6953562437499999 0.9269312671875 0.7153620640625 0.9421324390624999 0.7140575703125001 0.94419125 0.7058694796875 0.958557003125 0.7046136421875 0.960685390625 0.71632999375 0.9660622734375 0.7168969921875 0.9688066171875 0.712923103125 0.9792262546874999 0.7097595578125 0.9777266593749999 0.6984047531249999 1 0.6954129265625 1 0.6951885234375
0 0.8191046999999999 0.5641346140625 0.77801685625 0.5728984265625 0.768382765625 0.5751570109374999 0.79169960625 0.6692968671874999 0.80295121875 0.6656657390625 0.806826578125 0.6667183609375 0.816337809375 0.6623503453125 0.8715977859375 0.6493661765625001 0.87789709375 0.6481400765625 0.8828737296875 0.6461527578124999 0.8873341234375 0.6424980484375 0.8942973296875 0.6382784375 0.9005966359375 0.6370523375 0.904644728125 0.6410706921875 0.910772515625 0.636899740625 0.9061332343749999 0.62273105 0.9037815265625 0.6190539734375 0.9001024859375001 0.6141758703125 0.9032645390624999 0.6101776531249999 0.8982105015625 0.6057987609375 0.8945260562499999 0.5932719171875 0.8771466562500001 0.6010739968750001 0.859351996875 0.6067836734375 0.8459666234375 0.610119953125 0.8419664453125 0.5997280890625001 0.828531196875 0.6022080625 0.8191046999999999 0.5641346140625
0 0.21099062812499997 0.5773814484375001 0.20491882343749998 0.5569673875000001 0.18330779531250002 0.5637166390624999 0.173696609375 0.5667283140625 0.181606334375 0.5870353296874999 0.21099062812499997 0.5773814484375001
0 0.6577807124999999 0.4860171125 0.6468149249999999 0.49887332500000003 0.6556193593749999 0.5100751031249999 0.6550995765625001 0.5187812890625 0.65985223125 0.53021905625 0.6669228765625 0.52928333125 0.6772204796875 0.5225852765625 0.683405478125 0.515078940625 0.691186525 0.5263403234374999 0.694796659375 0.5271569171875 0.7043569421875 0.5250702828125 0.7137700359375 0.5204565078125001 0.721038028125 0.513913953125 0.7154115296875 0.5137387078125 0.7085650703125 0.5008930796875 0.7158121796875 0.4943517421875 0.7008519390625 0.49115755156249996 0.7038404734375 0.4813016734375 0.6946550593749999 0.4894647609375 0.6891371078125 0.48215804687499997 0.68470924375 0.4762966984375 0.6792812296874999 0.4791695140625 0.6706847296875 0.48017315624999996 0.6577807124999999 0.4860171125
0 0.4067132578125 0.531885984375 0.3964576921875 0.5317498328125 0.3828668875 0.537675703125 0.3859113703125 0.5521678 0.40631566093749993 0.5502459140625 0.42876350781249994 0.5452711234375001 0.42055951406250003 0.5303460624999999 0.4067132578125 0.531885984375
0 0.90943106875 0.49225358906250005 0.9046252062500001 0.489976828125 0.8629732109375 0.50344675625 0.8619675109375 0.49841294999999997 0.8350026734375 0.5093090296875 0.8090904578125 0.51632975625 0.8151443 0.5274402609375 0.8244216453125001 0.5557567578125 0.8583747640625001 0.548267703125 0.8663905906249999 0.5401727375 0.87690950625 0.5459098421874999 0.8866308515625001 0.5818495312499999 0.8744939468749999 0.5846730140624999 0.8771466562500001 0.6010739968750001 0.8945260562499999 0.5932719171875 0.8982105015625 0.6057987609375 0.909118609375 0.6034659734375001 0.905413278125 0.590940346875 0.9153665500000001 0.5869657125 0.91685701875 0.575855884375 0.921296528125 0.5722023890625 0.9378926109375 0.5657033109375 0.9340907125 0.5587157765625 0.93092250625 0.5478563265624999 0.9333469265625001 0.5383895625 0.929495153125 0.5305457234375 0.924245759375 0.513457728125 0.9205168453124999 0.50772331875 0.9183567953124999 0.4997809484375 0.9125439953125 0.494607996875 0.90943106875 0.49225358906250005
0 0.026796190625 0.57434125625 0.0747792859375 0.56414898125 0.0621102140625 0.5099813359375001 0.015928790625 0.514766728125 0.026796190625 0.57434125625
0 0.12691323906250002 0.6522096078125 0.114232515625 0.63094405 0.07036439531250001 0.6484618828125 0.07520150625000001 0.6710644453125 0.12691323906250002 0.6522096078125
0 0.5899398031249999 0.5643632984375 0.585255740625 0.546907075 0.5517531359375 0.559252709375 0.5513580109375 0.5733374078125 0.5899398031249999 0.5643632984375
0 1 0.7124087125 0.960685390625 0.71632999375 0.9446279109375 0.7176843609375 0.9155981125 0.72191086875 0.9198764562499999 0.759026784375 0.9913418453125 0.75442431875 0.9969823812499999 0.7494434937500001 1 0.7485572109375 1 0.7124087125