0 0.1987204078125 0.50360525 0.21097643437500002 0.5190956984375 0.22143565625 0.5148596078125001 0.2117138921875 0.49449080937499995 0.1987204078125 0.50360525
0 0.2688280078125 0.4876999125 0.2505420359375 0.48892549374999994 0.25006414062500004 0.5013344765625 0.2709103390625 0.49910314062500005 0.2688280078125 0.4876999125
0 0.6174491093750001 0.19596468125 0.6271686703125 0.18720067499999998 0.649860584375 0.1921498859375 0.6470244390625 0.17313080625 0.627883571875 0.1528149171875 0.5927744109375 0.164296578125 0.6111709484375 0.23176570624999998 0.6210253140625001 0.22413904375000002 0.6174491093750001 0.19596468125
0 0.0037681734375 0.6476938984375 0.00390495 0.6712038671875 0.023304082812499998 0.6883246187500001 0.0468378484375 0.66195716875 0.0157306984375 0.6339044375 0.0037681734375 0.6476938984375
0 0.1453687296875 0.6078465578125 0.130769209375 0.592735678125 0.11972142968749999 0.6057069296875001 0.1348852328125 0.6233522828125 0.1453687296875 0.6078465578125
0 0.13727769843749998 0.56886809375 0.1517703 0.58975605 0.16382937656250002 0.5832619734375 0.14843984062499999 0.5616570078125 0.13727769843749998 0.56886809375
0 0.257021978125 0.50180924375 0.22690565468749999 0.5210492343750001 0.235201946875 0.543149215625 0.2701337625 0.519267734375 0.257021978125 0.50180924375
0 0.110310565625 0.564898178125 0.086471815625 0.5631747265625 0.086966671875 0.5808793609375 0.10837025156249999 0.5782699328125 0.110310565625 0.564898178125
0 0.0534736671875 0.6330555859375 0.08017972031250001 0.6018837734375 0.0717500640625 0.5931586125 0.0434261984375 0.624781375 0.0534736671875 0.6330555859375
0 0.057492553125 0.7013861609375 0.08829721406249999 0.67682176875 0.0644873640625 0.6356097968750001 0.0279636390625 0.6437198015625001 0.0460406234375 0.6626522625 0.029639928125 0.6874906125 0.057492553125 0.7013861609375
0 0.0956070390625 0.6408764390624999 0.082361684375 0.61270045 0.064717484375 0.6234509140625 0.08901791875000001 0.67702240625 0.101481509375 0.670573109375 0.0956070390625 0.6408764390624999
0 0.1052096203125 0.5798616375 0.11383243750000001 0.59375586875 0.1251784890625 0.5864979984375001 0.1154748296875 0.5719335437499999 0.1052096203125 0.5798616375
0 0.1185279265625 0.5963224046875 0.107422525 0.594421646875 0.10402288906249998 0.6129496484375 0.1180109578125 0.611655646875 0.1185279265625 0.5963224046875
0 0.133991296875 0.630195990625 0.1198195828125 0.614070478125 0.10402087812500001 0.6260055312499999 0.12197063749999999 0.6466047390624999 0.133991296875 0.630195990625