0 0.1185468671875 0.92067470625 0.1286988984375 0.9188255671875 0.1301191625 0.9140747593749999 0.1393082875 0.9109175671875 0.14443314375 0.9144762156249999 0.1744461953125 0.8977687624999999 0.213668634375 0.8779004265625 0.20461287499999997 0.8563371484375001 0.19952672656249998 0.8572635640625 0.188714865625 0.8554929437500001 0.1770651515625 0.853122765625 0.1749278984375 0.845279996875 0.18111808125 0.8336639218749999 0.18308380468750002 0.823590375 0.15269550468749998 0.7617437406249999 0.1523483296875 0.7640425890625 0.154231896875 0.770448121875 0.1517349703125 0.7776306484375 0.148236425 0.7790200578124999 0.13999533749999998 0.77901679375 0.1311569609375 0.779895384375 0.12334939375000001 0.7738167078125 0.0776408078125 0.7993585734375 0.0827656640625 0.802917221875 0.092671775 0.8123536078125 0.0959243984375 0.8222497203125 0.0948864453125 0.829166503125 0.0949251546875 0.8336515656250001 0.1003936140625 0.8348911234375 0.1064152953125 0.8435307 0.10744075 0.8493403687500001 0.1009546 0.8550139031249999 0.0903690484375 0.8629384546875001 0.1185468671875 0.92067470625
0 0.266067903125 0.68752248125 0.170954925 0.7784548 0.20295094531250002 0.8075818015625 0.207186025 0.8068104046875 0.21444036875 0.8054890625000001 0.22487309687499998 0.8079555484375 0.2312095984375 0.8155348921875 0.2362230984375 0.8227284062500001 0.23600008906249997 0.8321293375 0.23301248437500002 0.8364134609375 0.227720709375 0.8417440812500001 0.234251328125 0.8505416796875 0.24422363281249998 0.8468448578125001 0.2827773015625 0.8105088546875001 0.280461496875 0.8009435484375 0.28050179062499997 0.7940622312500001 0.28679856875 0.787315834375 0.297541234375 0.7809923609375 0.30648044531249996 0.7749973765625 0.314394621875 0.7772957968750001 0.323452421875 0.775645965625 0.3280493625 0.769815096875 0.3287011359375 0.7628432968750001 0.3382279875 0.756741275 0.27805804218749997 0.684711734375 0.266067903125 0.68752248125
0 0.4661581375 0.9972879718750001 0.5092168109374999 0.9970374625 0.5026874234375 0.9878298796875 0.4661581375 0.9972879718750001
0 0.4492072703125 0.757357846875 0.4228147921875 0.73521241875 0.3883473984375 0.743746978125 0.3736975796875 0.7583873718749999 0.36980422343749997 0.7703372578125001 0.36288098125 0.7820659609375 0.3615756953125 0.78284694375 0.36183755156249997 0.7855154093750001 0.363088596875 0.7890483765625 0.363087609375 0.796152365625 0.3687486625 0.8009714265625 0.37580319218749997 0.8136851609375 0.380390859375 0.82308738125 0.3867420375 0.8365560343749999 0.3952267578125 0.8502628781249999 0.401982709375 0.86720970625 0.42123986562500004 0.9004747671875 0.4269718875 0.9092506796875 0.4366004640625 0.925883209375 0.45235646718750006 0.93646878125 0.47084726874999994 0.9435893406250001 0.5246057703125 0.9128203828125001 0.5221850515625001 0.886308621875 0.48547017812500004 0.8226265640625 0.4492072703125 0.757357846875
0 0.15626951875 0.9288052921875 0.15964201875 0.933811375 0.16513620625 0.9471645078125001 0.1616040203125 0.9590277125 0.1541522703125 0.9656292921875 0.1712686125 0.9990035890625 0.27156687968750004 0.9984200703124999 0.2594154171875 0.9717791421875001 0.22817086718750001 0.9044889968750001 0.208052171875 0.9037867609375001 0.15626951875 0.9288052921875
0 0.3122265046875 0.9226083812500001 0.2892395703125 0.9335021640625 0.29271685000000003 0.9478703656249999 0.2786124890625 0.9571880187499999 0.27963794218750004 0.9629976859375 0.28269008281249997 0.9746018031249999 0.277670684375 0.9840824156249999 0.2849019265625 0.9983424890625001 0.4026543328125 0.9976574250000001 0.39524966093749997 0.9853564125000001 0.347041071875 0.9117749749999999 0.3122265046875 0.9226083812500001
0 0.6066259390625001 0 0.6036520046875 0.0042620828125 0.6815814359375 0.0624429046875 0.7155451828125 0.04998851875 0.743081325 0.00799136875 0.731763325 0 0.6066259390625001 0
0 0.9100272828125 0.1525665234375 0.8943370640625 0.1403392703125 0.8657052203125 0.18454178125 0.90886335625 0.21671279375000002 0.9484972687500001 0.15865096875 0.947876903125 0.1551363140625 0.9229123687499999 0.13408975 0.9100272828125 0.1525665234375
0 0.795934290625 0.137390165625 0.8287294062499999 0.0944978015625 0.7343878109374999 0.021421490625 0.7155129765625 0.050161534375000004 0.6825946125 0.0622583609375 0.66349835 0.08903295624999999 0.7564560171875 0.15415017656250002 0.795934290625 0.137390165625
0 0.9374621125000001 0.0961316890625 0.919840325 0.11135299531250001 0.9108880812500001 0.1253316890625 0.9480870796875 0.15632705468750002 0.9374621125000001 0.0961316890625
0 0.9276930140624999 0.0407852125 0.9238059218749999 0.034285646875 0.8987794203125 0.0120585609375 0.869699975 0.0179402484375 0.835889171875 0.0704823953125 0.8805824421875 0.1032931109375 0.9053982234375001 0.0980208765625 0.9300212234374999 0.05397560312500001 0.9276930140624999 0.0407852125
0 0.8943360328125 0.5414329703125 0.8879975890624999 0.5221118046875 0.7685216421875001 0.54220224375 0.7669771 0.549211296875 0.754995775 0.548635684375 0.7695540890625 0.6176070593749999 0.8782841953125 0.6009782546875 0.8914275140625 0.585504903125 0.8974905390625001 0.57115404375 0.8943360328125 0.5414329703125
0 0.8969468984375 0.571984340625 0.8942591296875 0.5801000484375 0.8909029609375001 0.5862063609375 0.8333874343750001 0.6513818359375 0.9051790046875 0.7220676203124999 0.9259216312499999 0.7103081234374999 0.9896738765625 0.641719265625 0.9660159984375 0.6175296203125 0.9474430578125 0.51550461875 0.8882752078125 0.5228551921875 0.8943432281250001 0.5411182578125 0.8969468984375 0.571984340625