0 0.8969221359375 0.21185071249999998 0.8950085328125 0.197836453125 0.8594225906249999 0.20244171406249997 0.8377851078124999 0.247237778125 0.833383890625 0.424799725 0.8461975125000001 0.44131634062499997 0.8754661859375 0.44291850625 0.9102403140625 0.42000892656250005 0.9263775375 0.368273853125 0.9266705921874999 0.23865020625 0.9189770421875 0.21469612656249998 0.8969221359375 0.21185071249999998
0 0.41596169843749997 0.29137906562500004 0.370949609375 0.2799219984375 0.3631447734375 0.3286736765625 0.40126634218749996 0.3377665484375 0.41596169843749997 0.29137906562500004
0 0.7911887078125 0.5754667062500001 0.7321996953125 0.5861423796875 0.7341553968750001 0.6117904656250001 0.7942455796875 0.5978107140625 0.7911887078125 0.5754667062500001
0 0.798559065625 0.8623442593749999 0.817197328125 0.8810627375 0.8474586328125 0.884028128125 0.8842757578124999 0.875933153125 0.8855286203125001 0.83148373125 0.8879013671875 0.8197862812500001 0.8226367531250001 0.6393383515625 0.7996974203125 0.6402819765625 0.78586405 0.6673258453125 0.7662258609375 0.6760445093749999 0.751481328125 0.7160355859374999 0.798559065625 0.8623442593749999
0 0.7270708031249999 0.1106298875 0.7865484328125001 0.11779844531250001 0.788189871875 0.0910342140625 0.7307236203125 0.0857127265625 0.7270708031249999 0.1106298875
0 0.2741231109375 0.2297793609375 0.4266079546875 0.23656850937499999 0.43504909999999997 0.21264767812500002 0.4380422515625 0.1249118515625 0.28104303750000004 0.11525758593749999 0.270484715625 0.19471275937500002 0.2741231109375 0.2297793609375
0 0.36392061875000004 0.4981289203125 0.2641939390625 0.54841138125 0.30825881875 0.6623987890625 0.41309884375 0.6365607875 0.36392061875000004 0.4981289203125
0 0.9324912281250001 0.153645840625 0.8732991171875 0.14621261875 0.8698436703124999 0.16978345 0.9283210234375 0.17774464843749999 0.9324912281250001 0.153645840625
0 0.9791997328125 0.6672552109375001 0.964552465625 0.6232762015625 0.92334735 0.6115155859375 0.891192221875 0.618944196875 0.8802184593750001 0.6469577109375 0.8806945078125 0.67807089375 0.9360215875 0.8334628875 0.9527744 0.847511846875 0.9791997328125 0.6672552109375001
0 0.8769520484375001 0.12774602031249999 0.934067125 0.13644472968750002 0.9353163140625 0.108429253125 0.8787369828125 0.1026676375 0.8769520484375001 0.12774602031249999
0 0.09626109375 0.22723977343750001 0.0575813984375 0.05379813906250001 0.030724509374999997 0.23699854999999997 0.09626109375 0.22723977343750001
0 0.21236276250000002 0.6530321828125001 0.24085185625 0.6337259609375 0.235768709375 0.6145451390625001 0.22969395937499998 0.6155920874999999 0.2013923921875 0.53502559375 0.279105871875 0.50741864375 0.2573563421875 0.44036080625 0.16047889375 0.477518740625 0.21236276250000002 0.6530321828125001
0 0.7258772625 0.5686833234375 0.7865945109375 0.557017734375 0.7837885421874999 0.532821971875 0.722756771875 0.548876978125 0.7258772625 0.5686833234375
0 0.9393716062499999 0.546245921875 0.8773260703125001 0.5539292765625 0.8793192171875001 0.581986615625 0.9415785484375 0.5675155015625 0.9393716062499999 0.546245921875
0 0.7844215515624999 0.1323066640625 0.727755375 0.1267167078125 0.7217262390625 0.1497517609375 0.7804597625 0.1568069921875 0.7844215515624999 0.1323066640625
0 0.7475304125 0.205840796875 0.7280357171875 0.20895249531250001 0.701161175 0.2520265078125 0.7002153984375 0.398724809375 0.7136419843749999 0.4239628984375 0.773119615625 0.43113145781249995 0.788253446875 0.385118903125 0.7878198203125 0.19860335 0.7482040953125 0.1933915453125 0.7475304125 0.205840796875