0 0.736656740625 0.731995603125 0.6939030093749999 0.7292388578125 0.691703828125 0.7359701328125 0.6594478078125 0.7325824515625 0.648424503125 0.8514210249999999 0.6908865640624999 0.8543835671875 0.7291423859374999 0.8570879765624999 0.736656740625 0.731995603125
0 0.8546983687499999 0.009945315625 0.5424115625 0.0063115296875 0.5381437515624999 0.0899382125 0.848696503125 0.1094503265625 0.85385235 0.024829859375 0.8546983687499999 0.009945315625
0 0.6469122828125 0.44766507187500004 0.6444233234375 0.44054454062500004 0.662867675 0.0978744234375 0.595900159375 0.09332975 0.5362596890625 0.0897070984375 0.5182414578125 0.44449432499999997 0.6469122828125 0.44766507187500004
0 0.21547658125 0.07363218906249999 0.5149499890625 0.09447971875 0.5173495499999999 0.03949044375 0.5201673640625 0.0060526953125 0.2173385046875 0.0025289625 0.214167659375 0.0284317328125 0.21547658125 0.07363218906249999
0 0.43710900625000004 0.331612234375 0.50762936875 0.339168759375 0.5166844421875 0.0941651953125 0.4522109703125 0.09042354999999999 0.3794739 0.0865857484375 0.3598497140625 0.33073416093749997 0.43710900625000004 0.331612234375
0 0.12530045781250002 0.3227751625 0.3596465953125 0.3317777515625 0.3635824015625 0.28914861406250003 0.36859939375 0.2166177640625 0.1394553875 0.20286431562499999 0.12614537812499999 0.21630684531250002 0.12530045781250002 0.3227751625
0 0.284544625 0.4140572265625 0.50369905625 0.4186992296875 0.5053550125 0.3437654125 0.284601615625 0.33755679375000003 0.2810244546875 0.3375570078125 0.279358396875 0.410754421875 0.284544625 0.4140572265625
0 0.447137628125 0.8436398781250001 0.4563434234375 0.7611793640625 0.447684390625 0.7578361515625 0.44868232499999994 0.745986640625 0.41846679218749994 0.7445472578125 0.43939039687500003 0.446882025 0.386645415625 0.4419171109375 0.3152042 0.4378851984375 0.293085775 0.7567066421875001 0.2609208609375 0.7545960859374999 0.251465209375 0.8300667171875 0.447137628125 0.8436398781250001
0 0.7219074062499999 0.60231391875 0.78409823125 0.6056315421875 0.8644195828125 0.60786315 0.8707994156250001 0.5898005375 0.87562014375 0.5302790749999999 0.8765403953125 0.46552429375 0.5137964953124999 0.45354240468749996 0.5026176125 0.7577850265625 0.5608719468750001 0.7532749421875 0.6231080484375 0.76437499375 0.6261551890625 0.6193365890625 0.64557524375 0.6169685953124999 0.6467818828125 0.6014397546875 0.6713994859375 0.6043201734375 0.672613671875 0.590088403125 0.7218396125 0.5906611984375 0.7219074062499999 0.60231391875
0 0.7298698578125 0.856280596875 0.885339371875 0.8632775828125 0.902075690625 0.6225472140625 0.782868953125 0.61726916875 0.770627646875 0.7388967265625 0.7366611359374999 0.736346825 0.7298698578125 0.856280596875
0 0.40658839531249996 1 0.408258775 0.9567781171874999 0.30550868124999997 0.9503527406250001 0.19376703281250002 0.9445549062499999 0.191495653125 1 0.40658839531249996 1
0 0.1434144453125 1 0.144929746875 0.9244900453125 0.108942103125 0.9233182031249999 0.108254984375 0.9166788578125 0.070595646875 0.9158222687500001 0.0686476234375 0.9513411296875001 0.0716392546875 0.951375940625 0.06862440625 1 0.1434144453125 1
0 0.1827106359375 0.49677873437500003 0.1009602234375 0.4898237046875 0.094883271875 0.6066906828125 0.1751142625 0.6113687703124999 0.1827106359375 0.49677873437500003