0 0.70490784375 0.5180613968750001 0.7384502765625001 0.41488226875 0.5384196140624999 0.3569476796875 0.5053788203125 0.4615853875 0.70490784375 0.5180613968750001
0 0.396236578125 0.41843006562499996 0.40752363437500005 0.4285192953125 0.483399659375 0.44992718906249995 0.5206907578125 0.333720425 0.3509192953125 0.2871338953125 0.319144471875 0.3976318875 0.396236578125 0.41843006562499996
0 0.3921070015625 0.2171498296875 0.3702429703125 0.1927119921875 0.337643971875 0.2275552671875 0.3631459640625 0.2496420109375 0.3921070015625 0.2171498296875
0 0.39927568125 0.490796140625 0.359674915625 0.47871970625 0.3488515390625 0.5175801171875001 0.3820041109375 0.5294435859375 0.39927568125 0.490796140625
0 0.3537827015625 0 0.4401524109375 0.10208702968750001 0.5583989828125 0.00329635 0.5349634109375 0 0.4889699625 0 0.44837320625 0.0337771421875 0.4179037296875 0 0.3537827015625 0
0 0.029118618750000002 0.2475973078125 0.080127475 0.30669175625 0.13562438593749998 0.2640517765625 0.0438641046875 0.146848334375 0.0335264921875 0.217480384375 0.053689415625 0.2439170671875 0.0388384453125 0.2324156625 0.029614559375 0.24420877968750002 0.029118618750000002 0.2475973078125
0 0.121529596875 0 0.057851195312500006 0.05128111875 0.044651275000000004 0.14146996875 0.1065429171875 0.2175615453125 0.292709115625 0.079136109375 0.227889703125 0 0.121529596875 0
0 0.18132000312500002 0.316066996875 0.14592090625 0.272765471875 0.0906259203125 0.3235017375 0.12328344375 0.361993321875 0.18132000312500002 0.316066996875
0 0.118899159375 0.368555325 0.084276653125 0.327054684375 0.035973303125 0.36511101562500003 0.0709119125 0.40904178125 0.118899159375 0.368555325
0 0.0324153046875 0.3543305203125 0.0755110015625 0.3145440609375 0.0332676953125 0.2620384734375 0.026090115625 0.268289646875 0.0163593546875 0.33477537968750004 0.0324153046875 0.3543305203125
0 0.3349666796875 0 0.3094642671875 0.0218078484375 0.401865415625 0.1294503984375 0.42922781875 0.1078809171875 0.4098513421875 0.086287071875 0.41495850624999997 0.080412315625 0.3500952578125 0 0.3349666796875 0
0 0.6736408828125 0.3673138875 0.7091057015625 0.3801098484375 0.7427590109375 0.38855200624999997 0.7872953984375 0.2412012484375 0.7146165265625 0.22193470781250002 0.6736408828125 0.3673138875