0 0.8374147187500001 0.554102921875 0.8516578796875001 0.6614680500000001 0.9530656453124999 0.64197261875 0.9357996984374999 0.514552653125 0.8951349203125 0.522149025 0.894386825 0.5169903765625 0.8692107921875 0.5209873546875 0.8699328281250001 0.5266429421875001 0.8402323062500001 0.5293113875000001 0.8415971140625 0.5421340906250001 0.8374147187500001 0.554102921875
0 0.7098948578125001 1 0.705217125 0.937958375 0.6808499328125001 0.940802184375 0.673019428125 0.8522754890625001 0.6960296203125 0.8471633593749999 0.6950672906250001 0.7957450406250001 0.6316078671875001 0.8019646578125 0.6291503781250001 0.779058253125 0.5632864125 0.7895074765625 0.5727237374999999 0.861267484375 0.5853469984374999 0.8583986890625 0.60014005625 0.99650501875 0.6370914187500001 0.9915378234375 0.6381608765625 1 0.7098948578125001 1
0 0.44445305468749996 0.47928304062500005 0.35582311093749996 0.4604560359375 0.34829020625 0.5474170875000001 0.3593145078125 0.5476868453125 0.34518474062500004 0.63081825 0.413584753125 0.6386060078125 0.425365940625 0.551501525 0.433928825 0.55034634375 0.44445305468749996 0.47928304062500005
0 0.060002892187500004 0.22193579687499998 0.12619903125 0.21942325937499998 0.13507621875 0.2487448875 0.146862965625 0.2451784796875 0.1501829671875 0.2631332625 0.1382387796875 0.2697020125 0.1472835375 0.3267487 0.1985962828125 0.3139132875 0.19502349375 0.3261496875 0.20919034062500003 0.33586574062499996 0.222695278125 0.316183815625 0.28275464375000003 0.3046357078125 0.2891485796875 0.3226419296875 0.34611282656250003 0.313824921875 0.34748945625 0.3014478703125 0.33174571249999996 0.25203299375 0.3154563703125 0.2546462234375 0.3054815703125 0.1931355953125 0.3130080875 0.1752729796875 0.2964528984375 0.16908120937499999 0.2892336625 0.181084078125 0.23140845625 0.1920481328125 0.227911675 0.2028351265625 0.211147009375 0.1863669109375 0.2227803609375 0.1746259640625 0.1709600671875 0.1412452484375 0.157685321875 0.1565375359375 0.08221878125 0.102342115625 0.086990421875 0.092218478125 0.0634779671875 0.074798725 0.057377353124999995 0.086083771875 0.046684309375 0.079893478125 0.0261536765625 0.10907684531249999 0.0397512625 0.11854868593750001 0.060002892187500004 0.22193579687499998
0 0.7864518515625 0.44411603906249997 0.80170206875 0.417316065625 0.7404983078125 0.3825033828125 0.72584693125 0.410172721875 0.694552846875 0.3912989375 0.641292640625 0.4971663421875 0.630423525 0.508208321875 0.6580711625 0.5268485734375 0.640111759375 0.5755800234375 0.6857648796875 0.6005049312499999 0.6958881328125 0.589415184375 0.7266101703125 0.6053230078125 0.7404005890625001 0.5944681203125 0.819292953125 0.461634625 0.7864518515625 0.44411603906249997
0 1 0.0556632703125 0.9285479359375 0.0325777046875 0.9192985296874999 0.0319853375 0.8764987015625 0.14733141875 0.8822849312500001 0.1491770421875 0.8777717453125 0.1789499453125 0.8729190499999999 0.18744791249999998 0.9190912750000001 0.202870175 0.91217480625 0.22297404843750002 0.9403391984375 0.23136359374999999 0.936194365625 0.2406340328125 0.9555937640625001 0.24848301093749997 0.9613247062499999 0.2371119625 0.9684495625 0.22730523906250003 0.97867296875 0.18615995937500002 1 0.19204114218749999 1 0.0556632703125
0 0.90744714375 0.3519771109375 0.9071409453125 0.3578161515625 0.8671911890624999 0.3640663703125 0.8942829343750001 0.49122227656249995 0.9972513640624999 0.47288633750000003 0.9761872500000001 0.3445583109375 0.9382117015624999 0.35319947812499997 0.9378698453125001 0.3458438828125 0.90744714375 0.3519771109375
0 1 0.5168004078124999 0.962626784375 0.525848203125 0.985924325 0.65519183125 0.9931996562500001 0.6544081734375 1 0.5247290125 1 0.5168004078124999
0 0.9908404703125001 0.699396659375 0.9892382859375 0.6998217890625 0.9895314546874999 0.6942312187499999 0.9593118859375 0.696887196875 0.960606175 0.7015406640624999 0.9240022124999999 0.709397109375 0.9424104906249999 0.8348542484375001 0.9842667328125 0.82475455 0.9908404703125001 0.699396659375
0 0.9750769046875 1 0.9803301640625 0.8998229609375 0.9782857953124999 0.899166290625 0.976697634375 0.8969454921875 0.9714732671874999 0.891520940625 0.951228490625 0.8970179296874999 0.9695282046875 1 0.9750769046875 1
0 0 0.9744822828125 0.07585686875 0.9793404484374999 0.077665784375 0.9748649437499999 0.0769568078125 0.9642033281250001 0.0823057765625 0.9513950953125001 0.08716029374999999 0.95594416875 0.10332690625 0.9310934421875 0.1016360015625 0.9229035375000001 0.11854918437499999 0.9159258828124999 0.0785197171875 0.8777117234375 0.0416880328125 0.9156778546875 0.026342345312499998 0.9006924656249999 0 0.92854405 0 0.9744822828125