0 0.098503459375 0.788012015625 0.1240581515625 0.70767275 0.135288515625 0.680022115625 0.1018782390625 0.6690472062499999 0.057448523437499996 0.775878665625 0.098503459375 0.788012015625
0 0.2519955359375 0.1908679609375 0.2766213265625 0.2005628484375 0.2820814328125 0.1870090484375 0.25492015 0.1792427171875 0.2519955359375 0.1908679609375
0 0.30356115781250004 0.2127019640625 0.28026428281250004 0.20162612656249998 0.27167023281249997 0.21493290156249997 0.29646365937499997 0.22942548125 0.30356115781250004 0.2127019640625
0 0.10023811875 0.37552169687500003 0.0789595890625 0.37020655625 0.0720845375 0.39482103749999997 0.09052739062500001 0.402321578125 0.10023811875 0.37552169687500003
0 0.8858924937499999 0.6098071140625 0.864499509375 0.6007548171875 0.8531184796875 0.6235824984375 0.8739614078125 0.6331821343749999 0.8858924937499999 0.6098071140625
0 0.5631215796875 0.155666728125 0.5825234781249999 0.07767414375000001 0.5578279328125 0.06998256093750001 0.5588680046875 0.06520541875 0.5328792109375 0.059303003124999996 0.5312282546875 0.06420244375 0.5013678453125 0.055162021875 0.48693574375 0.07175806875 0.44610404375 0.23464190000000001 0.5315461296875 0.260624334375 0.5724331375 0.2726820015625 0.5864748718749999 0.25745389531249996 0.61307801875 0.1692315640625 0.5631215796875 0.155666728125
0 0.8546128109375 0.6818704765625 0.8389924625 0.667618246875 0.8321219859375001 0.6750491671875001 0.8471713109375001 0.6882789484375 0.8546128109375 0.6818704765625
0 0.5334193421875 0.5507366046875 0.4887103 0.5380450078125001 0.48178107968750006 0.55866979375 0.5242489499999999 0.5733403312500001 0.5334193421875 0.5507366046875
0 0 0.111572078125 0.013334746875000001 0.116313959375 0.044369912500000004 0.12835460781250002 0.0644984140625 0.0749193453125 0 0.0878318078125 0 0.111572078125
0 0.9263234484374999 0.3700751 0.9050400375000001 0.36799634531250003 0.903971675 0.40445555781250003 0.9242024796875 0.40584874531250004 0.9263234484374999 0.3700751
0 0.1772074796875 0.155866434375 0.44610404375 0.23464190000000001 0.46735935937499995 0.1516656203125 0.379199253125 0.1271236234375 0.39751672031249996 0.042658714062500006 0.3589373859375 0.0318879265625 0.3353922015625 0.109507640625 0.24561083125 0.0828199390625 0.25129342499999996 0.0670355109375 0.20078242968749999 0.047635537500000005 0.09525888906249999 0.0687611546875 0.081985965625 0.122703978125 0.17975303125 0.15207768906250002 0.1772074796875 0.155866434375
0 0.21751010937499998 0.0442866875 0.21400398437499998 0.0519840875 0.24260449374999998 0.0628725828125 0.251205953125 0.0375408421875 0.21751010937499998 0.0442866875
0 0.595772840625 0 0.573492771875 0.0744540734375 0.5825234781249999 0.07767414375000001 0.5726614609375 0.11921668125 0.612917753125 0.130395015625 0.6025821390625 0.16612993125 0.61307801875 0.1692315640625 0.5864748718749999 0.25745389531249996 0.5724331375 0.2726820015625 0.7611756609375 0.321946096875 0.831247259375 0.049413065625 0.7948223265625 0.039478903125 0.8044291250000001 0 0.595772840625 0
0 0.0379137703125 0.182113209375 0.049459071874999996 0.15225716250000002 0.036188632812499996 0.147043965625 0.02467199375 0.1770473 0.0379137703125 0.182113209375
0 0.14318840625 0.3858109234375 0.11488493125000002 0.3783607015625 0.11288386406249999 0.386521921875 0.098325309375 0.3852610890625 0.09052739062500001 0.402321578125 0.13396084218749998 0.4150936609375 0.14318840625 0.3858109234375
0 0.0499022671875 0.3659677765625 0.0176797671875 0.35558578750000003 0.012699178124999998 0.373852984375 0.0437396703125 0.3849088234375 0.0499022671875 0.3659677765625
0 0.0783416015625 0.37164192812499997 0.07373794375 0.36924071875000003 0.0697356015625 0.37004198125 0.062489990625000005 0.369022259375 0.056815343750000004 0.3887837765625 0.0720845375 0.39482103749999997 0.0783416015625 0.37164192812499997
0 0.2714161609375 0.9838962625000001 0.2771019671875 0.9983878671875 0.3353748640625 0.998048846875 0.322015275 0.9657871968749999 0.2714161609375 0.9838962625000001
0 0.3317068421875 0.8608385265624999 0.429391434375 0.5110081796875 0.333046075 0.474769725 0.23069103906250002 0.44476239375000004 0.1521778640625 0.7156406984375 0.13207179687499998 0.79777479375 0.3317068421875 0.8608385265624999
0 0.1521778640625 0.7156406984375 0.1240581515625 0.70767275 0.098503459375 0.788012015625 0.13207179687499998 0.79777479375 0.1521778640625 0.7156406984375
0 0 0.5481445218750001 0.043509837499999995 0.7717300984375 0.057448523437499996 0.775878665625 0.1018782390625 0.6690472062499999 0.12801103125 0.5604135375 0 0.5182213015625 0 0.5481445218750001
0 0.7596588140625 0.41019605937500003 0.7799581953125 0.36234483125 0.7638962765625 0.3542583265625 0.743805128125 0.40329207499999997 0.7596588140625 0.41019605937500003
0 1 0.4460376453125 0.9973710953125 0.43252839375 0.9707782671875 0.4250965203125 0.9640914484374999 0.42424912187499997 0.911188525 0.40690199375 0.8981031140625 0.4375035859375 0.9972741296875001 0.46329523593750005 1 0.45286969218750006 1 0.4460376453125
0 0.497365421875 0.521228265625 0.48032415000000006 0.51058335625 0.47412887968749995 0.5091128874999999 0.45391508593749996 0.4975728515625 0.44502100312500004 0.5181100578125 0.4862695296875 0.541135090625 0.497365421875 0.521228265625
0 0.7797210765625 0.6107974046875 0.788563503125 0.5834718062500001 0.793365528125 0.5857677203125 0.8007326203125 0.5619947515625 0.7765612828124999 0.5554224328124999 0.759865096875 0.60390768125 0.7797210765625 0.6107974046875
0 0.5473004875 0.5208501421875 0.5242489499999999 0.5733403312500001 0.564191196875 0.591227240625 0.5848415234375001 0.53606980625 0.5473004875 0.5208501421875
0 0.43872438750000003 0 0.3636987421875 0.015019995312500001 0.3589373859375 0.0318879265625 0.48973106718750004 0.069252834375 0.511830896875 0 0.43872438750000003 0
0 0.289810340625 0.06522693125 0.2728675921875 0.0604865921875 0.26393449375 0.08745870781250001 0.280952128125 0.0923589421875 0.289810340625 0.06522693125
0 0.26791237031250004 0.42572448906249993 0.245350159375 0.418873746875 0.2380795625 0.4434799734375 0.260214653125 0.44993528437499997 0.26791237031250004 0.42572448906249993
0 0.35419010625 0.4598249 0.311006271875 0.44136274062499997 0.303731725 0.4635869203125 0.34573275937500003 0.4766457703125 0.35419010625 0.4598249