0 0.864746846875 0 0.5743347703125 0.3052337046875 0.678294565625 0.42141001874999995 0.9687254546874999 0.10942770625 0.9591420156250001 0 0.864746846875 0
0 0.957063096875 0.8322010593750001 0.915694375 0.794052059375 0.8348479421875 0.87371636875 0.875714140625 0.9117367234374999 0.957063096875 0.8322010593750001
0 0.8298828859375 0.295606775 0.6845802171875001 0.45085693750000005 0.7367286546875 0.5072999671875 0.793953803125 0.56408744375 0.9407364234375001 0.40431838750000004 0.883242834375 0.34956516249999997 0.8298828859375 0.295606775
0 0 0.11125320937500001 0.022958378125 0.0947910671875 0.0024005984375 0.064795846875 0 0.066388825 0 0.11125320937500001
0 0.36331706874999997 0.9957724234375 0.5094044453125 0.9940725421875 0.43032889843750005 0.9202163437499999 0.36331706874999997 0.9957724234375
0 0.1642130859375 0.0463024484375 0.24018582031250002 0.12286946562500001 0.3356210421875 0.010908317187499999 0.33337368437500003 0.008788840624999999 0.18355595 0.02363948125 0.1642130859375 0.0463024484375
0 0.2311093203125 0.129122878125 0.15307497187500002 0.0565524234375 0.05526133749999999 0.168637796875 0.1337301078125 0.24361897031250002 0.2311093203125 0.129122878125
0 0.30548715 0.9964453359375 0.38970209843750003 0.9035424687500001 0.22888581718749998 0.7488116578125 0.1781014640625 0.8038135625 0.28386975312499996 0.90876859375 0.2105960859375 0.985406928125 0.223488478125 0.9973994765624999 0.30548715 0.9964453359375
0 0.3534361171875 0.5195290234375001 0.4542216984375 0.41027205312500004 0.5588035859375 0.3028025640625 0.5110491515625 0.2498723359375 0.466435375 0.207561275 0.37085176249999996 0.300999925 0.31083063437499997 0.366799471875 0.2650911890625 0.42025286875 0.3534361171875 0.5195290234375001
0 0.6218882906250001 0.384171628125 0.5889446125 0.41851096249999997 0.600630115625 0.4295546296875 0.5406704453125 0.49325121562499996 0.588486434375 0.53515563125 0.6769705421875 0.43867312187499996 0.6218882906250001 0.384171628125
0 1 0.46653348125000005 0.99943340625 0.460063878125 0.9592640703124999 0.41954677656249995 0.9048884375 0.47459236875000005 0.8503849765625 0.5281783609375 1 0.6789573250000001 1 0.46653348125000005
0 1 0.70676045625 0.9691103609375 0.7372277953124999 1 0.7700862578125001 1 0.70676045625
0 0.7087670140625 0 0.7821798015625 0.031891596875 0.79665816875 0 0.7087670140625 0