0 0.1316850734375 0.1298452625 0.13135923124999999 0.1333076921875 0.131030040625 0.136748115625 0.13066254375 0.1397893390625 0.1303333515625 0.1432297625 0.12869159531250002 0.146450365625 0.1255259953125 0.15071714375 0.12292212656249998 0.1532190421875 0.1198371984375 0.155361590625 0.11766937968749999 0.15777962968749998 0.1145208265625 0.159504065625 0.1105593828125 0.1613429328125 0.10728357343749999 0.162231140625 0.1022327640625 0.162515078125 0.093249121875 0.20124949218750002 0.1230667953125 0.20725675312499997 0.11394484375 0.25068593125 0.105031884375 0.2506594078125 0.0944726125 0.30705806406249997 0.17632529375 0.32158685 0.1887112234375 0.2699659828125 0.1463866453125 0.2627298421875 0.15465683125000002 0.21090164531250002 0.1899460953125 0.2165882109375 0.1920469390625 0.213730053125 0.19375232343749998 0.21092756562499998 0.19546105625000001 0.2081470828125 0.1962043265625 0.20462589062499997 0.1961160875 0.20124422812499998 0.1955434421875 0.197481209375 0.1934316828125 0.194811471875 0.19173400625 0.192060965625 0.15869815781250002 0.1843713796875 0.17092992812500002 0.11964543125 0.2334033109375 0.129664546875 0.308055215625 0.143768440625 0.31164010000000003 0.11984237187499999 0.34876200156250003 0.12356267812499999 0.3597939171875 0.0760210015625 0.3190118015625 0.0677135859375 0.3217203078125 0.03242495 0.2909385015625 0.0245079703125 0.08261899843750001 0.053833323437500004 0.08822575 0.064867153125 0.09261888593749999 0.0685194265625 0.0914775953125 0.0946414515625 0.09507154062499999 0.0958438078125 0.1050179453125 0.0914541515625 0.11365164375 0.0979035609375 0.12085322812499999 0.097743925 0.1258293578125 0.10257286406249999 0.1309300984375 0.10527138750000001 0.13149939375 0.1090124015625 0.1324258421875 0.11229854375 0.132931509375 0.11562144375000001 0.1339215828125 0.1193257 0.1340098234375 0.12270736093750001 0.1328491234375 0.1262873140625 0.1316850734375 0.1298452625
0 0.23575921875 0.2120945828125 0.293008115625 0.22700746875000002 0.328128725 0.2324705265625 0.331153928125 0.22831342187499998 0.34562378437499996 0.15558515312500001 0.34010069062500004 0.15040614218749998 0.2334033109375 0.129664546875 0.2197081859375 0.200552996875 0.23575921875 0.2120945828125
0 0.17632529375 0.32158685 0.26614481093750003 0.3421644171875 0.293008115625 0.22700746875000002 0.20501855 0.20518329375 0.17632529375 0.32158685
0 0.10452736250000001 0.1454464234375 0.00149886875 0.128812421875 0.004264225 0.366466665625 0.05731177656250001 0.37401209375 0.10452736250000001 0.1454464234375
0 0.2947267203125 0.419239265625 0.3394726671875 0.4276405328125 0.3927513625 0.160908915625 0.3484313625 0.146311365625 0.34562378437499996 0.15558515312500001 0.331153928125 0.22831342187499998 0.328128725 0.2324705265625 0.2947267203125 0.419239265625
0 0.7994003703125 0.177884790625 0.8126259921875001 0.136058240625 0.7690439921875 0.1217389171875 0.760973503125 0.166031559375 0.7994003703125 0.177884790625
0 0.7433415953125 0.2380361296875 0.7876842234375 0.25337224687500004 0.792008415625 0.2214750265625 0.7783843906250001 0.22042588125 0.77482859375 0.21121621093749998 0.77838675625 0.20289320000000002 0.75650105 0.195184934375 0.7433415953125 0.2380361296875
0 0.831678103125 0.2509329046875 0.8241880343749999 0.26659758125 0.905047721875 0.2965732390625 0.909662921875 0.28266190468749997 0.8886737203124999 0.2730292484375 0.8942093203124999 0.2533690046875 0.8454055109375 0.233491096875 0.8383375765625001 0.237183340625 0.8425707359375 0.24288110000000002 0.8389429078124999 0.251483646875 0.831678103125 0.2509329046875
0 0.8864279625 0.1879313765625 0.9442137359375 0.2068146140625 0.953449953125 0.206458471875 0.962799321875 0.20979516718750002 0.967708109375 0.2172783328125 0.96323628125 0.1878926078125 0.9017670343749999 0.16338461875000002 0.8864279625 0.1879313765625
0 0.9783151828125 0.3269433453125 0.982780025 0.316320409375 0.9687402281249999 0.2240606953125 0.96631814375 0.2298216578125 0.9571061328124999 0.2334336125 0.931698940625 0.3111181 0.9783151828125 0.3269433453125
0 0.74780090625 0.721233796875 0.7517861703125 0.7424084046874999 0.7856491625 0.7458007609374999 0.7914047015625 0.7174108140625 0.754671096875 0.7078366859375 0.74780090625 0.721233796875
0 1 0.42947803906250004 0.9944948015625 0.3933017265625 0.9364562718749999 0.393255040625 0.9305458640625 0.4114845390625 0.8840652984374999 0.397730590625 0.8682409296875001 0.439585809375 0.909311853125 0.4492012109375 0.9425807140625 0.47405318437500005 1 0.48646080312500006 1 0.42947803906250004
0 0.8335629890625 0.5790394796875 0.8582986937499999 0.5809969296874999 0.9112090578125001 0.554128234375 0.9425807140625 0.47405318437500005 0.909311853125 0.4492012109375 0.7216881265625 0.40512416250000005 0.7111582750000001 0.45493280937499997 0.8443747984375 0.489203896875 0.819517225 0.53732070625 0.8127485859375 0.5712927921875 0.8335629890625 0.5790394796875
0 1 0.57694031875 0.9112090578125001 0.554128234375 0.8582986937499999 0.5809969296874999 0.8335629890625 0.5790394796875 0.8223081890625 0.6349965875 0.8310002437499999 0.6456635281249999 0.965016653125 0.6697071984375 0.969601621875 0.6629704015625 1 0.6694908078124999 1 0.57694031875
0 1 0.758230725 0.9829457250000001 0.7549349609375 0.9772683984375 0.76348885625 0.9571310093750001 0.758568925 0.950168821875 0.7688546296875 0.9519483093750001 0.7857094109375 1 0.7925227078125 1 0.758230725
0 1 0.6694908078124999 0.969601621875 0.6629704015625 0.965016653125 0.6697071984375 0.8310002437499999 0.6456635281249999 0.8282822812499999 0.6658487015625 0.8553694359374999 0.6682168921875 0.8379358343750001 0.7580405781249999 0.90936165625 0.7712949250000001 0.913019353125 0.752123809375 0.8935426874999999 0.7459420437500001 0.90106775 0.7172355671874999 1 0.733806446875 1 0.6694908078124999
0 0.7965460578125 0.782163640625 0.8356885937499999 0.7909041578125 0.931710640625 0.8080012140624999 0.9409182156250001 0.7844524578125001 0.8038384765625001 0.7494215093750001 0.7965460578125 0.782163640625
0 0.8719618499999999 0.8046789265625 0.7939768453125 0.7876951062499999 0.78843000625 0.8276315203125 0.7363255359374999 0.81437705 0.7289728375 0.8467230734375001 0.8132402453124999 0.868419378125 0.8058076734374999 0.8925724078125 0.7851029703125 0.8861364421875001 0.7819208359375 0.8950134109375 0.744259671875 0.8853900375 0.733684896875 0.9176501796875 0.828459071875 0.935394925 0.8379435624999999 0.89980426875 0.8512915140624999 0.898891790625 0.8719618499999999 0.8046789265625
0 0.8127485859375 0.5712927921875 0.819517225 0.53732070625 0.69844189375 0.5145571828125 0.691099240625 0.546969225 0.8127485859375 0.5712927921875
0 0.64143901875 0.9866493359374999 0.6450268796875 0.9684096234374999 0.5964348703125 0.959066265625 0.587117103125 0.9942962890624999 0.64143901875 0.9866493359374999
0 0.703623203125 0.043983321874999995 0.5855272109375 0.020890303125000002 0.47390074687499995 0.5580566046875 0.588548671875 0.5807583937499999 0.703623203125 0.043983321874999995
0 0.6793601734375 0.8471886640624999 0.6878964796875 0.8325005765625001 0.71255318125 0.8317269109375 0.7160127562499999 0.8226085921875 0.6592340125 0.8122598625 0.654364328125 0.8439641437500001 0.6793601734375 0.8471886640624999
0 0.8511473078125 0.3818201734375 0.856663021875 0.3667481140625 0.815278275 0.3531534390625 0.809453865625 0.3715056953125 0.8511473078125 0.3818201734375