0 1 0.4448088078125 0.924216190625 0.427840709375 0.8336024375 0.4132014046875 0.8207934453125001 0.41390906875000005 0.7945756890625 0.49368817187499997 0.9688606500000001 0.5279662265625 0.9787047015624999 0.529272875 1 0.45475929531250003 1 0.4448088078125
0 0.9106387015624999 0.1918419328125 0.89508179375 0.1986713375 0.9202297015625 0.237593259375 0.9894224140625001 0.215499625 0.965472178125 0.17661254531249998 0.9106387015624999 0.1918419328125
0 0.23478787968749998 0.5794909609375 0.22514944531249997 0.5536836562499999 0.12169540000000001 0.565718134375 0.1130073890625 0.5360174171875001 0.051422271875 0.5446886703125 0.061930225000000005 0.605890846875 0.23478787968749998 0.5794909609375
0 0.02516056875 0 0.017116415625 0.00158389375 0.016241909375 0.0391486328125 0.1839009640625 0 0.02516056875 0
0 0.015023 0.0915073578125 0.22608627499999998 0.045633342187499995 0.202689596875 0.014304409374999999 0.015835140625 0.0566215328125 0.015023 0.0915073578125
0 1 0.5350417703125 0.9771247515624999 0.5333480296875 0.968749775 0.537205503125 0.9690475187500001 0.549037365625 0.9648337328125001 0.55209564375 0.9553401765625 0.5536399578125 0.9521816765625 0.5617302890625 0.9551725078125 0.5854636984375 0.9693357796875001 0.588136334375 1 0.5943411765625 1 0.5350417703125
0 0.969664221875 0.16889237343750002 0.9306911687499999 0.1027009890625 0.905021134375 0.10299450000000002 0.671045046875 0.1818110578125 0.7183629984375 0.257747778125 0.7577575671875 0.2532322765625 0.969664221875 0.16889237343750002
0 0.5229663921875 0.8236782421875001 0.6057922078125 0.8102434468749999 0.6739340234375 0.7941208671875 0.553535821875 0.396931753125 0.53466250625 0.3850596421875 0.36310059375 0.41287759843750005 0.478913984375 0.8133942703124999 0.5229663921875 0.8236782421875001
0 1 0.2354979234375 0.98890215 0.21546448593749998 0.9597644125 0.22481959687500003 0.9722708093750001 0.2404675609375 0.9492655546875 0.2505212171875 0.9405162671875 0.2559082171875 0.9435605562499999 0.2605580140625 0.9122756531249999 0.273731715625 0.9220766734374999 0.2858400375 0.957234865625 0.276399996875 0.9997328421875 0.33219108125 1 0.332088259375 1 0.27900986875 0.9941104781250001 0.26929053281250004 1 0.2662493171875 1 0.2354979234375
0 0.6915510171875 0.47608711562500006 0.677519296875 0.4744785921875 0.6678089375 0.5211488203125 0.6861291078125 0.5276833984375 0.8209099953125 0.53760595 0.8264540015625 0.5132205875 0.789622871875 0.5072277953125 0.7873303671875 0.4837147546875 0.6915510171875 0.47608711562500006
0 0.8998207546874999 0.9866825234375 0.9384124249999999 0.9946081734375 0.9944804406250001 0.994281978125 0.9965385890625 0.9058735109375 0.9961721390625 0.8701331765625 0.6881746453125 0.809139096875 0.6615379 0.8140257359374999 0.633806390625 0.9297305437500001 0.8998207546874999 0.9866825234375