0 0.799304 0.8295225500000001 0.798508940625 0.8462110046875001 0.8116807250000001 0.84567413125 0.8131244437499999 0.8296015593750001 0.799304 0.8295225500000001
0 0.533734490625 0.0062105625 0.4869070515625 0.0056656765625 0.389897546875 0.009619715625 0.3764710296875 0.1788759171875 0.51460705625 0.18675648281249999 0.533734490625 0.0062105625
0 0.2406485328125 0.8165444640624999 0.19837063906250002 0.8182676828125001 0.19852026250000002 0.835272015625 0.2408975171875 0.8361583328125001 0.2406485328125 0.8165444640624999
0 0.689261078125 0.3145915765625 0.7220182140625 0.302890684375 0.7051572953125 0.26461782968750003 0.6727018140625 0.2756641046875 0.689261078125 0.3145915765625
0 0.228810675 0.016185503125 0.21244748593749999 0.16664615625 0.3481675578125 0.1773273703125 0.3644077375 0.0106586625 0.228810675 0.016185503125
0 0.0724633046875 0.8423812703125 0.077897603125 0.8050158984375001 0.054982971874999995 0.8026939796875 0.051481629687499995 0.83924965 0.0724633046875 0.8423812703125
0 0.4995497875 0.3517600984375 0.5080860859375 0.22170761093750002 0.03509789375 0.1939639453125 0.0210963375 0.3112598796875 0.4995497875 0.3517600984375
0 0.395903465625 0.388410790625 0.29690188281249996 0.385956365625 0.2302021140625 0.38056846875 0.2342187890625 0.502024921875 0.2893767453125 0.503010475 0.29482829375 0.4460425296875 0.340360384375 0.4490594546875 0.3380824390625 0.5042811671874999 0.38515168125 0.5055964140625 0.395903465625 0.388410790625
0 0.58859311875 1 0.5920661109375 0.95535913125 0.015535125 0.9108505812500001 0.0196860625 1 0.58859311875 1
0 0.2908262484375 0.866549409375 0.29114183437499996 0.8828382124999999 0.3074277671875 0.88308251875 0.3084618125 0.866295728125 0.2908262484375 0.866549409375
0 0.8177809640625 0.862081540625 0.851151584375 0.8635564499999999 0.851978128125 0.8408864796875 0.8201776562499999 0.839369721875 0.8177809640625 0.862081540625
0 0.06484775468750001 0.48622563750000003 0.0686009703125 0.42607101406250003 0.0086560875 0.4268974484375 0.0017425296875 0.48718088593750003 0.06484775468750001 0.48622563750000003
0 0.0539239546875 0.0233137640625 0.0364164515625 0.1576079875 0.1769568671875 0.158635103125 0.1944569015625 0.0175857390625 0.0539239546875 0.0233137640625