0 0.0148674546875 0.3719381453125 0.0579080625 0.3974688421875 0.10516803749999999 0.3265435421875 0.0302976015625 0.284429434375 0.0148674546875 0.3719381453125
0 0.5333830125000001 0.144900040625 0.5128488124999999 0.17172086250000002 0.5370398578125 0.192471146875 0.559546296875 0.169163325 0.5333830125000001 0.144900040625
0 0.43852423281249997 0.0641042828125 0.41863129062500004 0.08343309843749999 0.441029903125 0.10386732812499999 0.4630682140625 0.08682869062500001 0.43852423281249997 0.0641042828125
0 0.549093878125 0.709745034375 0.5585765874999999 0.71596314375 0.5487368953125 0.7309253234375 0.6139301515625 0.7622618328125 0.6764605765625 0.6522011984375 0.6760518046875 0.64957993125 0.6707389421875 0.6413991890624999 0.6051225328125 0.608607253125 0.5840038515625 0.6416342546875 0.5906091531250001 0.6451357046874999 0.579809846875 0.66156440625 0.57460179375 0.6576083046875 0.5632001828125001 0.67407950625 0.568739021875 0.677605340625 0.549093878125 0.709745034375
0 0.7089892890625 0.5761504328125 0.6151644140625 0.48780444375 0.5902148171875 0.51123379375 0.683155375 0.602185475 0.7089892890625 0.5761504328125
0 0.5681919828125 0.5610747140625 0.558658865625 0.5583953359375 0.5412269546874999 0.5493097859375 0.5367865703125 0.5405181265625 0.5355122828125001 0.5362997078125 0.407640578125 0.66598149375 0.466230859375 0.719223875 0.6304806625 0.5599704890625 0.5959736343750001 0.5279692234375 0.5845288828124999 0.547937953125 0.58006299375 0.5561576265625 0.5681919828125 0.5610747140625
0 0.3454742921875 0.34508110937500003 0.29124409687499997 0.315783896875 0.17300511875 0.53685313125 0.23216885468749998 0.5656394484375 0.3454742921875 0.34508110937500003
0 0.39425833125 0.9580105890624999 0.4253078765625 0.9120343468750001 0.3932343671875 0.8890019546874999 0.339277525 0.8558654328124999 0.3268750546875 0.8474117874999999 0.28665195 0.8271060765625 0.25729759375 0.8712993890625 0.31036692499999996 0.9015178 0.31914807500000003 0.891233671875 0.3590786703125 0.9170535328125 0.3526646890625 0.9298156499999999 0.39425833125 0.9580105890624999
0 0 0.919549815625 0.079695428125 0.9336022703125 0.03033975 0.9007884609374999 0.0207266859375 0.9157906015625 0 0.9035504218750001 0 0.919549815625
0 0.8793763140624999 0.731593078125 0.8098830671874999 0.8641546734375 0.8826747359375 0.9031189859375001 0.9508857921875 0.770480009375 0.8793763140624999 0.731593078125
0 0.816774578125 0.57327535625 0.739803796875 0.5306638312499999 0.6998308921875 0.601344525 0.6722419937499999 0.6435973515625 0.6755475343749999 0.6487050171875001 0.75170585 0.6877318796874999 0.816774578125 0.57327535625
0 0.55510908125 0.48768798281250003 0.5760107859375 0.4543253171875 0.5386004421874999 0.4337295734375 0.5462958234374999 0.4240612375 0.472843434375 0.39209690468749997 0.409701553125 0.5061071828125 0.4806453046875 0.54663630625 0.5179840953125 0.4711362828125 0.55510908125 0.48768798281250003
0 0.294882115625 0.45442142968750004 0.35758826875 0.48359869531250005 0.4189297984375 0.3646186984375 0.351120103125 0.333543109375 0.2944674109375 0.44400285000000006 0.294882115625 0.45442142968750004