0 0.583999025 0.0207543421875 0.592945490625 0.030605543750000002 0.592207746875 0.0451856671875 0.5799726890625 0.0533872390625 0.5801909953125 0.059192915624999995 0.584502059375 0.062480840625 0.585008909375 0.07480150937499999 0.5768686796875 0.0805061859375 0.57528695 0.10160321875 0.5947685265625 0.107480621875 0.6095709953124999 0.10677705312500001 0.6206930703125 0.007222417187500001 0.58593879375 0.006818015625 0.583999025 0.0207543421875
0 0.59874494375 0.1643713109375 0.554555759375 0.15068020625 0.54437686875 0.17879876875 0.5926433531249999 0.19384078124999998 0.59874494375 0.1643713109375
0 0.582658984375 0.23705721093749998 0.5889234546875 0.2096562515625 0.5456354234374999 0.193626675 0.53922234375 0.22206885 0.5401568109375 0.225150740625 0.582658984375 0.23705721093749998
0 0.5766033968750001 0.274405303125 0.5808342343749999 0.2601484796875 0.5845255296875 0.2436205375 0.5250873765625 0.23735093906250002 0.5239258953125 0.2696822296875 0.5766033968750001 0.274405303125
0 0.4967553546875 0.35159635 0.493837078125 0.383556578125 0.561839325 0.398781575 0.567400571875 0.36809199375 0.4967553546875 0.35159635
0 0.4858959140625 0.3957199828125 0.473492028125 0.42318775000000003 0.555768059375 0.44571550625 0.5623054437499999 0.4153511671875 0.4858959140625 0.3957199828125
0 0.4641681796875 0.4357924421875 0.4519668484375 0.47060146875 0.544382940625 0.4993586109375 0.5542836890625 0.472879628125 0.4641681796875 0.4357924421875
0 0.73736158125 0.8280926609374999 0.7262840265625 0.863446928125 0.7753288703125001 0.8706738390625001 0.78038311875 0.8414310265625 0.73736158125 0.8280926609374999
0 0.077001353125 1 0.0570170046875 0.9655505968749999 0.0504605109375 0.9700905499999999 0.0534222625 1 0.077001353125 1
0 0.0372685765625 0.8368708578125 0.1785194171875 0.71630931875 0.16335509374999999 0.7002251875 0.0345325453125 0.809240840625 0.0372685765625 0.8368708578125
0 0.27498162812500004 0.6024818328125 0.2354129953125 0.6608712609375 0.25001696406249996 0.67468585 0.29070098125 0.6142149296875 0.27498162812500004 0.6024818328125
0 0.44551825 0.2413117375 0.3906928453125 0.3525872921875 0.3667862328125 0.3454484375 0.3618008484375 0.3554746859375 0.32202353281249996 0.34121738125 0.320152721875 0.3320690484375 0.307431796875 0.327738165625 0.2997912828125 0.34420865 0.3819937625 0.378491596875 0.28463668593749997 0.5896207796875 0.30016849843750004 0.60157830625 0.46048173437499995 0.253249359375 0.44551825 0.2413117375
0 0.47218220781250003 0.22545666406249998 0.5209079140624999 0.0060613125 0.5040845625 0.0058655546875 0.45314618125 0.22767976874999998 0.47218220781250003 0.22545666406249998
0 1 0.617359240625 0.88428141875 0.59764614375 0.870816178125 0.730478515625 1 0.7528674765625001 1 0.617359240625
0 0.796654075 0.009269909375 0.6558178203125 0.007631131250000001 0.6401236406249999 0.1183297140625 0.9135361812499999 0.159722615625 0.9306300515625001 0.029641454687500002 0.796654075 0.009269909375
0 0.9042198890625001 0.2086264984375 0.636650190625 0.1684084109375 0.6166822953125 0.2944619625 0.8875713640624999 0.336214625 0.9042198890625001 0.2086264984375
0 0.1588358046875 0.9494539546875 0.22293958125 0.9011613687500001 0.2148360984375 0.8888079609374999 0.3379640171875 0.8029918609375001 0.40121330000000005 0.8075007515625 0.40951125624999996 0.780723090625 0.32151395625 0.7722290203125 0.1129056375 0.9283492343749999 0.132048015625 0.9530433531250001 0.15019414375 0.9411980703125 0.1588358046875 0.9494539546875
0 0.958717371875 0.8670064249999999 0.9112673515624999 0.8623278265625001 0.9079313625 0.8987547749999999 0.9572600625 0.9050352984375 0.958717371875 0.8670064249999999
0 0.40725616093749994 0.550568453125 0.5182874796875 0.558448575 0.5149022609375 0.5179077953125 0.407671490625 0.5166333187500001 0.40725616093749994 0.550568453125
0 0.37413350625 0.551191746875 0.37384903125 0.5800934109375 0.5176911750000001 0.60305406875 0.5184644375 0.5665904984375 0.37413350625 0.551191746875
0 0.5080155562499999 0.6508712265625001 0.5229432640625 0.6497377671875 0.525939265625 0.616867821875 0.37342221875 0.5882811765625 0.37108104218750004 0.646828621875 0.5038873078125 0.6725189390625 0.5080155562499999 0.6508712265625001
0 0.9495792453125 0.165078171875 0.9741965484374999 0.1730390734375 0.9647756812500001 0.07790178125 0.9495792453125 0.165078171875
0 0.9791088203125 0.22264600625000003 0.94440206875 0.2161690296875 0.9245243703125 0.34948829843749996 0.99265896875 0.3594831453125 0.9791088203125 0.22264600625000003
0 1 0.43601349218749996 0.9108974890624999 0.42434160781249997 0.8963277671875 0.5504687140625 1 0.571072425 1 0.43601349218749996
0 0.6065459296875 0.37300180312500003 0.58404320625 0.5060789921875 0.8573498046875001 0.541741759375 0.8719482578125 0.4188704125 0.6065459296875 0.37300180312500003
0 0.576310821875 0.5527607109375 0.556719175 0.6876977390625 0.8272302234375 0.7228791484375 0.8488506796875 0.594661275 0.576310821875 0.5527607109375