0 0.5161906218750001 0.11740418749999999 0.5491388453125 0.10991582343749999 0.5808200265625 0.0946448390625 0.5926276109375 0.053434873437499995 0.5553975921875 0.0054490531250000005 0.5130929562500001 0.0029850874999999997 0.43593063125000003 0.0025361703124999998 0.43266773125 0.009907640625 0.4348863609375 0.0450967703125 0.4826141203125 0.10689047656249999 0.5161906218750001 0.11740418749999999
0 0.2412736765625 0.1748219203125 0.25984146875 0.194391484375 0.2842667203125 0.21920188125 0.3175496078125 0.21867966249999998 0.366111375 0.1906292125 0.378738696875 0.1828283453125 0.3855010390625 0.13028392187499999 0.296726528125 0.0475242953125 0.2636585265625 0.044357053125000004 0.22208808281249998 0.0604239625 0.205423015625 0.092684028125 0.20494350312499998 0.1222283703125 0.2412736765625 0.1748219203125
0 0.134706125 0.140697796875 0.108581403125 0.14843115 0.0877885140625 0.17080388124999998 0.071551015625 0.18525402500000002 0.07227273125 0.190435278125 0.065683553125 0.21570403124999998 0.096869075 0.261661021875 0.1314142546875 0.3026527 0.1514627859375 0.3110065859375 0.1864681796875 0.308951465625 0.22592684218749998 0.283528390625 0.23499491093749997 0.2512178234375 0.2391269015625 0.23299214687499997 0.21292143437500002 0.1893939625 0.16315251718749998 0.14544685156249998 0.134706125 0.140697796875
0 0.097173609375 0.3622419 0.0955139203125 0.32007334374999996 0.030126773437499997 0.24442482812500002 0.01162785 0.2386282578125 0.0018683734375 0.4061920109375 0.008215059375 0.4093892 0.02355888125 0.41028287656250007 0.0461834203125 0.40955362968750003 0.06476555625 0.40756545156249996 0.08334142343749999 0.3881122828125 0.097173609375 0.3622419
0 0.8884680328125001 1 0.8835404375 0.9922146609375 0.8872285953124999 0.9879653218750001 0.8931055984375 0.987262353125 0.91629028125 0.9728030828125 0.907268128125 0.9564679796875 0.90249926875 0.9616996406249999 0.8982499296875 0.9580114828124999 0.8924538249999999 0.9573254765625 0.8883375250000001 0.9629435656249999 0.8852642203125001 0.968600625 0.88067611875 0.9707287953125 0.8729253328125001 0.9740664484374999 0.8676140390624999 0.970664859375 0.8585481749999999 0.9670445921875 0.8497556562499999 0.97032156875 0.8396580218749999 0.9728256890625 0.8167813984375 0.9879779671875 0.8180153625000001 0.99595465 0.8162589421875 1 0.8884680328125001 1
0 0.708890759375 0.5267863015625001 0.6532552703125 0.56561779375 0.5789556890625 0.46688989999999997 0.28874538437499997 0.6747189078125 0.3696696453125 0.7830875890625 0.44904055 0.7240799515624999 0.5273812734375001 0.8240884796874999 0.713861925 0.6881989828124999 0.7092760359375 0.6786987156250001 0.71864995 0.6587095953125 0.72946729375 0.649082978125 0.7485866453125001 0.63787114375 0.7714488234375 0.6330617859375 0.7843886 0.622513521875 0.708890759375 0.5267863015625001
0 0.81376846875 0.7028372921875 0.857512571875 0.758998446875 0.8971376609374999 0.7299701921875 0.891673378125 0.7247087046875 0.9302272140625 0.6931355515625001 0.9252028765625001 0.6870504140625 0.928280209375 0.68394141875 0.9389045828125001 0.6783757375 0.94344045 0.678639921875 0.9504047078125 0.6794592953125 0.9552538453125001 0.67397099375 0.9505915125 0.6691481890625 0.944086375 0.6675498328125 0.945271328125 0.661412590625 0.9511360390625001 0.6526952140625 0.951370875 0.6415594062500001 0.9554673578124999 0.6347860171875 0.9623782515625001 0.6294177999999999 0.9716244859375 0.6336800859375 0.9796776312500001 0.6300116250000001 0.9723424609375 0.6213529421875 0.9682353171875 0.6141017453125001 0.9601540859375 0.611148565625 0.956269471875 0.606806584375 0.9427292906250001 0.6056042078125 0.81376846875 0.7028372921875
0 0 0.8993854671875001 0.0615427171875 0.9783969421875 0.13927886875 0.9829245562500001 0.15186720625 0.9729437843750001 0 0.7798934390625 0 0.8993854671875001
0 0 0.9748124859375 0.047934212500000004 0.9776043359375001 0 0.9166983515625 0 0.9748124859375
0 0.5977786859374999 0.28092744999999997 0.506305584375 0.3529275328125 0.5965195078125001 0.4678039921875 0.7992385375 0.3211881546875 0.7923864828125 0.309095175 0.6148202640625 0.082927809375 0.5055636781249999 0.1648891734375 0.5212426921875 0.1847042375 0.4542059890625 0.232344390625 0.5197259625 0.3169289421875 0.5875367859375 0.2679619640625 0.5977786859374999 0.28092744999999997
0 0.11534291249999999 0.5404506687499999 0.1543578171875 0.513673390625 0.1574285328125 0.50133084375 0.17022898749999998 0.48607077500000007 0.1853733390625 0.4709472234375 0.190708528125 0.46047867499999995 0.1985555359375 0.449132934375 0.21836733437500003 0.44547426874999996 0.23403948125000001 0.4511996375 0.24497179687499998 0.457171578125 0.28520719843750003 0.5100143562499999 0.29656665000000004 0.5194953859375 0.4985913625 0.36872338125000004 0.47304193593750005 0.3138614859375 0.366111375 0.1906292125 0.19576938906250002 0.3111482 0.2416998109375 0.37089913281250003 0.20212252187500002 0.396489509375 0.199903440625 0.40467882343749995 0.074934340625 0.4905811640625 0.11534291249999999 0.5404506687499999