0 0.2050429703125 0.196522240625 0.21364628125000001 0.186950246875 0.1910288234375 0.1712184125 0.18418372031250002 0.1786389609375 0.2050429703125 0.196522240625
0 0.1242192953125 0.22636605781250002 0.1368095046875 0.2353461609375 0.1725595453125 0.1716140515625 0.156895171875 0.161843309375 0.1242192953125 0.22636605781250002
0 0.13140498750000001 0.202476021875 0.14594178124999999 0.17845433125000001 0.1320024890625 0.170576759375 0.1197950453125 0.19395491874999998 0.13140498750000001 0.202476021875
0 0.12494146718750002 0.2164367859375 0.130384175 0.20636420156250002 0.11644488281250001 0.19848663125 0.111209528125 0.2098070140625 0.12494146718750002 0.2164367859375
0 0.8410234921875 0.3349153625 0.8452852765625 0.33741279999999996 0.8532352375000001 0.3242949453125 0.8487973875 0.32035217031249996 0.838787378125 0.31451438593750003 0.83036995 0.3267482296875 0.8410234921875 0.3349153625
0 0.8902214 0.31962333906249996 0.85354748125 0.3018676734375 0.8488108796875 0.31387452968749996 0.8843603078125 0.33489447656250004 0.8902214 0.31962333906249996
0 0.854016784375 0.2989046078125 0.8646194062499999 0.3048362515625 0.8714252453125001 0.2925496515625 0.8619354593749999 0.28598429062499997 0.854016784375 0.2989046078125
0 0.843883453125 0.270449071875 0.8749931921874999 0.29137331875 0.8824444015624999 0.27756899062499996 0.8556904281250001 0.2561196703125 0.843883453125 0.270449071875
0 0.8750447093749999 0.26841876875000004 0.9041441078125001 0.2969218375 0.91567121875 0.282953096875 0.8843246765625 0.2571315109375 0.8750447093749999 0.26841876875000004
0 0.932025115625 0.26407903906249997 0.9185121859375001 0.256066503125 0.9133510593749999 0.26436124843750003 0.9255438 0.2717597 0.932025115625 0.26407903906249997
0 0.8446502406249999 0.19107175625 0.8506001062499999 0.181504734375 0.870444275 0.1477535125 0.8366429359374999 0.132700490625 0.81536410625 0.170395840625 0.8226845375 0.177873065625 0.8217437249999999 0.18841568749999998 0.8374969296874999 0.1994154578125 0.8446502406249999 0.19107175625
0 0.9457329187499999 0.229821646875 0.9620706109375 0.199159928125 0.870444275 0.1477535125 0.8506001062499999 0.181504734375 0.8379018921875 0.21578028593749998 0.9339088999999999 0.26241321875 0.9457329187499999 0.229821646875
0 1 0.07295965625 0.9566994046874999 0.0661015171875 1 0.08937020625 1 0.07295965625
0 1 0.2581361140625 0.9890424484375 0.252090921875 0.9776907953125 0.273134209375 0.995765128125 0.2832866515625 1 0.27747324375 1 0.2581361140625
0 0.9280533421875001 0.3945034578125 0.9529780640625001 0.41011474375 0.9638116406250001 0.38965762812500004 0.939333465625 0.37519028125 0.9280533421875001 0.3945034578125
0 1 0.32246161875 0.9810586515624999 0.30991387656249997 0.9685282125000001 0.330345228125 0.9701710296874999 0.334675534375 0.9718304718749999 0.3390287234375 0.9722806390625 0.3434738734375 0.9715141109375001 0.34831354531250003 0.9699889015625001 0.352445825 0.9663734734375 0.3550725875 0.9621110171874999 0.3561591703125 0.957393671875 0.358327915625 0.9567253609374999 0.3643373546875 0.9792166890624999 0.3807376890625 1 0.34915347812499997 1 0.32246161875
0 0.680559675 0.626847459375 0.6979619828125 0.5920210078125 0.627023796875 0.5531857046875001 0.6089690578125 0.5825427546874999 0.680559675 0.626847459375
0 0.74815701875 0.565830796875 0.7693438421875001 0.5509620875000001 0.73439868125 0.5274054390625 0.7213814546874999 0.548225425 0.74815701875 0.565830796875
0 0.8049889234375 0.7830961624999999 0.808171284375 0.75328699375 0.7373533 0.7501297484375 0.7356555984375001 0.7801538156250001 0.8049889234375 0.7830961624999999
0 0.6900834796875001 0.7798409140625 0.6987162265625 0.75435763125 0.640658059375 0.7359689375 0.6327562015625 0.76156798125 0.6900834796875001 0.7798409140625
0 1 0.357706915625 0.898972509375 0.525183096875 0.9547607812500001 0.556880553125 1 0.480356078125 1 0.357706915625
0 0.930730346875 0.588936021875 0.9884284093750001 0.612411003125 0.9922829546875 0.5880743625 0.940603165625 0.5663625531250001 0.930730346875 0.588936021875
0 1 0.480356078125 0.9547607812500001 0.556880553125 0.9932559765625 0.5819309406250001 1 0.539350853125 1 0.480356078125
0 0.7785837109375 0.47561993437499994 0.8779253656250001 0.5284305796875 0.907831490625 0.478838365625 0.9084228140624999 0.4751049046875 0.9089273265625 0.46591063125 0.9098158734374999 0.4603005609375 0.9125331796875 0.45720756093750003 0.920620440625 0.4505102328125 0.9166623812499999 0.44123688593750005 0.8580918359374999 0.4115084265625 0.8531630281249999 0.412327475 0.8482039125 0.4134657125 0.8434722109375 0.4130402734375 0.838840628125 0.41198271406250003 0.8344061515625001 0.4096806671875 0.83075084375 0.40655031093750005 0.8267794765625001 0.40336989531249995 0.823127296875 0.4002197859375 0.8199350984375 0.39621106250000004 0.8170423359375001 0.3922295140625 0.8145125625 0.3880017203125 0.7765872859375 0.3691973875 0.7472929203125 0.431036075 0.74303550625 0.4498618453125 0.751738575 0.45346770000000003 0.7548596703125 0.4539620328125 0.7570514187499999 0.4562328546875 0.7591931093750001 0.4588197375 0.7623642640625 0.45899801093750003 0.7654853593750001 0.45949234375000003 0.7677271671875 0.46144710624999996 0.7702850359375 0.463451928125 0.7718174875 0.46592206718750007 0.7735961875 0.4687551984375 0.7753445812499999 0.47190751718749996 0.7785837109375 0.47561993437499994
0 0.083137559375 0.16356628906249998 0.068630809375 0.15952720625 0.066674759375 0.1644619671875 0.065090415625 0.172675240625 0.0691785296875 0.18176669375 0.0788109453125 0.1835960578125 0.080194134375 0.1785705640625 0.083137559375 0.16356628906249998
0 0.0826784734375 0.21913866093749998 0.04123469375 0.200303534375 0.0381028765625 0.2200770546875 0.0746431796875 0.2367585953125 0.0826784734375 0.21913866093749998
0 0.0915380234375 0.19772091249999998 0.10744252812499999 0.142306684375 0.091741165625 0.138139140625 0.0767510984375 0.1903368171875 0.0915380234375 0.19772091249999998
0 0.8287472921875001 0.2845751703125 0.8529468890624999 0.2967102234375 0.859275446875 0.2823230984375 0.8352635718749999 0.26900281875 0.8287472921875001 0.2845751703125
0 0.8203083953125001 0.2982230640625 0.8381769703125 0.3081404234375 0.8442846812499999 0.2989831390625 0.8261363625 0.286996540625 0.8203083953125001 0.2982230640625
0 0.829278584375 0.3259678953125 0.8369273328125001 0.3121948546875 0.8127706765625 0.2972317 0.80627586875 0.31139 0.829278584375 0.3259678953125
0 0.7270530421875 0.33547332500000004 0.7630285234375 0.3526526359375 0.77762095625 0.3253391203125 0.7433938640625 0.304791853125 0.7270530421875 0.33547332500000004
0 0.7433938640625 0.304791853125 0.8316998859375 0.12197518125 0.7682790546875 0.08975732187499999 0.705924128125 0.057202053125 0.5541134453125001 0.35714644375 0.6157904249999999 0.3875896546875 0.682021015625 0.421244753125 0.7270530421875 0.33547332500000004 0.7433938640625 0.304791853125
0 0.7402905171875 0.43037248906250003 0.736471540625 0.43466795312500006 0.733648965625 0.4426446109375 0.74303550625 0.4498618453125 0.7472929203125 0.431036075 0.7402905171875 0.43037248906250003
0 0.4984638484375 0.274584453125 0.55036011875 0.1805045390625 0.545457375 0.1702918453125 0.5428904203125 0.1590114046875 0.5459761734375 0.148606015625 0.5538114796875 0.1404310796875 0.5640273015624999 0.1355085828125 0.573251271875 0.141323115625 0.6206811140624999 0.0617632640625 0.55584751875 0.026830981250000004 0.5297909078124999 0.05390819375 0.42836985624999996 0.23156975468750002 0.4984638484375 0.274584453125
0 0.736471540625 0.43466795312500006 0.7402905171875 0.43037248906250003 0.7441532375000001 0.4302755578125 0.7516083109375 0.41491264531249994 0.7333759468750001 0.4047351734375 0.7209728046875 0.42423496875 0.736471540625 0.43466795312500006
0 0.6078589515624999 0.052969165625 0.61634876875 0.0415567609375 0.592409284375 0.02905791875 0.585937784375 0.0379550921875 0.6078589515624999 0.052969165625
0 0.6432279859375 0.0206643765625 0.6315524031249999 0.014603290625000001 0.6252707046875 0.013608367187500001 0.6171110578125 0.026004534375 0.6329393515625 0.0365302140625 0.6432279859375 0.0206643765625
0 0.436878303125 0.18986734375 0.44917870468750004 0.1939012140625 0.4719537296875 0.1562200953125 0.457558321875 0.14764255312500002 0.436878303125 0.18986734375
0 0.432869525 0.20405490468749998 0.4421108546875 0.20835349062500003 0.4479701078125 0.1969294296875 0.435245490625 0.19288911875 0.432869525 0.20405490468749998
0 0.39812862656250003 0.14468934218750001 0.3926546328125 0.15495946249999998 0.39757958125 0.162219275 0.407258928125 0.16375233281249998 0.4288635078125 0.12323317656249999 0.41527818906249997 0.114399203125 0.39812862656250003 0.14468934218750001
0 0.4000702109375 0.0633921703125 0.40970661562500005 0.067753328125 0.41740874687499996 0.07282059375 0.4390525921875 0.037167489062499996 0.4299382484375 0.028231676562500002 0.41887613906250004 0.0264796109375 0.4000702109375 0.0633921703125
0 0.338884703125 0.0641094796875 0.3265922375 0.0956953890625 0.35280156875 0.11240110625 0.372445990625 0.0767148140625 0.3572365671875 0.06790709843750001 0.338884703125 0.0641094796875
0 0.37770140625000004 0.06910323125 0.38894865156249997 0.05549515000000001 0.3769966375 0.046960365625 0.3539695640625 0.028956479687499998 0.3444180140625 0.04285338125 0.3655230828125 0.0598238765625 0.37770140625000004 0.06910323125
0 0.358908653125 0 0.356808446875 0.00425648125 0.3905946984375 0.024774425 0.4041622484375 0 0.358908653125 0
0 0.17719123125 0 0.3178600171875 0.07258483906249999 0.3274801046875 0.0806287875 0.3615148140625 0.0076545546875 0.3563126390625 0.0039349609375 0.3583387953125 0 0.17719123125 0
0 0.46296682968749997 0.57260056875 0.46993442031250005 0.52860893125 0.448837396875 0.525267490625 0.44216046875000004 0.5702366328124999 0.4576717171875 0.5740703265625 0.46296682968749997 0.57260056875
0 0.4521478390625 0.37971334375 0.46960121250000003 0.383814140625 0.4713303921875 0.36624838125000003 0.4546880890625 0.3620128046875 0.4521478390625 0.37971334375
0 0.3540024328125 0.2974876859375 0.37089491093750004 0.302572859375 0.3806202484375 0.2731317671875 0.365214146875 0.2668443140625 0.3540024328125 0.2974876859375
0 0.3574724875 0.22916941093749998 0.36730704375 0.2344529234375 0.3858904734375 0.206232571875 0.3727497359375 0.1982992359375 0.3574724875 0.22916941093749998
0 0.3363423203125 0.19727120468749998 0.3462977328125 0.20856765312499997 0.357744475 0.188713884375 0.346435746875 0.1808479671875 0.3363423203125 0.19727120468749998
0 0.3213429484375 0.1884157609375 0.31424755000000004 0.19741661093750001 0.3247311640625 0.213049071875 0.335214153125 0.20822963749999998 0.3391667453125 0.2050082984375 0.3385446828125 0.2012648984375 0.33017754843749997 0.1952823359375 0.3213429484375 0.1884157609375
0 0.3471744390625 0.29521152968750003 0.35403678125 0.2887049296875 0.3574395140625 0.2764260609375 0.3419247078125 0.27133634687499997 0.3373884625 0.279649065625 0.335970246875 0.290521059375 0.33400199218750004 0.2992405078125 0.34306903437499997 0.30272176562499997 0.3471744390625 0.29521152968750003
0 0.321764465625 0.28547668125 0.33568103437499996 0.2538645140625 0.32141905625 0.24674580625 0.30882267812499997 0.2789720578125 0.321764465625 0.28547668125
0 0.372556125 0.1987545546875 0.35972966875 0.190243265625 0.346577478125 0.21063688906250003 0.3452069953125 0.22823921249999998 0.3579021625 0.2286299859375 0.372556125 0.1987545546875
0 0.291629390625 0.235385815625 0.2759015234375 0.22793368749999998 0.26121504687499997 0.2562245234375 0.266485196875 0.26347826093750004 0.2738293046875 0.26492494375 0.291629390625 0.235385815625
0 0.3181703953125 0.30215984218749997 0.32141871875 0.2931571546875 0.30515989375 0.287139628125 0.30191157031250004 0.296142315625 0.3181703953125 0.30215984218749997
0 0.29080773125000003 0.2729193796875 0.301212815625 0.2788197375 0.3056383859375 0.26494118125 0.2940989953125 0.261088590625 0.29080773125000003 0.2729193796875
0 0.27433825624999997 0.2921396203125 0.2875744921875 0.2699368703125 0.28006989843749996 0.2649008921875 0.265607334375 0.2858969453125 0.27433825624999997 0.2921396203125
0 0.381089425 0.4575962265625 0.3855130328125 0.44347436875 0.37401045 0.4409235625 0.3697370203125 0.454097240625 0.381089425 0.4575962265625
0 0.362837984375 0.45035188281250005 0.3669494578125 0.4366665703125 0.3564701453125 0.4337918515625 0.35359322187500003 0.44888765625 0.362837984375 0.45035188281250005
0 0.3089917640625 0.39731551249999997 0.29225271406250003 0.3888325078125 0.2711374984375 0.4300974 0.2764589359375 0.4388172109375 0.28613828125 0.44035026874999994 0.3089917640625 0.39731551249999997
0 0.25563630625 0.41610015 0.2690048859375 0.42374558437500004 0.283209234375 0.39479115781249996 0.27592426406250004 0.38926348125 0.2642497875 0.3874144265625 0.250140890625 0.4102686828125 0.25563630625 0.41610015
0 0.2314493578125 0.4210170125 0.2619547875 0.3792752015625 0.2484007546875 0.370243690625 0.2196338984375 0.40740103124999993 0.2314493578125 0.4210170125
0 0.21508008906249998 0.385013025 0.22241843125 0.3898201796875 0.2390226234375 0.3693658203125 0.23516756874999997 0.3643003921875 0.22975184531249998 0.36141769687499997 0.2141058921875 0.3783789515625 0.21508008906249998 0.385013025
0 0.19749125781250002 0.377164903125 0.214875784375 0.355619178125 0.20580254375 0.34770234218749996 0.1883670984375 0.367012578125 0.19749125781250002 0.377164903125
0 0.15275267343750001 0.39498565 0.16854403281250002 0.4001191640625 0.1838194296875 0.3535352375 0.1670501984375 0.3494618015625 0.15275267343750001 0.39498565
0 0.10819750624999999 0.398863428125 0.1252507421875 0.3525610828125 0.1085029828125 0.34707359531250004 0.0902136 0.39095273124999996 0.10819750624999999 0.398863428125
0 0.0836537546875 0.3889012890625 0.10196276875000002 0.34745517812500004 0.0829089671875 0.337350096875 0.06406807656249999 0.382154346875 0.0836537546875 0.3889012890625
0 0.059733901562500004 0.378835471875 0.0785631390625 0.33666178593749996 0.061535634375 0.3291050609375 0.043672615625 0.37284923281250004 0.059733901562500004 0.378835471875
0 0.037387175 0.37098299687499997 0.0582758328125 0.32731305312500003 0.0403017421875 0.3206188703125 0.0219203390625 0.3612435421875 0.037387175 0.37098299687499997
0 0.3760593765625 0.7225513921875 0.3914047421875 0.7253868453125001 0.40271956875 0.6769606671874999 0.38586629375000003 0.67469635625 0.3760593765625 0.7225513921875
0 0.3535402671875 0.718599978125 0.36582870624999997 0.721558740625 0.3772709609375 0.6893319390625 0.38041946718749997 0.671626490625 0.363368653125 0.6693308921875001 0.358602603125 0.6776882109375 0.350598671875 0.716716625 0.3535402671875 0.718599978125
0 0.3357156609375 0.681940253125 0.32904725 0.711258034375 0.342448525 0.71358308125 0.352265884375 0.6873964531250001 0.35728774375 0.6659176062500001 0.3425760953125 0.6641949890625 0.3357156609375 0.681940253125
0 0.340435140625 0.660069275 0.3241861328125 0.6552682609375 0.3183563265625 0.6703418609375 0.3093757359375 0.68613138125 0.307267859375 0.70199696875 0.31804838750000003 0.7055268734375 0.32271873906250004 0.7016092453125 0.340435140625 0.660069275
0 0.2545957953125 0.70278696875 0.2681132921875 0.65553988125 0.2498339390625 0.650133803125 0.2354148890625 0.6997490109375 0.2545957953125 0.70278696875
0 0.20081851093749997 0.6208050140625 0.2189919765625 0.6236834078125 0.2322146953125 0.5688366421875 0.2365128328125 0.532238434375 0.219801146875 0.5295915640625 0.1973291453125 0.6141978109374999 0.20081851093749997 0.6208050140625
0 0.2422844203125 0.6150812421875 0.2602326828125 0.621427096875 0.263204575 0.609950709375 0.26572260625 0.575642221875 0.266849296875 0.5612411749999999 0.249738240625 0.558814540625 0.2422844203125 0.6150812421875
0 0.357749975 0.636406584375 0.3616859796875 0.596085896875 0.346673115625 0.59370809375 0.3419257953125 0.6325030796875 0.357749975 0.636406584375
0 0.17013055625 0.539685646875 0.1596708765625 0.539243953125 0.1514405859375 0.5950434375 0.1593733796875 0.596097375 0.1644283640625 0.5705739125 0.17013055625 0.539685646875
0 0.1243282171875 0.5642226734375 0.1216393828125 0.5773638359375 0.121230815625 0.583778903125 0.1353283796875 0.586821709375 0.14933450625 0.5418591875 0.1454052234375 0.5398193984375 0.14558312812500002 0.537417659375 0.132670790625 0.5345625734375 0.1243282171875 0.5642226734375
0 0.1174873734375 0.519198203125 0.09981633749999999 0.50931213125 0.07615233437499999 0.55132754375 0.086825509375 0.5619277031250001 0.093510503125 0.5631889937500001 0.1174873734375 0.519198203125
0 0.05961494375 0.562538553125 0.0878690546875 0.5148108625 0.0720899015625 0.5058926609375 0.046391875 0.5484768859375 0.05961494375 0.562538553125
0 0.008199865625 0.6331244921875 0.0223468171875 0.639435259375 0.032198340625 0.6048505828125 0.0209503484375 0.600436665625 0.008199865625 0.6331244921875
0 0.0218917484375 0.64742240625 0.0193783546875 0.6415570125000001 0.0067985171875 0.639159575 0.002018975 0.6539945328125001 0.016844115625 0.6575575625 0.0218917484375 0.64742240625
0 0.0031045015624999997 0.54077036875 0.01806460625 0.5447597609375 0.0368288046875 0.48637633124999996 0.021317190625 0.48331205468749994 0.0031045015624999997 0.54077036875
0 0.04260405625 0.541964159375 0.0550716109375 0.5182222109375 0.058812546875 0.5009953312500001 0.050019049999999995 0.49514773125 0.039596796875 0.5034191671875 0.02716666875 0.5358742421875 0.04260405625 0.541964159375
0 0.8068855796875001 1 0.785665565625 0.9694071203125001 0.7654445921875 0.9866157296875 0.7757261875 1 0.8068855796875001 1
0 0.7926903375000001 0.9341317390625001 0.7707378828125 0.9193152015624999 0.7565667171875 0.9397499281249999 0.7661994453125 0.9518052406249999 0.774650625 0.955978678125 0.7926903375000001 0.9341317390625001
0 0.765081721875 0.9844320796874999 0.7854274765625 0.9672027359375001 0.7790259015625 0.960316528125 0.7593451515625 0.9784611703125 0.765081721875 0.9844320796874999
0 0.775002759375 0.958869353125 0.7679871015625 0.953303334375 0.7489615374999999 0.9711467640624999 0.7538766703124999 0.9771900625000001 0.775002759375 0.958869353125
0 0.711563709375 0.9321361687499999 0.7183466546874999 0.900305365625 0.666632825 0.891081984375 0.6613912843749999 0.9175276171875 0.711563709375 0.9321361687499999
0 0.6995405546875 0.9571634609374999 0.711563709375 0.9321361687499999 0.6613912843749999 0.9175276171875 0.6551194203125 0.9438303109374999 0.6995405546875 0.9571634609374999
0 0.38992445937500003 0.5680178031249999 0.4066558984375 0.570667803125 0.41112220937500005 0.5650979140625 0.4096844703125 0.5515461578124999 0.399192396875 0.547089971875 0.38782423125 0.552639928125 0.38992445937500003 0.5680178031249999
0 0.2937486609375 0.5787041609375 0.29676201875 0.5609570578125 0.28511895 0.5564805671874999 0.2776321515625 0.557724690625 0.275909534375 0.5724363390625 0.2847146859375 0.575653375 0.2883642234375 0.5756239265625 0.290130409375 0.578536071875 0.2937486609375 0.5787041609375
0 0.196674246875 0.5856033171874999 0.2050830703125 0.5478539890625 0.1924719453125 0.545654090625 0.189829728125 0.548273 0.18368951875 0.58192679375 0.196674246875 0.5856033171874999
0 0.206924528125 0.2626304828125 0.23121426718750002 0.21666431562500002 0.2147069859375 0.2083800140625 0.19362079062499998 0.25201867031249997 0.206924528125 0.2626304828125
0 0.2470240484375 0.2485298265625 0.25030796093749996 0.25208734375 0.2679213109375 0.2303753671875 0.264451515625 0.2241560015625 0.2547838234375 0.2199923796875 0.23883298125 0.24399260156250002 0.2470240484375 0.2485298265625
0 0.2087182828125 0.20783648281249997 0.1985634921875 0.20035582343749997 0.1729241140625 0.24205836875000003 0.183274603125 0.253417390625 0.21200219531250003 0.2113939984375 0.2087182828125 0.20783648281249997
0 0.19077290625 0.20633066875 0.17875132031250002 0.19324902187499998 0.14603321875 0.22645966093749997 0.155508409375 0.24181090625 0.1731851953125 0.222255403125 0.19077290625 0.20633066875