0 0.0266267796875 0.5631192015625001 0.0030589265625 0.5927351437499999 0.0369611140625 0.622170184375 0.059730896874999995 0.5914824875 0.0266267796875 0.5631192015625001
0 0.147596065625 0.580887203125 0.11990191406249999 0.611319565625 0.1520372921875 0.6410757609375 0.1781459296875 0.608564334375 0.147596065625 0.580887203125
0 0.16066618906250002 0.3559440546875 0.11279447499999999 0.421615065625 0.2132588046875 0.497269828125 0.25853486875 0.433353825 0.16066618906250002 0.3559440546875
0 0.8800653625000001 0.4681874671875 0.8533597531250001 0.4964047296875 0.964654203125 0.6133875359375 0.9917920328125 0.5813306265625 0.8800653625000001 0.4681874671875
0 0.7094963515625 0.349324184375 0.6447256421875001 0.43054489062499995 0.7768184812500001 0.54903476875 0.8476639562500001 0.472085971875 0.7094963515625 0.349324184375
0 0.6171969515625 0.2519860625 0.5859210203125 0.2948837046875 0.6170474421875001 0.31838521875 0.649434315625 0.27630334218749997 0.6171969515625 0.2519860625
0 0.4958939546875 0.9005427671874999 0.4766433109375 0.921077465625 0.46810989999999997 0.91669936875 0.39458754687500003 0.9976366609375 0.5321082765625 0.9968365875 0.5843116828125 0.987347478125 0.4958939546875 0.9005427671874999
0 0.5855862390625 0.7544377671875 0.5744505703125 0.7659088625 0.6224179953125 0.8091811171875 0.635992253125 0.797156134375 0.74955934375 0.9059824390625 0.779363359375 0.9333084171875001 0.9298856546875 0.7694426640625001 0.4689423546875 0.323802034375 0.035940821875 0.80013065 0.06881413125 0.9995319546875001 0.1742771875 0.9989183890625 0.48440561718749997 0.666899878125 0.5855862390625 0.7544377671875
0 0.1017075703125 0.6441844390625 0.0796467578125 0.66449985625 0.101625453125 0.687031415625 0.125348884375 0.6664359046875 0.1017075703125 0.6441844390625
0 0.07178973125 0.2274083796875 0.055091773437500005 0.26208090781250004 0.07996103125000001 0.281011809375 0.1002450828125 0.2478998296875 0.07178973125 0.2274083796875
0 0.46623037656250005 0.205046675 0.43703425156250003 0.23296442812499998 0.46437419375 0.26418965 0.4942141140625 0.2341194640625 0.46623037656250005 0.205046675
0 0.6579899703125001 0.033264784375 0.6335568765625 0.06772829062499999 0.6598964875 0.0904627375 0.6859363453125 0.0582071765625 0.6579899703125001 0.033264784375
0 0.8803982625 0.3171528265625 0.8491009249999999 0.355209203125 0.9541009046875001 0.44114575624999997 0.9837453015625 0.40544736875 0.8803982625 0.3171528265625
0 0.7295813718749999 0.13677855156250002 0.6684022171875 0.20438175468750003 0.7010346578125 0.2333838796875 0.7616350015625 0.1661735015625 0.7295813718749999 0.13677855156250002
0 0.8292872765625001 0.1267964546875 0.786905078125 0.1649208359375 0.8339062171875 0.216466115625 0.87298851875 0.1804017453125 0.8292872765625001 0.1267964546875