0 0.033149781249999996 0.8645102328125001 0.068228446875 0.8667567500000001 0.0594714390625 0.7877060765625 0.005339128125 0.7906481249999999 0.008611537499999999 0.8709587937500001 0.033149781249999996 0.8645102328125001
0 0.8032007328124999 0.4781687265625 0.801481146875 0.49411586406249997 0.8025679578125 0.5012240109375 0.8067503171875 0.5065895296875 0.8117294312500001 0.511944728125 0.8152456515625 0.52052609375 0.816138790625 0.522881225 0.8327308609375 0.521407975 0.8287196578125 0.481114784375 0.8381932593749999 0.47993158906250005 0.8416234499999999 0.5059657359374999 0.8914123500000001 0.5007704359375 0.90186593125 0.5768954328125 0.9572686671874999 0.5779595078125 0.92850680625 0.2818516015625 0.8692988421875001 0.2890250484375 0.874257225 0.37212780156249997 0.8348247453125 0.3776982828125 0.8373109359375001 0.43871373281250003 0.8409559703125 0.45045640468750003 0.820417059375 0.45288765 0.8174057359375 0.43713328437500004 0.7999853828125 0.43784310781249997 0.7997381125 0.451338728125 0.8039862296875 0.45831806249999996 0.8061589484375 0.47251225 0.8032007328124999 0.4781687265625
0 0.04991823125 0.5445583640625 0.14535119999999999 0.5340709296874999 0.1462912953125 0.5163840546875 0.1500712640625 0.5145913953125001 0.135295075 0.34107716250000003 0.082346221875 0.3399130984375 0.0288757296875 0.3531194421875 0.0442041828125 0.526057578125 0.04991823125 0.5445583640625
0 0.531979715625 0.10580108125000001 0.492117521875 0.107890359375 0.49164628906249996 0.1175199484375 0.49708667812499996 0.1852795859375 0.5397500875000001 0.1840062046875 0.5407468953125 0.1747759296875 0.531979715625 0.10580108125000001
0 0.962471509375 0.6295638875 0.9677914546874999 0.6840421812499999 0.9689369671874999 0.69041719375 0.9921268296875001 0.6882546609375 0.9933923218749999 0.5794984921874999 0.9577239437499999 0.5836983328125 0.962471509375 0.6295638875
0 0.9694566484375 0.01128065 0.92849005 0.010803959375 0.9298587125 0.0443933578125 0.933245628125 0.063387553125 0.9715212234375 0.052793290625 0.9694566484375 0.01128065
0 0.0594624328125 0.7874850062500001 0.053609514062499995 0.74166449375 0.0490601234375 0.7006624875 0.0017523640625 0.7026225890625 0.00533098125 0.790448140625 0.0594624328125 0.7874850062500001
0 0.3420654046875 0.3071866015625 0.341232765625 0.3171852171875 0.3500432953125 0.39211497031250003 0.3829197390625 0.3892252953125 0.3838678296875 0.3798862890625 0.373951946875 0.305001575 0.3420654046875 0.3071866015625
0 0.6169750578125 0.7521461703125001 0.6862298671875 0.746445565625 0.690246671875 0.7254667671874999 0.6739676953125 0.5384396484375 0.6425590609375 0.5387672703125 0.5970850515625 0.5444289203125 0.5994512890625 0.578588884375 0.6151187453125 0.7294137453125 0.6169750578125 0.7521461703125001
0 0.5956895249999999 0.5846324046875 0.5905478265624999 0.5165948703125001 0.5828361531249999 0.46374195 0.3678330734375 0.48361881562500003 0.366137884375 0.499077796875 0.37822054843749997 0.6217047234375 0.5935938578125 0.5978711828125001 0.5956895249999999 0.5846324046875
0 0.3460502875 1 0.3338271953125 0.8859392140625 0.075262384375 0.9143892156250001 0.0848786796875 1 0.144402546875 1 0.1414398 0.973916634375 0.25921079687500004 0.962762578125 0.2630947328125 1 0.3460502875 1
0 0.59401016875 1 0.5878995671875 0.9711368437499999 0.4996645609375 0.9800245015625 0.493089240625 0.9485382859374999 0.44652601875000003 0.9557279484375 0.44958384375 0.9840359296875001 0.41084133593749994 0.9875189265625 0.4121710375 1 0.59401016875 1
0 0.8380228671875001 0.9922563656250001 0.8341338593750001 0.965598746875 0.8120927203124999 0.9659432609374999 0.8149289468750001 0.9931973703124999 0.8380228671875001 0.9922563656250001
0 0.7477093328125 0.037997674999999995 0.7069464156249999 0.0429801984375 0.718920234375 0.160762078125 0.76453690625 0.1602319671875 0.7477093328125 0.037997674999999995
0 0.5158399265625 0.318905878125 0.463782859375 0.326585121875 0.47700149999999997 0.4760039890625 0.5306502734375 0.4682598859375 0.578180425 0.46632317968750003 0.5635313187500001 0.3209263328125 0.5158399265625 0.318905878125
0 0.375033671875 0.190252865625 0.3637519609375 0.0981516796875 0.34252228906250004 0.094499396875 0.322420790625 0.10005723281250001 0.31959604218750004 0.10681545781249999 0.3306206515625 0.1980413703125 0.373454275 0.19496740937499998 0.375033671875 0.190252865625
0 0.2831658796875 0.3686661015625 0.260313084375 0.3691986953125 0.256256384375 0.3734384421875 0.265855971875 0.4617551578125 0.29019174062499997 0.46120642656250005 0.291848190625 0.4578395125 0.2909173328125 0.446406978125 0.2857273953125 0.44294258906249995 0.280793134375 0.4348840265625 0.282073278125 0.43206389375 0.2838343 0.4301763515625 0.28965276875 0.4262412609375 0.2831658796875 0.3686661015625
0 0.0533623734375 0.64266985 0.06172720625 0.658294653125 0.1302956078125 0.64879115 0.13559213125 0.7157373296875 0.13692680937499999 0.726754821875 0.2917489546875 0.7113673656249999 0.304597465625 0.707145821875 0.31449706875 0.7044616359375 0.3134645328125 0.6954247703124999 0.300774959375 0.5415998859375 0.0464461078125 0.5702094437499999 0.0533623734375 0.64266985
0 0.38570426874999997 0.767327109375 0.3887977859375 0.8079234171874999 0.3908309203125 0.8116271546875 0.4256699765625 0.8079931953124999 0.42350731875000003 0.7657867515625 0.42097645625 0.7634540624999999 0.38570426874999997 0.767327109375
0 0.0905703328125 0.6542407 0.0534062859375 0.6600509046874999 0.075722540625 0.9148133406250001 0.149980075 0.905808765625 0.14969670156249998 0.8934198125 0.1301281734375 0.649573003125 0.0905703328125 0.6542407
0 0.870251428125 0.07817771875 0.8648978453125 0.0793923296875 0.8708127250000001 0.1620575234375 0.8848799375 0.1627465203125 0.8849435187499999 0.1566986875 0.8822579812500001 0.15328725625 0.88014959375 0.1482801046875 0.881215125 0.1434536375 0.8842300906249999 0.1391899046875 0.8892323265625001 0.13641740468750002 0.89298339375 0.1350023671875 0.8966259515624999 0.13038090625 0.8919568703125 0.078289759375 0.870251428125 0.07817771875
0 0.6288467359375 0.9570900171875 0.613141225 0.7825064640625 0.55764360625 0.7834613375 0.5131959796875 0.795835009375 0.531791884375 0.9603803875000001 0.5328856734375 0.9709205328125 0.6234627125000001 0.96136170625 0.6288467359375 0.9570900171875
0 0.08437888906249999 1 0.0680199875 0.8670752546875 0.0338278921875 0.8643054515624999 0.008613342187500001 0.871003065625 0.011416803125 0.9398049593750001 0.0176707265625 1 0.08437888906249999 1
0 0.8863946015625 0.57761441875 0.8056230687499999 0.5946790171874999 0.8089136343750001 0.643371909375 0.8305092234375 0.8353418890625001 0.83503039375 0.853913421875 0.9023921796875 0.8474042 0.9134660531250001 0.9891822906250001 0.9886608718750001 0.9861183359375 0.9896493140624999 0.9011718609375 0.9572596578124999 0.5777384375 0.9009500453125 0.577242765625 0.8863946015625 0.57761441875
0 0.69009128125 0.754259975 0.717548965625 0.9971653 0.8146814125 0.9932074562500001 0.7879008921875 0.7254735375 0.73665296875 0.7236644296875 0.6903832921874999 0.733167225 0.69009128125 0.754259975
0 0.6372171171875001 1 0.633186059375 0.9630470234375 0.61693738125 0.96370910625 0.5995912296875 0.9678703328125 0.6031556250000001 1 0.6372171171875001 1
0 0.8132935937499999 0.23893711562500003 0.780753484375 0.2386686734375 0.7818092078125 0.303706140625 0.8144132734375 0.3055441828125 0.8132935937499999 0.23893711562500003