0 0.98953310625 0.54048799375 0.8935126875 0.40884386250000004 0.8186138625 0.4529153265625 0.9271449796875 0.5951457390625 0.98953310625 0.54048799375
0 0.18570833125 0.279168371875 0.1816689734375 0.3915954046875 0.37469243125 0.39476486875 0.3808440171875 0.2905504125 0.3678512734375 0.28507453437499997 0.330773009375 0.28402492343749997 0.334024078125 0.2617581296875 0.2556152359375 0.2632016875 0.25098332343749996 0.279998915625 0.18570833125 0.279168371875
0 0.2556152359375 0.2632016875 0.334024078125 0.2617581296875 0.3551145765625 0.243099478125 0.35174123125 0.16014679062499998 0.22166298125 0.15665963125 0.2242577296875 0.2243644890625 0.25039105 0.2307889921875 0.2556152359375 0.2632016875
0 0.9764126 0.0425132421875 0.969253559375 0.0242260265625 0.9548862671875 0.0327401578125 0.9167984 0.0053337765625 0.907872471875 0.005281846875 0.8680902984375001 0.07252121406249999 0.868041046875 0.08821302656249999 0.9328594453125 0.12790349375 0.9773792625000001 0.0609638828125 0.9764126 0.0425132421875
0 0.1901886625 1 0.196344646875 0.9463287171875001 0.073083953125 0.9151584906249999 0.0508615046875 1 0.1901886625 1
0 0.9109911187499999 0.9192159343749999 0.9046715546874999 0.9370647859375 0.916961434375 0.940728775 0.950787228125 0.9512544390625 0.96992505 0.900740146875 0.9380446921875001 0.892536059375 0.9294196234375001 0.9243980171875 0.9109911187499999 0.9192159343749999
0 0.916961434375 0.940728775 0.9046715546874999 0.9370647859375 0.9109911187499999 0.9192159343749999 0.9294196234375001 0.9243980171875 0.9380446921875001 0.892536059375 0.87088399375 0.8696374984374999 0.862666546875 0.9247512265625 0.851828028125 0.9681287140625001 0.8849966015625 0.9773268609375 0.8903448921875 0.9637598374999999 0.9100932234375 0.9713129125 0.916961434375 0.940728775
0 0.7275286484375 0.637872228125 0.7292437375 0.5901561890625 0.6907776140624999 0.59123885 0.6902953640625 0.6354108921875 0.7275286484375 0.637872228125
0 0.8313203296875 0.268042440625 0.797909928125 0.20781395156250002 0.7422139718749999 0.2436122234375 0.7720271046875 0.2993865890625 0.8313203296875 0.268042440625
0 0.1517904 0.41927853906249996 0.036698665625 0.4167756265625 0.0411686890625 0.5485093234375 0.14892910312500002 0.549549709375 0.1517904 0.41927853906249996
0 0.2698270375 0.6891768828125 0.2698045296875 0.51353235625 0.27586945625000003 0.502040096875 0.27614432187500004 0.4098158984375 0.2134145796875 0.4076708 0.2125207171875 0.6895967328125 0.2698270375 0.6891768828125
0 0.378308140625 0.41194812968749994 0.3116706265625 0.41412031406249994 0.3114863859375 0.6914117390625 0.375592334375 0.6912021328125 0.378308140625 0.41194812968749994
0 0.4417836859375 0.8479932531250001 0.46827765625 0.7735006078125 0.357216334375 0.74155930625 0.3372335671875 0.8119174328125001 0.4417836859375 0.8479932531250001
0 0.862666546875 0.9247512265625 0.77990128125 0.89564710625 0.766526990625 0.9455482734375 0.851828028125 0.9681287140625001 0.862666546875 0.9247512265625
0 0.776749090625 0.8896316750000001 0.6605605015625 0.8534291578125 0.6449059593750001 0.9185990437499999 0.6592563828125 0.9236873359375 0.6662606828125 0.917360878125 0.69037884375 0.9240008921875 0.6969511500000001 0.9368909109375 0.7261419734375 0.93978775625 0.729476075 0.9268416140625 0.74391254375 0.927770403125 0.7505906203125 0.9434528515625 0.75994675 0.9491386984375 0.776749090625 0.8896316750000001
0 0.7591062890625 0.8630882140624999 0.7865471265624999 0.8507622171874999 0.7933784 0.8140580515625 0.6830140140625 0.781881571875 0.6657957484375 0.831515875 0.7591062890625 0.8630882140624999
0 0.59258746875 0.48973697656250004 0.5924793015625001 0.42617311406249997 0.5564926578125 0.4250726453125 0.5580269796875 0.41026436562499996 0.43170651718749997 0.41661585624999997 0.43080131875000005 0.4871392359375 0.59258746875 0.48973697656250004
0 0.64682153125 0.74010740625 0.65004125 0.49599958437499997 0.5932170875 0.49556587187499995 0.58253791875 0.5114286015625 0.57865980625 0.7356207343750001 0.64682153125 0.74010740625
0 0.4907412796875 0.504110565625 0.421481321875 0.5007088640624999 0.41616347343750004 0.6734399703125 0.489082178125 0.6727995046874999 0.4907412796875 0.504110565625