0 0.814030840625 0.8479280390625 0.8136250484374999 0.8318357734375 0.813409453125 0.8139422625 0.8231540640624999 0.8007643859375 0.800985965625 0.7749924109374999 0.7940707796875001 0.7790214 0.7855502609375 0.76758475625 0.7742824359375 0.7754582703125 0.782102321875 0.7864087843750001 0.76943550625 0.7956347375 0.814030840625 0.8479280390625
0 0.30964071406250004 0.29755621875 0.26344068125 0.3542882609375 0.17212422968750002 0.466017765625 0.2173221171875 0.5095115046875 0.3753153171875 0.320800671875 0.34033601406249997 0.277377315625 0.341205525 0.29790136562499997 0.331976403125 0.30720506875 0.319739346875 0.3087765640625 0.30964071406250004 0.29755621875
0 0.26344068125 0.3542882609375 0.2386949671875 0.328392253125 0.1477061078125 0.43872885781250004 0.17212422968750002 0.466017765625 0.26344068125 0.3542882609375
0 0.2858398453125 0.2937267609375 0.24642506874999998 0.335605934375 0.26344068125 0.3542882609375 0.30964071406250004 0.29755621875 0.2858398453125 0.2937267609375
0 0.2342215359375 0.2997040953125 0.20310917968750003 0.2733741 0.217264909375 0.2599538515625 0.242439321875 0.28760283593749997 0.2699045703125 0.2632441203125 0.24374781875 0.23225223125 0.21896643125 0.20720791562500002 0.176058675 0.24490313281249998 0.17381333125 0.2414569109375 0.14733245156250002 0.269136803125 0.1918503109375 0.3109842203125 0.1900906328125 0.315963034375 0.2014076578125 0.3261200375 0.2342215359375 0.2997040953125
0 0.0645545734375 0.1337180171875 0.046382417187500004 0.1109737828125 0.038717925 0.11832635 0.027918949999999998 0.23393337500000003 0.030405684375000002 0.23620483281250002 0.11117425 0.152594909375 0.0921419515625 0.133186303125 0.0645545734375 0.1337180171875
0 0.188126978125 0 0.18855232500000002 0.0005153796875 0.185746465625 0.005653596875 0.33667133437499996 0.1646278 0.34591810624999997 0.15701437812500002 0.3737708796875 0.1489434765625 0.40769423437499996 0.11746231562500001 0.3931591234375 0.09900403906250001 0.416668265625 0.07964754843750001 0.399190034375 0.059340457812500004 0.3547152078125 0.0959592578125 0.2648833609375 0 0.188126978125 0
0 0.5356612359375 0 0.521336259375 0.01384563125 0.55707381875 0.060896678125000006 0.4455599640625 0.1567641796875 0.439397178125 0.1529733421875 0.4051086296875 0.181786809375 0.3947752453125 0.1679117046875 0.36402906874999996 0.1952124875 0.42520134687500005 0.2701795515625 0.5793601015625 0.133323346875 0.682072946875 0.0487536859375 0.7040083421875 0.028627121875 0.6891973499999999 0.0131019015625 0.55707526875 0 0.5356612359375 0
0 0.5928652015625 0.3246554078125 0.52420693125 0.2551299703125 0.6138730406249999 0.1742224828125 0.5793601015625 0.133323346875 0.42520134687500005 0.2701795515625 0.5275895015625001 0.384758765625 0.5928652015625 0.3246554078125
0 0.682072946875 0.0487536859375 0.5793601015625 0.133323346875 0.6138730406249999 0.1742224828125 0.7164054515625 0.08171856093749999 0.682072946875 0.0487536859375
0 0.749807915625 0.13380100781249998 0.6882540328125 0.13550373124999998 0.6637369750000001 0.1832679671875 0.6229178546874999 0.19038199375 0.6371103671875 0.2775756296875 0.631980878125 0.308293853125 0.569710975 0.3672260421875 0.5987281828125 0.4023610890625 0.5892668249999999 0.4136811625 0.6003463859375 0.4263803078125 0.61306253125 0.41474705624999997 0.6445428375 0.4507622984375 0.7115175328125 0.39032305312500004 0.7684635328125 0.3998954015625 0.830542578125 0.33243583593750003 0.8548248265625 0.2991653109375 0.840115271875 0.2776416046875 0.7891015046875001 0.26258319375 0.776052559375 0.24677220000000002 0.7829960859375 0.23186923906249998 0.749807915625 0.13380100781249998
0 0.77699346875 0.4751244296875 0.8217846078125 0.5208584468749999 0.834832890625 0.5124816953125 0.861468628125 0.5383458375 0.863856778125 0.5611695250000001 0.871559775 0.5754855140624999 0.9080539312499999 0.537154290625 0.7748434859375 0.40136137187500004 0.6804821140625 0.4855531109375 0.6565315609375 0.458661434375 0.6286679265624999 0.4875199453125 0.69108198125 0.551777225 0.77699346875 0.4751244296875
0 0.987432728125 0.6272157796875 0.943680028125 0.5771770078125 0.9080539312499999 0.537154290625 0.8793950984375 0.56865314375 0.9317942531250001 0.623847425 0.9211857484375001 0.639461465625 0.9013848234375 0.6557647609374999 0.8775264421875001 0.657718853125 0.880131815625 0.6472100765625 0.8749316874999999 0.6450935890625 0.8575842640625 0.6637892265625001 0.9167440796875 0.7159040703125 0.987432728125 0.6272157796875
0 1 0.5842767375 0.97094389375 0.5486318125 0.943680028125 0.5771770078125 0.987432728125 0.6272157796875 0.997294190625 0.614901046875 1 0.5859343703125 1 0.5842767375
0 1 0.3702695125 0.9107038515625 0.276703234375 0.838859034375 0.34323823125 0.8541380484375001 0.3581958515625 0.8681659125 0.3461444515625 0.9181360968750001 0.40432142656250003 0.937341996875 0.38311281875000003 1 0.446812771875 1 0.3702695125
0 0.7748434859375 0.40136137187500004 0.7938450671874999 0.4203941390625 0.842819934375 0.3729500828125 0.8274204125000001 0.353879790625 0.7748434859375 0.40136137187500004
0 0.8271139828124999 0.45417456093749997 0.8451383859374999 0.47262799062500005 0.8742748015625 0.44799641562500003 0.85777226875 0.4296939046875 0.8271139828124999 0.45417456093749997
0 0.6915777171874999 0.996044215625 0.663990903125 0.9754562124999999 0.637736253125 0.954673528125 0.6033139953125 0.9965577187499999 0.6915777171874999 0.996044215625
0 0.7675806171875 0.9059290828125001 0.7405813046875 0.883252446875 0.663990903125 0.9754562124999999 0.6915777171874999 0.996044215625 0.699043675 0.9960007796875001 0.7675806171875 0.9059290828125001
0 0.5330440484375 0.9570763187500001 0.448161303125 0.866271671875 0.42035170937500005 0.889148925 0.51678075625 0.9909446828125 0.5250042203125 0.98465516875 0.5095207328125 0.9749402296874999 0.522014065625 0.9581754281249999 0.5312105109374999 0.95908739375 0.5330440484375 0.9570763187500001
0 0.967868140625 0.9299178078124999 0.9570872859374999 0.917309534375 0.9465568671875 0.9276245046874999 0.937111909375 0.9166882703124999 0.9115580156249999 0.9468942078125 0.932524990625 0.9657929390625 0.9360143515624999 0.96249875 0.9619091750000001 0.9873684015625 0.9625588109375001 0.9867561578125 0.967868140625 0.9299178078124999
0 0.44917722812500005 0.40485475624999995 0.4196519546875 0.4357633234375 0.43312185625 0.4491819421875 0.43611204218750005 0.46015788593750007 0.41816918125 0.4798251390625 0.393244765625 0.474634309375 0.37667767812499997 0.49437220625 0.3824220265625 0.5190856671875 0.3606087171875 0.5369656515625 0.3447377828125 0.5353918078125 0.2248635015625 0.68670005 0.291327265625 0.74730205625 0.51387181875 0.46701371406250003 0.44917722812500005 0.40485475624999995
0 0.099010771875 0.5527112796875 0.15281590625000002 0.6191629859375001 0.2327123859375 0.5275063578125 0.1700094390625 0.47150959062500003 0.14219155625 0.5026971140625001 0.01572115625 0.364515278125 0.0079526328125 0.4476801765625 0.1026931875 0.5496993812500001 0.099010771875 0.5527112796875
0 0.1058309265625 0.09375583750000001 0.130769365625 0.06544055 0.11061877812500001 0.042500123437499995 0.0845193984375 0.069384546875 0.1058309265625 0.09375583750000001
0 0.0090378859375 0.7767139937499999 0.0502479 0.7369475109375 0.018434395312499997 0.7070832031250001 0.0084092609375 0.7226901515625 0.0090378859375 0.7767139937499999
0 0.24028401718749998 0.8976950015625 0.2422279859375 0.91047501875 0.23831935468749998 0.9187274437499999 0.22021989999999997 0.9271515203125 0.20716484531249998 0.9407686328124999 0.20776265624999998 0.9510468281250001 0.20307135 0.9592216375 0.2137431 0.9703014546875 0.22964855625 0.9718787203125 0.295336890625 0.8890101234375001 0.2838791359375 0.8855275109375 0.2836228828125 0.8713578984374999 0.2681977 0.8596093437500001 0.24028401718749998 0.8976950015625
0 0.7014605359375 0.737821359375 0.7353195609375 0.705149653125 0.6602497875 0.6178180156249999 0.619365975 0.6556920078124999 0.7014605359375 0.737821359375
0 0.7508730875 0.7911625156250001 0.7876453406249999 0.7620690484375 0.7537786171875 0.731869559375 0.7221353453125 0.7549148703124999 0.7508730875 0.7911625156250001