0 0.30420125625 0.847376971875 0.307744734375 0.851045065625 0.3125658328125 0.853750659375 0.31895221875 0.8612185312499999 0.327606175 0.8610366203125001 0.3526124703125 0.7978461375 0.317998359375 0.7862934015625 0.308292690625 0.8054542609374999 0.30648675625 0.8124393890625001 0.3074114671875 0.8176729296874999 0.3066399125 0.82021205 0.307010503125 0.822309459375 0.303177646875 0.8251969656249999 0.3034653140625 0.8309217453125 0.3004530328125 0.8343567296875 0.300246578125 0.837284959375 0.29867958125 0.844803059375 0.30420125625 0.847376971875
0 1 0.6139363265625 0.9936597234375 0.6077177984375 0.9751604484374999 0.6406671187499999 1 0.6569427828125 1 0.6139363265625
0 0.54051974375 0.88784501875 0.6772983640625 0.5622959015625 0.6278048234375 0.5378132203125 0.493855528125 0.8632226656249999 0.4739432203125 0.92258688125 0.4879923640625 0.9285938 0.493137634375 0.936996671875 0.5041780250000001 0.94645855 0.5244094796875001 0.9542134843750001 0.529696965625 0.9475026968750001 0.5365221734375 0.9490266828125 0.5458049421875 0.9567344140625 0.5518764765624999 0.9338605828125001 0.5669209328125 0.9369561031250001 0.5720091578125001 0.9068784234375 0.54051974375 0.88784501875
0 1 0.6774756859375 0.98080116875 0.667675575 0.965221996875 0.6827394703125 0.9278433093749999 0.6629142640625 0.919282596875 0.6783719640625 0.8475198562499999 0.6351866921875 0.7078898859375 0.8485016156249999 0.7179026734375 0.856010215625 0.7240826046875 0.86640631875 0.7273367078125 0.8766300125 0.7307160500000001 0.8752724625000001 0.74007058125 0.87495886875 0.7420064562500001 0.8818185609375 0.7423347312499999 0.8918698468749999 0.7471558296875 0.8945754375 0.7527621375 0.8812416015625001 0.7589437796875 0.879357325 0.765001890625 0.8767739125 0.7719247124999999 0.879084459375 0.77794050625 0.88445491875 0.7821845609375 0.8879913328125 0.785768646875 0.8959859328125 0.7981699609375 0.8727685265625 0.8341672703125 0.8946076734374999 0.8227859625 0.9235979562500001 0.8149220875 0.9427015687500001 0.843463909375 0.9373367609375001 1 0.689258996875 1 0.6774756859375
0 0.7182277 0 0.7086885171875 0.0259591421875 0.701804590625 0.0402554796875 0.7172984453125 0.0460114828125 0.7346114874999999 0.008806524999999999 0.7218219328125 0 0.7182277 0
0 0.5473567015625 0.5936547515624999 0.5665422734375001 0.603917815625 0.5860847828125 0.5621247703125001 0.5646736156250001 0.55401369375 0.5473567015625 0.5936547515624999
0 0.059834043749999996 0.7391168546875 0.0557788328125 0.7407459140625 0.042526815625 0.7345685265624999 0.0389670953125 0.7291698296875 0.0338255015625 0.719734328125 0.0310559984375 0.7195102859375 0.0362994859375 0.7491865609375 0.12495285781250001 0.7979567890625 0.13054326562500002 0.7804362765625 0.1284171765625 0.77823541875 0.11926909999999999 0.7756207796875 0.112543584375 0.7768849296875 0.1092803328125 0.773164159375 0.1007759828125 0.7643607343750001 0.0971654796875 0.7685066843749999 0.09538664531249999 0.758439109375 0.08762347499999999 0.7538305046875 0.0805527578125 0.7482249171875 0.07318556875 0.7409414015625 0.0752142015625 0.73275864375 0.069528390625 0.725159090625 0.061170223437500004 0.731931084375 0.059834043749999996 0.7391168546875
0 0.8274903296874999 0.513282140625 0.81150959375 0.545737428125 0.9345831531250001 0.617955184375 0.9373042375 0.6087754453125 0.9513015390625 0.589674746875 0.8274903296874999 0.513282140625
0 0.1998792578125 0.773719128125 0.1798897921875 0.761481375 0.163035603125 0.750367325 0.155530165625 0.75505963125 0.14997062187500002 0.7623375234374999 0.145680478125 0.7684893484375 0.1474287203125 0.7699563140625 0.1526362734375 0.7707524203125 0.1543054640625 0.7734106546875 0.158230415625 0.777130878125 0.1634648015625 0.7797175109375 0.17491731875 0.788936815625 0.1807769984375 0.7908486703125 0.1910018453125 0.7974505796875 0.1938905859375 0.8018609046874999 0.1976344734375 0.8037370359375 0.20256827031250002 0.80883618125 0.21311545468749998 0.8173794624999999 0.2190669265625 0.8027217859375 0.2069205046875 0.796481059375 0.21532533593749997 0.7843548593749999 0.1998792578125 0.773719128125
0 0.0979567109375 0.996663840625 0.103253490625 0.982397525 0.12269219375 0.9420067875000001 0.1387267 0.9038863750000001 0.1254925265625 0.8964053921874999 0.1172700796875 0.9009022515625 0.10449530468749998 0.9003520937499999 0.0929697203125 0.90008310625 0.0859225984375 0.8941428625000001 0.0849764296875 0.88235023125 0.057673775000000004 0.8701574703125001 0.080450184375 0.9990638781250001 0.0909407390625 0.998941809375 0.0979567109375 0.996663840625
0 0.7893575609375 0.5480643421875 0.79822451875 0.5317648078125 0.8085173890625 0.5402733359375 0.8227197046875 0.5116815531250001 0.8240637124999999 0.5074662890625 0.834581503125 0.5157261546874999 0.8474880499999999 0.5000501234375 0.7792920921875 0.46230349843749996 0.769362275 0.48464357812500003 0.7660779703125 0.4968392453125 0.7761288140625 0.501637015625 0.7731145890625 0.510562271875 0.77890681875 0.5149015390625 0.7704904703125 0.5336343046875001 0.7893575609375 0.5480643421875
0 0.5256639875 0 0.51939014375 0.007796926562500001 0.5296246015625 0.021476125 0.5468851531250001 0.0060961921875 0.5426704953125 0 0.5256639875 0
0 0.35357093125 0.704482015625 0.3547656265625 0.70714688125 0.35464038593749997 0.7187281249999999 0.3501475625 0.7260738156250001 0.34289475468749997 0.7259923625 0.34318242187500003 0.7317171421875 0.3454482828125 0.7363477390625001 0.347961203125 0.742376609375 0.3430977875 0.747624890625 0.339058478125 0.7534406234375 0.34062376250000004 0.7582029046875001 0.3475465859375 0.7605134515625 0.3534811671875 0.7572308999999999 0.3579739921875 0.74988520625 0.3711190625 0.754637984375 0.3742107375 0.74755565625 0.43326425625000003 0.59848571875 0.4237032734375 0.6017275421875 0.41818160000000004 0.5991536328125 0.41579573906249995 0.593843871875 0.41423045312499995 0.5890815953125 0.406236465625 0.58480531875 0.3921145078125 0.61127684375 0.3774396265625 0.6429294328124999 0.37484207187499996 0.652808309375 0.3764479640625 0.66189709375 0.376405646875 0.6698509671874999 0.3759098171875 0.6793347984375 0.37108700781250004 0.6889095843749999 0.3691494203125 0.694330271875 0.3573225765625 0.6929415 0.3555085171875 0.6990613265625 0.35357093125 0.704482015625
0 0.3672104109375 0.84523379375 0.37036716406250003 0.8696546078124999 0.3912159921875 0.874465990625 0.40481887656250004 0.8806393453125001 0.4192758828125 0.8916467296875 0.4436161140625 0.9020554031250001 0.45236973750000004 0.8879235984375 0.53386089375 0.697878596875 0.4847970640625 0.6821485328125 0.4675676796875 0.676636190625 0.44136761875 0.662841484375 0.39101958125 0.7883773953125 0.3672104109375 0.84523379375
0 0.12011743906250001 0.44156759062499995 0.20850204687499999 0.498531703125 0.21474868281249998 0.48648094531249997 0.21555180625 0.48552507343749995 0.2341792875 0.49578984375 0.25231643593749997 0.45915234062500004 0.23244943906249999 0.44678837343750005 0.2106483703125 0.482236434375 0.127417165625 0.42599605 0.12011743906250001 0.44156759062499995
0 0.8348888546875 0 0.91250039375 0.0383594578125 0.9200490265625 0.019397654687499998 0.925930246875 0.025411046875 0.9230921921874999 0.00934866875 0.915413925 0.0169254046875 0.882021309375 0 0.8348888546875 0
0 0.9124191500000001 0 0.9230251562499999 0.0089692703125 0.92144038125 0 0.9124191500000001 0