0 0.21654583125000001 0.8485176015624999 0.26129648906249997 0.8205988828124999 0.27729079843750004 0.7990600515625 0.2844855890625 0.8143688906250001 0.291419828125 0.81175395 0.270421340625 0.7752511281250001 0.20451665624999998 0.8237749859375001 0.21654583125000001 0.8485176015624999
0 0.0814787359375 0.7368456671875 0.068308153125 0.7144751390625 0.049480685937500005 0.728666784375 0.0643987984375 0.7513032468749999 0.0814787359375 0.7368456671875
0 0.6073592265625 0.36991774843749997 0.6235769765625 0.3656606046875 0.633750109375 0.36720871875 0.6500243140624999 0.35379534218750003 0.6477655718750001 0.335121971875 0.6764847046875 0.307118475 0.6680803656250001 0.27987253437500004 0.6443482390625 0.248448365625 0.5541071921875 0.3330890921875 0.5553094234375 0.374513740625 0.5920402046875 0.385300959375 0.6073592265625 0.36991774843749997
0 0.5353314124999999 0.8790179796875 0.5160614390625 0.8919754703124999 0.5153976203124999 0.9031819734375001 0.47814437656250003 0.9069747218750001 0.4937878171875 0.9350252781249999 0.5274703140625 0.9392387375 0.5681885 0.8782264109375 0.5536745390625 0.8726445578125 0.5353314124999999 0.8790179796875
0 0.5798005109375 0.7676607796875 0.5833675515625 0.742321465625 0.5505459015625 0.695915353125 0.5195595875000001 0.7250800921875 0.5179402468750001 0.74594245625 0.5481501609375 0.7817679890625 0.5798005109375 0.7676607796875
0 0.6286445890625 0.7748179281249999 0.6385427781249999 0.7534121484375 0.608586446875 0.7180495015624999 0.5834638125 0.738920521875 0.5804936765625001 0.76545384375 0.5868333671875 0.7783837828125 0.5936048859375 0.777377625 0.601446509375 0.7923181718750001 0.6286445890625 0.7748179281249999
0 0 0.5069856390624999 0.1299664375 0.38817529687499996 0.0291443671875 0.258002775 0 0.4650365984375 0 0.5069856390624999
0 0.4265942625 0.32957450625 0.42696288437499996 0.3335977796875 0.43282870000000007 0.3354026625 0.4559411046875 0.32549082500000004 0.448567296875 0.28367859218749997 0.41633242656249997 0.249708825 0.31627135625 0.3221416640625 0.30849606875 0.354732509375 0.3434407359375 0.39405771093749997 0.37626881874999996 0.36086662812500003 0.383636903125 0.36090592187500004 0.39341846875 0.371877496875 0.40656308281250003 0.363185509375 0.41315434375000004 0.340364253125 0.4265942625 0.32957450625
0 0.094855465625 0.68906879375 0.0545378765625 0.61771889375 0.028767173437499998 0.6357970015625 0.0724662515625 0.6942961234375 0.094855465625 0.68906879375
0 0.775735028125 1 0.7832208125 0.9945571421875 0.739409175 0.9113467906249999 0.7069989734375 0.9349274859375001 0.7466958078125 1 0.775735028125 1
0 0.42742244218750003 0.4744919890625 0.45929905781249997 0.4291909328125 0.4378712171875 0.41294661250000003 0.402920565625 0.45472493125 0.42742244218750003 0.4744919890625
0 0.5696051 0.0275137515625 0.5906053515624999 0.01469228125 0.556105590625 0.009442215625 0.5696051 0.0275137515625
0 0.27155640625 0.534571496875 0.2461841375 0.508307528125 0.231854371875 0.52496566875 0.25718750625000003 0.5496962125 0.27155640625 0.534571496875
0 0.7189187968749999 0.34365864375 0.7052781546875 0.3288539328125 0.6872000765624999 0.34859062500000004 0.7019652562500001 0.361444975 0.7189187968749999 0.34365864375
0 0.2209182359375 0.927953775 0.233430965625 0.9432232890625001 0.24540504843750002 0.9306193593750001 0.237622125 0.91797895 0.2209182359375 0.927953775
0 0.8248081734375001 0.4763270265625 0.8423700859375 0.46478558437500006 0.8332118546875 0.448329359375 0.8130725 0.46308509999999997 0.8248081734375001 0.4763270265625
0 0.9782484734375 0.70111650625 0.9490937374999999 0.6743999515625 0.7961377609375 0.8031705234375 0.9363444812499999 0.998791309375 0.9782484734375 0.70111650625
0 0.1506833484375 0.7900188875 0.136682853125 0.7789780937499999 0.12651073125 0.7896498937499999 0.136910903125 0.8009065390625001 0.1506833484375 0.7900188875
0 0.2359036078125 0.91478978125 0.24825102812500002 0.9357621515625001 0.2644146890625 0.9260021249999999 0.2521023546875 0.904780515625 0.2359036078125 0.91478978125
0 0.5366418109375 0.5768631359375 0.56908294375 0.5341937703124999 0.5785469421875 0.53745845 0.5913436234375 0.5273133359375 0.591352740625 0.503851084375 0.6248753328125 0.4847462875 0.6230847453125 0.44327453125 0.5907113296875 0.4124022671875 0.5065005046875 0.5019066203125 0.5006142109375 0.5434193765625001 0.5366418109375 0.5768631359375
0 0.85663955625 0.5249372921875 0.87706611875 0.5084432078125001 0.8569013609375 0.4832262796875 0.8394273859375 0.49686016093749996 0.85663955625 0.5249372921875
0 0.6365936359375 0.6852916109375 0.593222353125 0.6520880625000001 0.57543361875 0.6762602625 0.620428509375 0.7087986468749999 0.6365936359375 0.6852916109375
0 0.1953192765625 0.8528823328125 0.20310423125 0.8428655734375001 0.190183296875 0.8205330359375 0.17605189999999998 0.8303477484374999 0.1765012625 0.83983553125 0.1953192765625 0.8528823328125
0 0.243810259375 0.8314517531250001 0.24942507187500002 0.8443986718750001 0.26817 0.8304914734375 0.2609268546875 0.8200546937500001 0.243810259375 0.8314517531250001
0 0.6275431453125 1 0.738950140625 0.9067581718750001 0.6810981968750001 0.8263754875 0.5930879 0.9016604890625001 0.546329365625 0.9769010265625001 0.56700373125 1 0.6275431453125 1
0 0.1602209109375 0.719700396875 0.18672807656249998 0.696239709375 0.1805678609375 0.683846240625 0.1611655359375 0.6803844984375 0.14144990625 0.6972625640625 0.1602209109375 0.719700396875
0 0.38797508281250004 0.191062221875 0.2501921734375 0.0029112499999999998 0.0824431359375 0.0009593124999999999 0.2827280875 0.28765456718750004 0.38797508281250004 0.191062221875
0 0.9205175390625 0.2956301625 0.91952795 0.278507678125 0.9059375765625 0.26228922187500003 0.896446475 0.269330840625 0.862365453125 0.22568194843749997 0.8204496406249999 0.25776587968750003 0.8158534203125001 0.286491459375 0.879931146875 0.354498628125 0.9191480484375001 0.3898915515625 0.9462429015625 0.354406609375 0.9448715406250001 0.3117681875 0.9205175390625 0.2956301625
0 0.2754386453125 0.5433724375 0.269152471875 0.5723287859374999 0.2988899640625 0.6146802499999999 0.3273216484375 0.6445708078125 0.40577606875 0.5831275406249999 0.4098375703125 0.5505019124999999 0.38102804375 0.511219315625 0.367307784375 0.5045277828125 0.345888378125 0.48414784843750003 0.2754386453125 0.5433724375
0 0.039274084375000004 0.581537171875 0.1054731734375 0.5318276546875 0.0956317859375 0.512827759375 0.022467871875 0.5569161953124999 0.039274084375000004 0.581537171875
0 0.42221734843750003 0.676004846875 0.4136760296875 0.6865641640625 0.4028252515625 0.682282284375 0.3878853125 0.6945197390625 0.3872746796875 0.723915475 0.42460831875 0.7529119296875 0.50091779375 0.692818225 0.5003229203124999 0.66896705 0.4796254703125 0.6407414046875 0.4706877546875 0.6415876390624999 0.44828618281250004 0.6034286859375 0.37634239062499997 0.6575677109375 0.3731161984375 0.677315740625 0.3848558078125 0.6909825625 0.420342746875 0.6642635484375 0.42221734843750003 0.676004846875
0 0.2272186921875 0.5127617671875 0.2822025390625 0.46966177499999995 0.3281209203125 0.4313345421875 0.319908653125 0.3957803859375 0.2907696359375 0.3618574390625 0.195389340625 0.441494334375 0.17798745 0.4580880515625 0.2272186921875 0.5127617671875
0 0.6449601515625 0.06914858593749999 0.6555911937500001 0.0774066375 0.6353624359375 0.10381694999999999 0.6587583234375 0.1415544109375 0.665024475 0.141723025 0.685810315625 0.16177318125 0.7402701281249999 0.1103196484375 0.6902616046875 0.0548275546875 0.67327579375 0.063635090625 0.6607684609375 0.05466721249999999 0.6449601515625 0.06914858593749999
0 0.7457089390625 0.1648209171875 0.7385212234375 0.1879544875 0.78100288125 0.22974196562500002 0.793089978125 0.2276565921875 0.8110007156249999 0.24020467499999998 0.8686074406250001 0.17334009374999998 0.8702027187500001 0.1444972765625 0.8447623046875 0.11569836874999999 0.7951294578125 0.1654679609375 0.7685404390625 0.142413209375 0.7457089390625 0.1648209171875
0 0.0352351703125 0.21473533437499998 0.17011255625 0.386626040625 0.27451615 0.287571715625 0.06192861875 0.025112184375000002 0.0352351703125 0.21473533437499998
0 0.5532227078124999 0.848984871875 0.6003598593749999 0.8240387484375 0.6007992234375 0.7990296390625 0.580275065625 0.7673086984374999 0.535856259375 0.7909076546875 0.532916153125 0.7992644078125 0.5311769359375 0.8209783390625001 0.5532227078124999 0.848984871875
0 0.7283299375000001 0.35635589375 0.7026630265625 0.37958379531249997 0.6971370390625 0.4109894625 0.7100974484375 0.42322973125 0.6887866609375 0.44675988125000005 0.6847604671874999 0.47792705625 0.7173094234375 0.5049861453125 0.7560250296875 0.45699200781249993 0.760939825 0.44819323593749993 0.7872348875 0.477864725 0.8148926812499999 0.45347596250000005 0.816468840625 0.421448009375 0.7774120765625 0.380690878125 0.7547184437500001 0.403628725 0.7571218140625 0.3787063421875 0.7283299375000001 0.35635589375
0 0.8961971999999999 0.5337574140625 0.8848090093750001 0.5165375421875 0.874157384375 0.5227661125 0.8689788890625 0.518795834375 0.8579539140625 0.5306956015625001 0.8743384265625 0.5501608390625 0.8961971999999999 0.5337574140625
0 0.1819064453125 0.5262537765624999 0.1463250640625 0.47997928281249996 0.12047677187500001 0.48743815156250003 0.13572313593750002 0.5133280109375 0.13984378125000002 0.511982096875 0.1582765234375 0.5437666390625 0.1819064453125 0.5262537765624999
0 0.697547225 0.1821010609375 0.715885059375 0.19825701874999999 0.7312260125 0.17683090937499998 0.7144096765625 0.163452271875 0.697547225 0.1821010609375
0 0.5697557234375 0.6473077375 0.5879029515624999 0.6541001515625 0.624665125 0.5962832734375 0.61653764375 0.583675290625 0.598238490625 0.57539593125 0.5638002875 0.6269686421875 0.5684811765625 0.627680965625 0.5697557234375 0.6473077375
0 0.147802034375 0.864829546875 0.15493160156250002 0.8775826765625 0.15161308906249998 0.881532796875 0.157852021875 0.8945746921875 0.19333345 0.8719705234375 0.1794352921875 0.8484285312500001 0.147802034375 0.864829546875
0 1 0.076992684375 0.9776066046875 0.073584928125 0.9756398656249999 0.0753859046875 0.972949890625 0.0728762828125 0.9348712328125 0.06708159062499999 0.92445921875 0.07546810937500001 0.9195896265625001 0.096323803125 0.9368622999999999 0.1131026203125 0.95282185 0.1312090796875 0.961425909375 0.1482810625 0.976633828125 0.1297623609375 0.991225715625 0.1461120078125 1 0.13821558750000001 1 0.076992684375
0 0.5835756437499999 0.175831378125 0.5556314484375 0.136892615625 0.4511080953125 0.222457275 0.44838355781250006 0.2511706734375 0.48047594531250004 0.2956625453125 0.58733305 0.21208657187500002 0.5835756437499999 0.175831378125
0 0.742943178125 1 0.7100624390625 0.9403367375 0.62732604375 1 0.742943178125 1
0 0.09347447187499999 0.510038540625 0.1130025125 0.547929925 0.141027128125 0.52546389375 0.1175376765625 0.49624057187500004 0.09347447187499999 0.510038540625
0 0.334667128125 0.654280640625 0.3459383671875 0.6723313078125 0.3596419890625 0.6625363578125001 0.3467131796875 0.647203528125 0.334667128125 0.654280640625
0 0.7469836453124999 0.800781971875 0.7539573609375 0.7802252609375 0.7501648578125 0.77561730625 0.7838783046875 0.6900965968749999 0.7960975328125001 0.6938654171875 0.802253484375 0.6742874359375 0.7310602328125 0.64550569375 0.6735562734375 0.7720209 0.7469836453124999 0.800781971875
0 0.713902225 0.371747453125 0.7331475703125 0.35579491875 0.7205471265625001 0.3411485046875 0.7026444781250001 0.359639 0.713902225 0.371747453125
0 0.3948062609375 0.37334036249999997 0.3760344640625 0.3610218984375 0.3534567734375 0.3866080328125 0.35658185625 0.4099956515625 0.376682065625 0.43687873125000004 0.39747410156249996 0.4217131546875 0.3948062609375 0.37334036249999997
0 0.2715495625 0.8691288765625 0.29785024843749996 0.8960432875000001 0.3326807953125 0.8641752500000001 0.3116496953125 0.8342440703125 0.2715495625 0.8691288765625
0 0.16283188906249998 0.6305073515624999 0.1054901140625 0.6701299374999999 0.11749747656250001 0.682649471875 0.1685740015625 0.6458709218750001 0.16283188906249998 0.6305073515624999
0 0.51624025 0.08100082187499999 0.4561217125 0.00530745625 0.29029140937500003 0.003377846875 0.3110353703125 0.023318445312499998 0.309309534375 0.045692075 0.381420734375 0.11369129062500001 0.380194534375 0.1323647046875 0.4138354125 0.1718945796875 0.51624025 0.08100082187499999
0 0.8421654125 0.4937127265625 0.85615241875 0.4831123078125 0.851560259375 0.47044830312499997 0.8334817328125 0.4847539203125 0.8421654125 0.4937127265625
0 0.10016900937499999 0.7263457437499999 0.146398775 0.6877688875 0.1334849234375 0.6685560125000001 0.0901651265625 0.7038206687499999 0.10016900937499999 0.7263457437499999