0 0.0171527078125 0 0.0028581390625 0.49127245 0.0052861046874999994 0.9086042453125 0.1726968 0.7273461343750001 0.21999902031250002 0.67389660625 0.298528540625 0.7491211609375 0.32784064218750003 0.7202032468749999 0.218701471875 0.614735921875 0.36487167187499997 0.4562963171875 0.3128687578125 0.40471710468750005 0.621123965625 0.07404359218749999 0.5430714812499999 0 0.0171527078125 0
0 0.42673534531249996 0.8278625734375 0.36931623125 0.772335553125 0.3356243671875 0.808640346875 0.3940702078125 0.8652329390625001 0.2799089078125 0.9908225281249999 0.4970902875 0.9971418609375 0.84157455 0.995137709375 0.9473513265625 0.8766601171874999 0.7497133 0.691733690625 0.640798278125 0.5906801109375001 0.42673534531249996 0.8278625734375
0 0.0054490734375 0.9366161453125 0.05547533125 0.984292178125 0.0598383609375 0.9844191296875 0.1669453703125 0.8682099953125 0.1405739 0.8354462093749999 0.11304726406250001 0.8173909796875 0.0054387796875 0.9348467265625 0.0054490734375 0.9366161453125
0 0.4028719890625 0.47412743281249997 0.42574749531249995 0.45209583125 0.45042577812499995 0.41960545312499997 0.45074875625 0.41910801875 0.3789953921875 0.34804713125000003 0.32825402656249997 0.4038205671875 0.4028719890625 0.47412743281249997
0 1 0.1403505484375 0.9992085421875 0.1395621078125 0.9666921015625001 0.174094140625 0.9947213906249999 0.202895590625 1 0.197298378125 1 0.1403505484375
0 0.9352007453125 0.68838248125 0.969619525 0.649057853125 0.9035866578125 0.5858760609375 0.8706514421874999 0.62722710625 0.9352007453125 0.68838248125
0 0.48821573125000006 0.7445699828125 0.513041221875 0.7168657281249999 0.48415685625 0.687157953125 0.45848910781249996 0.713515534375 0.48821573125000006 0.7445699828125
0 0.8117142375 0.6905187828125 0.8746267953125001 0.75264019375 0.9352007453125 0.68838248125 0.8704312671875 0.6272207015625 0.8117142375 0.6905187828125
0 0.5827052125 0.6098139171875 0.61619204375 0.5722250609375 0.5992594953125 0.5558663625 0.5658559999999999 0.5924087234375001 0.5827052125 0.6098139171875
0 0.5128832828125 0.3587740703125 0.5473429984375 0.31577060156250003 0.48207066093749995 0.25144302343749997 0.40972952031250004 0.32932925156250004 0.4770642203125 0.3932100078125 0.5128832828125 0.3587740703125
0 0.663281190625 0.4836878171875 0.700748325 0.521357971875 0.7629253375 0.451990446875 0.7265206421875 0.4156733765625 0.663281190625 0.4836878171875
0 0.1258955359375 0.8067467609375001 0.17881543125 0.8563473671875 0.2431041359375 0.7848376734375 0.19407493125 0.7355706375 0.1258955359375 0.8067467609375001
0 0.523385334375 0.20989507187499998 0.5327136078125 0.1998095171875 0.517484796875 0.1854836421875 0.486554425 0.218519296875 0.5008833171875 0.23348006875 0.523385334375 0.20989507187499998
0 0.5327136078125 0.1998095171875 0.523385334375 0.20989507187499998 0.532382828125 0.21875095937500003 0.583860225 0.2671857515625 0.6974175859375 0.143561840625 0.621123965625 0.07404359218749999 0.517484796875 0.1854836421875 0.5327136078125 0.1998095171875
0 0.8954560234375 0.1170632828125 0.8909798312499999 0.116404171875 0.8894435265625 0.1237636078125 0.8888382296874999 0.12639033125000002 0.8855908328125001 0.1289401765625 0.8821407296875 0.12936865625 0.8755201078124999 0.1297048828125 0.8752558984375 0.12969719531249999 0.8720930687499999 0.1293407328125 0.9109150359375 0.167402884375 0.9262905328125 0.1539675046875 0.9391392453125 0.1364921015625 0.8976870515625001 0.09491578125 0.9012168578124999 0.10083602656249999 0.90346405625 0.1053967828125 0.9035898859374999 0.11016024843750001 0.9006682015624999 0.1106041015625 0.9016020390625 0.1148622109375 0.9015636 0.116183259375 0.9012763265625001 0.11696820156250001 0.8975158890625 0.11897425312500001 0.8954560234375 0.1170632828125
0 0.8373938015625001 0.006603521875 0.8154826249999999 0.030117565625 0.8343933781249999 0.048164498437499995 0.8712725203125 0.007589290625 0.8373938015625001 0.006603521875