0 0.17102867500000002 0.0182485171875 0.180278915625 0.036784346875 0.20543817656250002 0.024084203125000002 0.1947088421875 0.0064149328125 0.17102867500000002 0.0182485171875
0 0.9221554671875 0.1692214109375 0.8224172718749999 0.076588334375 0.7918314609375 0.10907116875 0.8911640078125 0.20275988906250003 0.9221554671875 0.1692214109375
0 0.830469603125 0.72189388125 0.8462365234375 0.7571315171874999 0.8672573015625 0.7902739859375 0.9700123984375001 0.7381679984375 0.9861583984375001 0.6434751265624999 0.830469603125 0.72189388125
0 0.20622526562500001 0.6249197015625 0.19988131874999998 0.6335403453125 0.18737404375 0.637017796875 0.17474978593749999 0.6364170984374999 0.138161015625 0.6556699015625 0.13741563750000002 0.6679817406249999 0.12246869375 0.67941504375 0.10670567187499999 0.68610605 0.0932263453125 0.6794036703125 0.08017594375 0.6876545046875 0.069400446875 0.7095607 0.056803614062499994 0.71356338125 0.04820211875 0.70366266875 0.038983796875 0.7069079484375 0.035940371875 0.712052421875 0.06955544062499999 0.7705864124999999 0.0802449109375 0.7666535109375 0.0755303421875 0.7609540046875 0.0771423609375 0.75149985 0.092266915625 0.7517294578125 0.1146136265625 0.7429521078125 0.13053840625 0.7400766375 0.133906846875 0.729849859375 0.14473719062499998 0.717150425 0.1645199671875 0.7265861515625 0.25172724999999996 0.675674171875 0.21246808437500003 0.6200682859375 0.20622526562500001 0.6249197015625
0 0.48379054374999997 0.4968577890625 0.477494875 0.503210203125 0.5021155687500001 0.5513685234375 0.5052347140625 0.544456575 0.5090053890624999 0.5423255703125001 0.5142069499999999 0.5528446578125 0.720370659375 0.4508875453125 0.68595633125 0.3951883 0.672024525 0.3914042921875 0.478604265625 0.4871754421875 0.48379054374999997 0.4968577890625
0 0.9521149296875 0.23040259999999999 0.9641373953124999 0.219446003125 0.9440684171875 0.2021603625 0.9386096828125 0.206383465625 0.9210852812500001 0.192701909375 0.9135983109374999 0.20220322500000001 0.9521149296875 0.23040259999999999
0 0.080450184375 0 0.073345653125 0.0416665703125 0.0852403359375 0.060574009375 0.2077753421875 0 0.080450184375 0
0 0.4488810359375 0.0719249796875 0.1643959609375 0.2102643703125 0.1976841 0.2703187078125 0.501526334375 0.11426723750000001 0.47940952656249997 0.07087801406250001 0.4588698015625 0.0769981234375 0.4488810359375 0.0719249796875
0 0.0171487609375 0.371249415625 0.02883873125 0.37587377499999997 0.033209625 0.386765009375 0.08430487656249999 0.363823359375 0.054049215625 0.29657130781249996 0.0436188984375 0.3005724015625 0.035264040625 0.290151584375 0.030612796874999997 0.2922857109375 0.0171487609375 0.371249415625
0 0.1639460453125 0.5187388015625001 0.1219605484375 0.4592713984375 0.0784183265625 0.47775021406249996 0.08182472187499999 0.48556365 0.07784770156250001 0.49433071562500003 0.0692473484375 0.49845127343750006 0.06440011875 0.495117840625 0.061331878124999996 0.50517208125 0.049818615625 0.5065253484375 0.0439133484375 0.5027801281250001 0.039625851562499995 0.4961640046875 0.002995346875 0.5148563562499999 0.0034553765625 0.5939287890625 0.1639460453125 0.5187388015625001
0 0.30072475781249997 0.4613653953125 0.328362196875 0.44220395 0.34978475468750003 0.45181580937500004 0.38576960625 0.439016325 0.35127376250000003 0.36315025156249997 0.327317034375 0.36443058906250003 0.32776368906250003 0.3713394671875 0.3245988234375 0.3746817375 0.317762496875 0.372823828125 0.3085395359375 0.3640534515625 0.2905790578125 0.372250903125 0.29328008906249997 0.3811573546875 0.276572278125 0.39153660625 0.26729014218749997 0.3983322671875 0.2540085875 0.3904700015625 0.1753040703125 0.4308197921875 0.1766927296875 0.437894596875 0.1642636703125 0.44607454375 0.19629168125000002 0.503990853125 0.21167035625000002 0.4995539625 0.22129134687500002 0.4889182390625 0.2172854078125 0.47813637187499997 0.227519796875 0.467608696875 0.2403089734375 0.4649924109375 0.248405659375 0.47097207812499997 0.258490603125 0.4746871078125 0.2721559765625 0.46507937187500004 0.2796301609375 0.4612112828125 0.28773965156250003 0.45745509999999995 0.30072475781249997 0.4613653953125
0 0.3275700828125 0.56595476875 0.326836275 0.575022609375 0.31361404843749996 0.5699885359375 0.247378421875 0.604306875 0.2846514875 0.6636204593749999 0.29517845 0.662228709375 0.2964654515625 0.6578568609375 0.3031444828125 0.6536232875 0.3053039109375 0.6504871249999999 0.3145106625 0.6504858421875 0.46738730781250004 0.5765169 0.45846229687499995 0.55898511875 0.4768657375 0.549513178125 0.45408304062499993 0.5084411890625 0.432955409375 0.519597296875 0.42810499999999996 0.5273990093750001 0.41966376250000004 0.5340272046875 0.4170117734375 0.5400521375 0.40536685625 0.5352958984375 0.406772340625 0.5222888265625001 0.34361334375 0.5544440734375 0.3309095984375 0.5638379812500001 0.3275700828125 0.56595476875
0 0.11460085 0.8510157828124999 0.18086415 0.8191819265625 0.15987592343749998 0.7748644031249999 0.08792481875 0.812661825 0.11460085 0.8510157828124999
0 0.1653808453125 0.778178434375 0.195391478125 0.8362803937500001 0.248512784375 0.81072009375 0.21373752031249998 0.74456545 0.1653808453125 0.778178434375
0 0.19024833593749998 0.8954261015625 0.1920250078125 0.88897648125 0.18056977031250002 0.8884013671875 0.1826288609375 0.8744724968750001 0.19030590625 0.8618713359375001 0.195906334375 0.8537734406249999 0.1849243453125 0.8362625421875001 0.1568655125 0.8516754296875 0.1840661484375 0.9078622781250001 0.18861967500000001 0.9115948125 0.1954024765625 0.9048999109375 0.189613978125 0.8991464859375 0.19024833593749998 0.8954261015625
0 0.2512725765625 0.8154441015625 0.20792364062500002 0.8391416046875 0.21849794843749998 0.855205634375 0.2603133875 0.8312380109375 0.2512725765625 0.8154441015625
0 0.3207928671875 0.927550509375 0.30013226249999997 0.8876638265624999 0.2551204453125 0.90946794375 0.2789111171875 0.94859854375 0.3207928671875 0.927550509375
0 0.27106475625000004 0.9663545203125 0.279206565625 0.9610260953124999 0.2573088125 0.9217780859375001 0.199679128125 0.9537802078125001 0.27106475625000004 0.9663545203125
0 0.3814944 0.9513622500000001 0.331597353125 0.9770171124999999 0.4084239625 0.9905498343750001 0.3814944 0.9513622500000001
0 0.4495543296875 0.9177259265625001 0.476715009375 0.9728237249999999 0.6394253046875 0.8951768843749999 0.6014083609374999 0.835461765625 0.4495543296875 0.9177259265625001
0 0.5720803234375 0.9373247359375 0.5474913781249999 0.947871146875 0.55631311875 0.9636264671875001 0.5814148359375 0.9527195421875 0.5720803234375 0.9373247359375
0 0.681728784375 0.8829043125 0.8252017234375 0.8149882765625 0.8031861484375 0.7708730015625 0.7345170359375001 0.8042442281250001 0.7234398015625 0.8195826609375001 0.7219184296875001 0.827181803125 0.7152256671874999 0.8332163093749999 0.7060246984375 0.83159559375 0.6949362031249999 0.8357512546875 0.6691350125 0.849172375 0.681728784375 0.8829043125
0 0.78104246875 0.733993659375 0.7165041859375 0.7625922890625 0.7245713203124999 0.7819791875 0.791173815625 0.7513321765625001 0.78104246875 0.733993659375
0 0.6554990078125 0.59856145625 0.6438192359375 0.6086992812500001 0.6536137984375 0.6241751234375 0.570495121875 0.6647392187500001 0.5903844296874999 0.6996209859375 0.7293558140624999 0.6338875500000001 0.7076221375 0.590633440625 0.684825859375 0.5974155359375 0.68126479375 0.588921140625 0.6775998140625 0.58805015 0.6751898921875 0.5927877484375 0.676904034375 0.5987477078125 0.668560065625 0.6026880078125 0.658678890625 0.6022774484375 0.6554990078125 0.59856145625
0 0.46248278125000003 0.730606084375 0.45645032187499995 0.7184754109375 0.44436631875000004 0.7098097046875 0.4318418140625 0.7170937046875 0.442538796875 0.7284680828125001 0.4193192828125 0.7391880875 0.40404056875 0.7063808046875 0.351215228125 0.7360282406249999 0.3680008546875 0.7652913781249999 0.3655330328125 0.7708979109375 0.3965949921875 0.8230987421875 0.550056771875 0.7438453515625 0.52707055625 0.697349996875 0.5098308515625 0.7042317265625 0.5029662828125 0.6928786984374999 0.49638934375000004 0.6930727109375 0.4950366578125 0.689227734375 0.4853275953125 0.691777940625 0.4887089390625 0.7025174109375001 0.462584303125 0.7195558875 0.469487275 0.7293602906250001 0.45699622812499996 0.7375067750000001 0.45582529843749997 0.733919234375 0.46248278125000003 0.730606084375
0 0.33882484375 0.736438040625 0.364444153125 0.723818934375 0.3519403484375 0.7058370968750001 0.3285719109375 0.7224593921875 0.33882484375 0.736438040625
0 0.5929994421875 0.6199676578125 0.58458504375 0.6006322984375 0.5417788406249999 0.6268373875 0.5529212859375 0.6434072468750001 0.566811128125 0.66305336875 0.5961826015625 0.64325060625 0.5910588156250001 0.6293639296875 0.5929994421875 0.6199676578125
0 0.745940284375 0.9807533265625 0.8393901171874999 0.9312114515625 0.8274529328125 0.9028925171875001 0.7776670343750001 0.929536259375 0.735323040625 0.9572654453125 0.745940284375 0.9807533265625
0 0.8644456921874999 0.8769032187500001 0.8259156015625001 0.8996011062499999 0.8394367 0.9314676171875 0.9069087640625 0.8946620421875 0.889728915625 0.8683726234375 0.8789159281250001 0.8762060625 0.8644456921874999 0.8769032187500001
0 0.7644717046875 0.88623075625 0.8133115125 0.8585186874999999 0.8035392515625001 0.8357657375 0.750029384375 0.8637372046875 0.7644717046875 0.88623075625
0 0.11162880312500001 0.047414131250000005 0.12240400625 0.06349100468749999 0.14865237343749998 0.0486383453125 0.13638952499999998 0.0348015796875 0.11162880312500001 0.047414131250000005