0 0.5730251484375 0.9966323906250001 0.7671955765625 0.9955027390625 0.668168578125 0.8975169203125001 0.5730251484375 0.9966323906250001
0 0 0.4764459875 0.0034913765625 0.480062890625 0.015133878125 0.46719966562500004 0.2190634984375 0.665173965625 0.3115949390625 0.559119878125 0.1474782390625 0.39407475625 0.1392657546875 0.3980503203125 0.073288528125 0.3396664671875 0.0779809234375 0.33246741874999997 0.00259305 0.26029263125 0 0.37172324375 0 0.4764459875
0 0.1520583609375 0.6767108921875 0.1254101515625 0.7093418796875001 0.150714121875 0.734476553125 0.1749878984375 0.6999993484375 0.1520583609375 0.6767108921875
0 0 0.773027484375 0.02472004375 0.7442523249999999 0.0016137562500000001 0.7196805359375 0 0.721128409375 0 0.773027484375
0 0.2608002078125 0.9253036140625 0.27098703749999997 0.9448066015625001 0.3109013578125 0.90145985 0.297518096875 0.8843582140624999 0.47146718906249996 0.6943569890625 0.3687905234375 0.5926646796874999 0.1452042203125 0.8362943453125 0.13159788125 0.8287789999999999 0.0317566140625 0.9364219328125 0.08220163124999999 0.992372453125 0.21956980625 0.9939712 0.22609891875 0.9905753515625 0.2151642015625 0.9685837749999999 0.2608002078125 0.9253036140625
0 0.2911549703125 0.9948043390624999 0.48981870625 0.9971164703125 0.500419903125 0.9970547953125 0.6404860875 0.85828121875 0.6255301453125 0.838619396875 0.5327306625 0.7466515953124999 0.43572208906250004 0.856869378125 0.42452637812500005 0.8425417390625001 0.2911549703125 0.9948043390624999
0 0.9855308015625001 0.994232503125 0.98809848125 0.8838921203125001 0.819143159375 0.72433884375 0.7225881234375 0.8310487375 0.747231690625 0.8508233078125 0.7389340046874999 0.8637874609375 0.8772188765625 0.9948626421875 0.9855308015625001 0.994232503125
0 0.5732075515624999 0.70043885625 0.672863971875 0.8102796343750001 0.9122974625 0.5533397015625 0.9024553609374999 0.5429956296875 0.99143231875 0.4485143015625 0.8934280937500001 0.3529107546875 0.5732075515624999 0.70043885625
0 0.7275609140625 0.1885065625 0.3973846640625 0.5376753812499999 0.5155953125 0.651059278125 0.7731637734375 0.367733646875 0.76204675625 0.3580153765625 0.8300738437499999 0.28658046875 0.7275609140625 0.1885065625
0 0.469357109375 0.38814936875 0.1326734828125 0.0598206890625 0.021913634374999998 0.1802939453125 0.3257777171875 0.46816985781250003 0.362568484375 0.50844151875 0.469357109375 0.38814936875
0 0.008650196875 0 0.005672728125 0.127950196875 0.0969816328125 0.028262078125 0.06885658125 0 0.008650196875 0
0 0.19179196874999999 0 0.1658653234375 0.0256746 0.28667005 0.13501754531250001 0.4087645859375 0 0.19179196874999999 0
0 0.5873813796875 0 0.868897190625 0.2705824109375 0.9753879968750001 0.1497701515625 0.8257052515625001 0.000805609375 0.7564854125 0 0.5873813796875 0
0 0.9978246734375 0.3680889515625 0.9987182546875 0.214495409375 0.9107381671875 0.30692437031250003 0.9853119265625001 0.37412919843750003 0.9943584296875001 0.3653895640625 0.9978246734375 0.3680889515625