0 0.0456282234375 0.251269259375 0.030875485937500002 0.279686015625 0.158759784375 0.3911477015625 0.1689137703125 0.3814241109375 0.17077509375 0.37290851875 0.176307240625 0.36844893125 0.1743206125 0.3621778265625 0.1810001578125 0.35963545468749997 0.17883100624999998 0.3523002125 0.0526989234375 0.24068792968750002 0.0456282234375 0.251269259375
0 0.7959664 0.3045080078125 0.778211815625 0.3213383046875 0.7924774125 0.33491778125 0.80895779375 0.3152973578125 0.7959664 0.3045080078125
0 0.5960597921875 1 0.5921308859375001 0.9941995484374999 0.5864553984375 0.9939798328125 0.5779660718749999 1 0.5960597921875 1
0 0.0031423156250000002 0.5401180515624999 0.0034174640625000002 0.5874121765625 0.025508464062500003 0.5597645953125 0.0031423156250000002 0.5401180515624999
0 0.11741762656250002 0.4438905453125 0.1498881 0.4152372609375 0.15400268749999999 0.3969615 0.0271074953125 0.284057565625 0.0174711609375 0.3555260859375 0.040558246874999995 0.37772701406250003 0.0488366890625 0.3761711203125 0.0596950703125 0.3869129875 0.072822865625 0.3941217328125 0.075137278125 0.40566868906250003 0.11741762656250002 0.4438905453125
0 0.0560296609375 0.2375948046875 0.1809459453125 0.3455304484375 0.226477346875 0.32110618281250003 0.0949625671875 0.203173684375 0.0821660390625 0.21224638593749998 0.065878140625 0.21865224687499998 0.0560296609375 0.2375948046875
0 0.11098869687499999 0.16017478125 0.1124515765625 0.1644367890625 0.0942754828125 0.1901356265625 0.23465588125 0.3184778875 0.2751626640625 0.266792721875 0.25639239062499997 0.24370566718750003 0.1281315171875 0.13080565156249999 0.0944452671875 0.16636019375 0.11098869687499999 0.16017478125
0 0.5493949390624999 0.5309441484375 0.572926546875 0.5522660984375001 0.5878514671875 0.5394972578125 0.5623536125 0.5168910015625 0.5493949390624999 0.5309441484375
0 0.3337861828125 0.112628928125 0.37270234687500003 0.14769399375 0.409244371875 0.10108413125 0.29951958749999996 0.0017425546875 0.23343038124999999 0.0013580578125 0.2219834859375 0.0147275046875 0.3174502 0.097932996875 0.32588235 0.09810831875 0.3329784546875 0.10547244062500001 0.3337861828125 0.112628928125
0 0.44611187812499997 0.060522785937500004 0.3811251765625 0.002217321875 0.3089621078125 0.0017974890625 0.413675615625 0.09481583593750001 0.44611187812499997 0.060522785937500004
0 0.45648901875 0.010005223437499999 0.44886075468750003 0.0026113953124999997 0.3956740609375 0.0023019640625 0.431561125 0.033191028125 0.45648901875 0.010005223437499999
0 0.53067688125 0.0030873874999999998 0.47497514687500003 0.002763325 0.5040494062499999 0.029165675000000002 0.53067688125 0.0030873874999999998
0 0.7946337484375 0.2856797546875 0.8455308484374999 0.22916732031249998 0.7976537734375 0.1853059265625 0.79347613125 0.1890888875 0.7564397656249999 0.157309353125 0.71654009375 0.20298067187500002 0.7215662046875 0.21103884375 0.7294557687500001 0.20511355468749998 0.741951840625 0.2103584421875 0.7505515625 0.2245536359375 0.7486886968750001 0.23111615937500002 0.7526311921875 0.23633070625000002 0.7499152859375 0.2474064828125 0.7946337484375 0.2856797546875
0 0.66794503125 0.07845954375 0.624612790625 0.1255613875 0.6346573265625 0.1424902890625 0.6438917859375 0.13399515 0.66338788125 0.138249846875 0.672796071875 0.14947127031250002 0.6721620765625 0.16203134375 0.670905959375 0.1713474140625 0.7063180671875 0.20111965468749998 0.75099635 0.14841715625000002 0.709462990625 0.10737527656250001 0.7032906718749999 0.112351509375 0.66794503125 0.07845954375
0 0.632821115625 0.2073368421875 0.7216632171875 0.28648155625 0.7411311984375 0.265406221875 0.7297832625 0.249832709375 0.7168952640625 0.2511213484375 0.7098033921875 0.24569034531249997 0.71304956875 0.23249516875 0.702204259375 0.2240742125 0.693323309375 0.230098628125 0.686867775 0.22720173593749998 0.681426665625 0.2185946640625 0.68326185625 0.20861061875 0.6561762421874999 0.1846330125 0.632821115625 0.2073368421875
0 0.565023503125 0.22553497031249997 0.7117061140625001 0.35473783281250004 0.7471611078125 0.32283908281249996 0.59732026875 0.1877430203125 0.565023503125 0.22553497031249997
0 0.71154320625 0.3624440109375 0.5655307374999999 0.2311422 0.520814396875 0.2770245296875 0.6693510609375 0.4109127640625 0.69302204375 0.38707528281250003 0.71154320625 0.3624440109375
0 0.9195677812499999 0.904103121875 0.95052951875 0.9307652203125001 0.9589971421874999 0.8679645015625 0.9568345390624999 0.8670786640625 0.9485464968749999 0.8720302859375 0.9409658640625 0.8738509656250001 0.9195677812499999 0.904103121875
0 0.9411943671874999 1 0.9498142421875 0.936070115625 0.901345096875 0.890555228125 0.8451083515625 0.94677500625 0.9058133249999999 1 0.9411943671874999 1
0 0.7975291015625 0.914002928125 0.7819248234375 0.9309035781249999 0.8126881750000001 0.958734778125 0.8286194531250001 0.939257815625 0.7975291015625 0.914002928125
0 0.720950625 0.8522540296875001 0.7124216671875 0.8623169718750001 0.72788346875 0.8792650953125 0.73933700625 0.86700570625 0.720950625 0.8522540296875001
0 0.3724430234375 0.9686634359375 0.39872309375000003 0.9349957671875 0.37573867031249997 0.9139979421875 0.34857672812499996 0.9475569875 0.3724430234375 0.9686634359375
0 0.3306581296875 0.8309597734375 0.2752419015625 0.7803000703125 0.25342265468749997 0.8043066375000001 0.28805241875 0.836405521875 0.26393685625 0.8641446984375 0.286602734375 0.886296125 0.3306581296875 0.8309597734375
0 0.9068261140624999 1 0.8492164546875 0.9484945874999999 0.8022908 1 0.9068261140624999 1
0 0.6908628046875 0.8275729374999999 0.8386858687500001 0.9472597359374999 0.926701796875 0.857993396875 0.77705231875 0.7222336859375 0.6908628046875 0.8275729374999999