0 0.5942053828125 0 0.5550895796875001 0.0683152265625 0.77049455 0.1867809265625 0.82488695625 0.10086930937500001 0.8233667984374999 0.03424655 0.7550499328125 0 0.5942053828125 0
0 0.7785567328125 0.3684908953125 0.69988306875 0.326726409375 0.5553185171874999 0.5882251796875 0.63914671875 0.6390610671875 0.7805371171875 0.3829454109375 0.7785567328125 0.3684908953125
0 0.281581190625 0.43442296718750006 0.3571612171875 0.48637465156250004 0.4425657328125 0.337634015625 0.361739540625 0.2941479515625 0.361754278125 0.2936413703125 0.29548280312499997 0.404025325 0.29494399531250004 0.42254861093749996 0.281581190625 0.43442296718750006
0 0.7951384046875 0.161906346875 0.8355230062500001 0.1887937 0.8288429 0.1988510203125 0.8521995062500001 0.2136865421875 0.8591865249999999 0.201407484375 0.9499309625000001 0.2537560046875 0.9425622796875001 0.263254490625 0.9679751796874999 0.27857663593750004 0.9755021109375 0.263637896875 0.9967126296875 0.2766980296875 0.9985249109375 0.1209510109375 0.859070753125 0.043343040625 0.7951384046875 0.161906346875
0 0.746803075 0.24176335624999998 0.729666334375 0.23193557031249998 0.7168794453125 0.258842978125 0.73459403125 0.2692503421875 0.7068262875 0.3151959546875 0.87994644375 0.41455178593750003 0.936303234375 0.31487051718750003 0.7614348078125001 0.21428253593750002 0.746803075 0.24176335624999998
0 0.038812206249999995 0.9919346578124999 0.0605425390625 0.9639636109374999 0.0393226140625 0.949880040625 0.013660640625000001 0.9916419031249999 0.038812206249999995 0.9919346578124999
0 0.14756120625 0.1100388734375 0.16194951875000002 0.08486866093749999 0.13161679375 0.06755036875 0.11736537968750001 0.0955864328125 0.14756120625 0.1100388734375
0 0 0.9914828984374999 0.013660640625000001 0.9916419031249999 0.0393226140625 0.949880040625 0.0181510796875 0.9311040500000001 0.0514095859375 0.8781277968750001 0.045956160937500004 0.8679733109375001 0 0.8352120078124999 0 0.9914828984374999
0 0.1936568625 0.0602305265625 0.2076624625 0.0330729109375 0.1575042296875 0.0082530421875 0.1444626609375 0.03255761875 0.1936568625 0.0602305265625
0 0.6543885125 0.6466414859375 0.7326278421875 0.6828927265625 0.871940634375 0.428537540625 0.790384559375 0.38288376875 0.6543885125 0.6466414859375
0 0.957287184375 0.5278852281249999 0.8453747937499999 0.7481661890625 0.9486677078125 0.8083061375 0.9871401609375001 0.738885259375 0.9926980500000001 0.547814796875 0.957287184375 0.5278852281249999
0 0.5057020546875 0.8590253015625 0.5007426421875001 0.8629334734375 0.5031694 0.8779440046874999 0.5237154828125 0.8909621609375 0.5329713984375 0.87564695625 0.5057020546875 0.8590253015625
0 0.2618550375 0.0880585375 0.248459928125 0.1063440515625 0.22624299531249997 0.093218315625 0.17105435 0.1739429640625 0.20470125625 0.20075189375 0.291210284375 0.0943050015625 0.28245558437499996 0.0848171421875 0.270921671875 0.09893809375 0.2618550375 0.0880585375
0 0.7391275109375 0.9956321859375 0.760634653125 0.9955070609375 0.8128024078125 0.9153683125000001 0.7917203984375 0.8950290375 0.7334042921874999 0.9916469781249999 0.7391275109375 0.9956321859375
0 0.465659759375 0.85595935625 0.58955128125 0.6410836625 0.53514943125 0.6084368328124999 0.4160549234375 0.8363456640625 0.465659759375 0.85595935625