0 0.13766904375 0.99913136875 0.1397716265625 0.9991191359375 0.16337567343749998 0.9627955874999999 0.177930575 0.9357763546875001 0.13486878124999999 0.9334726640625 0.13766904375 0.99913136875
0 0.9367155687500001 0.7427842140625 0.920854315625 0.7744034 0.9583854796875 0.8870882906249999 0.989597171875 0.8881989953125 0.9911317859375 0.7563146796875 0.9414572359375001 0.75755396875 0.9367155687500001 0.7427842140625
0 0.9009020624999999 0.1388538109375 0.8648268734375 0.11392486406249999 0.853750625 0.1196557640625 0.870909371875 0.157465665625 0.867186875 0.1739614390625 0.8555224593749999 0.1777476171875 0.828963253125 0.0986989515625 0.7552277734375 0.1322873484375 0.8103816671875 0.3012553 0.8504872265625 0.289982378125 0.8730064390625 0.25878630625 0.9651257328125 0.19917017343750001 0.9568835015625 0.12506801875 0.920838346875 0.15167228593749998 0.9009020624999999 0.1388538109375
0 0.8022495859375001 0.024390921875 0.74005354375 0.0584558453125 0.7478808953125 0.1018962640625 0.7552277734375 0.1322873484375 0.828963253125 0.0986989515625 0.8157910703125 0.0692414828125 0.81294261875 0.06276315 0.8072031281250001 0.065211240625 0.80036230625 0.0421559 0.80580110625 0.0371901828125 0.8022495859375001 0.024390921875
0 0 0.5860877859375 0.0089138375 0.6662280468749999 0.64649351875 0.6770006171875 0.64812146875 0.6515177624999999 0.6374622265625 0.6522681640625 0.6345280390625 0.586883621875 0.632466809375 0.5642658484374999 0.608847015625 0.48805562187499996 0.5816898187499999 0.4890693375 0.560834640625 0.4769048515625 0.5571101359374999 0.47239435468749996 0.5551192265625 0.46731078281249994 0.5438037718750001 0.4673620921875 0.536703746875 0.4544206953125 0.48890980781250004 0.4712368265625 0.46404337656249994 0.4490120484375 0.3872107078125 0.4554979828125 0.3813686640625 0.4828413578125 0.36733520468749997 0.48315925000000004 0.34744664062499997 0.46872668749999996 0.3218506296875 0.47263214531250003 0.29280134375 0.4937821640625 0.2756129984375 0.4952679546875 0.24829313125 0.4751311171875 0.228386678125 0.45886613125000003 0.21652108593750002 0.46065789218750003 0.18221664375 0.48396704062499996 0.107609134375 0.48594117968750006 0.0683561390625 0.46457439218749996 0.0330944703125 0.46850482812500005 0.0400527140625 0.4937302625 0.03757635625 0.49821247187499995 0.035371612499999996 0.5023505796875 0.0318543984375 0.5054615703125 0.027554353124999997 0.50692083125 0 0.5108583656250001 0 0.5860877859375
0 0.5357360984375 0.27632964531250004 0.5352188124999999 0.24939063125 0.546011921875 0.24575757343750002 0.545340828125 0.199233596875 0.5353723140625 0.1770334359375 0.5289739 0.050228623437499995 0.5103778296875 0.0524311765625 0.4815800015625 0.09032938593749999 0.4836976671875 0.17084700625 0.4938802546875 0.20072962656249999 0.49506070781249994 0.2458894578125 0.487583190625 0.24812783125 0.48888986875 0.278634915625 0.5357360984375 0.27632964531250004
0 0.829837171875 0.956988765625 0.8113502609375001 0.9061765390625001 0.808564353125 0.906575534375 0.8073648718750001 0.90693571875 0.7985815296875 0.9282662109375 0.7356921140625 0.9317659062500001 0.7164928796875001 0.6413976140625001 0.6995468875 0.5845122765624999 0.6914448531249999 0.5859650281250001 0.681180203125 0.5988069 0.67208941875 0.598428215625 0.6420642421875 0.58591583125 0.6345280390625 0.586883621875 0.6374622265625 0.6522681640625 0.64812146875 0.6515177624999999 0.6676860484375 0.9778120375 0.829837171875 0.956988765625
0 0.263365615625 0.0237301140625 0.1602885859375 0.036967154687499997 0.1590050875 0.0412549484375 0.1671609484375 0.1572998859375 0.1716237109375 0.17662010625 0.20935492656250002 0.18727706718749998 0.21574650625 0.1821477640625 0.214365778125 0.165276603125 0.2301253640625 0.1511312453125 0.269318703125 0.1415009703125 0.27042199375 0.15067719531249998 0.28882533125 0.151571003125 0.29518776875 0.1251915421875 0.28256553281249996 0.07671840937499999 0.2663397453125 0.071999209375 0.2601903953125 0.057575146875000004 0.2662535390625 0.0359343046875 0.263365615625 0.0237301140625
0 0.001680328125 0.057335454687499995 0.0052229 0.0851228546875 0.02092895625 0.08331205 0.026599650000000002 0.1640124515625 0.0415936140625 0.193503965625 0.0429799078125 0.2016955640625 0.09729429843750001 0.19966813125 0.0908144109375 0.0458889515625 0.001680328125 0.057335454687499995
0 0.048228525 0.8400816609374999 0.0270978375 0.8297121140625 0.0368567625 0.9174501734374999 0.0505210140625 0.9158560296875 0.0690560015625 0.9134757859375 0.0729944328125 0.90802245625 0.0744663015625 0.90082439375 0.075598409375 0.89614374375 0.0705336484375 0.8580382515625 0.048228525 0.8400816609374999
0 0.6124222046875001 0.1708288296875 0.638588521875 0.16685013437500001 0.623405803125 0.10724396249999998 0.6191814703125 0.1000971109375 0.5858836046875 0.1086816890625 0.597060003125 0.11703847812499998 0.6038290453124999 0.11585998281250001 0.6124222046875001 0.1708288296875
0 0.6687725515625 0.308019965625 0.6656996937499999 0.3045389875 0.661533671875 0.3018168390625 0.65820956875 0.2986773484375 0.6546003125000001 0.295574478125 0.6534896859375 0.290975690625 0.6523790593750001 0.2863769015625 0.6518568484375 0.2816819359375 0.652407140625 0.278642728125 0.644819809375 0.271907134375 0.62121945 0.2790814515625 0.6423067109375 0.337537684375 0.6774136828125 0.3214437453125 0.6687725515625 0.308019965625
0 0.2472271 0.9486466453125001 0.2230119390625 0.9306055015625001 0.18757541875 0.9394647218750001 0.1900411484375 0.9988266765624999 0.47973969062500005 0.997141259375 0.47059006875 0.962923946875 0.3929073140625 0.92461991875 0.3851432796875 0.900508090625 0.32315637656249996 0.9078499359375 0.2472271 0.9486466453125001