0 0.5527730171874999 0.83555385625 0.6354614546875 0.9963368406249999 0.7114154187499999 0.9958949531249999 0.5954651984375 0.78650668125 0.5527730171874999 0.83555385625
0 0.44446868906250003 0 0.5529097078125 0.1777989296875 0.5668204 0.1521938578125 0.64333573125 0.0543798140625 0.6876065812500001 0.11794591875 0.69667916875 0.1473631234375 0.7922173625 0.0274940359375 0.5569908421875 0 0.44446868906250003 0
0 0.254020859375 0.8820515953125 0.228554303125 0.9096620625 0.2610137484375 0.9648805546875 0.28612815625 0.9344675953125 0.254020859375 0.8820515953125
0 0.184530590625 0.5492177578125 0.21671110468750002 0.5237727078125001 0.2101084578125 0.491033221875 0.18639611875 0.46183780937499996 0.149730471875 0.502030921875 0.184530590625 0.5492177578125
0 0.9718555359375 0.7919642984374999 0.8924190609375 0.7137784921875 0.8633390343749999 0.7270537328125 0.771209146875 0.8514207109375 0.79979876875 0.8923164953124999 0.8793656015625 0.8040140015624999 0.92821655625 0.8856392921875 0.9632555859374999 0.865541578125 0.9718555359375 0.7919642984374999
0 0.460556353125 0.651724621875 0.36278613125 0.48615078437500003 0.249573040625 0.6240692250000001 0.383157371875 0.8428746640625 0.47293760625000003 0.734248784375 0.460556353125 0.651724621875
0 0.64333573125 0.0543798140625 0.5668204 0.1521938578125 0.608130640625 0.227096484375 0.6164123906250001 0.24892317031250003 0.69667916875 0.1473631234375 0.6876065812500001 0.11794591875 0.64333573125 0.0543798140625
0 0.9498356453125 0.5069534765625 0.9318137468750001 0.467781428125 0.9125146984375 0.43481116406250003 0.7801837953125 0.5954532625 0.7939570515625001 0.6115495046875 0.806205509375 0.64541619375 0.813523340625 0.6671302156250001 0.9498356453125 0.5069534765625
0 0.08962240625 0.866362184375 0.0672868171875 0.8862670171874999 0.050643026562500006 0.91435645 0.044532228125000003 0.9469268906250001 0.143507934375 0.958495490625 0.08962240625 0.866362184375
0 0.6750132875 0.3886989828125 0.6611853265625001 0.41777601249999996 0.6476058296875 0.43473221406249996 0.7328451125 0.56285909375 0.851080815625 0.4086835765625 0.8455180140625 0.3721360421875 0.7756943453125 0.29039590625 0.712332340625 0.371628759375 0.7010967859375 0.35871790937500003 0.6750132875 0.3886989828125
0 0.27941806874999997 0.44505469687500004 0.30893406562500003 0.4067872453125 0.3024122421875 0.3733562515625 0.27878073125 0.3434693328125 0.24094107187499997 0.3877097046875 0.27941806874999997 0.44505469687500004