0 0.5890874875 0 0.5658684125 0.144062040625 0.578157246875 0.180756378125 0.6340049046875 0.214934634375 0.6300310046875001 0.194191353125 0.6353904984375001 0.18008541250000001 0.657178253125 0.173172615625 0.6670337 0.1613469109375 0.6847828421875 0.05234128125 0.6063820328125 0 0.5890874875 0
0 0.19480315312500002 0.0337185484375 0.18290965312500002 0.0924945203125 0.22056494999999998 0.1362790671875 0.240140784375 0.028151787499999997 0.19480315312500002 0.0337185484375
0 0.23329494843749998 0.5172886906249999 0.2532927203125 0.5487988921875 0.29488971406250003 0.548793834375 0.30821056874999997 0.4699302328125 0.249515171875 0.4356259859375 0.23329494843749998 0.5172886906249999
0 0.3774814234375 0.20755830937500003 0.3902076234375 0.236545328125 0.4197967078125 0.23699849843749998 0.45504433437499997 0.1338654859375 0.4413831984375 0.1222679484375 0.40368020156249995 0.10644441093749998 0.3774814234375 0.20755830937500003
0 0.142162603125 0.5556551546875 0.14100836562500002 0.5710824875 0.1304289203125 0.6426909640625 0.18130473281249998 0.667015421875 0.2060584453125 0.5865318375 0.142162603125 0.5556551546875
0 0.69682700625 0.7440119078125 0.716213221875 0.76913270625 0.7425568359375 0.7760813171875001 0.7653427890625 0.6959474453125 0.7156079156249999 0.66594808125 0.69682700625 0.7440119078125
0 0.7972964734375 0.7971855671875 0.8114315281250001 0.8209188109375001 0.8375231375000001 0.8177151640625 0.8486663406250001 0.751226359375 0.8067368125 0.73285168125 0.7972964734375 0.7971855671875
0 0.932723203125 0.9339754906250001 0.8777942734374999 0.9056948953124999 0.8627334624999999 0.957357490625 0.8634433343750001 0.9591296828125 0.9295624531250001 0.9510112749999999 0.932723203125 0.9339754906250001
0 0.88372101875 0.4852290765625 0.9066584390625 0.4161894828125 0.8598806046874999 0.3947778796875 0.84103453125 0.4624503015625 0.8629405328124999 0.4818566140625 0.88372101875 0.4852290765625
0 0.5481276171875 0.2980370421875 0.5638274390625 0.3292317734375 0.5943552015625 0.32887783593750003 0.6126053796875001 0.25617616875000004 0.5698024765625 0.22575807343749998 0.5589021796875 0.24069568281249998 0.5481276171875 0.2980370421875
0 0.540103053125 0.719906321875 0.5591233328125 0.598010209375 0.5197317359375 0.5814643328125 0.51635275 0.5930353359375 0.509512109375 0.65406640625 0.505862103125 0.7044576546875 0.5058738468749999 0.747869940625 0.512542053125 0.762207075 0.52490283125 0.756170703125 0.5341663734375001 0.74480684375 0.540103053125 0.719906321875
0 0.628184565625 0.33533971875 0.642372196875 0.3471752984375 0.6620091546875 0.354969003125 0.673324475 0.29498841875 0.6412658390625 0.27600711875 0.628184565625 0.33533971875
0 0.9222815203125 0.9265877937500001 0.935245371875 0.88813328125 0.9182679671875 0.87400255625 0.889028653125 0.8559723109374999 0.8781141937499999 0.9030179265625 0.9222815203125 0.9265877937500001
0 0.1291100796875 0.9031190625000001 0.163817321875 0.9207806171874999 0.1771316140625 0.8851802062499999 0.136757659375 0.8675009640625 0.1291100796875 0.9031190625000001
0 0.39520996875000003 0.641075465625 0.41032262499999994 0.47538060781249997 0.355532996875 0.4674276875 0.34211902968749996 0.61702299375 0.36194586875 0.639041215625 0.39520996875000003 0.641075465625
0 0.6034775765625 0.6347239390625 0.5904678890625 0.6844266796875 0.5633067078125 0.6764541921875 0.5584290281250001 0.717375109375 0.5820820578125 0.7314645046875 0.57431379375 0.7833559484375 0.6032883250000001 0.7946515265625 0.6284464437499999 0.64227375625 0.6034775765625 0.6347239390625
0 0.9182679671875 0.87400255625 0.935245371875 0.88813328125 0.9677242265625001 0.8975067749999999 0.9957544203124999 0.7938762484375 0.9513544968750001 0.77809665625 0.938956559375 0.8084821421875 0.9320646015625 0.8076419796875 0.9228230312499999 0.8223543015624999 0.9030772046875001 0.8205411890625 0.889028653125 0.8559723109374999 0.9182679671875 0.87400255625
0 0.22487254218750002 0.9507088609375 0.2630228265625 0.9664774765624999 0.2757258828125 0.92677938125 0.23428877187500002 0.9120629499999999 0.22487254218750002 0.9507088609375
0 0.48426142656250004 0.176718659375 0.5210772968749999 0.1941213078125 0.5331101296874999 0.148084253125 0.496720540625 0.13415338593749998 0.48426142656250004 0.176718659375
0 0.033546228125 0.6778934359375001 0.0175983671875 0.6739085031250001 0.027758553125 0.75665658125 0.11890505468749998 0.805566934375 0.1488894921875 0.721198040625 0.11296309687499999 0.6974811296875 0.1103008015625 0.6757984687499999 0.082811534375 0.6510672296875 0.03695166875 0.6358993046875 0.033546228125 0.6778934359375001
0 0 0.441564940625 0.1735409703125 0.5155666140624999 0.1873151078125 0.3851043640625 0 0.3035796734375 0 0.441564940625