0 0.395263540625 0.9962696703124999 0.33004305 0.9631258140625001 0.3184220328125 0.9715231093750001 0.31381912343749996 0.9853140359375001 0.395263540625 0.9962696703124999
0 0.5305813109375 0.006173871875 0.422091615625 0.00491148125 0.40699549218750003 0.030167199999999998 0.665025628125 0.14170317968749999 0.689997740625 0.0276180453125 0.5305813109375 0.006173871875
0 0.5484967078125 0.992919696875 0.6057527078125 0.8066976562500001 0.29782739375 0.668324796875 0.23702273593749998 0.8499056640625 0.5484967078125 0.992919696875
0 0 0.76650699375 0.054207098437500004 0.7785933640625 0.16368415 0.86141060625 0.25089699374999996 0.5788170609375001 0.1311456796875 0.5131304421875 0.0289580671875 0.499323265625 0 0.49143898437500005 0 0.76650699375
0 0.8152474484375001 0.0444662234375 0.8073380171875 0.06503782500000001 0.903622609375 0.12230176562499999 0.9246462703124999 0.0591821921875 0.8152474484375001 0.0444662234375
0 0.23954936875000002 0.36146579375 0.2152945984375 0.361223934375 0.2338282875 0.28789054531249997 0.1862741015625 0.264287325 0.1717873359375 0.2825658125 0.140880434375 0.365379146875 0.3496137734375 0.4733455203125 0.39019678281250003 0.362503321875 0.3415069328125 0.33978829374999997 0.3125965671875 0.3520647984375 0.2972259921875 0.337873125 0.2749435296875 0.3773508375 0.27046933906250004 0.3413564890625 0.2493126765625 0.34053124375 0.23954936875000002 0.36146579375
0 0.164189121875 0.13411581875 0.205203575 0.002387759375 0.0576373671875 0.000670671875 0.047917678125 0.0761420734375 0.164189121875 0.13411581875
0 0.20246166250000003 0.450877275 0.20072138750000001 0.46819654999999993 0.262590265625 0.499440384375 0.2802173140625 0.44964126562500006 0.21844218437500001 0.4140216984375 0.20246166250000003 0.450877275
0 0.8722067671874999 1 0.880156525 0.976974353125 0.7659274125 0.9145615140625001 0.7289396203125 0.9889231921875 0.7498407671875 1 0.8722067671874999 1
0 0.14718707656250002 0.9628992406249999 0.15434603593750001 0.9359809562500001 0.0641118421875 0.9045342421875 0.042664709375 0.9488392359375 0.14718707656250002 0.9628992406249999
0 0.22375243125000002 0.9486646625 0.2149376359375 0.9720128234375001 0.28222190468749997 0.98106368125 0.22375243125000002 0.9486646625
0 0.6502191546875 0.7997182171875 0.73560199375 0.5411674718749999 0.46017031875000003 0.40773705624999995 0.38509965468749996 0.6677361937499999 0.6502191546875 0.7997182171875
0 0.743239546875 0.54688935625 0.689848184375 0.721976634375 0.9267009828124999 0.8542589046875 0.9685812687500001 0.7622087609375 0.9824357906250001 0.65463125 0.743239546875 0.54688935625