0 0.712862440625 0.755121778125 0.7155186125 0.800733934375 0.9173664328125 0.7911288890625 0.9358984015624999 0.77290551875 0.9193786140625001 0.7500395281250001 0.7314979546875 0.7494162546875 0.712862440625 0.755121778125
0 0.6960401953125 0.45884429375 0.99739129375 0.44254922187499995 0.9895798203125 0.3533091328125 0.9567689296875 0.35599199375 0.9562321812500001 0.39959490625 0.9179707921875 0.4059375875 0.9042978625 0.394544184375 0.9034550749999999 0.37126781875 0.9137191375 0.3619921734375 0.9191425359375 0.35594083906249996 0.9125101656249999 0.35141915468749996 0.8585961687499999 0.35474966406249997 0.85927085 0.368934475 0.8134025703125 0.3857620328125 0.73179019375 0.391656740625 0.7388834796875 0.42064400625 0.7391451515624999 0.4365876125 0.7126654921875 0.4533061 0.6960401953125 0.45884429375
0 0.9025472453125 0.282708759375 0.9137191375 0.3619921734375 0.9191425359375 0.35594083906249996 0.9567689296875 0.35599199375 0.9610926031249999 0.3362205109375 0.9555962687499999 0.2868459390625 0.9330240968749999 0.2778817171875 0.9166867828124999 0.281389446875 0.9025472453125 0.282708759375
0 0.9562321812500001 0.39959490625 0.9567689296875 0.35599199375 0.9191425359375 0.35594083906249996 0.9137191375 0.3619921734375 0.9034550749999999 0.37126781875 0.9042978625 0.394544184375 0.9179707921875 0.4059375875 0.9562321812500001 0.39959490625
0 0.6985842984375 0.31210183593749996 0.6926550437500001 0.31607534843749996 0.691387203125 0.405687421875 0.714059559375 0.3910444359375 0.8134025703125 0.3857620328125 0.8053868421875 0.3397594734375 0.7516874828125 0.2997397453125 0.7084702140625 0.30775914375 0.6985842984375 0.31210183593749996
0 0.7315153453125001 0.5872248734375 0.7113019828125 0.611453996875 0.7965704703125 0.60823365625 0.86735909375 0.59689285625 0.8673950937500001 0.5658439390625001 0.873942809375 0.5522804812500001 0.879931971875 0.5344179046875001 0.798562384375 0.5386911328124999 0.7739241609375 0.5614104859375 0.7389142609375 0.56326045625 0.7315153453125001 0.5872248734375
0 0.7114207953125 0.67272449375 0.711708971875 0.6760166859375001 0.7303676921875 0.6828365078124999 0.738129978125 0.6954088031250001 0.738757096875 0.6972526890624999 0.7392104484375001 0.7024318703125 0.7370997203125 0.710703896875 0.726390546875 0.718827015625 0.7197337140625 0.72420414375 0.7094575609375 0.7370428578125 0.712862440625 0.755121778125 0.7314979546875 0.7494162546875 0.8002313796875 0.74235535625 0.82089125625 0.728547771875 0.823153665625 0.716456790625 0.8247149625000001 0.6963561421875 0.84585686875 0.6825035828125 0.8414024359375001 0.6316151109375 0.7910864906249999 0.6434337984375 0.76988208125 0.6563409921875001 0.7114207953125 0.67272449375
0 0.2446896078125 0.886922915625 0.34307313125 0.8771561828125 0.37756694999999996 0.8670971390625001 0.408990146875 0.6070577484374999 0.39359347499999997 0.5942465921875 0.370879846875 0.5952325765625 0.3036547671875 0.60263845625 0.3026853734375 0.6306577671875 0.309683990625 0.639132225 0.33460276875 0.6499215609375 0.355141509375 0.6696601484375 0.3556193875 0.6815966343750001 0.35147190625 0.7059255328125 0.350526328125 0.7145543265625001 0.34757218437500004 0.733084915625 0.33223313593750003 0.75331753125 0.33258105625 0.7572922531249999 0.3260031859375 0.7732871203125 0.32066785468750003 0.7840457625 0.3181152484375 0.7939780843750001 0.31190294218750003 0.807672153125 0.3098143015625 0.8164278390625 0.3063514078125 0.8224379125000001 0.299594378125 0.8299089343749999 0.273448728125 0.837489021875 0.24194834687500003 0.862083196875 0.2446896078125 0.886922915625
0 1 0.591193221875 0.9629440609375 0.5893908375 0.9327652265624999 0.5929960140625 0.9195831390625001 0.601552253125 0.8594125609375001 0.604191528125 0.8592083921875 0.609492775 0.8639159828125 0.6519384921875 0.903283653125 0.656846271875 0.9060954671875001 0.68133535625 0.9232132828124999 0.6807298296875001 0.9330584734375 0.7480952453125 0.94429833125 0.7444155140625 0.9993111812500001 0.7432289265625001 1 0.7431646546875 1 0.591193221875
0 0.8104937859374999 0.47860343906249997 0.8074747453125 0.46354450312499995 0.8048424546874999 0.45984364375000003 0.6929259937500001 0.4669873328125 0.678505271875 0.46833287968750004 0.691217721875 0.49651250312500006 0.68683996875 0.503174609375 0.6806879703125001 0.5120058609375 0.677514371875 0.5333498109375 0.696520703125 0.52702278125 0.7610915421875 0.525612234375 0.7967750031249999 0.5259053921875 0.7993737703125 0.5190449859374999 0.81070274375 0.4939448140625 0.8104937859374999 0.47860343906249997
0 0.7993737703125 0.5190449859374999 0.8166238484375 0.5224950171875 0.8877804421875 0.51836519375 0.8854219343749999 0.4807801078125 0.8104937859374999 0.47860343906249997 0.81070274375 0.4939448140625 0.7993737703125 0.5190449859374999
0 0.9327652265624999 0.5929960140625 0.9629440609375 0.5893908375 0.9604587171875 0.5563712046875 0.8737314203125001 0.552178775 0.8673950937500001 0.5658439390625001 0.8679673781250001 0.5994468390625001 0.9197533921875 0.5981768093750001 0.9327652265624999 0.5929960140625
0 1 0.822529428125 0.7405125031249999 0.8297307375 0.7423171187500001 0.8503470906249999 0.7367690421875001 0.8700101968749999 0.7097318875 0.8778151359375 0.7113574828125 0.9000874984375 1 0.8977264281249999 1 0.822529428125
0 0.16677221874999998 0.8765048359375 0.15892890312500002 0.7022360609375 0.1166124234375 0.6879295140624999 0.015695678125 0.701141571875 0.032902921875000005 0.8977211734375 0.16677221874999998 0.8765048359375
0 0 0.47398898906250003 0.029182004687500002 0.475145784375 0.0333043765625 0.495869690625 0.1952738546875 0.48338786562499997 0.19249873281250002 0.455616753125 0.375861403125 0.45366631249999995 0.4036261546875 0.4428386921875 0.406061140625 0.377201296875 0.0064888078125 0.4007219453125 0 0.40579623593749997 0 0.47398898906250003
0 0 0.3940986421875 0.406061140625 0.377201296875 0.4099180984375 0.29056553125 0.0245411125 0.3060020671875 0 0.2929057984375 0 0.3940986421875
0 0 0.2929057984375 0.0245411125 0.3060020671875 0.4099180984375 0.29056553125 0.4159147265625 0.23392566874999998 0.4081043328125 0.168293034375 0.0359386890625 0.1859171375 0 0.19211938906249998 0 0.2929057984375