0 0.2248516765625 0.358764771875 0.21501036875 0.19849044062500001 0.1488864671875 0.20678568125000002 0.15193964531249998 0.27282912812500004 0.0038712984375000002 0.27387255 0.002274759375 0.3653289 0.1586543875 0.3712639671875 0.2248516765625 0.358764771875
0 0.5772678828125 0.058823353125 0.5541042640625 0.0040919140625 0.5138019359375 0.0031539625000000003 0.5008436828125 0.0194448703125 0.5334410375 0.091657903125 0.553227878125 0.089774946875 0.5772678828125 0.058823353125
0 0.9605243078125 0.049225375 0.9298198109375001 0.035203325 0.911249553125 0.0668890046875 0.9030990984375 0.1034413171875 0.9178557078124999 0.136781403125 0.9482242203125001 0.1484731046875 0.96801961875 0.069381934375 0.9605243078125 0.049225375
0 0.9929099390625 0.9163293578125 0.9743240125 0.90695745625 0.980698559375 0.852264821875 0.9469085359375 0.8088150296875 0.913125546875 0.96035325625 0.9486204875 0.9828562671875 0.9897341875000001 0.9939610906249999 0.9917328078125 0.98376030625 0.9929099390625 0.9163293578125
0 0.757515315625 0.5878889671875001 0.734416253125 0.5613432406250001 0.6916029328125 0.5936573625 0.6956967859375001 0.6384456390625 0.7187396203125 0.6682123046874999 0.7634393421875 0.62133735 0.757515315625 0.5878889671875001
0 0.7076266078125 0.9320106265625 0.7365144906250001 0.9529998328125 0.7777741359375 0.9173854562500001 0.7973410078125001 0.9592697375 0.814678625 0.9442524750000001 0.8045692171875001 0.9180090546875 0.860754828125 0.86407811875 0.80399881875 0.7181327046875 0.7354479015625001 0.781547228125 0.694313990625 0.67090794375 0.6116526640625 0.7047218359375 0.6218406859375001 0.7732120140625 0.6498212609375 0.8461754734375001 0.6594633265625001 0.8991903390625 0.6841228874999999 0.8818954078125 0.7076266078125 0.9320106265625
0 0.39055616249999997 0.0906550875 0.43568901875000005 0.0657182375 0.4161724265625 0.0197550078125 0.3695421203125 0.0381706640625 0.39055616249999997 0.0906550875
0 0.026594353124999998 0.8949444140624999 0.02778794375 0.9344551921875001 0.0517015 0.9383176734375 0.0547141 0.9275702390625 0.0861453703125 0.9311264328125001 0.09194308906250001 0.8687204562499999 0.090490025 0.8165029609375001 0.0537935984375 0.818473625 0.0487025109375 0.8667725562499999 0.0327261671875 0.86734230625 0.026594353124999998 0.8949444140624999
0 0.693063709375 0.35654226875 0.78780738125 0.37500493437500004 0.7976670796875001 0.2753028609375 0.6340664078125 0.2454872546875 0.63143095625 0.3461107109375 0.693063709375 0.35654226875
0 0.4077933015625 0.30795120468750004 0.3424084921875 0.312267221875 0.3303908734375 0.49722495312500004 0.3520582109375 0.5961960937499999 0.41629528593750004 0.5976910765625 0.42251295000000005 0.358991871875 0.4077933015625 0.30795120468750004
0 0.3650194859375 0.6364829109375 0.3630837921875 0.6910277640625 0.37056282500000004 0.709719290625 0.4251528984375 0.71002726875 0.4299127953125 0.6555272171875 0.416749775 0.63279068125 0.3650194859375 0.6364829109375
0 0.34889377499999996 0.7774680609375 0.3492608078125 0.8691223609375 0.4592542875 0.8794867625 0.47393521875 0.75893135625 0.3631143265625 0.74561838125 0.34889377499999996 0.7774680609375
0 0.11908414687499999 0.9346340171874999 0.3051422703125 0.943839346875 0.31775928124999997 0.6694049468750001 0.2634253765625 0.6652111234375 0.24132107500000002 0.85259141875 0.22104838125 0.8463446749999999 0.22150769375 0.8200333656250001 0.12141466406250001 0.8011323499999999 0.10349079531250001 0.822161990625 0.091144221875 0.9144828953124999 0.11908414687499999 0.9346340171874999
0 0.706410328125 0.087062840625 0.6706487 0.11939461093749999 0.6813970734375 0.1629777140625 0.71685268125 0.22609269062499998 0.7404574375 0.232061278125 0.761981159375 0.20140682499999998 0.706410328125 0.087062840625
0 0.6918497625 0.025710496875 0.68359293125 0.0071054890625 0.6513486328125 0.006355071875 0.6387261734375 0.046883428125 0.6333610078125 0.0833122484375 0.64641000625 0.111381671875 0.6659475671874999 0.11658604531250001 0.7073251453125 0.0742160609375 0.6870066609375 0.035829467187500005 0.6918497625 0.025710496875
0 0.7946894171875 0.4398820703125 0.6264196390625 0.40422470937500005 0.6199164109375 0.5430066546875 0.7859790140625 0.5720426093750001 0.79713739375 0.538196684375 0.7946894171875 0.4398820703125
0 0.02917469375 0.81425995 0.032802420312500004 0.7383076921875 0.0011557218750000002 0.7387010625 0.0002252359375 0.8147788640625 0.02917469375 0.81425995
0 0.233155215625 0.02934715 0.225152715625 0.0418406625 0.2343544515625 0.2399510640625 0.253849390625 0.24040476875 0.2614361203125 0.3644077234375 0.2986508296875 0.355523378125 0.3005769359375 0.1888482515625 0.3164193078125 0.1755747046875 0.31496350781250004 0.1462895078125 0.297434796875 0.1458815625 0.2926231453125 0.030731140624999997 0.233155215625 0.02934715