0 0.44264716406250004 0.0025752453125 0.2213459671875 0.001287753125 0.431305890625 0.0515335640625 0.44264716406250004 0.0025752453125
0 0.44774990781249996 0.0026049328125 0.41754549062499996 0.1457433984375 0.42936714218749994 0.295721725 0.4999611625 0.31514996875 0.543354221875 0.09231779375 0.5318393921875 0.004100071875 0.5174603828125 0.003010496875 0.44774990781249996 0.0026049328125
0 0.2392174828125 0.13803780625 0.23527369999999997 0.124474325 0.2028952453125 0.114563490625 0.184297134375 0.19597784375 0.1858511484375 0.219303359375 0.21557072968750002 0.23149849531250002 0.2392174828125 0.13803780625
0 0.06273384374999999 0.1826305046875 0.10368710781249998 0.000603234375 0.0337424578125 0.0001963078125 0.0209686984375 0.1687701140625 0.06273384374999999 0.1826305046875
0 0.0165640515625 0.35472234999999996 0.03056261875 0.3557830984375 0.0476231203125 0.272602190625 0.013897828125000001 0.26208355 0.004418034375 0.38718728125 0.0165640515625 0.35472234999999996
0 0.0746836671875 0.658962940625 0.07158079218749999 0.7216866359375 0.12177727812500001 0.747862321875 0.1833159078125 0.7666043859375 0.19135866875000002 0.7257913 0.225291665625 0.5842516125 0.4376142734375 0.635119953125 0.45945675937499997 0.5216363015625001 0.46187746562500004 0.42408141875 0.14186982812499999 0.3186805296875 0.112720490625 0.40840274218749995 0.0746836671875 0.658962940625
0 0.41785945937499996 0.7527261937499999 0.4203466140625 0.785229803125 0.45349468281250005 0.7960132640625 0.47132563281250006 0.7029476140625001 0.4311389859375 0.6866378140625 0.41785945937499996 0.7527261937499999
0 0.1559762078125 0.9011649140625 0.0460405671875 0.8735054046874999 0.0227000875 0.9538746671875 0.05998300937499999 0.9712287578125001 0.138520384375 0.9771799640625 0.1559762078125 0.9011649140625
0 0.80923968125 0.1393589625 0.8261732109375 0.079911921875 0.8445854890625 0.082678584375 0.8567162640625 0.0287177703125 0.804470284375 0.0247588046875 0.8009912109374999 0.0386598390625 0.7609296859375 0.030031153124999998 0.7432684859375 0.10813069687500002 0.7706866140625 0.1198728609375 0.7721589078125 0.1275917703125 0.80923968125 0.1393589625
0 0.731791590625 0.1410976421875 0.7240455484375 0.1977907765625 0.79750074375 0.2213145015625 0.8159561328124999 0.159882725 0.731791590625 0.1410976421875
0 0.7815553093750001 0.2677217796875 0.78897004375 0.2337827171875 0.7418596390625 0.21778400156250002 0.736251725 0.25531006875 0.7109003546875 0.2437245140625 0.6922186046875 0.326525421875 0.792805353125 0.356240875 0.8106486765625001 0.27545506249999996 0.7815553093750001 0.2677217796875
0 0.705083559375 0.372522896875 0.7034367359375 0.3942558328125 0.6819827968750001 0.3886443296875 0.6566488406250001 0.48712016562500005 0.7314681046875 0.5226189953125 0.7725177890625 0.38755445 0.705083559375 0.372522896875
0 0.716616796875 0.5297009921875 0.6488689375 0.5055168578125 0.63422106875 0.5458294390625 0.70348523125 0.5717785171875 0.716616796875 0.5297009921875
0 0.6772361078125 0.72135779375 0.69510555 0.6605887781249999 0.706974234375 0.5803145453125 0.6449375500000001 0.557398915625 0.6436076953125001 0.5639197499999999 0.6219344765625 0.6533941624999999 0.608308028125 0.6581689078124999 0.5986049515625 0.69883475625 0.6772361078125 0.72135779375
0 0.6656033078125 0.8618657890625 0.693579975 0.8532283046875 0.7038048625 0.8059589656249999 0.662286746875 0.79619130625 0.6542880953125 0.825393140625 0.5913590953125001 0.8032242015625 0.5849805984375 0.8217913765624999 0.5744505640625001 0.8185076765625 0.55703835625 0.873525471875 0.5670875171875001 0.9049306250000001 0.6335684859375 0.934804625 0.6656033078125 0.8618657890625