0 0.63610341875 0.5744068343750001 0.5977820406250001 0.6288734140625001 0.6249977765625 0.6526198015625 0.663574275 0.5952033625 0.63610341875 0.5744068343750001
0 0.8525669953125 0 0.8951777921874999 0.055235401562499994 0.918962825 0.099380365625 0.93598316875 0.134754559375 0.927676159375 0.1701470671875 0.9456128015624999 0.1665561859375 0.9132009046875 0 0.8525669953125 0
0 0.9393460749999999 0.43122771875000004 0.980691478125 0.3725943671875 0.960075190625 0.341004509375 0.9149697484375 0.40428327187499996 0.9393460749999999 0.43122771875000004
0 0.9258215203125 0.6854465234375 0.9381485125 0.6540943359375 0.940282546875 0.6398150453125 0.954105790625 0.619240821875 0.927629665625 0.590666890625 0.87663770625 0.6582092578125 0.8916126109375 0.7091701671874999 0.8968902375000001 0.6929363734375 0.9258215203125 0.6854465234375
0 0.8856329593750001 0.175768778125 0.8840339765625 0.1324000265625 0.8466542078125 0.0791123796875 0.8060001609375 0.03499025 0.7715652671875 0.0923850671875 0.8591569281250001 0.1994972359375 0.8856329593750001 0.175768778125
0 0.50137094375 0.5177707171875 0.479640821875 0.5469263828125001 0.5101586625000001 0.5865761984375 0.5296465687499999 0.5555917984375001 0.5172551421875 0.535482703125 0.50137094375 0.5177707171875
0 0.5720276109375 0.5177259125 0.5635532000000001 0.5177453187500001 0.5577957312499999 0.5143634203125 0.52369101875 0.5917765937499999 0.5576018734375 0.6290492703125 0.6129738 0.5247886078125 0.5880363875 0.49251090781249995 0.576849671875 0.5105488578124999 0.5720276109375 0.5177259125
0 0.7369998468750001 0.701528071875 0.6933904734375 0.7785664406249999 0.7194955078125 0.8123703609374999 0.76879365625 0.7293065828125 0.7369998468750001 0.701528071875
0 0.6852031484375 0.6260314515625 0.6666131187500001 0.6560906937500001 0.6959422109375 0.686329671875 0.7133922765625 0.655525484375 0.6852031484375 0.6260314515625
0 0.49211875625 0 0.48477828125 0.009829271875 0.4366684 0.0832341015625 0.43758658125 0.11245226875 0.462375390625 0.1279881625 0.5306654125 0 0.49211875625 0
0 0.3553914265625 0.2088312953125 0.31113891875 0.2809669515625 0.3449932359375 0.3183751796875 0.3919391859375 0.24644570312499997 0.3553914265625 0.2088312953125
0 0.6521686609375 0 0.6311788703125 0.033857834375 0.642583965625 0.051348424999999996 0.6789231546875001 0.10099314687500001 0.725303728125 0.030419196875 0.7166314640625 0.0124850234375 0.7099184578125 0 0.6521686609375 0
0 0.6926317656250001 0.1148753234375 0.679566096875 0.10003620625000001 0.6311788703125 0.033857834375 0.593003896875 0.10473536718750001 0.655200184375 0.17359477031249998 0.6926317656250001 0.1148753234375
0 0.7099184578125 0 0.7166314640625 0.0124850234375 0.7256195921875 0.030977128124999996 0.7601131703124999 0 0.7099184578125 0
0 0.60596325625 0.1628084046875 0.5814043765625 0.193192965625 0.6114516859375 0.22403356093750001 0.63515689375 0.1967186921875 0.60596325625 0.1628084046875
0 0.6116124203125 0.223794325 0.642469946875 0.25517670625 0.656170303125 0.23226664375 0.6352947437500001 0.2080791875 0.6294814359375 0.20249296718749998 0.6116124203125 0.223794325
0 0.7535734281249999 0.397253828125 0.7077100015625 0.3501163046875 0.6543674953124999 0.28553043125 0.5848215140625 0.20404189375 0.555889140625 0.2471042234375 0.5495793515625 0.2669817875 0.57239186875 0.2912162875 0.57892735625 0.287091928125 0.6003226984375 0.3213003765625 0.7640126781250001 0.5380327140625 0.768198709375 0.52758726875 0.7560205875 0.50857428125 0.7466181484375001 0.4951965859375 0.736407709375 0.45433864375 0.7335331796875 0.42497378750000003 0.7535734281249999 0.397253828125
0 0.7451443765625 0.1206577234375 0.7189751640625001 0.1657757828125 0.73932501875 0.1950378328125 0.7619081671875 0.22704145156250002 0.7536463671875 0.2393381390625 0.8312033078125 0.340901684375 0.8441235390624999 0.323676203125 0.8944933374999999 0.24366937187499998 0.8770745796874999 0.22520861406249998 0.868583334375 0.21065462968749998 0.8591569281250001 0.1994972359375 0.8429641984374999 0.1791345796875 0.7703405921875001 0.09035262656250001 0.7451443765625 0.1206577234375
0 0.7536463671875 0.2393381390625 0.7619081671875 0.22704145156250002 0.7189751640625001 0.1657757828125 0.707925221875 0.194636096875 0.7315333453124999 0.2316937453125 0.7484836828125 0.25200825937500004 0.7536463671875 0.2393381390625
0 0.9149697484375 0.40428327187499996 0.960075190625 0.341004509375 0.9706561562499999 0.322942890625 0.9490049515625 0.2947695921875 0.9359690265625 0.3098027359375 0.9257398640625001 0.2849332828125 0.873072409375 0.390308965625 0.8891222203125 0.3737199890625 0.9149697484375 0.40428327187499996
0 0.951140259375 0.7710269796875 0.984726440625 0.7261012124999999 0.9648522546875 0.70322479375 0.92935135625 0.7469395515625 0.951140259375 0.7710269796875
0 0.940282546875 0.6398150453125 0.9381485125 0.6540943359375 0.9706555484375 0.691503115625 0.9915287265625 0.664548159375 0.954105790625 0.619240821875 0.940282546875 0.6398150453125
0 0.9252748984375 0.2846743703125 0.91179995625 0.26517560156250003 0.8944933374999999 0.24366937187499998 0.8441235390624999 0.323676203125 0.8312033078125 0.340901684375 0.8489663828125 0.3568709546875 0.8327386421874999 0.3739303703125 0.8590328671874999 0.40444563437500003 0.873792915625 0.3897506109375 0.9252748984375 0.2846743703125
0 0.583598315625 0.922419928125 0.6167710937499999 0.957604159375 0.640714603125 0.930448640625 0.6053093234375 0.8886921453125 0.583598315625 0.922419928125
0 0.7634925375 0.8117823703125 0.7944350109375 0.8407251890625 0.8010964921875001 0.8604698984375 0.7955635609375 0.8826352 0.7864073874999999 0.8929989656249999 0.773288375 0.8983378046875 0.7594711140625 0.92075363125 0.7548398328125 0.955430971875 0.816903328125 0.9430059765625 0.86613783125 0.8617149171875 0.8444919109375 0.837723096875 0.787448334375 0.783092175 0.7634925375 0.8117823703125
0 0.5706338109375 0.8579291765624999 0.6041826609375 0.8162202546874999 0.5936218906249999 0.7944402125 0.5900424453124999 0.8003332140625 0.5846841109375001 0.804221909375 0.578055078125 0.80648078125 0.5532051921875001 0.8376068859375 0.5706338109375 0.8579291765624999
0 0.0384992953125 0.7442779093749999 0.038190443750000004 0.7443951359375001 0.061491739062499995 0.8641343515625 0.0670953953125 0.8694953906249999 0.0866770828125 0.84549071875 0.081414821875 0.8014059515625 0.0384992953125 0.7442779093749999
0 0.3874059109375 0.9977461390625001 0.45569993125 0.8904633125 0.4138324640625 0.8414905234375001 0.38551216093749996 0.8450896328124999 0.3385069375 0.7820717187499999 0.267747171875 0.8630754453125 0.21231388281250002 0.794456434375 0.2818501828125 0.7097221625000001 0.24698219687499998 0.663696271875 0.1398824234375 0.8249004093750001 0.1509191703125 0.8301656015625 0.174246240625 0.8683355031250001 0.2310271421875 0.94057738125 0.2750176953125 0.99839999375 0.3874059109375 0.9977461390625001
0 0.280364075 0.597588140625 0.2592464296875 0.62552379375 0.290560890625 0.661597696875 0.30980713125000003 0.684869003125 0.326610003125 0.6521238203124999 0.280364075 0.597588140625
0 0.3828003125 0.6404812171875001 0.3949864828125 0.6189509828124999 0.36947972500000004 0.589499703125 0.3689709234375 0.5811329640625 0.318600071875 0.5257459328125 0.2976600796875 0.557683615625 0.35112668281250003 0.6140659234375 0.3828003125 0.6404812171875001
0 0.020129875 0.65158664375 0.0667131109375 0.580562825 0.0394817671875 0.5582275421875 0.0098352484375 0.5986852671875 0.020129875 0.65158664375
0 0.113117815625 0.110551853125 0.1452229796875 0.0594003109375 0.166032740625 0.0721714359375 0.174028403125 0.0529916453125 0.0775732796875 0.07230178125 0.113117815625 0.110551853125
0 0.24535103125000002 0.423630534375 0.2803803671875 0.3698230171875 0.22735409374999999 0.299831784375 0.21253143125 0.31431158125 0.1792287 0.3731568984375 0.21940932656249998 0.4193201359375 0.23174628749999998 0.40602125625 0.24535103125000002 0.423630534375
0 0.1974589671875 0.42508112656249997 0.1872743265625 0.4420902390625 0.2156474671875 0.4803059125 0.23017028437499998 0.4571483703125 0.1974589671875 0.42508112656249997
0 0.152175878125 0.331819525 0.1429869046875 0.3438256 0.16580890625 0.367043625 0.1751458125 0.35569121875 0.152175878125 0.331819525
0 0.2030191109375 0.1598677640625 0.1912334578125 0.1663062375 0.18227581875 0.1746011046875 0.1797522734375 0.1783570984375 0.199455309375 0.2085561609375 0.26851219843749996 0.06138688437499999 0.258132540625 0.041496204687499996 0.25110755 0.038844290625 0.24741339999999998 0.053415209374999995 0.22941105624999997 0.0529402375 0.22570476562500003 0.075650896875 0.223431678125 0.089109096875 0.2136759671875 0.0975637390625 0.20688345 0.1086759359375 0.2019735015625 0.12104699375000001 0.2119767515625 0.1515728953125 0.2030191109375 0.1598677640625
0 0.2782641703125 0.1044692890625 0.3271463578125 0.1697824625 0.34507110625 0.13449365 0.3024335984375 0.080498615625 0.2782641703125 0.1044692890625
0 0.4437653046875 0.3032392546875 0.4289592875 0.3264327890625 0.46548565937499997 0.3783176546875 0.4812717875 0.35078678124999996 0.4437653046875 0.3032392546875
0 0.5196987734375 0.46175770156249996 0.5242452953125001 0.45614731875 0.5294451828125 0.4513378890625 0.5371465671875 0.44979608750000005 0.5443030390625 0.450247584375 0.551301765625 0.44743847187499997 0.52821178125 0.4111260234375 0.47401969062499993 0.480758446875 0.45576220625 0.510502646875 0.479640821875 0.5469263828125001 0.5068658515625 0.510003434375 0.512121715625 0.5051620906250001 0.510905209375 0.4964608046875 0.5100216718749999 0.48957706874999996 0.510973696875 0.48232585781250004 0.5124538609375 0.47544514375 0.5149410046875 0.4688390625 0.5196987734375 0.46175770156249996