0 0.5899624453125 0.8338816906250001 0.6126036421875 0.8243231812499999 0.5948666953124999 0.7196958921875 0.54719094375 0.7263786234375 0.527084678125 0.74286125625 0.5421075484375 0.8394414234375001 0.5899624453125 0.8338816906250001
0 0.1320841171875 0.291470584375 0.287916853125 0.2208770171875 0.26268689375 0.155738478125 0.0010901390625 0.1873790171875 0.0018098375 0.31108455625000003 0.1320841171875 0.291470584375
0 0.1340306875 0.0956525984375 0.1292112671875 0.06428594374999999 0.0538999484375 0.0780642359375 0.0605879640625 0.120216190625 0.117485315625 0.112775509375 0.1340306875 0.0956525984375
0 0.7074856656249999 0.643184365625 0.719468021875 0.6260577609375 0.7147964359375 0.5949813296875 0.6602304875 0.60188216875 0.663208703125 0.6270816109374999 0.6683739281250001 0.650339903125 0.7074856656249999 0.643184365625
0 0.5550142499999999 0.3538530890625 0.5007807609375 0.36377516875000004 0.53737708125 0.64287339375 0.5408419265625 0.653774578125 0.5901292546875 0.6447574046875 0.5550142499999999 0.3538530890625
0 0.5151265109375001 0.8298737984375 0.4465466703125 0.8416953656249999 0.45739876874999996 0.8849438031249999 0.5249946515625 0.8755458125000001 0.5151265109375001 0.8298737984375
0 0.3730045234375 0.516145471875 0.316329553125 0.534536659375 0.315252278125 0.55390600625 0.32382663125 0.5690167296875 0.3334446640625 0.5678689796875 0.3864556875 0.5526183046875001 0.3730045234375 0.516145471875
0 0.7389309515625 0.7097013125 0.693874925 0.7175137796875 0.6822410578125 0.7342366953125 0.6805816140625 0.7474124468750001 0.6855461109375 0.7593763421874999 0.746622309375 0.75035529375 0.7389309515625 0.7097013125
0 0.3187030890625 0.039634907812499995 0.35821047500000003 0.030163425 0.3572023890625 0.02257470625 0.18992496406249998 0.05317830312500001 0.19478364374999999 0.074158465625 0.3000369515625 0.060839762500000005 0.3206960171875 0.053343553125 0.3187030890625 0.039634907812499995
0 0.8494814999999999 0.1465792359375 0.9358470328124999 0.1291585796875 0.9224990984374999 0.0623341546875 0.828298821875 0.0778448 0.828720234375 0.11726799375000001 0.8494814999999999 0.1465792359375
0 0.222205609375 1 0.18366457187500002 0.8070500953125 0.38909375 0.7693532796875 0.5196873953125001 0.7072978015625 0.48898210156250005 0.617235375 0.0989724765625 0.701346928125 0.041550356249999996 0.7401948171875 0.09344549375 1 0.222205609375 1
0 1 0.570176465625 0.9529528109375001 0.5826162578125 0.9581059843749999 0.6190435203125 1 0.6154950015625 1 0.570176465625
0 0.7443068078125 0.8004998828125001 0.68740225 0.8116358281249999 0.6951143984375 0.83916456875 0.7511732171875 0.827412834375 0.7443068078125 0.8004998828125001
0 0.41511802031249995 0.538490896875 0.4237553 0.5689551109375001 0.4932553984375 0.5588008203125 0.485100275 0.5244184765625 0.475482125 0.48259863281250004 0.4081952875 0.49105625625 0.41511802031249995 0.538490896875
0 0.606681390625 0.11070746406250001 0.6420764984375 0.105750259375 0.6570652171875 0.086713903125 0.6687732609375 0.08087795625000001 0.6565151375 0.031042756249999998 0.5987271296875 0.0345898421875 0.606681390625 0.11070746406250001