0 0.6394991250000001 0.670775553125 0.7112224312500001 0.6689200171875 0.7044230390624999 0.15481465781249998 0.642583740625 0.16098521875 0.64120678125 0.1779583109375 0.6587017796875 0.1903705046875 0.6511380578125 0.23887720625000003 0.6391225078125 0.2392269640625 0.6401721328125001 0.26499708437499997 0.6630338499999999 0.27807648125 0.6736835218749999 0.370623571875 0.6582732765625 0.41405919375 0.644640078125 0.45915327968749997 0.6394991250000001 0.670775553125
0 0.5613840671875 0.161279728125 0.49421251875000005 0.15985685624999998 0.5009133890624999 0.4072807078125 0.552971640625 0.41953133906250006 0.551213984375 0.460838246875 0.5020528390625 0.47774545156250003 0.4911387828125 0.674059590625 0.559887565625 0.6737896984375 0.5613840671875 0.161279728125
0 0.0697093875 0.015129357812499999 0.00009980781250000001 0.0171556125 0.000463053125 0.07959213281250001 0.07220774375 0.0792416171875 0.0697093875 0.015129357812499999
0 0.07985305000000001 0.132225040625 0.0007891562499999999 0.1356444578125 0.0012950328125 0.2225972171875 0.0747937859375 0.2204577546875 0.07985305000000001 0.132225040625
0 0.0824557078125 0.2323960890625 0.0013441265625 0.2310357421875 0.0019105656249999998 0.3283983953125 0.090757346875 0.33102886875 0.0824557078125 0.2323960890625
0 0.9219664390625001 0.5888883171875 0.91720543125 0.5139684796874999 0.8814388 0.5218925999999999 0.8681349390624999 0.5325832375 0.8725008328125 0.5978023765625 0.9219664390625001 0.5888883171875
0 0.9222444765625 0.4133216296875 0.8770270640625 0.41668586406249997 0.879881325 0.48676287656249995 0.9270795312500001 0.48125074999999995 0.9222444765625 0.4133216296875
0 0.1920625890625 0.1927214625 0.2018820828125 0.3457195 0.36597720312500004 0.333912090625 0.3620483421875 0.1887445921875 0.1920625890625 0.1927214625
0 0.2793330859375 0.5176512078125 0.46610424687499996 0.5164372109375 0.46459308750000006 0.45860914687500004 0.4386587609375 0.3789005890625 0.2774001625 0.369153021875 0.2793330859375 0.5176512078125
0 1 0.8239140234375 0.9618068609374999 0.8322860593750001 0.9772016296875 0.887957565625 1 0.8824977546874999 1 0.8239140234375
0 0.9120191156249999 0.8524629796875001 0.9305586187499999 0.9086552390625 0.9141545093750001 0.916290215625 0.92080040625 0.9328186374999999 0.9706221156250001 0.9253932703125001 0.959607459375 0.8601565328125 0.9120191156249999 0.8524629796875001
0 0.8822932203124999 0.8377042906250001 0.8216432031249999 0.8409476890625 0.8239702140625 0.9084430890625 0.8952104359374999 0.8999086437500001 0.8822932203124999 0.8377042906250001
0 0.682131303125 0.8619839578124999 0.696914075 0.9088478453125 0.7638058562500001 0.9184286625 0.7438279078125001 0.8476466328125 0.682131303125 0.8619839578124999
0 0.4090046890625 0.885621675 0.42221154843750003 0.9461285187499999 0.489930959375 0.9382032828125 0.47800163749999997 0.8800450765625 0.4090046890625 0.885621675
0 0.1999731390625 0.9123553296875 0.205959825 0.961924425 0.298557540625 0.95751881875 0.2995851296875 0.9164231875000001 0.2716587578125 0.9142379765624999 0.271235265625 0.89814071875 0.21641235781249998 0.90091890625 0.1999731390625 0.9123553296875
0 0.0645998828125 0.9132344359375001 0.0337380328125 0.9141116765625 0.036754350000000005 0.9550051406250001 0.0724184109375 0.949744303125 0.0645998828125 0.9132344359375001
0 0.54486790625 0.85428266875 0.55909093125 0.9081302984375 0.6871985984375 0.8998618328125 0.670943671875 0.8406894125000001 0.54486790625 0.85428266875
0 0.63881934375 0.9136848234375 0.5983518546875 0.9160451421875001 0.558107225 0.9243952 0.5671962390624999 0.9718893234375001 0.6025316453125 0.9601139890624999 0.653847809375 0.9598448171875 0.63881934375 0.9136848234375