0 0.765622121875 0 0.8534587437500001 0.3090138359375 0.9588423593750001 0.2573223546875 0.9175009125000001 0.0520710625 0.898778109375 0 0.765622121875 0
0 0.60637176875 0.3173496671875 0.6113265546875 0.2753679625 0.5916656609375 0.196779078125 0.597174440625 0.1670594234375 0.5794233296875 0.0979521921875 0.5514856515625 0.10667735 0.512071128125 0.11549199531250001 0.5367451984375 0.21897021875 0.555556946875 0.3361454359375 0.60637176875 0.3173496671875
0 0.5867384515625 0.509978025 0.6872893109375 0.48129790781250004 0.6513061171875 0.369230303125 0.5883692734375 0.3944240140625 0.5701900328125 0.418307121875 0.5742009671875 0.461999521875 0.5867384515625 0.509978025
0 0.46355986875 0.2836425375 0.396962109375 0.309683775 0.40006550625 0.3250914640625 0.4415393234375 0.4644188234375 0.503792721875 0.4405877484375 0.49078334218749997 0.3902663984375 0.49349491875 0.384705603125 0.46355986875 0.2836425375
0 0.5773556453124999 0.6916726015625 0.56266965625 0.6330272406249999 0.5311400953125001 0.5335593624999999 0.4700803109375 0.5633164703125 0.510318715625 0.7202892453125 0.5773556453124999 0.6916726015625
0 0.7378421078125 0.7845953265625 0.70440473125 0.7945504328124999 0.7380445234375 0.8997393515625 0.7751483671875 0.8889642796875 0.7556879249999999 0.806614784375 0.7378421078125 0.7845953265625
0 0.6371401203125 0.9123968046875 0.6404913171875 0.9004999953124999 0.607051971875 0.7915504624999999 0.54188655 0.8247029421875001 0.5818479562500001 0.9755446921875001 0.6472521015625 0.9435774203125 0.6371401203125 0.9123968046875
0 0.6852088140625 0 0.762709621875 0.2722183546875 0.7865354078125 0.318507675 0.8381004640624999 0.29525225312500003 0.8286015171875001 0.24809204999999998 0.763880621875 0 0.6852088140625 0
0 0.77476815 0.29348695625 0.762709621875 0.2722183546875 0.6922836734375 0.012597120312499998 0.6586795953125 0.0396417859375 0.7273042921874999 0.28655979375 0.7531247890625 0.308466459375 0.77476815 0.29348695625
0 0.6315786109375 0.7207654796875 0.6682913796875 0.7070533921875 0.67750928125 0.7316937 0.7099924015625 0.7150101109375 0.6780770859375 0.598806659375 0.63241344375 0.6223841546875 0.6160809265625 0.6558782375 0.6315786109375 0.7207654796875
0 0.793968546875 0.616095540625 0.7615123578125 0.5424421171875 0.7379710984375001 0.528090990625 0.7074469859375 0.53647283125 0.706436309375 0.5555658218749999 0.6734979484375 0.5699892484375 0.703180475 0.6811903734375 0.743560390625 0.667435890625 0.7744236 0.7815126609374999 0.85366031875 0.74964918125 0.8181059296875001 0.6122817171875 0.793968546875 0.616095540625
0 0.6825320171875 0.810935040625 0.67112593125 0.7663616890625 0.6202479734375 0.7942450046875 0.633745221875 0.8462143234375 0.6441884156250001 0.8587995562499999 0.66102031875 0.851895584375 0.6559034859375 0.8294778109375001 0.6825320171875 0.810935040625
0 0.6424518328125 0.9165377343750001 0.6583390796875 0.9673100515625 0.68355583125 0.961670590625 0.659107434375 0.869606096875 0.6461971203125 0.8748553234375 0.6516729140625 0.9050276515625001 0.6424518328125 0.9165377343750001
0 0.9268522203125 0.9072599109375 0.9159199843750001 0.8632142890625 0.88877704375 0.873230740625 0.8996381265625001 0.9133460578125 0.9268522203125 0.9072599109375
0 0.9403713453125 0.7116494484375 0.9272172921875 0.6674670125 0.874668275 0.687053878125 0.891267359375 0.727326175 0.9403713453125 0.7116494484375