0 0.6388941531250001 0.4626282296875 0.6445873109375 0.48896296250000004 0.632543803125 0.50042974375 0.6408119390625 0.52935750625 0.6528025078125 0.5222378 0.6611062265625 0.5421092765625 0.688856840625 0.52087689375 0.6952170140625 0.51217325625 0.696449546875 0.5030535984375 0.6778740546875001 0.46815879687499995 0.6663900875000001 0.43827339062500004 0.6386924140625 0.45515869374999995 0.6388941531250001 0.4626282296875
0 0.8765170421875 0 0.85721584375 0.0972284515625 0.8640658999999999 0.1062718546875 0.8653185578125001 0.13811716406250002 0.8728169640625 0.130129134375 0.8781769984375 0.12090414062499999 0.8914769890625 0.1091047265625 0.90992315625 0.118682425 0.9222309 0.094717596875 0.9360603624999999 0.13112724375 0.9471620046875 0.1255991078125 0.960309765625 0.136913834375 0.976846471875 0.12982536718749998 0.9662575421874999 0 0.8765170421875 0
0 0.7217147734375 0 0.7073519734375 0.10663574218750001 0.7220699359375 0.14569526875 0.7309459125 0.1545968921875 0.7332955250000001 0.1666673140625 0.7415864328125 0.185132678125 0.7534930906249999 0.172737465625 0.7593711015625 0.1866001 0.7858532265625 0.169799865625 0.7939295890625 0.177391221875 0.8088614671875 0.16886257968750001 0.8205208609374999 0.1619291828125 0.82887885625 0.1477431765625 0.8272796874999999 0.12813658125 0.8362446078125 0.1213917546875 0.8452454968750001 0.1153377203125 0.85721584375 0.0972284515625 0.8765170421875 0 0.7217147734375 0
0 1 0.7922260453125001 0.9815065046875 0.8032292578125 1 0.8552118890625 1 0.7922260453125001
0 0.9554875171875 0.9223824359374999 0.9316026015625001 0.845873259375 0.9074879375 0.8542288921875001 0.891959025 0.8654298125000001 0.886805690625 0.8821851687500001 0.8980225828125 0.90729728125 0.888137315625 0.9142492578124999 0.880908959375 0.9023163546875 0.8760136656249999 0.9062478374999999 0.8762244750000001 0.9213227390625001 0.8933396874999999 0.9463075453125 0.9159919765625 0.93526063125 0.9315001781250001 0.9362960171875001 0.9554875171875 0.9223824359374999
0 0.8605593984375 0.9740705265624999 0.8357958999999999 0.8960323062500001 0.7966410125000001 0.919082371875 0.8178795843750001 0.9797898703125 0.8553577906250001 0.9771670046875001 0.8605593984375 0.9740705265624999
0 0.419127040625 1 0.41955272499999996 0.9996320578125 0.4123074578125 0.9757509625 0.398202634375 0.939462540625 0.3756897 0.943974446875 0.3629730859375 0.9571808265625 0.379247278125 0.9983337156250001 0.379383184375 1 0.419127040625 1
0 1 0.5367946734375 0.9961490421875 0.524860715625 0.89335121875 0.588477971875 0.886466790625 0.5957501171875 0.9174551171875001 0.7091396546875 0.9384172359375 0.69135950625 0.9462720546875 0.6792478562500001 0.9507249812499999 0.6673946749999999 0.9504215484375 0.6551810546875 0.9565609343749999 0.6472677453125 0.9657184875 0.6513780671875 0.96737223125 0.671653759375 0.9724436328125 0.675377128125 0.9853309859375001 0.667011959375 0.9809194859374999 0.6543925296875 1 0.6388774734375 1 0.6191232140625 0.9989883531249999 0.6096330890625 1 0.6089061421874999 1 0.5367946734375
0 0.7542308546875 0.9842442484375 0.7435014765625 0.947536078125 0.71117681875 0.9733911609374999 0.7119316390625 0.98720450625 0.7542308546875 0.9842442484375
0 0.629788459375 0.7759068421875 0.6535898718750001 0.847894965625 0.6617356937500001 0.8553387203125 0.702348415625 0.8326760234374999 0.693338925 0.8148930812499999 0.692261078125 0.8074236859375 0.6830800125 0.787287346875 0.6752286328125 0.7604715203125 0.67098290625 0.7546308328125 0.64955900625 0.7580061687499999 0.630262296875 0.77022525625 0.629788459375 0.7759068421875
0 0.7670841109375 0.7907680906250001 0.7868658203125001 0.7732540734375 0.7669983890625 0.7077809796875 0.724237375 0.728085878125 0.7303841203125 0.7457429015625 0.725991996875 0.7495983875000001 0.7345818140625 0.772977559375 0.7434838906250001 0.766461434375 0.75249045 0.79495008125 0.7670841109375 0.7907680906250001
0 0.81821536875 0.55658308125 0.78786498125 0.5719207609375 0.7619521609375 0.59545110625 0.79416108125 0.6838368984375001 0.8018170031249999 0.6795286953125 0.8089548296875 0.6861049890625 0.822773284375 0.67616569375 0.8372619765625 0.657207265625 0.835686353125 0.6436348859375001 0.8459284296874999 0.6363112828124999 0.867467321875 0.6168594546875 0.8431573468750001 0.550127128125 0.81821536875 0.55658308125
0 0.8431573468750001 0.550127128125 0.8373661515625 0.5378285578125 0.833731103125 0.5292330734374999 0.827094015625 0.5080622578125 0.8219453640625 0.4851559609375 0.8153789328125001 0.4770918875 0.7401592906250001 0.5266054375 0.7619521609375 0.59545110625 0.78786498125 0.5719207609375 0.81821536875 0.55658308125 0.8431573468750001 0.550127128125
0 0.7754934734375001 0.3762743796875 0.77385168125 0.3678860546875 0.7674096859375 0.364095471875 0.7634761218749999 0.35633653593750003 0.743446425 0.3478280546875 0.71349743125 0.385323515625 0.7278755218749999 0.42870942031250003 0.7113092359375 0.4454274515625 0.733061190625 0.5095247796875 0.7864376328125 0.4817274125 0.7981863671875 0.46389874062500003 0.7939494 0.43493356250000004 0.7913083703125 0.40255328125 0.7883067296874999 0.394729125 0.7838770421875 0.38088747968750003 0.7754934734375001 0.3762743796875
0 0.15578686875 0.7196832359374999 0.1548866609375 0.7558594546874999 0.188884140625 0.855682015625 0.20310071093749998 0.85786815 0.20443659531249997 0.8525136718749999 0.2143334328125 0.8477019859375 0.2113529359375 0.8224008968750001 0.2012941421875 0.79225261875 0.2025093015625 0.7854180140625 0.1916724203125 0.746229615625 0.213260075 0.733870590625 0.2016984125 0.6940396046874999 0.15578686875 0.7196832359374999
0 0.20574875625 1 0.2005708 0.9792314546875 0.2052312375 0.9804142656250001 0.1775145125 0.8829049953125001 0.16657418906250002 0.866929278125 0.1375430875 0.7720405312499999 0.1308687421875 0.7649016234375 0.080548559375 0.7882029046875 0.1202458953125 0.8894617968749999 0.0906847875 0.9062328125000001 0.0838653265625 0.8970649203125 0.05133035312499999 0.8836200484375001 0.035209471874999995 0.8753226906249999 0.0453785109375 1 0.08494113125 1 0.08390881875 0.9970206515625 0.080826590625 0.977966459375 0.0869998734375 0.97296675 0.1035756578125 0.9586134609375 0.1149534375 0.9674623468749999 0.123867840625 0.98357984375 0.1327372421875 0.980410203125 0.146463440625 0.9870759859374999 0.15069726562500002 1 0.20574875625 1
0 0.034812878125 0.15251984999999998 0.0493982546875 0.152233203125 0.072179146875 0.13601825625 0.0497764359375 0.0674395734375 0.029635065625000002 0.071051415625 0.022068034375 0.07669923437500001 0.01006751875 0.0906915453125 0.034812878125 0.15251984999999998
0 0.2024184984375 0.12107166875 0.16059893125 0.13668182812500002 0.175328084375 0.1681345703125 0.20759732187500002 0.14709574375 0.210162815625 0.14132895 0.2024184984375 0.12107166875
0 0.123547915625 0.0925988203125 0.103019578125 0.089467790625 0.1045583453125 0.120824075 0.10939982343750002 0.1367168265625 0.12486253750000001 0.13969257968749998 0.1404410328125 0.138092553125 0.1497082015625 0.12730946406250002 0.14135739375 0.09337119687499999 0.123547915625 0.0925988203125
0 0.16445475468749998 0.0248300921875 0.163887540625 0.02230046875 0.1200027671875 0.025371690625 0.13464713281250001 0.06955461562500001 0.1780713 0.0573802703125 0.1740749546875 0.0308656140625 0.16445475468749998 0.0248300921875
0 0.7386391890625 0.23093416875 0.7422303640625 0.253480459375 0.719402734375 0.2743683140625 0.71036955625 0.292516725 0.7247167343750001 0.3072956203125 0.769625253125 0.2778478125 0.7788006546874999 0.261443109375 0.7640624390624999 0.220386640625 0.7386391890625 0.23093416875
0 0.8863738890624999 0.435235303125 0.90067193125 0.430176778125 0.9107903437499999 0.436075475 0.9445264921875 0.421031025 0.944522834375 0.40225077656249997 0.9391041984375 0.379281809375 0.9417937249999999 0.3750356921875 0.9347332703125 0.350672659375 0.91536935625 0.3058616265625 0.9076113749999999 0.2916819484375 0.8889435828125001 0.28638156875 0.8617325484375 0.3009897578125 0.82313125 0.331076909375 0.8028116359374999 0.3492403140625 0.8099170890625 0.3928904875 0.8310641750000001 0.4533189078125 0.8831758796875 0.42075689218749995 0.8863738890624999 0.435235303125
0 0.978388221875 0.9331165734375 0.9621428328125001 0.9327853046874999 0.9586974640625 0.9527449328125 0.9654838296875001 0.9675023953125 0.9671012515624999 0.969346778125 0.9905603234375 0.9677050234375001 0.9872815390625 0.9487257609374999 0.978388221875 0.9331165734375
0 0.27223110781250004 0.040737640625 0.2779454265625 0.0445995390625 0.2879066890625 0.061561389062500006 0.2950845734375 0.0823680953125 0.3033403875 0.08666387343750001 0.31664661875 0.063200125 0.32293644375 0.073118784375 0.340474728125 0.0645708671875 0.33815905 0.0434238875 0.33989436562500003 0.027478695312500002 0.347922421875 0.0147431796875 0.3473170859375 0.009463379687499999 0.2719329359375 0.014739046875 0.26717257031249997 0.0234326796875 0.27223110781250004 0.040737640625
0 0.3643152421875 1 0.3631044421875 0.993264459375 0.3517523375 0.9722400953125 0.3380336328125 0.9501782593750001 0.32093110468749997 0.9655675921875 0.3236701984375 0.9749190875 0.3295416328125 0.9777096375 0.338390721875 0.9905282937500001 0.33379188437499996 0.9908501390625 0.3334052890625 0.995852703125 0.331043471875 1 0.3643152421875 1
0 0.0992202703125 0.48704025 0.09702601718750001 0.5048527859374999 0.11234640625 0.5360602375 0.12414753125 0.554096421875 0.1384947203125 0.5658777765624999 0.1396921296875 0.550581971875 0.15032085 0.524267284375 0.1476235453125 0.506185334375 0.13272821562499998 0.46520103281249997 0.1149232640625 0.470729290625 0.103978728125 0.47818361718749997 0.0992202703125 0.48704025
0 0.2967906828125 1 0.280065034375 0.9583949703125001 0.2565701234375 0.9706019921875001 0.242674128125 0.9246334203125001 0.2456737609375 0.914696784375 0.2297468625 0.8748042484375 0.227859490625 0.98655900625 0.2282669796875 1 0.2967906828125 1
0 0.5747299031249999 0.489059859375 0.548243640625 0.5073081765625 0.5504084265625 0.522858075 0.5763102078125 0.5866241999999999 0.6032268953125001 0.5624118578124999 0.5747299031249999 0.489059859375
0 0.4991269171875 0.5606025890625 0.5169511390625 0.6035230125 0.5365749046875 0.587569796875 0.5195751375000001 0.5352727921875 0.5105941109375001 0.536574234375 0.504139684375 0.5411246171874999 0.4995234578125 0.5487274171875 0.4991269171875 0.5606025890625
0 0.4700639125 0.609210546875 0.4748954703125 0.6249816421875 0.4876227703125 0.630391890625 0.5066577734375 0.61621315 0.5087238484375 0.6013255562500001 0.49222059218750003 0.5628599734375 0.48310020781249996 0.5716956046874999 0.47805603281250003 0.5867916171875 0.4687574546875 0.5931927499999999 0.47314869374999996 0.6068127796875 0.4700639125 0.609210546875
0 0.5500448546875 0.8134205734375 0.5346713750000001 0.8325224890625 0.528257475 0.8340724953124999 0.52462858125 0.8397913625 0.54611306875 0.8923658624999999 0.5532670640624999 0.8864002953125001 0.5574354687499999 0.894040840625 0.5660513734375 0.9059989859375 0.5778719984375 0.9035404203124999 0.5927079546875 0.89483496875 0.604105646875 0.8839435578125 0.569563590625 0.80167534375 0.5500448546875 0.8134205734375
0 0.5237403578125 0.6305559140625 0.5209247171875 0.6385017046875 0.5447352515625 0.7031074937499999 0.5492708171875 0.7062566203125 0.5615008031250001 0.6913306343750001 0.548613596875 0.6557318765625 0.54540934375 0.653916978125 0.532100415625 0.6181438171875 0.5237403578125 0.6305559140625
0 0.6024698640625 0.6855271015625 0.6224562406249999 0.6657760953125 0.62095136875 0.6373334125000001 0.61030914375 0.6217650531250001 0.5850967375 0.6373956828125 0.5902400484375 0.650494078125 0.5955652687499999 0.665822796875 0.6024698640625 0.6855271015625
0 0.498488459375 0.9567099609374999 0.5120778625 0.9464604328125 0.5104555109375 0.9355626015625 0.49233653281249995 0.8812843859375 0.4848844234375 0.8918384953125 0.4737906734375 0.8877209359375 0.459030378125 0.8956054359375001 0.45429221406250003 0.894468846875 0.445078796875 0.9044121281249999 0.44474139218750003 0.91226605 0.464135534375 0.9432087953125 0.4709227796875 0.9424891000000001 0.47607764843749995 0.960725325 0.4811730234375 0.9662414625 0.498488459375 0.9567099609374999
0 0.4466100609375 1 0.4389313203125 0.9819219453124999 0.4452124984375 0.980992971875 0.44119873125 0.9707518937499999 0.43544346406249995 0.9721334562499999 0.4351607046875 0.9596736937499999 0.42893417031250003 0.9402889812499999 0.4086418734375 0.9492947234375 0.41635184687500004 0.977874109375 0.42433822968749996 1 0.4466100609375 1
0 0.3750946484375 0.8477481625 0.37294095625 0.8525685234375 0.39356710625 0.9086084609375 0.4048800234375 0.90192361875 0.40943507187500006 0.8905730765625 0.3905445796875 0.8403251859375 0.3750946484375 0.8477481625
0 0.378116709375 0.9312638671875 0.3876170734375 0.9183437484375 0.3769397796875 0.8806123625 0.3725547234375 0.87331324375 0.36231472187499997 0.8774148546875 0.35849812187499996 0.8823311984375 0.37210428281249996 0.9299921515625 0.378116709375 0.9312638671875
0 0.39977514531249997 0.27677384531250004 0.430298453125 0.355734415625 0.46277445312500004 0.324240709375 0.46908490468749997 0.3479017453125 0.47805106249999996 0.3414219203125 0.48021557968749995 0.31425179999999997 0.4890230125 0.296832884375 0.5068573171875 0.2919143171875 0.5231953375 0.2863867640625 0.5443406171875 0.2681044015625 0.5806199640624999 0.238526403125 0.5942213046875 0.2441609625 0.607187634375 0.2330170328125 0.6132219421875 0.244299409375 0.6258740328125 0.23829572031250001 0.6379968359375 0.252781675 0.6579997328125 0.2382293265625 0.64877195625 0.214772453125 0.6552148296875 0.2040850609375 0.675992390625 0.109849975 0.6651820125000001 0.05799664375 0.6509060046874999 0.026104359375000004 0.4191701484375 0.1745809015625 0.39977514531249997 0.27677384531250004
0 0.404652409375 0.84292675625 0.3998633640625 0.8489103374999999 0.41646499062500003 0.89707535625 0.43690115 0.8928311390625 0.4255222359375 0.8527426671875 0.417476071875 0.8402756453125001 0.404652409375 0.84292675625
0 0.453862628125 0.7732922671875 0.438531509375 0.7354583546875 0.3869110453125 0.7500619265624999 0.3930536703125 0.76317195 0.3847068453125 0.7747470734374999 0.39256980937499997 0.7987072890625 0.3994194640625 0.8049978781249999 0.4029474171875 0.8170266171874999 0.42029839375 0.8124273546874999 0.426225584375 0.8331380656249999 0.44591755937500005 0.82076896875 0.443083815625 0.8015138609375001 0.45526830937499996 0.79052660625 0.453862628125 0.7732922671875
0 0.3142977359375 0.8215381671875001 0.3099655515625 0.8288763921875001 0.3154967 0.8362380437500001 0.3231429859375 0.86953230625 0.353695971875 0.8511829078125001 0.353553421875 0.823705240625 0.34006787968749996 0.809498178125 0.338241675 0.8043446046874999 0.33022896875 0.8010309921875001 0.30850860468749997 0.8110135062499999 0.3142977359375 0.8215381671875001
0 0.28250553749999996 0.744256928125 0.3055148171875 0.8035354546875 0.31308021406250003 0.7928714609374999 0.3425172875 0.7755789484375 0.332437425 0.739926459375 0.3061813125 0.6770619609375 0.2738621078125 0.6797520015625 0.23856928125 0.702939615625 0.2413819546875 0.7166905109374999 0.2551196234375 0.7554719890625 0.2778186375 0.7437488875 0.28250553749999996 0.744256928125
0 0.3706514015625 0.68535591875 0.3607853203125 0.64208246875 0.3458286359375 0.650306975 0.3364135109375 0.6437881 0.3153629328125 0.6549880078125 0.3423507765625 0.7423117921875 0.3653363203125 0.7288557578125 0.3720227 0.7229025250000001 0.371405853125 0.7153396937500001 0.36631423281250003 0.699627578125 0.3706514015625 0.68535591875
0 0.3931931640625 0.71567055625 0.39808547031249997 0.7394308390625 0.4187172 0.733337709375 0.4173367234375 0.7211586796875 0.4316691171875 0.7057796890625 0.39918447343749996 0.602772146875 0.36175080625 0.6201960718749999 0.38267127031250003 0.6948327859375001 0.37110160625 0.6986196234375 0.381189375 0.7186313328125 0.3931931640625 0.71567055625
0 0.20744153125000003 0.7407214843750001 0.22902441875 0.7940027984375 0.22715996718749998 0.72767761875 0.20744153125000003 0.7407214843750001