0 0.649222290625 0.31087906875 0.6413689203125 0.1981424390625 0.5935436203125 0.232370846875 0.613531025 0.320318375 0.649222290625 0.31087906875
0 0.025375621874999997 0.20904066718749997 0.0334442234375 0.24231255625 0.062050799999999996 0.22288937031249997 0.05533346875 0.2505161234375 0.08811344843749999 0.314941390625 0.11463557499999999 0.3163972390625 0.1344048046875 0.3094556953125 0.1375337359375 0.2978772421875 0.1628720328125 0.2534802140625 0.1216050921875 0.0634958765625 0.10108335937499999 0.0768873359375 0.0791014828125 0.0111741578125 0.04677725 0.0256017296875 0.0366175265625 0.11268337343749998 0.05033934531249999 0.1751200046875 0.0275656140625 0.1902696671875 0.025375621874999997 0.20904066718749997
0 0 0.9513011359375 0.051419832812499996 0.956412678125 0.0357940265625 0.9101184 0 0.937021146875 0 0.9513011359375
0 0.0916030984375 0.3513088984375 0.07771960156249999 0.3086883828125 0.0666685375 0.30930903125000003 0.026206103125 0.32384595156249996 0.0302579453125 0.35964794375000003 0.0508534671875 0.3771682140625 0.068191059375 0.3579297453125 0.0916030984375 0.3513088984375
0 0.100540784375 0.31563821875000003 0.1316740109375 0.409064259375 0.1596358515625 0.37319268125 0.1344048046875 0.3094556953125 0.11463557499999999 0.3163972390625 0.100540784375 0.31563821875000003
0 0.1628821203125 0.23974823125000003 0.2716844234375 0.1680832796875 0.254894425 0.135489109375 0.16310190468750002 0.20596580625 0.15667655 0.2222292109375 0.1628821203125 0.23974823125000003
0 0.32751705625 0.1366393515625 0.3479679203125 0.120133834375 0.3672097328125 0.11842178125 0.345385525 0.0497622578125 0.30949704218749996 0.0750691390625 0.32751705625 0.1366393515625
0 0.2736599296875 0 0.292339415625 0.0651196 0.3798304140625 0 0.2736599296875 0
0 0.07806808750000001 0.546181471875 0.0759212578125 0.5512914046875 0.0829435671875 0.5837845515625 0.09400391875 0.5859197093749999 0.1549342078125 0.5311621171875001 0.1309822859375 0.4499044671875 0.11312311562499999 0.4661704953125 0.1203893546875 0.509686709375 0.07806808750000001 0.546181471875
0 0 0.474359028125 0.0314152234375 0.4548167890625 0.040660012499999995 0.4390200796875 0.025671253124999998 0.35589855625 0.007305060937500001 0.363928165625 0 0.426541746875 0 0.474359028125
0 0.19634579218749998 0.8508681609375 0.178781790625 0.807363940625 0.14078841875 0.8375985015625 0.10048577656249999 0.8567911078125 0.0918886484375 0.84665688125 0.0782251859375 0.853542559375 0.09056784375 0.9109649781250001 0.1050891875 0.8922958 0.1355553859375 0.9046039890625 0.154760575 0.8766236984375 0.19634579218749998 0.8508681609375
0 0.6551021546875 0.4848347546875 0.695523959375 0.6125948718750001 0.7297885203125001 0.5939412703125 0.6608811890624999 0.3718583640625 0.63174215 0.3993897 0.6551021546875 0.4848347546875
0 0.69445218125 0.2592005328125 0.6996873265625 0.2715690140625 0.6786482625 0.284432640625 0.692408071875 0.320847553125 0.7140371921875001 0.3124959640625 0.7626407421875 0.27886275625 0.7602624609374999 0.259197165625 0.7820136843750001 0.24058386718749997 0.7687648359375 0.2042197484375 0.69445218125 0.2592005328125
0 0.8531190656250001 0.501598625 0.895974121875 0.4651362109375 0.9151793078124999 0.4371559203125 0.905359859375 0.4178277140625 0.8974475515625 0.4039502953125 0.8865307984375 0.41369819375 0.8755912203125 0.38837603125000003 0.844615115625 0.41570403437500003 0.8585811640625 0.46417393437500004 0.8461628515624999 0.48183007812499995 0.8531190656250001 0.501598625
0 0.7752684640624999 0.40986680625 0.759833240625 0.377179465625 0.743518628125 0.3963332046875 0.7140371921875001 0.3124959640625 0.682866528125 0.3257195125 0.6716795609374999 0.34540369531250004 0.686221334375 0.39212876093750004 0.7015278296874999 0.3943753203125 0.740139384375 0.47615815 0.7528512562499999 0.5449475031250001 0.8585811640625 0.46417393437500004 0.7889906046874999 0.2479471453125 0.7602624609374999 0.259197165625 0.7970942796875 0.368994015625 0.7699199812499999 0.39226728125 0.7752684640624999 0.40986680625
0 0.67346775 0.6715689874999999 0.6736676234375001 0.657628021875 0.6966236515625 0.6201817265625 0.66575453125 0.5326438359375001 0.6065511515625001 0.5929792953125 0.6359213687499999 0.6871621796875 0.67346775 0.6715689874999999
0 0.22628377031250002 0.9646402265624999 0.231433775 0.9743075015624999 0.3157721171875 0.9826914046875 0.320382103125 0.9739943515625 0.285110496875 0.91019135625 0.26017195000000004 0.91235206875 0.22628377031250002 0.9646402265624999
0 0.182970590625 0.8861184281250001 0.1155918578125 0.93447666875 0.10793170625 0.9473238937499999 0.11037623125 0.9622734156250001 0.2310742296875 0.9742717593749999 0.182970590625 0.8861184281250001
0 0.210108015625 0.6703518468749999 0.1763862671875 0.6914414515625 0.20213676875000003 0.7617133703125 0.24515559531250003 0.7272142953125 0.2599548484375 0.702441578125 0.24602808125000003 0.678976659375 0.21815224375 0.68859219375 0.210108015625 0.6703518468749999
0 0.28731495156250003 0.6593226296875 0.28910424218749997 0.6439861609374999 0.28225791875 0.60573146875 0.20452993125000002 0.65436585625 0.21815224375 0.68859219375 0.28731495156250003 0.6593226296875
0 0.34917504374999997 0.7073545171875 0.383984009375 0.672515725 0.36213485156249997 0.59946248125 0.3242059796875 0.6275492609375 0.304572375 0.7283152875 0.34917504374999997 0.7073545171875
0 0.3000427359375 0.8529118171875 0.3517534375 0.9431015046875 0.43928495468750006 0.854387703125 0.40883840625 0.74054436875 0.39812258906250003 0.7265953953125 0.359224353125 0.7557250515625 0.3546347421875 0.7465070359375 0.2771278625 0.7934234765625 0.3000427359375 0.8529118171875
0 0.10995279375 0 0.1316153921875 0.045745351562499995 0.21183256718750001 0 0.10995279375 0
0 0.31523754843749996 0.297003925 0.28045884375 0.32254540781249996 0.2912349109375 0.3558259765625 0.324151865625 0.3308243875 0.31523754843749996 0.297003925
0 0.2490543421875 0.23605210312499997 0.1841534359375 0.2718557765625 0.1997078359375 0.34144553593750004 0.26827305468749996 0.296208684375 0.2490543421875 0.23605210312499997
0 0.0969037921875 0.490532775 0.1298449046875 0.44334953437499997 0.11117722968749999 0.3933558703125 0.0506005015625 0.42753877500000004 0.050745159375 0.4615645609375 0.0643982640625 0.48560296562499994 0.0969037921875 0.490532775
0 0 0.553261428125 0.0062122890625 0.579926690625 0.0759212578125 0.5512914046875 0.0726142265625 0.517966209375 0.0537387203125 0.46815901875000004 0 0.504170909375 0 0.553261428125
0 0.0875899828125 0.5854271078125 0.023308328125 0.6373659390624999 0.04769370625 0.7099463359375 0.110085471875 0.649927825 0.0875899828125 0.5854271078125
0 0.5522513953125 0.6357401265625 0.5528587015624999 0.679091509375 0.5839815749999999 0.7827075156250001 0.6112867296875 0.7735530859375 0.6389823421874999 0.7433305125 0.63151039375 0.6884636203125 0.59769814375 0.5990382249999999 0.5829628625 0.6113892609375 0.5522513953125 0.6357401265625
0 0.485697103125 0.6550572796874999 0.5211972546875 0.6600155015625 0.5829628625 0.6113892609375 0.5614101953125 0.5265795640625 0.527183328125 0.54739110625 0.4417973125 0.6116899515625 0.443926615625 0.6455401875 0.4610152296875 0.66441034375 0.485697103125 0.6550572796874999
0 0.527183328125 0.54739110625 0.5659753875 0.5225385703125001 0.5665296140625 0.5177881546875 0.5514912171875 0.443775596875 0.4874529671875 0.48689400312500003 0.505456259375 0.5502024796875 0.527183328125 0.54739110625
0 0.4275599953125 0.5238997609375 0.46124458281249997 0.4997615921875 0.49819559687500004 0.47420820781249995 0.48019761875 0.38444924375 0.43326046093750004 0.41035629843750004 0.39878355 0.4646779828125 0.4275599953125 0.5238997609375
0 0.3979652234375 0.41888215625 0.4589276296875 0.366861925 0.436202009375 0.296890703125 0.367521325 0.35640832499999997 0.3771095765625 0.3975661875 0.3907510046875 0.401325009375 0.3979652234375 0.41888215625
0 0.5677052390624999 0.3469780234375 0.5547289953125001 0.27194836875 0.524130078125 0.2590055859375 0.45827413906250003 0.3068938015625 0.492547178125 0.3983949171875 0.5677052390624999 0.3469780234375
0 0.4442584703125 0 0.44662614375 0.07215085624999999 0.4774952640625 0.1549039546875 0.43357635156249996 0.20101662656250002 0.44857334531250004 0.2376373765625 0.57612030625 0.13945843125 0.5572572828125 0.0089116390625 0.5549357125000001 0 0.4442584703125 0
0 0.265604090625 0.5448563296875 0.2796733921875 0.5899602078124999 0.3203776359375 0.5692747328125 0.3355851265625 0.551813003125 0.3482571953125 0.5279059234375 0.32440056093749997 0.46780612968749996 0.340996534375 0.44553192187499996 0.3220910328125 0.3958046046875 0.32160821093749997 0.378854471875 0.3053843765625 0.390850396875 0.2997513453125 0.3721454890625 0.28132149375000004 0.3888726234375 0.282085940625 0.4094341703125 0.27104283749999997 0.43816369843749997 0.221249878125 0.483941003125 0.24751744375 0.5480088750000001 0.265604090625 0.5448563296875
0 0.282085940625 0.4094341703125 0.28001848125 0.3683196796875 0.2660654390625 0.329130675 0.185551459375 0.3929610234375 0.2064431984375 0.46376489843749996 0.282085940625 0.4094341703125
0 0 0.93105798125 0.0179430875 0.9101873656249999 0.0012988171875 0.8332810015625001 0 0.8315052093749999 0 0.93105798125
0 0.905359859375 0.4178277140625 0.975224375 0.3754541921875 0.9551199125000001 0.315623828125 0.9480267421875 0.20983961875 0.89560791875 0.03366034375 0.76805233125 0.0209803015625 0.879283140625 0.353364546875 0.905359859375 0.4178277140625
0 0.97788033125 0.15580401875 0.9511501000000001 0.20841017812499998 0.9551199125000001 0.315623828125 0.9950040609374999 0.423532134375 0.997685940625 0.193051915625 0.98401423125 0.19148156875 0.97788033125 0.15580401875
0 0.8904467015625 0.7189680390625 0.8995279671875 0.8546736140625001 0.876449575 0.8797004156250001 0.8558373234375001 0.92931061875 0.811598034375 0.94272640625 0.8187154281250001 0.99516915625 0.9385659687500001 0.9944718859374999 0.9781350484375 0.6553149859375 0.9269231203125001 0.71130528125 0.9114698421874999 0.6913548875 0.8904467015625 0.7189680390625