0 0.16339920624999998 0.540162584375 0.18751964375000002 0.4141956875 0.1737921953125 0.36444230625 0.09514449375 0.3419910484375 0.070362040625 0.41011439687499995 0.047957978125 0.433967975 0.035807084375 0.4975474078125 0.16339920624999998 0.540162584375
0 0.16339920624999998 0.540162584375 0.035807084375 0.4975474078125 0.0234131890625 0.509334590625 0.008533246875 0.611097934375 0.0423469375 0.6186770265625 0.062489134375 0.6029658640625 0.11844196250000001 0.615543346875 0.1518040453125 0.6086173984375 0.165336659375 0.5704857421875 0.16339920624999998 0.540162584375
0 0.051187174999999994 0.697698753125 0.06660907499999999 0.7259830421875 0.1211741953125 0.7311825484375001 0.1328256734375 0.6711629718750001 0.07655477968749999 0.660953378125 0.05755094375000001 0.6683479515624999 0.051187174999999994 0.697698753125
0 0 0.928445803125 0.018555596875 0.8155596968750001 0 0.8126730203125 0 0.928445803125
0 0.233014515625 0.97094099375 0.2504880265625 0.8836781765625 0.1840211484375 0.8692093203125 0.1613732421875 0.9625493593750001 0.233014515625 0.97094099375
0 0.45778264062499996 0.9972690015625 0.4616349921875 0.9972465890625 0.4732309296875 0.9332457125 0.40209753125000003 0.9188900671875 0.3868668921875 0.9889623515625001 0.45778264062499996 0.9972690015625
0 0.6357622187499999 0.96762975625 0.63029120625 0.9962653765624999 0.695419284375 0.995886471875 0.6938132796875001 0.9824537531249999 0.6357622187499999 0.96762975625
0 0.6433475875 0.596508603125 0.7082281390625 0.6140907359375001 0.731801940625 0.58690480625 0.7625395234375001 0.450730228125 0.7792789578125 0.40026738125000005 0.796735259375 0.3074685890625 0.8206383859375 0.2778309546875 0.8319963078124999 0.2117747765625 0.8260516687499999 0.1262173453125 0.825780559375 0.09123651875 0.850810028125 0.0717132265625 0.8511621890625 0.034464115625 0.7410757765625 0.0215692453125 0.658238278125 0.4484954046875 0.6433475875 0.596508603125
0 0.6920566015625 0.7118715890625 0.6986149453125 0.8304918062500001 0.7506733718749999 0.8677926296875 0.8528390187499999 0.8797597093749999 0.8822388828125 0.7895944125 0.87802395 0.6279135453125 0.7531666421875001 0.604625725 0.721047059375 0.5991393875 0.6920566015625 0.7118715890625
0 0.057592325 0 0.046349545312500004 0.08369855625 0.1593887296875 0.1193887390625 0.17659273749999999 0 0.057592325 0
0 0.1249011765625 0.3117832828125 0.14640049375 0.2911866703125 0.14461850468749998 0.1970922203125 0.0349128265625 0.168840915625 0.019581778124999998 0.282975203125 0.1249011765625 0.3117832828125
0 0.6153369718749999 0.33021562968749996 0.576753809375 0.317033453125 0.5863674296875 0.2777190765625 0.6175858734374999 0.281375821875 0.63049 0.24966230312499998 0.64074 0.1410990078125 0.500671925 0.100130003125 0.4849656015625 0.18496054687500002 0.5211084625 0.2484074546875 0.5140406515625 0.3010248328125 0.4697909109375 0.287178909375 0.45695074375000005 0.32901003125 0.31140749687499997 0.2859523546875 0.2950023390625 0.3865792453125 0.3423692765625 0.40947435624999995 0.3259218203125 0.47831860312499996 0.275601790625 0.46665632500000004 0.253912859375 0.56376961875 0.2599189171875 0.604913590625 0.38475011875 0.641203153125 0.4100061015625 0.506940625 0.374819978125 0.48981433125 0.3724836671875 0.47510980781249995 0.39616765 0.44900100781249996 0.419088840625 0.428570946875 0.43330830625 0.40856895781249997 0.44706009843750005 0.3812967609375 0.48271464843749995 0.3840257796875 0.519620578125 0.388348721875 0.5405879875 0.40380952031249995 0.555146934375 0.42428775781250005 0.589442821875 0.45863531718750006 0.6153369718749999 0.33021562968749996