0 0.450633309375 0.5176637296875 0.460903090625 0.44535427656250004 0.4446028828125 0.4451645671875 0.351982465625 0.43625880468749995 0.3459394703125 0.464259865625 0.3885371703125 0.4741055203125 0.379922884375 0.50983923125 0.450633309375 0.5176637296875
0 0.26524122656250004 0.3503392890625 0.3476585171875 0.3567562171875 0.362782496875 0.30940004062500004 0.2740548171875 0.3060407921875 0.26524122656250004 0.3503392890625
0 0.279044140625 0.42608177812500003 0.35359024687499996 0.43629926093750004 0.45853463124999994 0.4453049671875 0.4635102875 0.3323814984375 0.362782496875 0.30940004062500004 0.3476585171875 0.3567562171875 0.28234910156250004 0.3513211796875 0.279044140625 0.42608177812500003
0 0.3871580125 0.9855280703125 0.3799859203125 0.9854445999999999 0.3687041328125 0.9863352624999999 0.3624816890625 0.989350478125 0.3523407640625 0.9851228531249999 0.3534811203125 0.9800263062499999 0.3597511140625 0.974967715625 0.3659993765625 0.9699088703125 0.3681591703125 0.9658461515625 0.3744787546875 0.9577222453124999 0.31116180625 0.9498098468749999 0.30633247343750003 0.9949809796875 0.48981876562500004 0.9971164703125 0.58175676875 0.9965815906250001 0.5861325015625 0.9755585078125 0.52493034375 0.964583084375 0.510443003125 0.9705680015624999 0.5011323437499999 0.974569240625 0.488710203125 0.9805564515625 0.48358106875000006 0.98049675625 0.48474520156249995 0.9743785203125 0.484864584375 0.9692483453125 0.48493591093750005 0.966183284375 0.4851028421875 0.9590097359374999 0.42169283281250003 0.95416214375 0.40907947812499995 0.9683663265625 0.389272296875 0.9824867875000001 0.3871580125 0.9855280703125
0 0.589327565625 0 0.5960960359375 0.016767856249999998 0.59539593125 0.046853284375 0.5826369812500001 0.0626430796875 0.5657587765625001 0.10317299531249999 0.5599200734374999 0.126131846875 0.564481490625 0.1580615140625 0.562040203125 0.1863654203125 0.5759636625 0.197138496875 0.5738516875 0.21129095000000003 0.570124959375 0.22009735 0.5557487625 0.22877980625 0.5325679578125 0.235598534375 0.5252576765625 0.24612448593749997 0.5212203718749999 0.26734304375 0.6693430828125 0.29207201875 0.718400215625 0 0.589327565625 0
0 0.9989269171874999 0.17862934375 0.9999496671875001 0.0028335390625000003 0.9058555046875 0.0017384312499999998 0.8266624203124999 0.302752740625 0.9715718656250001 0.3132890296875 0.9989269171874999 0.17862934375
0 0.49771699687500004 0.2534578125 0.4693489765625 0.2580417796875 0.4432436390625 0.2700232640625 0.7884075687500001 0.3884134140625 0.807108309375 0.3246822109375 0.6693430828125 0.29207201875 0.5212203718749999 0.26734304375 0.49771699687500004 0.2534578125
0 0.008650196875 0 0.003783025 0.20915609062499999 0.0608492828125 0.215692259375 0.10541658281249999 0 0.008650196875 0
0 0.2567219671875 0 0.1992870625 0.23154572031249998 0.3610479140625 0.25408507812500003 0.4252302015625 0 0.2567219671875 0
0 0.8719122484374999 0.670403621875 0.7174391640625 0.6513846203125 0.7194660984375 0.6698470484375 0.6960953640625 0.6708144546875 0.6566188687500001 0.8351303921875 0.8111278859375 0.8516710078124999 0.8517572 0.6910649515625 0.8678168968750001 0.6875771390625001 0.8719122484374999 0.670403621875
0 0.939095659375 0.42341362968749996 0.788902959375 0.41103284999999995 0.71777575625 0.6528018921875 0.9419271234375 0.681959978125 0.9427506546875 0.6465704718749999 0.8809337953125 0.6405237625 0.939095659375 0.42341362968749996
0 0.4401904109375 0.8113459609375001 0.5260405625 0.8197163046875 0.631233478125 0.42006978593750005 0.5184610359375 0.4064719796875 0.42849014218750003 0.785378015625 0.4401904109375 0.8113459609375001
0 0 0.738540321875 0.029108971875 0.742612771875 0.0293715109375 0.731330734375 0.0732823875 0.737995315625 0.08587739062500001 0.6797377484375 0 0.6633959375 0 0.738540321875