0 0.3092393171875 0.3810067296875 0.5367941578125001 0.6052488640625 0.5804745203125 0.549832784375 0.5881161765625 0.488455703125 0.3522765671875 0.229472484375 0.30278426718749996 0.328796259375 0.3092393171875 0.3810067296875
0 0.6487907703125 1 0.61563108125 0.8342072593750001 0.43645823124999994 0.9211211531249999 0.4422468984375 1 0.6487907703125 1
0 0.9174154078125 1 0.9378777968750001 0.98789904375 0.9603839828125 0.8280210953125 0.9136554640625001 0.5293272109375 0.832851140625 0.5605876000000001 0.9050564421875 1 0.9174154078125 1
0 0.10334199531249999 0.8124176515625001 0.323416225 0.687824340625 0.32330460781250003 0.5664980234375 0.3084507359375 0.44535533281250006 0.10561104375000001 0.52600225625 0.101313184375 0.521685971875 0.072852821875 0.5320473 0.06704215625 0.5471122609375 0.0097883171875 0.5788359921875 0.0168300984375 0.65956695 0.020825009375000002 0.8231558515625 0.0683211265625 0.8083234828125001 0.0764061484375 0.820583925 0.10334199531249999 0.8124176515625001
0 0.6145652968750001 0.60139466875 0.530739734375 0.6599763890625 0.4778125984375 0.6592682734374999 0.4039909171875 0.7024479890625 0.391144178125 0.762252853125 0.417124515625 0.9079723828124999 0.684295921875 0.79867246875 0.7517437484375 0.7537426734375 0.7497367265625 0.5902179109375 0.7368878265625 0.5715549421875 0.6145652968750001 0.60139466875
0 0.8297991375 0.5128822953125 0.8679649703125 0.44390667187500005 0.87630744375 0.3410079390625 0.6356472078125 0.0960701515625 0.591653709375 0.1833153265625 0.6483403 0.27465656250000003 0.6843623359375 0.32406361562499997 0.7170124640625 0.3318926671875 0.760269515625 0.373385953125 0.76241015625 0.43805029375000004 0.8297991375 0.5128822953125
0 0.1399029796875 0.0941343828125 0.1432409109375 0.0499152125 0.1699069359375 0.035185171875 0.1726217 0.0020086359375000003 0.06535663124999999 0.0007604937499999999 0.052090449999999996 0.094999915625 0.0703589484375 0.11802855000000001 0.11387331875 0.0950923890625 0.12134805625 0.10320764843750001 0.1399029796875 0.0941343828125
0 1 0.076992684375 0.9144082906250001 0.0639676046875 0.9251465218750001 0.14378750625 1 0.109972709375 1 0.076992684375
0 0.419834971875 0.004885221875 0.3067112625 0.0035689093749999997 0.32344568906250004 0.087349809375 0.4030188703125 0.052499859375 0.4081215 0.023653309375 0.419834971875 0.004885221875
0 0.7535572015625001 0.9897245296875001 0.7341412734375 0.86552555625 0.688193909375 0.8781448859375001 0.6836407999999999 0.9191236500000001 0.70305076875 0.9992663640625 0.7535572015625001 0.9897245296875001
0 0 0.93464336875 0.2830377609375 0.9777151734375 0.3266656203125 0.950765640625 0.30374649531250003 0.7752821421875 0.12887196875 0.8560240515625 0 0.9226407421875 0 0.93464336875