0 0.0993412734375 0.894957753125 0.1446341203125 0.8544251671875 0.0884830078125 0.751585075 0.0391305703125 0.7283628671875 0.0165176515625 0.6778817562499999 0.0344260203125 0.9576790265625 0.10889508750000002 0.93912495625 0.0993412734375 0.894957753125
0 0.5090634421875 0.5128416812500001 0.6624192718749999 0.46790049062500005 0.7186137953125 0.44037232812499993 0.6859855875 0.37694115 0.6187818984375 0.38978549687499997 0.13032799374999998 0.5274509093749999 0.1585876546875 0.6145911046875 0.49502071093750005 0.503311909375 0.5090634421875 0.5128416812500001
0 0.9575434015625 0.3306505125 0.8495184265625 0.37079574531250004 0.863241121875 0.3884627984375 0.8627097515625 0.41300448906250004 0.9169342640625 0.39608030625 0.9429716000000001 0.4202536890625 0.9759834703125 0.4111825859375 0.9911948859375 0.3972601671875 0.97827421875 0.37044694843750003 0.9575434015625 0.3306505125
0 0.52549754375 0.24377706406250002 0.8473474937500001 0.1542663140625 0.8645655734375 0.13885186875 0.9218008421875 0.11477508593750001 0.868299525 0.0101035796875 0.802462453125 0.0093374953125 0.792000890625 0.011445775 0.5821261390625 0.067679909375 0.5406422531249999 0.1086043296875 0.48104070937500004 0.1180445953125 0.46370643593749994 0.109638328125 0.41066365937500005 0.12302046250000001 0.4061782015625 0.11829945 0.287133715625 0.1504964015625 0.35916288281250003 0.2807025734375 0.3990236828125 0.269268384375 0.41575472968750005 0.27908837656249996 0.4291139484375 0.2582327984375 0.457999103125 0.250045659375 0.52549754375 0.24377706406250002
0 0.9182396203125001 0.03712984375 0.9576236078125 0.10561035625 0.980303696875 0.10229190937499999 0.9744822828125 0.011339128125 0.9455984828125 0.011003034375 0.9541524078125001 0.029371603125 0.9182396203125001 0.03712984375
0 0.0038827578124999997 0.3336834359375 0.026566229687499998 0.3773658171875 0.3101371421875 0.2934577875 0.27808129843749996 0.2123656890625 0.2181883734375 0.221523178125 0.1523922390625 0.243549834375 0.091835196875 0.1240938046875 0.1116736515625 0.119075021875 0.09118297187499999 0.07449106875 0.0659362671875 0.07383727031250001 0.0553895625 0.053241365625 0.0776703953125 0.0338318765625 0.0740762859375 0.0225077703125 0.000296925 0.0255177171875 0.0038827578124999997 0.3336834359375
0 0.9941981609375 0.31937661093749997 0.9753666359375 0.3250193828125 0.9905855859375 0.36573524062499996 0.9971245734374999 0.3650983734375 0.9941981609375 0.31937661093749997
0 1 0.48138380625000005 0.9759300890624999 0.48785979062499996 0.9428758125 0.507435184375 0.97411428125 0.5580211140625 1 0.5492480828125 1 0.48138380625000005
0 1 0.5565335578124999 0.9533875578125001 0.56985334375 0.9598394828125001 0.5941311859375 0.9778442203125 0.6130126640625 0.993212896875 0.6123856734374999 1 0.625874134375 1 0.5565335578124999
0 1 0.9214442640625 0.7922072359375 0.5519931296875 0.679704059375 0.5737363609374999 0.55666731875 0.6039914609375 0.76461365625 0.9961838984375 1 0.9865809343749999 1 0.9214442640625
0 0.5960615046875 1 0.5403323640625 0.9301110453125 0.4726275953125 0.8894738015625 0.3941977890625 0.7791447625 0.5588303 0.732375453125 0.6147351578125 0.7131306671875 0.5809913953125 0.6503343218750001 0.4861216609375 0.6674223375 0.220525125 0.7418203828125 0.349044259375 1 0.5960615046875 1