0 0.4861538046875 0.698052653125 0.47499943125 0.6552912890625 0.44442919999999997 0.65529380625 0.445366321875 0.68783735625 0.4861538046875 0.698052653125
0 0.4886272984375 0.7243201078125 0.43656574375 0.7302615640625 0.45373101875 0.779712359375 0.4635776515625 0.7769133234375001 0.46211245156249997 0.7478427828124999 0.4897641703125 0.7439237734375 0.4886272984375 0.7243201078125
0 0.604301334375 0.8325560203125001 0.6239045828124999 0.8288259921875 0.6153165140625 0.79725985625 0.60196748125 0.7968632296875 0.600777909375 0.7861131218749999 0.5121481375 0.7981849624999999 0.5317523343749999 0.8595269703125 0.6057016109375 0.851136275 0.604301334375 0.8325560203125001
0 0.60793101875 0.8783000796874999 0.46002602656249997 0.8951238281249999 0.477139559375 0.9681672828125001 0.5633609953125001 0.9486819140625 0.562742978125 0.9294940453124999 0.606236665625 0.931127409375 0.60793101875 0.8783000796874999
0 0.5754274328125 0.967296759375 0.5450343046875 0.966134546875 0.5464093437499999 0.995798040625 0.5531963281250001 0.9967139015625 0.5891110359375 0.9965049562500001 0.6483834546875 0.9901085484375001 0.643651984375 0.9594086203125001 0.611964528125 0.9551325984375 0.6137155515625 0.9630409312499999 0.5754274328125 0.967296759375
0 0.288053853125 0.3624502796875 0.3258767890625 0.3543064609375 0.28441957812499996 0.27944755625 0.2415506609375 0.28079442656250003 0.288053853125 0.3624502796875
0 0.3230281359375 0.1080492296875 0.32073226718750003 0.132506075 0.332335859375 0.1489189328125 0.3412334609375 0.160017625 0.3798235234375 0.1567534453125 0.3805206484375 0.1568475171875 0.3809410640625 0.14486670468750001 0.40485385 0.1452624921875 0.4094101375 0.12465494375 0.3664769421875 0.10544070624999999 0.3230281359375 0.1080492296875
0 0.32073226718750003 0.132506075 0.309279815625 0.1196362671875 0.2671501703125 0.12335209531249999 0.26410405312499996 0.14338541875 0.2739178375 0.1508689734375 0.3127525203125 0.14826453281250002 0.32073226718750003 0.132506075
0 0.25221590781250003 0.06475818125 0.24340371875 0.0238905125 0.20399471875000003 0.0200637046875 0.21328815625000003 0.051811471875 0.25221590781250003 0.06475818125
0 0.9170743546875 0.40761088125 0.924260165625 0.44726495625 0.9567917078124999 0.4404601796875 0.94502904375 0.4042514296875 0.9420292968749999 0.40384663437499996 0.9170743546875 0.40761088125
0 0.699211671875 0.48412912812500003 0.7164289562499999 0.531252909375 0.8028418765625001 0.51745556875 0.8153590703125 0.48858617187500003 0.801773884375 0.464363534375 0.699211671875 0.48412912812500003
0 0.8533515390625 0.8098228703125001 0.8508297890625001 0.7874173437499999 0.8711678781250001 0.7816901734374999 0.8530773265624999 0.7503761453125 0.7952209890625 0.7578480515625 0.8045305609375 0.8023919421875 0.8264814453125 0.813847353125 0.8533515390625 0.8098228703125001
0 0.8494700828124999 0.8296786359375 0.82433370625 0.827972328125 0.8398910109375001 0.8648876421875 0.8527402515625001 0.875093234375 0.94182591875 0.8707986 0.945865175 0.8442337390624999 0.9253856390624999 0.8204078703125001 0.8494700828124999 0.8296786359375
0 0.924810396875 0.935065134375 0.85863053125 0.938863690625 0.868466334375 0.9762603859375 0.9268666890624999 0.9691805703125 0.9300061124999999 0.948533609375 0.924810396875 0.935065134375
0 0.8633325734374999 0.6884602546874999 0.8631140374999999 0.6621080874999999 0.771821540625 0.67779710625 0.8068728265624999 0.6978063109375 0.8633325734374999 0.6884602546874999
0 0 0.8021630625 0.0069958203125000005 0.8197051328124999 0.036866529687499996 0.8237359968750001 0.0955232875 0.8053286765625 0.0820700015625 0.7602472312499999 0.022106425 0.7759064484375 0 0.769853378125 0 0.8021630625
0 0.0605152890625 0.8574857578125 0.060830003125 0.9109948125 0.09237513124999999 0.9262734390625 0.1640862421875 0.9113350234375 0.15250840937500001 0.8537775468750001 0.0605152890625 0.8574857578125
0 0.48512278125 0.5732590046875 0.48448424062499995 0.5814283890625 0.5443782374999999 0.5741666171875 0.538677546875 0.549840925 0.4836560546875 0.555966465625 0.48512278125 0.5732590046875
0 0.49816611406250005 0.7350298765625001 0.525052453125 0.7321746 0.55174205 0.715158925 0.5561561203125 0.6939270671875 0.4919664359375 0.7023596859375 0.49816611406250005 0.7350298765625001
0 0.8398096984375 0.03802475625 0.7978642140625001 0.0436024015625 0.78095291875 0.04253056875 0.8064411421875001 0.13152955 0.8244676625 0.141288375 0.750148275 0.1569337796875 0.7050662515624999 0.044522190625 0.6863129140625001 0.06010189375 0.63506905 0.0558450578125 0.6175189343749999 0.051034693750000006 0.6536817421875 0.195308125 0.678574065625 0.210812790625 0.7151297375000001 0.2108615703125 0.7582731468749999 0.2398941390625 0.9361897578124999 0.216249740625 0.8834181421875 0.0439094390625 0.8398096984375 0.03802475625
0 0.2714951921875 0 0.290310146875 0.058941782812499996 0.34184919375 0.0487804265625 0.33015191875 0 0.2714951921875 0
0 0.055852171875 0.2906812109375 0.0316036234375 0.2941950015625 0.03124116875 0.34676983125 0.0469272734375 0.3828380734375 0.13494365156250002 0.36076382812499996 0.1010381953125 0.29422863593750004 0.0844606421875 0.3030134109375 0.0626376671875 0.3017758390625 0.055852171875 0.2906812109375
0 0.1822378390625 0.5218618453125 0.2040861953125 0.595241675 0.2446611375 0.5845949078125 0.27188684531249996 0.578089878125 0.2462218765625 0.5186098218749999 0.1822378390625 0.5218618453125
0 0.5406251109375 0.535472825 0.5420093875 0.510914578125 0.4724097921875 0.48913922187500003 0.4222543671875 0.49417088593749997 0.4518100734375 0.524092915625 0.45492210625 0.5421909828125 0.5406251109375 0.535472825
0 0.47922331093750004 0.6492049671875 0.486877121875 0.660827384375 0.52961690625 0.6542331296875 0.5255200984374999 0.63481354375 0.55644130625 0.6325027484375 0.550352090625 0.59513618125 0.47831119375000003 0.5972145375 0.469980634375 0.5978409046875 0.47922331093750004 0.6492049671875
0 0.31631166718750003 0.5154685531250001 0.25587403750000004 0.5185075796875 0.2807322015625 0.58315194375 0.33272711718750003 0.5736788359375 0.31631166718750003 0.5154685531250001
0 0.43125008125 0.3383131921875 0.41964168749999997 0.29853776875000004 0.350664078125 0.2835891046875 0.3643117125 0.3469584046875 0.43125008125 0.3383131921875