0 0.7725322890624999 0.5418631703125001 0.764446659375 0.5554211890625 0.7842327265625 0.649183909375 0.9414357015625001 0.61566785625 0.9896007593749999 0.6027213546875 0.9942696281250001 0.57624288125 0.985303603125 0.5018613390625 0.7725322890624999 0.5418631703125001
0 0.6676150671875 1 0.61562271875 0.6623820203124999 0.5902900328125 0.6792969328125 0.5947570515625 0.6801671421875 0.58046614375 0.696923865625 0.55685609375 0.700108171875 0.5424651328125 0.68376333125 0.5425191015624999 0.6644136984375 0.5438958281249999 0.6410663578125 0.521708915625 0.652633271875 0.520529909375 0.709594725 0.523903875 0.740735 0.5286276765625 0.748832775 0.5443092859374999 0.8419543218750001 0.5361202546875 0.8436061890625 0.5415919390624999 0.8765610593750001 0.54679518125 0.8782834421875 0.5575752828125 0.9306460140624999 0.54745549375 0.9336498125 0.554069228125 0.981913625 0.5581495953125 1 0.6676150671875 1
0 0 0.8263968921875 0.345583628125 0.7526337078124999 0.3254297140625 0.5730521109375 0.29209090937500004 0.5837258609375 0.279904353125 0.5966226921875 0.2653255984375 0.6080038609375 0.24519505156250002 0.610955509375 0.22517664062499998 0.6051967375 0.2071552921875 0.612792515625 0.193691109375 0.6245559625 0.1767272140625 0.634381434375 0.15727294218750001 0.6417245515625 0.1361427609375 0.6422709515625 0.115526528125 0.639750246875 0.0946879140625 0.646869903125 0.078896409375 0.6569021015625001 0.0642916 0.668278675 0.045212796875 0.673644759375 0.023380285937500002 0.6697951 0.0037430546874999996 0.6618745546875 0 0.6589439453125 0 0.8263968921875
0 0.08304814687499999 0.45785104218750006 0.1878802859375 0.4430041921875 0.175977128125 0.37537730625 0.071185159375 0.3901486828125 0.08304814687499999 0.45785104218750006
0 0.23701887031250002 0 0.2502064921875 0.074756909375 0.2986986984375 0.07092414218750001 0.3063502796875 0.09456317656249999 0.339610196875 0.0905831125 0.3849916265625 0.084282428125 0.3766842765625 0.0460806375 0.37060751875000003 0 0.23701887031250002 0
0 0.38329614843750004 0.113703271875 0.347035434375 0.11824806875 0.35300959375 0.1453063015625 0.38761470625 0.14253345312500001 0.38329614843750004 0.113703271875
0 0.080450184375 0 0.075748103125 0.026666828125000003 0.09001648125 0.0264915 0.0961792296875 0.07380896406250001 0.12246593593749999 0.07555459375 0.14760275 0.065539765625 0.1394457390625 0 0.080450184375 0
0 0.0233852796875 0.32363115625 0.031354971875 0.3213950390625 0.03238828125 0.3473756796875 0.060203229687500005 0.34045420000000004 0.060515765624999995 0.314153621875 0.1074127265625 0.30260961875 0.084318234375 0.227457575 0.03886615 0.23583478125 0.0233852796875 0.32363115625
0 0.0463104421875 0.484601584375 0.044565246875 0.43523554531249997 0.0197884640625 0.4348293703125 0.0237066578125 0.4845166515625 0.0463104421875 0.484601584375
0 0.4554323328125 0.3889477578125 0.512049934375 0.3774253875 0.49863262812500003 0.2868495265625 0.4385418 0.30207297187500004 0.4554323328125 0.3889477578125
0 0.1912369859375 0.142579865625 0.22334266875000003 0.1387471390625 0.23445444843750002 0.12295711875 0.2315411921875 0.10139190468749999 0.219329421875 0.09401703593750001 0.2168070359375 0.1072557640625 0.1934753515625 0.1116036484375 0.1912369859375 0.142579865625
0 0.510674375 0 0.5240902046875 0.1180966984375 0.5856775421875 0.51151611875 0.634806959375 0.5078782656249999 0.6791238015625 0.48461055937499997 0.65240195 0.2816429203125 0.6196585 0.013385715624999999 0.543744334375 0 0.510674375 0