0 0.30899986875 0.671916403125 0.2741071109375 0.624340609375 0.24391834375000002 0.6884799875 0.27411636562499997 0.7237401765625 0.30899986875 0.671916403125
0 0.71291661875 0.3302028875 0.750411696875 0.28038029531249997 0.7277638984375 0.2480601546875 0.69225689375 0.295199253125 0.71291661875 0.3302028875
0 0.3656367390625 0.171168590625 0.335168040625 0.122361296875 0.276733771875 0.2256061109375 0.29843661718750003 0.2490679203125 0.331739846875 0.26602434218750004 0.3494140796875 0.2665385046875 0.386456703125 0.19569287500000002 0.3656367390625 0.171168590625
0 0.42828499062500003 0.1638254359375 0.41354151874999995 0.1354182453125 0.4016358609375 0.1316609328125 0.381709534375 0.1784371703125 0.4080860234375 0.1980380421875 0.42828499062500003 0.1638254359375
0 0.47670242500000004 0.3550970765625 0.463400509375 0.337592503125 0.470971828125 0.3315349109375 0.46146580000000004 0.32269956718750004 0.4757102234375 0.2997184984375 0.42645420781250004 0.2577515984375 0.3678363328125 0.37247953749999996 0.4350874 0.42635376875000003 0.47670242500000004 0.3550970765625
0 0.522418046875 0.5824086828125 0.545133965625 0.5884266140625 0.5861564312499999 0.5219447781250001 0.56093840625 0.48764558124999996 0.5634341375 0.46854981562500003 0.5299161828125001 0.43744105937500005 0.4693051796875 0.539785503125 0.492665225 0.5657857359375 0.522418046875 0.5824086828125
0 0.6362178484375 0.4699766125 0.601095965625 0.44842630625 0.5796005562500001 0.48887904843749996 0.6057527031250001 0.5136212328124999 0.6362178484375 0.4699766125
0 0.573127465625 0.70130060625 0.6006685 0.718528846875 0.647404184375 0.6188150484375 0.613674721875 0.5833056453125 0.5514917484375 0.6776524125 0.573127465625 0.70130060625
0 0.738221059375 0.798638878125 0.73410708125 0.7631749 0.6998885296874999 0.7145096328125 0.68238578125 0.7255098515625 0.639999896875 0.8154939656250001 0.6825724109375 0.8586475625000001 0.738221059375 0.798638878125
0 0.74369094375 0.9718574140625 0.732008803125 0.9958089937500001 0.7727142406249999 0.9955721765625001 0.7656405953125 0.9856166609375 0.74369094375 0.9718574140625
0 0.8754876578124999 0.900922328125 0.844922878125 0.8652329468750001 0.7924600890625 0.936739071875 0.8156258875000001 0.9710831953125 0.8348234265625001 0.9807864093750001 0.8754876578124999 0.900922328125
0 0.0987379390625 0.4694075609375 0.108923128125 0.4724451875 0.1900256953125 0.37276855625 0.15206843750000001 0.3264638125 0.0809967171875 0.436707003125 0.0987379390625 0.4694075609375
0 0.43295464062500005 0.8910828421874999 0.3871603984375 0.9548519453125 0.4124200328125 0.9756758984375 0.4517850375 0.92015300625 0.43295464062500005 0.8910828421874999
0 0.23902402656250002 0.533693225 0.226474246875 0.48477942812499997 0.1967341 0.46671294375 0.16631715 0.508287275 0.17572680000000002 0.5455375515625 0.20714676562499998 0.5786569671875 0.23902402656250002 0.533693225
0 0.0090117546875 0.77446829375 0.009593409375 0.8244556296875001 0.026670071875 0.8022552703124999 0.0090117546875 0.77446829375
0 0.07841756562499999 0.9188127359375 0.0546074484375 0.8995585609375001 0.022989803125 0.9513517859375 0.0406666484375 0.9836947265625 0.0486039421875 0.98392563125 0.07841756562499999 0.9188127359375
0 0.22776354687499997 0 0.20271622812499998 0.06230043750000001 0.20738681250000002 0.06576357031249999 0.2180718875 0.076997871875 0.2289555890625 0.07970007343749999 0.2343239875 0.0936465921875 0.252251528125 0.10036226875000001 0.287350625 0.042873774999999996 0.2812741875 0.0188830265625 0.27038951093749997 0.0162226484375 0.27157214375 0 0.22776354687499997 0
0 0.0224829953125 0.948846828125 0.011123871875 0.955983221875 0.0114364296875 0.9828443874999999 0.0402551046875 0.9836827546875 0.0224829953125 0.948846828125