0 0.8295923484375001 1 0.8311260390624999 0.9848492312499999 0.7866867140625 0.9848950671875001 0.7937560343750001 1 0.8295923484375001 1
0 0.133433890625 0.28530335625 0.1740190328125 0.2990439015625 0.24087695937500003 0.128454746875 0.1670298578125 0.08997986875 0.1349733515625 0.1697462234375 0.12319983906250001 0.16522855625 0.12035780781250001 0.1480837625 0.140274225 0.11017065781249999 0.129222246875 0.103687096875 0.0906160421875 0.1273497296875 0.0693384 0.139442359375 0.0582853859375 0.1303265328125 0.045736203125 0.203849328125 0.11213417343750001 0.25204574062499996 0.133433890625 0.28530335625
0 0.2609083921875 0.053433875 0.198961440625 0.0150913421875 0.194541378125 0.0280471625 0.19983943906249999 0.0334409515625 0.1914213375 0.05675440625 0.1856631984375 0.053930481249999995 0.18234488124999998 0.060431428125 0.1670298578125 0.08997986875 0.24087695937500003 0.128454746875 0.2502548828125 0.0976334015625 0.2609083921875 0.053433875
0 1 0.55896223125 0.9670679124999999 0.5524847140625 0.96273145 0.550754065625 0.9592992468749999 0.547368971875 0.9572787890625 0.5429995671875 0.9549995015625001 0.5382620671875 0.9636683296875 0.5127258546875 0.9276269109375 0.50678841875 0.8859646968750001 0.5266208125 0.8093276749999999 0.5205726187499999 0.7754312718749999 0.49478125312500004 0.76333138125 0.49230138125 0.7418780843749999 0.5079358187499999 0.7125661453125 0.527147871875 0.6949719625 0.524695459375 0.6663527203124999 0.501405103125 0.640253709375 0.49601418124999996 0.618928521875 0.50976734375 0.60451011875 0.5086845859375 0.600136984375 0.480283084375 0.5214808765625001 0.46948053593749994 0.494567996875 0.490969503125 0.44640503125000003 0.47112075000000003 0.4383258 0.48403134843749995 0.42668768437500004 0.4833688875 0.4243351015625 0.48848337031250005 0.42023333125000006 0.49291577656249996 0.3980494984375 0.504287121875 0.3701712265625 0.501782421875 0.34130869218750004 0.5787915734375 0.33783396875 0.601913125 0.3309006578125 0.668916990625 0.3199795 0.66757179375 0.3201286203125 0.6938351109374999 0.974575625 0.7170514734375 1 0.5680958687500001 1 0.55896223125
0 0.458063078125 0.28824054375 0.5061198375 0.2931328953125 0.509290628125 0.26186690625 0.501731875 0.259164740625 0.5056500859375 0.2128408765625 0.5179149093750001 0.1826946265625 0.524914228125 0.1001022984375 0.49755642343749995 0.05962201406249999 0.47855689999999995 0.056357495312500006 0.464382328125 0.1862646296875 0.45279769999999997 0.2085311125 0.44932183593749997 0.256283653125 0.460208128125 0.260597084375 0.458063078125 0.28824054375
0 0.28404615781250003 0.9702608921874999 0.3199795 0.66757179375 0.3309006578125 0.668916990625 0.33783396875 0.601913125 0.3301387640625 0.6005129203124999 0.29850013125 0.6117474734374999 0.2891249796875 0.611646575 0.27933370625 0.5979024703125 0.2710854171875 0.5959736296875 0.2502458046875 0.653492190625 0.213109159375 0.9507193828125 0.1486188953125 0.9437356125 0.14085979531249998 0.9213519546875 0.13964735156250002 0.9209173421875001 0.13680513125 0.9203573765625 0.127570175 0.9417888109374999 0.28404615781250003 0.9702608921874999
0 0.858117571875 0.060366185937500004 0.7540045203125 0.041421965625 0.7496959359375001 0.0558318609375 0.7546379546875001 0.0783877234375 0.747447996875 0.092872521875 0.730472578125 0.0968456484375 0.7145848390625 0.14595631874999998 0.7195510609375 0.1733957453125 0.7385376828125 0.17346934375 0.7402221250000001 0.164103121875 0.7799671328125 0.17610721093749998 0.7953334843750001 0.191486340625 0.7929029125 0.20874173125 0.7991713859375 0.2143548953125 0.8386268078124999 0.20544146406250002 0.844374765625 0.1858365203125 0.8597131671874999 0.0670764640625 0.858117571875 0.060366185937500004
0 1 0.08618285 0.9298010296875001 0.0734095734375 0.913716003125 0.2331214390625 0.96947254375 0.23813083750000003 0.971389184375 0.2297912578125 0.9885804703125001 0.2003060203125 0.99924604375 0.11771740156249999 1 0.11784453749999999 1 0.08618285
0 0.9189566296875 0.9712989671875001 0.9308348859375 0.9733184749999999 0.9458993484375 0.8850592296875 0.925851825 0.8935882515625 0.9018295249999999 0.9108310203125001 0.8943375437500001 0.9496994640624999 0.8952220015625001 0.9545683593750001 0.8963052843750001 0.9620414125 0.900030590625 0.9678552203124999 0.9189566296875 0.9712989671875001
0 0.3827668609375 0.1027205921875 0.37799303281249996 0.1098340890625 0.35880455 0.17024246406250002 0.38548590312500003 0.1757393484375 0.3976174875 0.11973926875 0.404510828125 0.12131456562500001 0.4165092921875 0.113332865625 0.3827668609375 0.1027205921875
0 0.3192996 0.3136233828125 0.30960601875 0.3269464328125 0.344760040625 0.3453696953125 0.3699541859375 0.2864606953125 0.3461039875 0.2778195921875 0.3378949703125 0.284329428125 0.338279146875 0.2874809078125 0.3374608078125 0.2922753640625 0.3360428734375 0.29693932031250003 0.33462494062500003 0.301603275 0.3307260125 0.3045960015625 0.3271182546875 0.3076417109375 0.32266932812500004 0.3102133640625 0.3192996 0.3136233828125
0 0.7753585281250001 1 0.776543396875 0.9881639671875 0.7406171921875 0.9771543375 0.7146248078124999 0.9943810328125 0.638952328125 0.9483836718750001 0.5756205921875 0.937501940625 0.566189446875 0.9618508546875001 0.48397715156250004 0.9970100453124999 0.48298825 1 0.7753585281250001 1