0 0.4029471796875 0.7373807625000001 0.36601459531249997 0.7899029796875 0.3764923140625 0.8425357671875 0.4021123375 0.8693742171875 0.43899575 0.8794129109375 0.462552696875 0.8659525921875 0.48057153750000003 0.8363702140625 0.47710215156249997 0.797971359375 0.4699789484375 0.7702379078125 0.448439803125 0.7360581890625 0.4313955625 0.7350883015624999 0.4029471796875 0.7373807625000001
0 0.1248615296875 1 0.14170644375000002 0.9622883359375001 0.1544891046875 0.9339395265625001 0.14994555625 0.90638361875 0.15324812031249999 0.8445284828125 0.1584726015625 0.8156008890625 0.13465219374999998 0.799035740625 0.057700534375 0.9863552125 0.0595388015625 1 0.1248615296875 1
0 0.20976227656250002 0.1267196703125 0.1795321578125 0.18488204218749998 0.17947522031250002 0.2153054453125 0.19162015937500002 0.21291485468750002 0.318859128125 0.3305358921875 0.32111595625 0.36271051718749997 0.34441453437499997 0.3200337125 0.35549447343749996 0.2687127984375 0.20976227656250002 0.1267196703125
0 0.19962955 0.61136345 0.318859128125 0.3305358921875 0.19162015937500002 0.21291485468750002 0.0620071890625 0.51938750625 0.1780389265625 0.6206029843749999 0.19962955 0.61136345
0 0.732965109375 0.259388021875 0.77818270625 0.143127603125 0.7450829421875 0.113207990625 0.6901514 0.24465957187499998 0.71292470625 0.2698008765625 0.732965109375 0.259388021875
0 0.7719803265625 0 0.7617587218749999 0.041730915625 0.7310028671875 0.0342989015625 0.71940055 0.091921584375 0.7450829421875 0.113207990625 0.77818270625 0.143127603125 0.8218468828125 0.051272321875000006 0.8198010734375 0.005240990625 0.8211103265625 0 0.7719803265625 0
0 0.6514918890625 0.5556542125 0.5385104125 0.45039791874999996 0.4981784765625 0.5332108234375 0.565150540625 0.6051077265625 0.6187467 0.66393476875 0.6364235703125 0.6348986859375 0.6514918890625 0.5556542125
0 0.5162752 0.5688289703125 0.490206046875 0.5849258171875 0.45092507656249997 0.68170886875 0.5181058296875001 0.730323734375 0.5397199875 0.7181743015625 0.57096191875 0.6482434765625 0.565150540625 0.6051077265625 0.5162752 0.5688289703125
0 0.5291455734375 1 0.6067059687499999 0.989108503125 0.63936460625 0.8803625890625 0.6182701671874999 0.8494837640625 0.580700865625 0.8368216484375001 0.563365628125 0.8412490578125 0.5139174234375 1 0.5291455734375 1
0 0.257603925 0.7933757234375001 0.28011781406249997 0.73870523125 0.21452145156250002 0.6708504625 0.1954162671875 0.7199765109375 0.2531830921875 0.7790691 0.257603925 0.7933757234375001
0 0.58804424375 0.467504509375 0.6444648515625 0.49192780156250004 0.6769064484375 0.4060706328125 0.679484609375 0.37585374374999997 0.677617940625 0.361998140625 0.6280319671875 0.3391064515625 0.58804424375 0.467504509375
0 0.0150987796875 0.551843334375 0.004230365625 0.58946555 0.013560679687499999 0.658721075 0.021152740625 0.6646409390625 0.032826334375 0.6464133265625 0.0453302609375 0.57913456875 0.0150987796875 0.551843334375