0 0.46509085156249996 0.013935709374999999 0.46527828906249996 0.0027069093749999998 0.24000450468749998 0.0013963046875 0.2494791984375 0.0803155640625 0.46509085156249996 0.013935709374999999
0 0.22787133593750003 0.14670662968749998 0.21294541875 0.2859208453125 0.42587765 0.289752475 0.435321303125 0.2563924921875 0.440940790625 0.1491886953125 0.22787133593750003 0.14670662968749998
0 0.212339459375 0.3384180375 0.1933366671875 0.66665200625 0.2635840828125 0.6701485968750001 0.2773644359375 0.6234874828125 0.29231160312500004 0.3417764421875 0.212339459375 0.3384180375
0 0.3844729015625 0.3356393921875 0.364514596875 0.6720366265625 0.44005873749999996 0.6776018171875 0.45335894374999997 0.63504275 0.46188692812500004 0.3372811359375 0.3844729015625 0.3356393921875
0 0.6219684671875 0.0890327359375 0.6216592421875 0.0147913109375 0.5362619109375 0.0038168484375 0.542669965625 0.0480178890625 0.5833522359375001 0.029216409375000002 0.5896469328125 0.09382802343749999 0.6219684671875 0.0890327359375
0 0.49188817812499996 0.18057344375 0.481112378125 0.24551856875000003 0.532001115625 0.24373081562499999 0.53483049375 0.23852204531250001 0.5392224062500001 0.186822115625 0.49188817812499996 0.18057344375
0 0.5632845921875 0.24124651562500002 0.6353124453125 0.2561166640625 0.6492847015625001 0.1642175984375 0.6144276078125 0.1605459859375 0.6143933703125 0.16775046093749998 0.5736298796875 0.16650994375 0.5632845921875 0.24124651562500002
0 1 0.177111459375 0.7059062453125 0.16414018749999998 0.70392141875 0.29948652343750004 0.9022645671875 0.3072642609375 0.9007131796875001 0.3430264015625 0.920123090625 0.3429106703125 0.9272278578125001 0.316417559375 0.9839701671875 0.317080696875 0.9820015421875 0.36704124375 1 0.3679553859375 1 0.177111459375
0 0.567136621875 0.339309925 0.55319565625 0.6753411203125 0.6198338890625 0.678125309375 0.634266378125 0.6338681015625001 0.6471594609375 0.3461342765625 0.567136621875 0.339309925
0 0.466852096875 0.7129463890625 0.4570610015625 0.8212298718750001 0.5457819234375 0.8278255343750001 0.5641033453125 0.8109563671875 0.5633774328125 0.7186184890625 0.466852096875 0.7129463890625
0 0.62994345625 0.856891234375 0.6334783328125 0.7526096765625 0.57901810625 0.74946398125 0.5804264125 0.8524542796875 0.62994345625 0.856891234375
0 0.979617365625 0.73690659375 0.9542228937499999 0.7374628109375 0.9497924890625 0.8369890890624999 0.967937265625 0.8366935609375 0.979617365625 0.73690659375
0 0.9213065578125 0.6899173249999999 0.8801343218750001 0.6854341453125 0.8781081015625001 0.71639149375 0.8440480640624999 0.712822309375 0.8411252453125 0.8269393624999999 0.9030005140625 0.8324880312499999 0.9180177203125 0.8208080437499999 0.9290968984375001 0.7261549453125 0.9158877375 0.7156534859375 0.9213065578125 0.6899173249999999
0 0.709203225 0.7619475390625 0.7069896109375 0.8425350328125001 0.79253371875 0.8447244171875001 0.8006953890625 0.8297604625 0.7952083671875 0.76019814375 0.709203225 0.7619475390625
0 0.88831191875 0.6676756921875 0.8895782671875001 0.4179515109375 0.8242124593750001 0.40961345624999995 0.8131513109374999 0.6685814890625 0.88831191875 0.6676756921875
0 0.7957426890625 0.5089298296875 0.800842746875 0.41750637343749997 0.742246478125 0.41797218281250004 0.7385181109375 0.5047659984374999 0.7957426890625 0.5089298296875
0 0.987782365625 0.5808395156249999 0.93983395625 0.579483553125 0.934141215625 0.669235775 0.9879410859375 0.6657942734375 0.9882598218749999 0.6630712234375 0.987782365625 0.5808395156249999
0 0.6305144109375 1 0.6322507390625 0.9851659749999999 0.596958090625 0.9825570062500001 0.59328245625 1 0.6305144109375 1
0 0.07301675625000001 0.03323581875 0.0615115734375 0.186292340625 0.1250013921875 0.192048496875 0.1257148453125 0.17212934375 0.1378939265625 0.040786046874999995 0.07301675625000001 0.03323581875
0 0.1366069078125 0.0173989625 0.14605841718749998 0.00084974375 0.0816354515625 0.000474940625 0.08551539062499999 0.029248934375 0.1366069078125 0.0173989625
0 0.0583602296875 0.274713946875 0.0597441375 0.2001515140625 0.059933125 0.1414690484375 0.041215275 0.1406347265625 0.0255818546875 0.2741962296875 0.0583602296875 0.274713946875
0 0.144600528125 0.3377710625 0.10625024218750001 0.334168415625 0.09664866093749999 0.3876639515625 0.134556228125 0.389200334375 0.144600528125 0.3377710625
0 0.626847934375 0.015458112500000001 0.6273519921874999 0.022835340625 0.6401290515625 0.027812467187500002 0.6435426671875 0.0176035625 0.626847934375 0.015458112500000001