0 0.40258601250000003 0.42206913437500004 0.349079521875 0.4089377140625 0.3364102203125 0.4331866640625 0.3916512046875 0.44729944374999997 0.40258601250000003 0.42206913437500004
0 0.025510803125 0 0.0236616984375 0.039701009375 0.047501156249999996 0.0503703140625 0.083776846875 0.0017744515625 0.084413696875 0 0.025510803125 0
0 0.179286196875 0.1702526421875 0.2368512859375 0.191573528125 0.28627143906249997 0.12111746406249999 0.224358665625 0.09781388437500001 0.179286196875 0.1702526421875
0 0.06885981249999999 0.31395515937499996 0.1847177625 0.3607567 0.212518225 0.3237039140625 0.150942515625 0.2963111 0.16409361875 0.27700631875 0.10814272656249999 0.2605985734375 0.06885981249999999 0.31395515937499996
0 0.6427069000000001 0.7587992640625 0.3884883828125 0.6811333125 0.3238304953125 0.8120976203125 0.5372164500000001 0.8788141546875 0.6080925453125 0.7667792125 0.6330216359375 0.7760873390625 0.6427069000000001 0.7587992640625
0 0.6117301875 0.8141344234375 0.98332546875 0.9293750109375001 0.9883020328125 0.8225262109375 0.656831121875 0.722198559375 0.6427069000000001 0.7587992640625 0.6330216359375 0.7760873390625 0.6117301875 0.8141344234375
0 0.0390620609375 0.33273593125 0.0105900140625 0.32035532187500004 0.007384653125 0.38917569687500003 0.0568513828125 0.40810252656249996 0.11519420625000001 0.3362818421875 0.0593636109375 0.31594231562499997 0.0390620609375 0.33273593125
0 0.2192454296875 0.21119441249999998 0.169962384375 0.1896728515625 0.157192259375 0.20979123125000002 0.20284542968750002 0.2296567359375 0.2192454296875 0.21119441249999998
0 0.309047128125 0.053001760937499996 0.250648684375 0.0369826640625 0.223212934375 0.085990253125 0.2821232953125 0.107206246875 0.309047128125 0.053001760937499996
0 0.13134552500000002 0.095178153125 0.0870786140625 0.080173284375 0.07502824531249999 0.10057650781250001 0.11857522499999999 0.1179982390625 0.13134552500000002 0.095178153125
0 0.17656836874999998 0.2474914796875 0.1208205078125 0.22537560625 0.1076443265625 0.24162146093749998 0.15457223281250002 0.26244690937500004 0.1564313140625 0.26075329687500004 0.166293490625 0.2585528078125 0.17656836874999998 0.2474914796875
0 0.0206179484375 0.449495778125 0.02740081875 0.44685865781249995 0.0355682421875 0.4302329125 0.006082773437499999 0.417127565625 0.0033308093749999995 0.47621335 0.0206179484375 0.449495778125
0 0.10307648124999999 0.133298178125 0.0687748125 0.11567874843749999 0.057978334374999996 0.13614037343750002 0.0893593546875 0.1499167671875 0.10307648124999999 0.133298178125
0 0.018428335937500002 0.1520634046875 0.025665984375 0.15495063281250002 0.054709571874999995 0.1267310859375 0.0201668359375 0.114737096875 0.018428335937500002 0.1520634046875
0 0.047501156249999996 0.0503703140625 0.0236901265625 0.0390906484375 0.0215361671875 0.085337028125 0.062597021875 0.1030762140625 0.126228815625 0.0197734875 0.083776846875 0.0017744515625 0.047501156249999996 0.0503703140625
0 0.29187552656250004 0 0.283066325 0.0208580828125 0.31656425 0.02920398125 0.3298549421875 0.0082511640625 0.3003038390625 0 0.29187552656250004 0
0 0.17348914843750002 0.03301191875 0.135600884375 0.020901135937500002 0.1196787375 0.045291793749999996 0.158332503125 0.0567052046875 0.17348914843750002 0.03301191875