0 1 0.680463209375 0.9353135343750001 0.6862695140625 0.9306338765625 0.6497275671875 0.90255208125 0.65522889375 0.9090950546875 0.75845495625 0.9172055625000001 0.7612946 0.9276079921875 0.7671262015625 0.9373045031249999 0.7748951187500001 0.9455218234375 0.785527675 0.95153716875 0.7980622484375 1 0.79192124375 1 0.680463209375
0 0.5084722203125 0.46592125781249993 0.49684768906250004 0.454311465625 0.5136593515625 0.4382396078125 0.5072214234375 0.402378896875 0.504100571875 0.32382616406250003 0.4911981015625 0.24753027656249998 0.469751190625 0.23469316562500003 0.43596800937499997 0.23231584375 0.3949565515625 0.22729017499999998 0.34789967499999996 0.23978193124999997 0.32834936406250004 0.2500401796875 0.317975253125 0.30543007499999997 0.3056640046875 0.3307565265625 0.3023541125 0.371161434375 0.32508539375 0.45331218125 0.35010417656250004 0.47781861406250004 0.4011188078125 0.5116249125000001 0.4634664984375 0.5210298890625 0.5078872921875 0.5133098671874999 0.5084722203125 0.46592125781249993
0 0.2151901859375 0.8158520265625 0.2014936484375 0.7157757265625 0.0957334078125 0.6760660109375001 0.0039815734375 0.684374265625 0.0048362234375 0.8312761859375 0.0591757109375 0.8378159265624999 0.2151901859375 0.8158520265625
0 0.8077481859375 0.765870384375 0.8119570421875 0.791931225 0.8419524390625 0.80540315625 0.8517544640624999 0.7996093156249999 0.8542290703125 0.788214525 0.8603747343749999 0.78088350625 0.8659877671875 0.7735759859375 0.870072646875 0.764238365625 0.8767296109375 0.7602612734374999 0.8623132015625 0.677334459375 0.8352717578125001 0.6785068796875 0.809908340625 0.6863377734375 0.8136295718750001 0.7131138359375 0.8152247890625001 0.7231493734375001 0.819926871875 0.7318466484374999 0.8240963203125 0.74056741875 0.8292864906249999 0.748629259375 0.8293486921875 0.7593207484375 0.8237151687500001 0.7666281500000001 0.8154774625 0.7665802234375 0.8077481859375 0.765870384375
0 0.9822281437499999 0.402775465625 0.8654712859375 0.41007464687499995 0.869025390625 0.457434146875 0.9867882734375 0.4469494375 0.9822281437499999 0.402775465625
0 0.753249403125 0.31633980156249997 0.7185910234375 0.3114574734375 0.679484878125 0.320458371875 0.69277726875 0.4637755375 0.7043009140625001 0.45804490312499996 0.7176348015625 0.45352156875 0.730941390625 0.447827903125 0.7389536859375 0.44787451718750004 0.7326299453125 0.4316414671875 0.7344134859375 0.42473718437499997 0.7450553859375 0.42594267500000005 0.748667996875 0.434048525 0.7583892734375001 0.42141934062499997 0.7654867578125 0.41215243749999997 0.753249403125 0.31633980156249997
0 0.7049923328125 0.58041180625 0.7079329046875 0.6209328609375 0.764899740625 0.6247216140625 0.7906590687499999 0.6144994890625 0.789649890625 0.5960102 0.74244440625 0.5864805609375 0.7049923328125 0.58041180625
0 0.8003066750000001 0.444800725 0.791856871875 0.366030825 0.762368790625 0.36931659843750003 0.7654867578125 0.41215243749999997 0.77444063125 0.42611363437499994 0.7807776765625001 0.44463391874999997 0.8003066750000001 0.444800725
0 0.9833566015624999 0.4910769140625 0.9227426390625 0.4979048796875 0.8690541156249999 0.4975925296875 0.8832780828125 0.6178839796875 0.9531640859375001 0.6127854312500001 0.9561696890625001 0.5975640703125 0.9963309062500001 0.5938084953125 0.9833566015624999 0.4910769140625
0 0.8235795296875 0.5707297359375 0.8184139296874999 0.52814793125 0.8142822031250001 0.487167834375 0.78663219375 0.48940050625 0.7906147046875 0.53995388125 0.7996266546874999 0.6096848046875001 0.8287435828125 0.6130455828125 0.850236765625 0.6091814 0.8457950515625001 0.5747950203125 0.828507484375 0.5795081109375 0.8235795296875 0.5707297359375
0 0.41986945625 0.8816682874999999 0.45893540312500003 0.904501184375 0.474086959375 0.9024617453125 0.5365838640625 0.902293446875 0.5601482 0.9022177796875 0.545690903125 0.7981744234375 0.523377903125 0.6399914484375 0.5073308578125 0.628994203125 0.4663101171875 0.622372790625 0.4315390375 0.6333403328125 0.3738202328125 0.644706265625 0.383754853125 0.6863584 0.37759715781250003 0.7057102171875 0.3701486359375 0.7250811203125 0.3767163515625 0.7445069703125 0.391710578125 0.7541683484374999 0.402525425 0.7710126140625 0.40356731718749994 0.7916030859375 0.395176171875 0.810968503125 0.3802863875 0.8192592546874999 0.38211260468749997 0.8373011828125 0.40513150624999994 0.8491368343750001 0.41986945625 0.8816682874999999
0 0.0687370921875 0.0003999 0 0 0.0009962046875 0.17123305 0.0687370921875 0.0003999
0 0.3733354828125 0.1809957375 0.46576892968749994 0.1630500828125 0.458268509375 0.09601403281250001 0.46079133125 0.0717742125 0.45696344375000003 0.037231834375 0.44997921874999997 0.002617903125 0.3357505125 0.0019533390625 0.340325278125 0.015623109375 0.353719665625 0.0214987125 0.36707994374999997 0.02503376875 0.3742985125 0.040101853124999996 0.373497603125 0.0574104375 0.37093439687499996 0.07470877031249999 0.3656801125 0.090847865625 0.354183234375 0.10117956406249999 0.34004896875 0.1195807484375 0.274867846875 0.0845484546875 0.27962371875 0.137712621875 0.3018778171875 0.13784209218750001 0.30109755312500003 0.15517739218749999 0.3733354828125 0.1809957375
0 0.6804562109375001 0.2725667078125 0.7173640265625 0.2696166453125 0.71680474375 0.2509704046875 0.680967296875 0.254751134375 0.6804562109375001 0.2725667078125
0 0.38606283750000003 1 0.49220968593750003 0.9884685296875 0.48978760781249997 0.9243608625 0.45955015625 0.9045047609375001 0.2065908859375 0.922713271875 0.11955178281250001 0.9309831921875 0.125557559375 1 0.38606283750000003 1