0 0.9983483312500001 0.27807979843749997 0.9929501625 0.27917976875 0.9813614703125 0.287351253125 0.9847295234375 0.310517590625 0.9392418171875001 0.342313934375 0.9592595375 0.5397654734375 0.9969098421875 0.5253352812500001 0.9983483312500001 0.27807979843749997
0 0.9758811062499999 0.6659802484374999 0.9762844656249999 0.67003271875 0.9965225875 0.5316420703125 0.9952309203124999 0.5320584312500001 0.961157565625 0.5479326 0.970540859375 0.663406546875 0.9758811062499999 0.6659802484374999
0 0.8889624890625001 0.584582971875 0.9033677859375 0.5921237890625 0.94223048125 0.5776042546875 0.93715500625 0.47061001874999997 0.8971486875 0.48820615 0.9016672984375 0.5355799593749999 0.8886159687499999 0.5440292140625 0.8889624890625001 0.584582971875
0 0.8854200265625 0.548208796875 0.8952990765625 0.5399903109374999 0.89378038125 0.45875553281250003 0.8753673093750001 0.464192271875 0.8590728546875 0.46956974375 0.8507446984374999 0.476021340625 0.82824701875 0.4808919171875 0.8313963875000001 0.6133766921875 0.8321207296875001 0.621048865625 0.83524575625 0.628715225 0.8732032875 0.6140736437500001 0.871628871875 0.6046403546875 0.88024853125 0.6025090625 0.8844361 0.5839726656249999 0.8854200265625 0.548208796875
0 0.9003466578125 0.1307761796875 0.9010930593750001 0.107804259375 0.897800140625 0.089627125 0.868978259375 0.1013762828125 0.8714963578124999 0.114534125 0.8794957812499999 0.11701092500000002 0.8876287890624999 0.12929425156250002 0.9003466578125 0.1307761796875
0 0.7295936921874999 0.5829653125 0.736080471875 0.5846141031250001 0.7361823078125 0.5943063421875 0.7425116046875 0.5955468203125001 0.806711396875 0.580975284375 0.8133553390625 0.5296082906249999 0.80920023125 0.46749431250000006 0.7439268984375 0.48346992968749997 0.73318143125 0.486587378125 0.7320736 0.54226369375 0.7295936921874999 0.5829653125
0 0.8168236468750001 0.4064611046875 0.82174615625 0.3668635015625 0.8214406328124999 0.3288834578125 0.8125480265625 0.328845675 0.812322275 0.320253240625 0.7550475703124999 0.3272869875 0.753252528125 0.3425301578125 0.7523736234375 0.37376913749999996 0.7520774125 0.3965699234375 0.747719278125 0.42191965781249996 0.750467515625 0.425387353125 0.7491814812500001 0.43566661875 0.778144565625 0.4364746640625 0.7809019875 0.42949093125 0.815111840625 0.42558680000000004 0.814972871875 0.41318000312500003 0.8168236468750001 0.4064611046875
0 0.7275910390625 0.2078628078125 0.73149534375 0.1155134921875 0.7128382046875 0.11431539531249998 0.72124463125 0.0220045765625 0.712103103125 0.0207719953125 0.6463696859375 0.0218912546875 0.6411222890625 0.10728071875 0.63063649375 0.11838191406250001 0.62419718125 0.1800893421875 0.625677284375 0.2053194828125 0.7275910390625 0.2078628078125
0 0.547006325 0 0.517229790625 0.249979303125 0.514364528125 0.2897735859375 0.6007542921875 0.2974692796875 0.613255121875 0.2675377296875 0.6179154546875 0.23062049375 0.6396102859374999 0.010997553125 0.5580461750000001 0 0.547006325 0
0 0.6276646265625 0.30535761093749997 0.6200917140625 0.374816715625 0.6124717671875 0.43702345 0.61916320625 0.4392431859375 0.61585699375 0.46185145624999996 0.6340733078125 0.4610146234375 0.634010175 0.44124505156250005 0.6950355453125 0.43300574999999997 0.7043561265625 0.374321828125 0.70757474375 0.30745038281250003 0.6276646265625 0.30535761093749997
0 0.5632339453124999 0.46432924687500005 0.614821021875 0.46214459999999996 0.6183277609375 0.44651227968749996 0.611530165625 0.4412432875 0.6321371671875 0.29968720625 0.5158186890625001 0.29775698125 0.49779188281250003 0.4594230453125 0.523064921875 0.460219325 0.5632339453124999 0.46432924687500005
0 0.5972288921875 0.5156661375 0.5988914750000001 0.4775869984375 0.539508040625 0.48133231875 0.5332473078125 0.557530696875 0.5553459109375 0.558333840625 0.5898828578125 0.5525440734375 0.5922747 0.522833278125 0.5972288921875 0.5156661375
0 0.50744326875 0.688908528125 0.532747546875 0.68448525625 0.533695540625 0.6963657734375001 0.555356240625 0.6901455421875 0.556230196875 0.6841693328125 0.577703571875 0.679230040625 0.5800654953125 0.6647495609375 0.5848324375 0.6588628562500001 0.58621384375 0.617698525 0.5869297171875 0.5877617546875 0.5106736203125 0.5983728921875 0.50744326875 0.688908528125
0 0.53622401875 0.750859153125 0.529103296875 0.7394525484375001 0.443379521875 0.7541969765625 0.44196090468750004 0.7677477625 0.43777502031250004 0.8881883703125 0.53170483125 0.8669023734374999 0.5330537875 0.8109342046875 0.53622401875 0.750859153125
0 0.40808884375 0.9609722250000001 0.43443415625000004 0.9627833656250001 0.4551167953125 0.9599139375 0.45338652812499997 0.9283411484374999 0.45761952812500006 0.881032375 0.41578595937499996 0.8849675171875001 0.3954462609375 0.880483965625 0.3933362734375 0.92329114375 0.394244034375 0.9521411515624999 0.40808884375 0.9609722250000001
0 0.39570610156249997 0.5039793671874999 0.395352425 0.6141498859375 0.4949798796875 0.5897628765625 0.49525571875 0.480122640625 0.43568103750000003 0.49586217499999996 0.39570610156249997 0.5039793671874999
0 0.5099246234375 0.2907119453125 0.43559355 0.2871733421875 0.432998175 0.3111358453125 0.3973122453125 0.31064631875000004 0.3891026703125 0.406155359375 0.498021471875 0.40733409218750005 0.5099246234375 0.2907119453125
0 0.28348648125000003 0.8525512421875 0.24471053125000003 0.860649153125 0.2364534484375 0.8705102484375 0.23554475312499998 0.87822696875 0.230239853125 0.8814313140625 0.22963488124999998 0.9663389546875001 0.29403162968749996 0.9750217781250001 0.3286170265625 0.9648547359374999 0.33070542812500003 0.9400512593749999 0.328365003125 0.852330965625 0.2840213859375 0.8624221609375 0.28348648125000003 0.8525512421875
0 0.328485740625 0.66059115 0.331135484375 0.62292938125 0.32219343125 0.620939771875 0.3259149109375 0.57270870625 0.31776608125 0.57605238125 0.2575917203125 0.590671653125 0.2514074859375 0.7426984140624999 0.2595432609375 0.74418760625 0.2584752734375 0.7514906296875 0.284269965625 0.749481140625 0.2867155796875 0.73726861875 0.31215368906249996 0.73168365 0.320598475 0.7265508921875 0.3221597984375 0.672280475 0.328485740625 0.66059115
0 0.184302778125 0.6670349 0.2051615734375 0.6701778921875 0.21539773593749997 0.6775076656250001 0.2414726671875 0.6754043671875001 0.2455546828125 0.6728442515624999 0.24519681875 0.64106634375 0.24647475624999998 0.609508996875 0.2507106359375 0.600825715625 0.250526021875 0.5627920640624999 0.225178671875 0.5725947015624999 0.21005819374999998 0.568242225 0.185579671875 0.5695691734375 0.18346124375 0.6170139875 0.1822389796875 0.654527925 0.184302778125 0.6670349
0 0.23346229531249998 0.7808865953125 0.24410038437499998 0.7740576328125 0.24694007187499997 0.6937950171875 0.228990515625 0.6986460375 0.21616594375 0.699653140625 0.2139943734375 0.7733036734375001 0.22576278906249997 0.7676192281249999 0.2303395125 0.7705500562500001 0.23346229531249998 0.7808865953125
0 0.801351409375 0.9638403359375 0.8351988328125 0.9542626140625 0.8403310515625 0.931493425 0.8397835875 0.9044222859375 0.8274238734375 0.892793009375 0.802130425 0.8993453875 0.8036454796875001 0.9124055109375 0.805791709375 0.9384060671875 0.801351409375 0.9638403359375
0 0.768687946875 0.842849971875 0.7685971296874999 0.836222434375 0.7712332609375 0.8302771765625 0.7797657890624999 0.7876389234375 0.7772453015624999 0.7299646578125001 0.757198034375 0.7256865734375 0.7353581640625 0.724001765625 0.698300471875 0.722470359375 0.6958539125 0.7476578593750001 0.6994551343750001 0.7471980874999999 0.6992227609375 0.7644932812499999 0.6957424515625 0.7665444 0.693686071875 0.7697323359375 0.6937853375 0.789592109375 0.6990213546875 0.791243434375 0.690336865625 0.815589340625 0.7022337046875 0.8345199546875 0.701157434375 0.8479210484375 0.701851171875 0.8552601031249999 0.768687946875 0.842849971875
0 0.6217351609375 0.729381321875 0.6218224375 0.76446714375 0.65085740625 0.7614305421875 0.6720517218750001 0.7564685328125 0.6725334546874999 0.715404965625 0.6488390500000001 0.725243875 0.6217351609375 0.729381321875
0 0.6514946453125 0.8559374390625001 0.673768965625 0.8435902390625 0.6765624421875 0.7822748796875 0.6704189453125 0.7831840171875 0.670466 0.761757615625 0.6556786375 0.7684527531249999 0.624781696875 0.771071746875 0.6235591546875 0.8347928765624999 0.6233739703125 0.859386728125 0.6514946453125 0.8559374390625001
0 0.3318771515625 0.2362956484375 0.2796490640625 0.24105098281249998 0.2742926296875 0.29824508125000004 0.2740292765625 0.3178724484375 0.27300382500000003 0.32488459999999997 0.267584015625 0.334521678125 0.263543953125 0.3854578921875 0.27615495 0.391090746875 0.32209072656250004 0.385486996875 0.3247723546875 0.3479523875 0.32905905625 0.2802467203125 0.3318771515625 0.2362956484375
0 0.3313170390625 0.2346425125 0.34414976875000003 0.2360155265625 0.3461745015625 0.21805573437499998 0.347148503125 0.18812703749999998 0.3038446546875 0.19626008281250001 0.300776875 0.21586709843750002 0.299521503125 0.23679079218750002 0.3313170390625 0.2346425125