0 0.7514381203125 0.535865621875 0.7554481281250001 0.5397808625 0.7961586265625 0.5281598375 0.794591296875 0.523887753125 0.7978354234375 0.5225494828125 0.7748075671875 0.4761293125 0.7302924484375 0.48774119843749997 0.7213696625 0.4921229421875 0.68795260625 0.502368696875 0.6883718625 0.5073763078125 0.6669032484375 0.5250233265625 0.6763260718749999 0.54411196875 0.68320985625 0.5539213328125 0.7120929203124999 0.5469179453125 0.7460818609375 0.5367718578125 0.748753103125 0.5353338328125 0.7514381203125 0.535865621875
0 0.648625965625 0.5080757593749999 0.7305750828125 0.4865460671875 0.7269686375 0.47746834062500004 0.7373506359374999 0.47395355937500006 0.7162931734375 0.42913426250000003 0.707990621875 0.431011346875 0.70396398125 0.423569703125 0.611597634375 0.44742253906249996 0.6264907078124999 0.4861376203125 0.6377367203125 0.4842245515625 0.648625965625 0.5080757593749999
0 0.64990358125 0.361367625 0.646720134375 0.3498606140625 0.637905584375 0.35170088593750004 0.6355743984375 0.3494697171875 0.6033657812500001 0.356255215625 0.5683724156250001 0.3649904109375 0.5940263921875 0.4287008796875 0.6250201453125 0.4205422375 0.66177205 0.41272186718750004 0.658292165625 0.4094608796875 0.6644616 0.40865391406249996 0.6735523921875 0.40377789062499997 0.656987725 0.3603879015625 0.64990358125 0.361367625
0 0.61413258125 0.589795628125 0.56911750625 0.6013086671875 0.6111520140625 0.6803754640624999 0.6308984234375 0.675191465625 0.6329309359375 0.6789807437500001 0.6698931546875 0.669299090625 0.7127687171875 0.6563116890625 0.7144612984375 0.654532240625 0.7274966593750001 0.650092440625 0.6959399359375 0.587686465625 0.670492625 0.5937714125 0.6589352203125001 0.5762365171875 0.61413258125 0.589795628125
0 0.570383540625 0.659417340625 0.564003809375 0.6595791906249999 0.519135628125 0.6708158015625 0.5038351734375001 0.67710178125 0.5136013593750001 0.70073120625 0.5248740671875 0.6984669828125 0.529490665625 0.7089091437499999 0.5533838375 0.70433434375 0.5558808125 0.7083055218750001 0.5870038953125001 0.700701571875 0.5848416453125 0.6952794765625 0.60149628125 0.6893828015625 0.5863765765625 0.6554299734375 0.570383540625 0.659417340625
0 0.52564415 0.72608028125 0.5277699265625 0.73369443125 0.48360135781249997 0.742873190625 0.48411114531250005 0.7499421093749999 0.4772663 0.7513542531249999 0.48831366093749995 0.7882535093749999 0.49629040937499996 0.787113775 0.5003175265625 0.8000772046875 0.5734617828124999 0.7845847765625 0.5736140640625 0.787592015625 0.63032168125 0.7741060546874999 0.611363203125 0.7080952578125 0.5856322546875 0.7128256890625 0.52564415 0.72608028125
0 0.66647410625 0.8286732453125 0.6718498390625001 0.8270495171875 0.6761972703125 0.8201271359375 0.6650249828125 0.7905014218749999 0.6626889015625 0.7854499234375 0.6537856671875 0.7730933046875 0.63127305625 0.7771856125000001 0.561542290625 0.794910975 0.5540830984375 0.79418184375 0.5427187609375 0.7984603859375 0.5315370578125 0.809264725 0.5518412203125 0.8524246359375001 0.5735648515625 0.8498539609375 0.5782196671875 0.8654527765625 0.6653240968749999 0.8436883234374999 0.6669511609375001 0.8339228375 0.66647410625 0.8286732453125
0 0.7576889953125 0.9461956421875 0.7664342828125 0.962027753125 0.8557753625 0.9451813765624999 0.864247484375 0.9219113609375 0.7783756656249999 0.9228098109375 0.76198018125 0.916197290625 0.7576889953125 0.9461956421875
0 0.75100770625 0.890274265625 0.72451021875 0.892277075 0.7184453921875 0.8980610656250001 0.6856680953125001 0.9019961406249999 0.6884404296875 0.92587278125 0.7208489828125 0.9214082375 0.7519411421875 0.9183896390624999 0.75100770625 0.890274265625
0 0.5702646437500001 0.9209129624999999 0.5657027109375 0.9207251265625 0.5517712968749999 0.9600258687500001 0.608919234375 0.9678114734375001 0.6496295796875 0.9622305640625 0.6633461140625 0.91907863125 0.6543022281249999 0.9204846078125 0.648131978125 0.906529465625 0.5685552015625001 0.9092173734375001 0.5702646437500001 0.9209129624999999
0 0.531035771875 0.9251664749999999 0.5301172609375 0.901239634375 0.46404474531249995 0.8845092375 0.43167599687499997 0.8768412796874999 0.3834878015625 0.9251010468749999 0.3792705765625 0.94129459375 0.36455365781250004 0.95648765 0.39241115625 0.9625325109375 0.420217546875 0.970012990625 0.4846788109375 0.9825564999999999 0.5400665484375 0.9278046375000001 0.531035771875 0.9251664749999999
0 0.340322009375 1 0.34214461875 0.987370771875 0.3179693421875 0.9917635953125 0.28413441875 0.9888716656250001 0.283987675 1 0.340322009375 1
0 0.31137695 0.9169064328125 0.24218264375 0.9320425015625 0.24392429999999998 0.9394961234375 0.32454254374999997 0.9497928984374999 0.31137695 0.9169064328125
0 0.22324368125 0.8773177406249999 0.23820585312500003 0.8729783203125001 0.2261099953125 0.846416625 0.2490493015625 0.8394887296875 0.259999278125 0.8244122359375 0.255546453125 0.8094208125 0.202770715625 0.8234928578125 0.194771121875 0.8200133859375001 0.1203400734375 0.8396866453125 0.112593296875 0.8474364921875001 0.09738787812500001 0.8505205765625 0.10756219843749999 0.87115550625 0.0986843140625 0.8710947906250001 0.13038746875 0.942468128125 0.130824971875 0.9433213468750001 0.1305406234375 0.9418568484375 0.1511277 0.9648167843750001 0.1901446515625 0.9621808296875001 0.2295481421875 0.9455245343750001 0.249619775 0.9317642656249999 0.22324368125 0.8773177406249999
0 0.082887375 0.860045534375 0.061056049999999994 0.8626058859375 0.0778171078125 0.9489315625 0.0981871984375 0.9456533437499999 0.09460839531250001 0.943105740625 0.103227675 0.934168228125 0.082887375 0.860045534375
0 0.3413570828125 0.6577494453125 0.31352425156249997 0.6555407343749999 0.307968240625 0.6711710890625 0.31591155 0.6722643390624999 0.315637840625 0.6971170796874999 0.2892560265625 0.7145849531249999 0.290433409375 0.7265784125 0.3146291203125 0.7258100515625 0.31521975156250004 0.722922525 0.3420304421875 0.7222163625 0.3872723640625 0.7137781203125 0.387629603125 0.663090609375 0.37500303281249997 0.6607517109375001 0.349168565625 0.6615513 0.3413570828125 0.6577494453125
0 0.3456743578125 0.5570480124999999 0.3475050296875 0.5636055765625 0.3417073015625 0.5643850625 0.34282734062500003 0.569194128125 0.3115402453125 0.575616615625 0.3125364203125 0.5817043140625 0.3116308125 0.5846988203125 0.3130123796875 0.594688003125 0.30502348125 0.5956714953125 0.3077312765625 0.6144053 0.3161481453125 0.629029403125 0.35642130625 0.6210170625 0.36350409375 0.6354743890625 0.393252359375 0.6307016484375 0.42780034687499996 0.6220955328125 0.42728659531249996 0.614661871875 0.42971186406250006 0.6135089953125 0.42448348437499994 0.5950219453125001 0.46453046875000004 0.586087765625 0.464625390625 0.5770823609375 0.5021868890625 0.570115046875 0.4914289046875 0.531584453125 0.47133070000000005 0.534713521875 0.4704716984375 0.5293323171875 0.3456743578125 0.5570480124999999
0 0.198813728125 0.5896359 0.14154605625 0.5989157671875 0.14525045 0.6000037453125 0.15173209375000002 0.6541677 0.148016865625 0.65629755625 0.20112958593750002 0.648515809375 0.21383685625 0.6465662484375 0.22828874375 0.64330524375 0.2228875890625 0.5827737890625 0.198813728125 0.5896359
0 0.10670397499999999 0.743504634375 0.112160725 0.704946415625 0.087309484375 0.7051514015625 0.049221151562499996 0.7089723875 0.0427817015625 0.741545228125 0.053344901562500005 0.7421765578125 0.052868428125 0.74656095 0.0768992984375 0.7472576765625 0.10670397499999999 0.743504634375
0 0.013506342187500001 0.6177072109374999 0.04642978125 0.6127474859375 0.0550700859375 0.594993640625 0.0800702828125 0.590899846875 0.079229521875 0.5625174375 0.051789053125 0.5672083296875 0.040910287499999996 0.5497861765625001 0.0015152546875 0.55594865 0.013506342187500001 0.6177072109374999
0 0.39237614375 0.43169530624999997 0.392136825 0.42913858281249995 0.39334503593750003 0.4208160828125 0.40041098281250004 0.4215073109375 0.40173567187500003 0.411138971875 0.40081327031249997 0.3789358609375 0.390825809375 0.3800292140625 0.3911010890625 0.36726382343749997 0.39145320781250004 0.36151231250000004 0.3462133765625 0.36663199999999996 0.3457706671875 0.37002312656249997 0.3031390875 0.37454751875 0.302773325 0.37833748749999996 0.266410334375 0.3830289265625 0.2627286828125 0.399768075 0.23064783906250003 0.40379371875 0.2244419390625 0.42736876874999996 0.22936174843749998 0.455350828125 0.220279203125 0.45749700468750004 0.2233917703125 0.48278416718750006 0.2455967421875 0.47946452031250003 0.245065378125 0.49127303906249997 0.25092412343750004 0.4910356765625 0.2514075859375 0.49484728906250003 0.28967591875 0.49095584218750005 0.292938915625 0.4852815625 0.2967211296875 0.47170355312499995 0.31147285468749997 0.4683436796875 0.392203009375 0.46121567812500003 0.391824940625 0.45001219062500003 0.39868254375 0.44698463125 0.40044095 0.42959633437500006 0.39237614375 0.43169530624999997
0 0.1491220765625 0.43317003749999994 0.1457672828125 0.4335610890625 0.1385818453125 0.469444178125 0.154661625 0.46943038125000003 0.191190375 0.4676130484375 0.1951469984375 0.46590110625000003 0.2023808765625 0.42916363906250005 0.21184214843750002 0.3851247140625 0.1593171203125 0.3895961765625 0.1491220765625 0.43317003749999994
0 0 0.3312280078125 0.02561944375 0.32551444687500003 0.0678588796875 0.316522103125 0.0714984203125 0.2732251328125 0.05496816718750001 0.26792622499999996 0.048230390625 0.22181836718749998 0.01767605625 0.2255536765625 0 0.226707728125 0 0.3312280078125
0 0.06481650625 0.1273707234375 0.1262312828125 0.10783275781249999 0.1137522671875 0.0896654140625 0.11034613124999999 0.0778874734375 0.1072819625 0.0719849828125 0.06713889843750001 0.084234690625 0.068699896875 0.0889805296875 0.048866746875 0.09551030625 0.052236289062499996 0.107925134375 0.06481650625 0.1273707234375
0 0.1310277875 0.0712389234375 0.12096591875 0.076326553125 0.1358714109375 0.10494038750000001 0.133304078125 0.1106885046875 0.1443366265625 0.135406903125 0.15149826093750002 0.135811159375 0.1790862046875 0.126142746875 0.18566268125000002 0.12936903125000002 0.21360965625 0.12154723281249999 0.218327703125 0.12687861875 0.2703003421875 0.11010078906250001 0.25381465468750003 0.0828603578125 0.2442188671875 0.084510121875 0.22445875937499998 0.045507306250000004 0.1270336953125 0.06387801875 0.1310277875 0.0712389234375
0 0.403506759375 0.10776722968750001 0.4708735796875 0.0978983546875 0.46998640468749997 0.08722995 0.471963921875 0.08368996875 0.47025212187500004 0.062675309375 0.5009655640624999 0.059217659374999995 0.496540765625 0.033380003125 0.4697282453125 0.037102265625000005 0.4654972046875 0.041234014062500005 0.41113920156250006 0.049483534375 0.364743628125 0.0575652125 0.3697418125 0.10313177968750001 0.402583940625 0.098439396875 0.403506759375 0.10776722968750001
0 0.49322225937499997 0.09994953281249999 0.495124290625 0.10541377968750001 0.5309053953125 0.099882515625 0.5343441765625 0.093819840625 0.5305290953124999 0.06822606249999999 0.508441784375 0.0683843734375 0.4901720140625 0.07334526875 0.49322225937499997 0.09994953281249999
0 0.5338104578125 0.0395613484375 0.51924319375 0.039817837499999995 0.5054871515625 0.044252428125 0.508114371875 0.067688021875 0.5200027796875 0.06750366875 0.535413659375 0.0676298328125 0.5338104578125 0.0395613484375
0 0.6160292078125 0.0794571296875 0.6303746765625 0.07809121875 0.6318377390625 0.06987615625 0.6478810828125 0.06675553125 0.647381846875 0.0607713984375 0.6416921984374999 0.0086560078125 0.6271470359375 0.008682009374999999 0.6256606859375 0.006444815625 0.5681539796874999 0.0164000203125 0.5671573750000001 0.028878390625 0.5393874875 0.0348551296875 0.547828284375 0.1027122140625 0.552815565625 0.10266020312499999 0.55274763125 0.108887959375 0.5527995531250001 0.10809960625 0.5531045234375 0.10873102187499999 0.5599085703125 0.10964815000000001 0.582343346875 0.1053220640625 0.582887028125 0.10024576249999999 0.6162813875 0.09213136250000001 0.6160292078125 0.0794571296875
0 0.5509220625 0.11856277500000001 0.5557560593749999 0.1683574578125 0.54757691875 0.16947006250000002 0.5542314734375 0.194570753125 0.58219255 0.1907306890625 0.5811946828125001 0.196075515625 0.6039081703125 0.19250891406249998 0.6154430015625 0.1903338765625 0.6184078546875 0.18332912343750002 0.6450709156250001 0.18044985156249999 0.6567904078125 0.1713646265625 0.6543556390624999 0.1535407828125 0.6624917640625 0.1520066140625 0.6717541078125 0.15161689843749998 0.6708882734375 0.13940007031249999 0.6670138953125 0.108586659375 0.65933161875 0.1093568421875 0.654743534375 0.0903799703125 0.6423991109375 0.0920032515625 0.6136196671875 0.09184363281249999 0.5832461234374999 0.10029259374999999 0.58433028125 0.1111172515625 0.5509220625 0.11856277500000001
0 0.704528496875 0.18741370468750002 0.728398428125 0.1849421421875 0.7252166140625 0.160427509375 0.70596185 0.1622825359375 0.68522468125 0.1669539203125 0.6878998578125 0.19118338125 0.704528496875 0.18741370468750002
0 0.71742356875 0.23032281875 0.72113631875 0.22906633906249999 0.7190787796875 0.209975025 0.7180577125000001 0.19792331406250002 0.70996565 0.19870713125 0.7086909 0.1887440125 0.689604178125 0.1923430515625 0.6863005609374999 0.1872150265625 0.6243840078125 0.1961073703125 0.621751084375 0.1910385265625 0.5804189328125 0.198515978125 0.5875570328124999 0.2303225609375 0.58773061875 0.253293959375 0.5881604890625 0.262303328125 0.619399440625 0.25845331250000003 0.6257379578125 0.261524984375 0.6680813375 0.253726259375 0.6677259890625 0.243404403125 0.7079118906249999 0.23638324375000003 0.71742356875 0.23032281875
0 0.5355695609375 0.187040403125 0.51834840625 0.1902876671875 0.5215957437500001 0.2118939890625 0.537133071875 0.2084407625 0.5507082359375 0.20717611093750002 0.5497910296875 0.186139725 0.5355695609375 0.187040403125
0 0.5160140484375 0.20032956249999997 0.5133497593749999 0.1828680046875 0.508197978125 0.165059028125 0.44851348125 0.1759049109375 0.44593458750000003 0.163870828125 0.4193015640625 0.1663072921875 0.3908609234375 0.1743917796875 0.39144445 0.1861217703125 0.381171509375 0.1880588609375 0.38796515 0.229519946875 0.405503809375 0.225930603125 0.40337205468750004 0.2199364046875 0.4483877140625 0.21226460781249998 0.45200506249999994 0.2159373734375 0.4655463015625 0.213384003125 0.4925739421875 0.20924047343750002 0.4963485890625 0.21247520625 0.5121440046875 0.21031325 0.5160140484375 0.20032956249999997
0 0.4642807484375 0.27872118125 0.4769758015625 0.2756478578125 0.48209052343750003 0.2848755609375 0.5031686171875001 0.281410659375 0.5062778406249999 0.2709719859375 0.530524490625 0.2682683625 0.5619669140625 0.2621698984375 0.56188633125 0.25708874375 0.5541218421874999 0.207761421875 0.517507403125 0.21211735781250002 0.4992802546875 0.21470519999999998 0.4942508109375 0.2090283078125 0.46572782031250004 0.2130479234375 0.4636458 0.2163281703125 0.42794295781249997 0.2191534625 0.3933806890625 0.2294076546875 0.4019994859375 0.2846895046875 0.42562670625 0.2834617078125 0.4642807484375 0.27872118125
0 0.3158070734375 0.20727362343750003 0.3337408671875 0.20315464218749998 0.338633603125 0.204233521875 0.3798927109375 0.1919238828125 0.3700981 0.1742826328125 0.3644950890625 0.16954558125000002 0.368649378125 0.1681579796875 0.36092387187499997 0.1511524859375 0.351848196875 0.1526529921875 0.33668980937500004 0.124751971875 0.3035649671875 0.12878578125 0.274904178125 0.14230140625 0.2962529484375 0.1856790828125 0.29964855625000003 0.1964153890625 0.3061381890625 0.1941383859375 0.308777196875 0.1971169109375 0.30845908906249997 0.20223340312500002 0.3158070734375 0.20727362343750003
0 0.32547958125 0.24662920000000002 0.3377493625 0.2895762625 0.3487974125 0.28959823125 0.392785375 0.278987984375 0.3855941296875 0.252556146875 0.3959887921875 0.2501750046875 0.392764796875 0.2306789078125 0.38556170624999997 0.2321422765625 0.38445527031250004 0.23090223906250001 0.3848913875 0.22868988437499999 0.3293862171875 0.24168239374999997 0.329133884375 0.24520335000000001 0.32547958125 0.24662920000000002
0 0.1428123453125 0.25521259218750003 0.1624442078125 0.3012748765625 0.17278939843750002 0.30101630468749996 0.1947554078125 0.2957975203125 0.1983495984375 0.29881174062500004 0.2082197421875 0.30033461250000004 0.29810813281250004 0.27861654375 0.29466717343750004 0.2735736234375 0.3035001484375 0.26975469687500003 0.29043180468749996 0.2517598984375 0.27886477656249997 0.231636034375 0.2848858609375 0.22742433750000002 0.273708553125 0.21376619687499998 0.2666620984375 0.20293420625 0.2346102640625 0.21288684062500002 0.2408140921875 0.2233564640625 0.1828614703125 0.23871427031249998 0.18381549531250002 0.240445371875 0.176941925 0.24243620156249998 0.176565703125 0.24606849843749998 0.1428123453125 0.25521259218750003