0 0.084932209375 0.304294421875 0.07970268281250001 0.3133216390625 0.0568972765625 0.30653630781249996 0.052271204687499996 0.31407633437500004 0.0334255046875 0.3082631453125 0.0246687578125 0.3479981703125 0.04382989375 0.3526054703125 0.0366833953125 0.37684075156249996 0.0162905125 0.3719035984375 0.014088981249999999 0.3867983421875 0.073376065625 0.404880584375 0.073948496875 0.41251133281249996 0.1034378453125 0.42154976250000004 0.1195450296875 0.3755336484375 0.10951919218749999 0.36835463281249997 0.11479202343749999 0.35567197031250003 0.11682875156250001 0.3690989046875 0.1192667609375 0.37035284375 0.1353685625 0.32526169843749997 0.084932209375 0.304294421875
0 0.0750905953125 0.182168509375 0.0453178234375 0.27483803125 0.0756092625 0.2823266625 0.0998342375 0.20416310625 0.10895569375 0.2039698859375 0.11268454531250001 0.1916126828125 0.0750905953125 0.182168509375
0 0.2817636015625 0.475474215625 0.2892197359375 0.4586007953125 0.27581548125 0.452772440625 0.2636931953125 0.4424292453125 0.2315025328125 0.4319560765625 0.1628638765625 0.40818228124999995 0.149787625 0.429274584375 0.1406137703125 0.4346868921875 0.13471303437499998 0.44548644531250003 0.2654629140625 0.48659885625 0.2817636015625 0.475474215625
0 0.23285636406250002 0.3242318703125 0.263177921875 0.29247191875 0.24189780156250001 0.28478814375 0.238528340625 0.2883855421875 0.212383590625 0.2800221890625 0.1929141203125 0.3284024109375 0.2068208640625 0.34630940625 0.22048829531249997 0.35234058125 0.23285636406250002 0.3242318703125
0 0.34628055468749996 0.264892821875 0.3673143015625 0.26570039843750004 0.43858362968750003 0.07968494375 0.3453051171875 0.053939371874999996 0.2709739578125 0.2399013953125 0.34628055468749996 0.264892821875
0 0.744085809375 0.1073721140625 0.7639182 0.0647688578125 0.6939147046875 0.048393775 0.6785025484375 0.0923296140625 0.665028859375 0.12493421874999999 0.6934443859375 0.129218465625 0.7024501828124999 0.09968550937500001 0.744085809375 0.1073721140625
0 0.8617431328125 0.081519340625 0.7868816578125 0.0671078328125 0.7733152624999999 0.096715378125 0.7894295437500001 0.1024808984375 0.777388303125 0.1312120234375 0.8567255546875 0.15633986718749998 0.8713765812500001 0.1523446640625 0.8841480609374999 0.1571267859375 0.9052065046875001 0.09690265 0.8617431328125 0.081519340625
0 0.8571444187499999 0.0351418765625 0.8841869156250001 0.044445959374999996 0.89305008125 0.0394246875 0.92833088125 0.048872540625 0.9276580937500001 0.062274215625 0.9346178875 0.06633820625 0.9580328874999999 0.0743675921875 0.9716992281250001 0.0313704015625 0.94035969375 0.02227765625 0.9330224375 0.0300787234375 0.9266248546875 0.0278306203125 0.9361915468750001 0.0079104875 0.9507746671874999 0.0117991625 0.952513659375 0.007820903125 0.8632694265625 0.0062634546875 0.8571444187499999 0.0351418765625
0 1 0.11267901250000001 0.9867619187500001 0.11184945937499999 0.9708429171875 0.144455440625 1 0.152776984375 1 0.11267901250000001
0 0.89625335 0.12496083124999999 0.9708429171875 0.144455440625 0.9867619187500001 0.11184945937499999 0.9858620234375 0.1037064140625 0.9183851625000001 0.088498715625 0.9052065046875001 0.09690265 0.89625335 0.12496083124999999
0 0.398571346875 0.6751237999999999 0.4644248203125 0.69294620625 0.56397325 0.387011875 0.4913353046875 0.365282715625 0.38726254375 0.6650591046875001 0.398571346875 0.6751237999999999
0 0.6669167453125 0.410018771875 0.5582929796875 0.712006371875 0.6407596828125001 0.7369245265625 0.7418323703125 0.43026793437500005 0.6669167453125 0.410018771875
0 1 0.489114803125 0.9312426546875001 0.4684395015625 0.8235163671875 0.77520023125 0.8766192203125 0.7922274609375 0.928133940625 0.802024696875 0.944224865625 0.7550171609375 0.92471449375 0.74985313125 1 0.5131607859375 1 0.489114803125
0 0.287455340625 0.9246036109375 0.29248499687499996 0.9385673328124999 0.2887433296875 0.95312684375 0.2787665703125 0.97158615 0.3185505890625 0.983249046875 0.3382508703125 0.9254900703125 0.294116034375 0.9119231437499999 0.287455340625 0.9246036109375
0 0.008803640625000001 0.7565830250000001 0.009060603125 0.7786662875 0.0248253765625 0.7791684390625 0.02716628125 0.755466003125 0.00963658125 0.7544332484375 0.008803640625000001 0.7565830250000001
0 0.11230455312500001 0.19634149375 0.10895569375 0.2039698859375 0.0998342375 0.20416310625 0.0756092625 0.2823266625 0.097884228125 0.2856227359375 0.1143111265625 0.290666878125 0.1466051328125 0.20387806249999998 0.11230455312500001 0.19634149375
0 0.3273140859375 0.3252635921875 0.26266211875 0.31296848437499997 0.2437899578125 0.3268454640625 0.2193373484375 0.38734074375 0.2403603171875 0.39378661406250004 0.25375712500000003 0.40468066093750005 0.28922989375 0.41521110468750005 0.3273140859375 0.3252635921875
0 0.32158840624999996 0.305979621875 0.31970168125 0.3159902390625 0.3470904828125 0.322569228125 0.3597636328125 0.287461790625 0.3087060109375 0.2710429109375 0.29113314687499997 0.3039283859375 0.2960001953125 0.3079778796875 0.30365467968750004 0.29866260312500004 0.32158840624999996 0.305979621875
0 0.1461822625 0 0.0982909625 0.1551518765625 0.1634239046875 0.17943715 0.23541909218749998 0.19804952343749999 0.296230328125 0 0.1461822625 0
0 0.6939147046875 0.048393775 0.6965605874999999 0.0442110890625 0.697839384375 0.0326701171875 0.6406624437499999 0.0191839390625 0.6363413 0.0273239703125 0.6378098109375 0.0361817484375 0.68769563125 0.0495406859375 0.6939147046875 0.048393775
0 0.8528145484375 0.014494671875 0.811709078125 0.0053636484375 0.7836392859375 0.0048737875 0.77787054375 0.014266024999999998 0.75853588125 0.0091931640625 0.7522624687499999 0.019677859375000002 0.7748906296875 0.0266362984375 0.7744927109375 0.030659985937500002 0.8405521203124999 0.047164465625 0.8528145484375 0.014494671875
0 1 0.153431590625 0.9708429171875 0.144455440625 0.9556303046875 0.1843861546875 1 0.19793664375 1 0.153431590625
0 0.5125425 0.9495879234375 0.49873959843750004 0.9365503359374999 0.51180686875 0.8867148421875 0.5323946281249999 0.8695199546874999 0.51862275625 0.8473644281249999 0.4383285640625 0.8276821609375 0.4187656765625 0.858044046875 0.40526701718749997 0.8570816375 0.38916296250000004 0.9214889453125 0.3663691015625 0.9430063421874999 0.363771359375 0.9502734125 0.3710058203125 0.9639232078125 0.3661671328125 0.9777147125000001 0.43918383125 0.998811746875 0.49599143437500004 0.9998031265625 0.5125425 0.9495879234375
0 0.16264574062499998 0.6160313578125 0.097432890625 0.5903350703125 0.0801312796875 0.6220359109375 0.061247629687500006 0.6265299078125001 0.04828001875 0.67059650625 0.0391838296875 0.7270207953125001 0.0947980953125 0.7402594484375 0.168782909375 0.7652498343749999 0.1847426203125 0.7370055734375 0.1974448265625 0.7385487656249999 0.2032571 0.7202370359375 0.18577160937499998 0.7116063203125 0.211652353125 0.636621278125 0.19325104843750002 0.6301550859375 0.18502664375 0.6124794078125 0.163548259375 0.608580528125 0.16264574062499998 0.6160313578125