0 0.19709847656249999 0.2813641078125 0.18914568125 0.1811195109375 0.195412559375 0.17991084375 0.1913906109375 0.1471357359375 0.0793312484375 0.160751471875 0.10227042500000001 0.301140671875 0.19709847656249999 0.2813641078125
0 0.0432495671875 0.415817465625 0.0024501765625000002 0.42114948593749996 0.0027509343750000003 0.4728454796875 0.051365440625 0.4644741375 0.0432495671875 0.415817465625
0 0.6758310187500001 0.51371519375 0.6308351531249999 0.5176947328125 0.63062501875 0.5322169484375 0.635490321875 0.579467478125 0.6470385140625 0.5787276609374999 0.6489594875 0.6116994546875001 0.6950831296875 0.6070888421875 0.69133545 0.5766970406249999 0.7770054531249999 0.5647512 0.7682193796875 0.5004075765625 0.6758310187500001 0.51371519375
0 0.0521737546875 0.11623297968749999 0.0007176640625 0.12335601562500001 0.0010918890625 0.1876796859375 0.055869139062499996 0.1796608984375 0.0521737546875 0.11623297968749999
0 0.2918174046875 0.050068918750000004 0.33674355624999996 0.0388498203125 0.3312413125 0.0071630109375 0.34305414375 0.0035500234375 0.27492915 0.007914340625 0.2918174046875 0.050068918750000004
0 0.589738925 0.8861095078125001 0.6065312609375 0.9884163593749999 0.7373145015625 0.980037946875 0.7214817640625 0.9054038953125 0.6929552296875 0.91083271875 0.690462409375 0.8680456796874999 0.589738925 0.8861095078125001
0 0.7347217406250001 0.3930859390625 0.60376378125 0.4081814453125 0.6025553859375 0.41765539843750005 0.5602847421875 0.4163481375 0.5703861015625 0.484208815625 0.5967502390625 0.4993052890625 0.61324180625 0.49555814375 0.61752911875 0.5087159812500001 0.6741609375000001 0.5003896875 0.6758310187500001 0.51371519375 0.7682193796875 0.5004075765625 0.7599612125 0.4042185 0.7347217406250001 0.3930859390625
0 0.306223334375 0.078391203125 0.3084878984375 0.11726039218749999 0.258057921875 0.127445371875 0.27359553124999997 0.17519194062500001 0.3166869234375 0.164090378125 0.3460348578125 0.2610808828125 0.40342148125 0.24618660781249999 0.3441340671875 0.071802371875 0.306223334375 0.078391203125
0 0.978419021875 0.3416469765625 0.937574290625 0.3466852046875 0.9383227375000001 0.359531625 0.9036043250000001 0.3609486109375 0.9116266984375001 0.44425842187500003 0.9841735359375001 0.44041801875 0.978419021875 0.3416469765625
0 0.7456176812499999 0.2333297515625 0.767183603125 0.3320192375 0.7907415359375001 0.3291647171875 0.7938542765625 0.337037221875 0.8287204234375001 0.33211294062499996 0.8335984421875 0.340534665625 0.8997846609375 0.330250965625 0.883602359375 0.2184464015625 0.7456176812499999 0.2333297515625
0 0.6567981234375 0.03502800625 0.67653623125 0.1200088453125 0.7064136765625 0.12614601406249998 0.7357769390625 0.1234577125 0.7489185843749999 0.131474225 0.7834039328125 0.126056909375 0.7830291093749999 0.11962338749999998 0.819478475 0.1116586734375 0.791371765625 0.0094764390625 0.6567981234375 0.03502800625
0 0.9898000828125 0.2515771046875 0.9585884109375 0.25507838125000004 0.95468595 0.22388930624999998 0.8915827265624999 0.2271247171875 0.9054985625 0.3390744796875 0.9422278453124999 0.33591428749999996 0.9403334031249999 0.32152689687499997 0.9934213984375001 0.3137337421875 0.9898000828125 0.2515771046875
0 0.0029850874999999997 0.5130929625 0.0107478390625 0.6463336156249999 0.020826784374999997 0.6426880921875 0.018534589062500002 0.6033446375 0.0559425375 0.5937041296875 0.026573404687500003 0.5061115234375 0.0029725734375 0.51094193125 0.0029850874999999997 0.5130929625
0 0.0273261171875 0.023776623437499998 0.0001484578125 0.0255177171875 0.0005997703125 0.10309165468749999 0.046748823437499996 0.09563492968750001 0.0273261171875 0.023776623437499998
0 0.2542920015625 0.46629319062499996 0.2498483765625 0.4262803703125 0.13586509375 0.44173722812499994 0.14438526875 0.480598909375 0.2542920015625 0.46629319062499996
0 0.9644455875 0.7953559953125 0.9503709375 0.7527314078125 0.9680923 0.749174540625 0.955159384375 0.690353671875 0.8142989937499999 0.7163079906250001 0.845571825 0.8207710593750001 0.9644455875 0.7953559953125
0 0.1943004046875 0.541065834375 0.19238303437499998 0.5081559015625 0.14305326875 0.512123321875 0.146210340625 0.548182603125 0.1943004046875 0.541065834375
0 0.2641492421875 0.9278720734375 0.2757904828125 0.9968585843750001 0.450329946875 0.9948276328125001 0.4343914046875 0.9041956000000001 0.2641492421875 0.9278720734375
0 0.380348671875 0.7068740046875 0.2509826703125 0.727911115625 0.2733960734375 0.8518383140625 0.3036069140625 0.8753190953125 0.3743932484375 0.8649683640625 0.378192153125 0.852078990625 0.418766221875 0.8447193203125 0.380348671875 0.7068740046875
0 0.0011844 0.20358097343749998 0.0020158390625 0.346493421875 0.0796504703125 0.3345049015625 0.055823692187499996 0.215138846875 0.0051136671875 0.213544353125 0.0011844 0.20358097343749998
0 0.3122700125 0.550335146875 0.1611257046875 0.5629362671875 0.1785470859375 0.6662583796875 0.315853453125 0.6555372296875001 0.3122700125 0.550335146875
0 0.5826016796875 0.5409438265625 0.6005573109375 0.5414079109375 0.6159440890625001 0.55170216875 0.6232831296875 0.5512320046875 0.622416846875 0.5182340375 0.5824838437500001 0.5207922796875 0.5819696609375 0.5119668093749999 0.54211049375 0.5153275140625 0.544730659375 0.5603003 0.562592584375 0.559156003125 0.5734379796875 0.5463533359375 0.5826016796875 0.5409438265625
0 0.43334147500000003 0.2921011140625 0.4062432171875 0.29787307812499997 0.41253443125 0.35146909531250003 0.4461537015625 0.3493153328125 0.43334147500000003 0.2921011140625
0 1 0.5845029953124999 0.93341595625 0.59140649375 0.9346356671875 0.63837314375 0.9427343515625 0.6374610656249999 0.9432305124999999 0.6459772328125 0.9840667359375 0.639863296875 0.9852176390625 0.6596175046874999 1 0.6588716906250001 1 0.5845029953124999
0 0.0500302171875 0.35091122812500003 0.0020871203125000003 0.35874562499999996 0.002399796875 0.4124901046875 0.057186307812500004 0.4012230703125 0.0500302171875 0.35091122812500003
0 0.1769337 0.8905126578125 0.038536115625 0.9131839203125001 0.029144457812500003 0.934669078125 0.040735328125 0.9995936984375 0.2132384359375 0.9975864421875 0.1933499140625 0.9115035218750001 0.1769337 0.8905126578125
0 0.5871191828125 0.7365536296874999 0.6144304015625 0.8404219078124999 0.6296344453125 0.8406069296875 0.6977094203124999 0.8362458171875 0.7042927437500001 0.845117121875 0.7329135390625 0.8408413046875 0.7338863078125 0.8315066281249999 0.783337634375 0.8203287859374999 0.768343053125 0.719148596875 0.5871191828125 0.7365536296874999
0 0.7119618187500001 0.34967243593749997 0.7003791828125 0.256386978125 0.6524498078125001 0.26347275468750003 0.6472209921875 0.2490299140625 0.5652120015625 0.2596649640625 0.574722825 0.3624796890625 0.7119618187500001 0.34967243593749997
0 0.6002820609375 0.626863678125 0.6356779390625 0.6189457578125 0.635490321875 0.579467478125 0.6229565640625 0.5818848156249999 0.6193822812499999 0.5925865906250001 0.55515719375 0.6128242015625001 0.5614952578125 0.6672244093749999 0.60540315 0.6603755640625 0.6002820609375 0.626863678125
0 0.9853726937499999 0.937467784375 0.9767937484375 0.8985270796875 0.9851850765625001 0.897989503125 0.9686790750000001 0.849891028125 0.945835628125 0.8561769109374999 0.9350115453125 0.8149584609374999 0.7973080218749999 0.8407105406250001 0.8075956078125 0.963365534375 0.9853726937499999 0.937467784375
0 0.8434506015625001 0 0.8541954796875 0.073959546875 0.877728609375 0.08044106250000001 0.9529955671874999 0.0684372734375 0.95449225625 0.05786859531250001 0.978291734375 0.054046660937500005 0.9778155906249999 0.045874107812499995 0.969546603125 0.008534753124999999 0.9755837109375 0.0075658859375 0.9751429140625 0 0.8434506015625001 0
0 0.2264207578125 0.3681525234375 0.20402009843750002 0.2913934796875 0.1037443921875 0.308310971875 0.115835359375 0.388938559375 0.2264207578125 0.3681525234375