0 0.0055306640625 0 0.249416825 0.44215522187499995 0.3253014453125 0.3477686265625 0.13369493125 0 0.0055306640625 0
0 0.45995775156249996 0.7313097953125001 0.47653028593749996 0.7630863328124999 0.5230483953125 0.7057105984375001 0.5370919734374999 0.7361503500000001 0.510391965625 0.7692501390625 0.5281565484375 0.80369058125 0.5647909078125 0.75919028125 0.5681633515625 0.7646705375 0.5855840859375 0.743619425 0.5660151640625 0.7096098390625001 0.5400055359375 0.659144025 0.5312771421875 0.6647650875 0.51913361875 0.6467357625 0.4788782921875 0.697207559375 0.480394978125 0.7051139453124999 0.45995775156249996 0.7313097953125001
0 0.6471827515624999 0.638524009375 0.6177572828125 0.5751189203125 0.6102400375 0.5830757765625 0.60321075 0.57017855 0.5968935531249999 0.574951828125 0.5852104687499999 0.5566165765625 0.5669333453125 0.5749179062499999 0.5694043093750001 0.584343346875 0.548354634375 0.6136066390625 0.5655318031250001 0.6445837390625 0.5703362375000001 0.6398007375 0.5776692046874999 0.6507270859375 0.581618440625 0.6542332859375 0.5874224031249999 0.6659698281249999 0.5669764609375 0.68705614375 0.5853062312499999 0.71752799375 0.6174719453125 0.6813589390625 0.6229245671875 0.6832628390625 0.6406558171875 0.6614157078125 0.6381711796875 0.6496405421875 0.6471827515624999 0.638524009375
0 0.66087435625 0.48206995937499997 0.649304871875 0.46881569843750004 0.5921945015625 0.5328451828125 0.616622696875 0.571497996875 0.6460252093750001 0.5298415953125 0.6613092625 0.5568240578125 0.6409251546875 0.5885387890625 0.6546530500000001 0.6080525140625 0.6594711531249999 0.6056192390625 0.670164778125 0.6236107890625 0.6899926 0.59739470625 0.684163178125 0.5848933796875 0.68927129375 0.5781395 0.6885979890625 0.567135659375 0.6996900796875 0.5488906109375 0.7013937984374999 0.53116466875 0.668671890625 0.4717326328125 0.66087435625 0.48206995937499997
0 0.6681003984375 0.467394725 0.671317040625 0.44970582812500004 0.6686129125 0.41825975312499997 0.6634392796874999 0.395695471875 0.6438948984375 0.42368433281250006 0.6681003984375 0.467394725
0 0.8239051578125001 0.0369462 0.8154105546875 0.021360923437500002 0.7694225828125 0.079577540625 0.7849240609375 0.1258757203125 0.7978149859375 0.142366190625 0.8114828484375 0.1660065765625 0.8626931953125 0.10261955468749999 0.8523236515624999 0.078940790625 0.8559320609375 0.0708108234375 0.832636915625 0.028292106249999997 0.8239051578125001 0.0369462
0 0.7604067 0.1368994375 0.7411671375 0.159501875 0.70592460625 0.2012808796875 0.743631175 0.2688521921875 0.7570637828125 0.25205541875000004 0.7607607328125 0.25914403125 0.7996021125 0.2112025171875 0.7604067 0.1368994375
0 0.7136589796874999 0.1656420265625 0.7167190265625 0.1679836296875 0.7530547921874999 0.1263285265625 0.7111486874999999 0.048340890625 0.6609109515625 0.1091754390625 0.6988164265625 0.1820453421875 0.7136589796874999 0.1656420265625
0 0.7209221593749999 0.34152570781249997 0.7291132109375 0.3410478578125 0.7427723 0.3234560453125 0.7276203640625 0.29390356562500003 0.7094605234375 0.3143074984375 0.7209221593749999 0.34152570781249997
0 0.6917185625 0.27653323125 0.68812379375 0.26895159375 0.66525091875 0.309848909375 0.6571495984375 0.3149161921875 0.64150663125 0.33458040625 0.676619390625 0.3896673921875 0.7166957078125 0.3337055015625 0.7094605234375 0.3143074984375 0.71876480625 0.2993348390625 0.700302946875 0.267826203125 0.6917185625 0.27653323125
0 0.5646708031250001 0.42075346874999997 0.5520611546875 0.44177592499999996 0.545034334375 0.4401362625 0.5890839828125001 0.51099465 0.6105038359375 0.4839676375 0.601782909375 0.469204721875 0.5942126531249999 0.47888362031250004 0.5646708031250001 0.42075346874999997
0 0.560971828125 0.5397116640624999 0.5713774546875 0.5479244796875 0.5956183140625 0.5218756421874999 0.5890839828125001 0.51099465 0.545034334375 0.4401362625 0.5378027265624999 0.432187078125 0.5269075265625001 0.44816192343749994 0.5546489046875 0.5001650703125 0.544349303125 0.5101762953125 0.560971828125 0.5397116640624999
0 0.160964159375 0.43832074375 0.134397028125 0.38592139375 0.11767328125000001 0.400379253125 0.149498553125 0.45375574218750003 0.160964159375 0.43832074375
0 0.37718265624999997 0.9630536187500001 0.3984577796875 0.9954312203125 0.423675453125 0.9951377859375 0.389806428125 0.948069659375 0.37718265624999997 0.9630536187500001
0 0.468691965625 0.867528865625 0.461127640625 0.849336959375 0.40576764374999996 0.9144936937500001 0.41373976562500003 0.9269427640625001 0.468691965625 0.867528865625
0 0.43703153125 0.8424857125 0.4270404046875 0.8260707953124999 0.376859309375 0.8894185171875 0.38862073124999996 0.9031623828124999 0.43703153125 0.8424857125
0 0.44264500937499995 0.807035484375 0.433133128125 0.786325084375 0.41244064687500004 0.80837061875 0.42291859687500005 0.8290151281249999 0.44264500937499995 0.807035484375
0 0.4085844140625 0.9291886921874999 0.375781284375 0.8991311718749999 0.3667853984375 0.9201662265625 0.40103079687500004 0.9489500484375 0.4085844140625 0.9291886921874999
0 0.2528742609375 0 0.420131646875 0.277753409375 0.4953981484375 0.178237046875 0.3929177078125 0 0.2528742609375 0
0 0.375872840625 0.43095633906249997 0.3253014453125 0.3477686265625 0.28317205156249997 0.4011312796875 0.2872232828125 0.40772393124999995 0.29157541249999996 0.40103349687499995 0.3366731796875 0.482317553125 0.375872840625 0.43095633906249997
0 0.345995378125 0.520982196875 0.3660234859375 0.507524209375 0.37551310937500004 0.502741340625 0.35460646093750003 0.473529065625 0.33572319375 0.5032043374999999 0.345995378125 0.520982196875
0 0.3097367140625 0.1786486609375 0.262858109375 0.10544598125 0.2516259796875 0.121288125 0.2995857359375 0.192538203125 0.3097367140625 0.1786486609375
0 0.3186039046875 0.1932732546875 0.3097367140625 0.1786486609375 0.2995857359375 0.192538203125 0.3091535421875 0.2048047578125 0.3186039046875 0.1932732546875
0 0.2335905265625 0.415862175 0.20847228437499998 0.3705502734375 0.191714628125 0.3864020640625 0.22125051562500003 0.43267355937499996 0.2335905265625 0.415862175
0 0.2017812265625 0.354397521875 0.1777784453125 0.316641459375 0.16471572343750002 0.3320130671875 0.1887030609375 0.370725659375 0.2017812265625 0.354397521875
0 0.14379126874999998 0.49836068593749994 0.1216302328125 0.4593809234375 0.10829583125 0.47500161093750004 0.131682534375 0.5115898999999999 0.14379126874999998 0.49836068593749994
0 0.113897603125 0.45198405625 0.0987000453125 0.4145900453125 0.10233611406250001 0.41121417656250003 0.08745421249999999 0.3666848640625 0.0619390703125 0.38315771875000004 0.1015646109375 0.46639082343749994 0.113897603125 0.45198405625
0 0.07619905625 0.7938665953124999 0.086741778125 0.7931427859375 0.10654292812499999 0.802066003125 0.1092584703125 0.8174179609375001 0.1136094875 0.81053626875 0.1653312078125 0.9000498218749999 0.1873360375 0.8832899234375 0.1696193 0.8570735218750001 0.095728121875 0.7271321203125 0.058504282812499996 0.7678138859375 0.07619905625 0.7938665953124999
0 0.10034639375000001 0.9575857890625 0.1409725875 0.9022459578124999 0.118088521875 0.861771775 0.103501590625 0.853498315625 0.065661115625 0.9037507437500001 0.10034639375000001 0.9575857890625
0 0.5538385609375001 0.53422051875 0.542501415625 0.5464570828124999 0.5536038703124999 0.56971745625 0.5661329578125 0.552903871875 0.5538385609375001 0.53422051875
0 0.545034334375 0.4401362625 0.5520611546875 0.44177592499999996 0.5794359203125 0.39465094375 0.505856025 0.2676569390625 0.47770175156250005 0.3324697828125 0.545034334375 0.4401362625
0 0.5356774671875 0.948039075 0.510964028125 0.89285840625 0.5007059171875 0.9100007796874999 0.4927927421875 0.911295125 0.467395546875 0.948041203125 0.474819834375 0.9638302062499999 0.47149075781249994 0.9694157671875001 0.48274476718750003 0.994450453125 0.5506039140625 0.993660840625 0.5605653312500001 0.9826425515625001 0.5427081046875 0.9503344765625 0.5356774671875 0.948039075
0 0.431188246875 0.7878778734375 0.4157956546875 0.760295540625 0.407721196875 0.7699803078125 0.4210739078125 0.7972311624999999 0.431188246875 0.7878778734375
0 0.413193 0.782403821875 0.4032157265625 0.764759153125 0.3907523953125 0.7784296828125 0.40277304531249997 0.7970069234375 0.413193 0.782403821875
0 0.219677725 0.9207030375 0.193548484375 0.8821793124999999 0.18297985625 0.9001177031250001 0.20878270937500001 0.9330984015625001 0.219677725 0.9207030375
0 0.237890340625 0.9093701421875 0.1844777515625 0.843402446875 0.1751142578125 0.859031578125 0.22849664375 0.919808015625 0.237890340625 0.9093701421875
0 0.2450243734375 0.8969365687499999 0.1958580515625 0.82774985 0.1844777515625 0.843402446875 0.237890340625 0.9093701421875 0.2450243734375 0.8969365687499999
0 0.254376396875 0.8829470265625 0.20582154375 0.81413573125 0.1958580515625 0.82774985 0.2450243734375 0.8969365687499999 0.254376396875 0.8829470265625
0 0.253259003125 0.8786701203125 0.2635357140625 0.8647244671875001 0.21621079375000002 0.7978662078125 0.20849233906250003 0.8109623640624999 0.20582154375 0.81413573125 0.253259003125 0.8786701203125
0 0.2734051328125 0.85299681875 0.22725498593750001 0.77861071875 0.21621079375000002 0.7978662078125 0.2635357140625 0.8647244671875001 0.2734051328125 0.85299681875
0 0.2806306953125 0.8382396171875 0.2384304734375 0.7602554031250001 0.22725498593750001 0.77861071875 0.2734051328125 0.85299681875 0.2806306953125 0.8382396171875
0 1 0.681788740625 0.9771780718749999 0.7097165671875 1 0.7470793234374999 1 0.681788740625
0 0.9130879437500001 0.8885344859375 0.9633642171875 0.9787752890625001 0.9989306703124999 0.931281746875 0.9904177609374999 0.91616119375 0.99586773125 0.9103870093750001 0.9655871984375001 0.85890524375 0.9819398156249999 0.84204716875 0.9586683796875001 0.7999926890625 0.9270842968749999 0.780850684375 0.9144092374999999 0.8014640375000001 0.9232792890624999 0.8165804359375001 0.9054835859375 0.838182396875 0.9268820124999999 0.8688644609375 0.9130879437500001 0.8885344859375
0 0.9036943578125 0.92788141875 0.8959045296875001 0.907041684375 0.8889507484375001 0.9071225984375 0.876364353125 0.8815842546875 0.8247774703124999 0.9416420999999999 0.8577945250000001 0.9900863531249999 0.9247441296875 0.9893073250000001 0.9193613078125 0.9809540890624999 0.9237105765625 0.97377185 0.9007935828125 0.9312487328125 0.9036943578125 0.92788141875
0 0.793125534375 0.8638903609374999 0.7656994421875 0.8119108703125001 0.7417757734375 0.838311234375 0.7701146062500001 0.8918922359374999 0.793125534375 0.8638903609374999
0 0.8891735031250001 0.7395676796874999 0.9078570687499999 0.7044572062500001 0.913995603125 0.7123098109375 0.92155250625 0.700335828125 0.919660240625 0.6892641984375001 0.8913511062499999 0.644399290625 0.838154896875 0.7203512515625 0.8643233984375 0.765623609375 0.8891735031250001 0.7395676796874999
0 0.7943448796875 0.965139859375 0.8025393749999999 0.9508085703125 0.77776680625 0.9071321015624999 0.7647551906250001 0.942121928125 0.741578365625 0.9560537421875 0.7300797734375 0.933317140625 0.7404005140625001 0.9052716593750001 0.7451649406249999 0.886389809375 0.74496545 0.8521001921875 0.7374410218749999 0.8407662078125 0.662691121875 0.9424078515625001 0.6955576234375 0.9919741515625 0.80913959375 0.9906525046875 0.7943448796875 0.965139859375
0 0.5761266640625 0.99336385625 0.5887702375 0.9807022265625 0.57747423125 0.9602858281250001 0.5591952 0.9782592890625 0.5605653312500001 0.9826425515625001 0.5580344140625 0.9881914999999999 0.5617390921875 0.9935312703125 0.5761266640625 0.99336385625
0 0.5605653312500001 0.9826425515625001 0.5591952 0.9782592890625 0.57747423125 0.9602858281250001 0.5617595171875001 0.9315049765625 0.5427081046875 0.9503344765625 0.5605653312500001 0.9826425515625001
0 1 0.314835634375 0.9936506265625 0.30539917499999997 0.919883325 0.4098164578125 0.9192167515625 0.41441468906249995 0.9577243421875 0.4824411921875 1 0.428709271875 1 0.314835634375
0 0.7952785125 0.6525395296875 0.80926645 0.6300801734375 0.7833003765625 0.5871006984375 0.7785543328125 0.5946974171875 0.7620511078125001 0.6181697140625 0.78822731875 0.653933140625 0.7952785125 0.6525395296875
0 0.6940340875000001 0.6312024296875001 0.7067898203125 0.6569573953125001 0.7002752562500001 0.6639189109375 0.6933884171875 0.6502276218749999 0.6891294078125 0.6548676546875 0.6938007484375001 0.6777656734375 0.6886648156249999 0.6797381328125 0.7216650515625 0.7436754343749999 0.7417358359375 0.726719446875 0.7465448265625 0.7299423984375 0.7805997359375 0.6898713171875 0.7584380656249999 0.6507822671875 0.7519177781249999 0.656760175 0.7297866265625 0.622917025 0.733021971875 0.615665775 0.7238490609375 0.59905006875 0.6940340875000001 0.6312024296875001
0 0.8094759 0.6299684390625 0.80926645 0.6300801734375 0.8201992468749999 0.653069278125 0.8656516765625 0.5930828140625 0.828836521875 0.5270586109375001 0.8181212328124999 0.5559010859375 0.8102980796875 0.5654463078124999 0.803208025 0.5926617921874999 0.8099450750000001 0.6094971124999999 0.8094759 0.6299684390625
0 0.8229621937499999 0.5176727718749999 0.793646325 0.46227241562500004 0.7750632953125 0.4821621109375 0.8066932671875 0.5380820265625 0.8229621937499999 0.5176727718749999
0 0.8474105703125 0.29617113125 0.8244697078125001 0.253156453125 0.7961291890625 0.2787338359375 0.807261684375 0.285490009375 0.8126225625 0.2969038171875 0.808684325 0.31334419375 0.8034417078124999 0.32225825625 0.8108232093750001 0.3343043328125 0.8474105703125 0.29617113125
0 0.5680451484375 0.8021334671875 0.5634844421875 0.7982518421875 0.5409419265625 0.823707109375 0.5632093265625 0.855690625 0.5893589578125 0.8254936125000001 0.6067945859375 0.8575606765625 0.589346009375 0.877437171875 0.5743839171875 0.8516259046875 0.5506321328125 0.87868005 0.5757131234374999 0.9248121140625001 0.58986936875 0.913225853125 0.6008615609375 0.93197900625 0.645009059375 0.875204665625 0.6303755765625 0.8553189390625 0.6375387531250001 0.8406717609375001 0.5971742078125 0.7640324 0.58244973125 0.78267493125 0.5680451484375 0.8021334671875
0 0.6782009 0.8312362578125001 0.673381603125 0.822630546875 0.6983501546875 0.791654875 0.667765303125 0.7420347015625001 0.6773403390625 0.7230422265625001 0.65321105625 0.681598859375 0.5934450984375 0.7586382656249999 0.5971742078125 0.7640324 0.6375387531250001 0.8406717609375001 0.64560269375 0.8327905156250001 0.6583827999999999 0.8555122078125 0.6782009 0.8312362578125001
0 0.8970676578125 0.5508291734374999 0.8676640750000001 0.49840818125 0.85083764375 0.5168839015625 0.8825309859375 0.5692509265625 0.8970676578125 0.5508291734374999
0 0.8710087109375 0 0.8930398390625 0.035458639062500005 0.8993843765625 0.0353848140625 0.90704110625 0.0405693 0.9437696671875001 0 0.8710087109375 0
0 0.9577243421875 0.4824411921875 0.9192167515625 0.41441468906249995 0.8640449578125 0.49025301718750003 0.8996909796875 0.5539409375 0.9577243421875 0.4824411921875
0 0.9268820124999999 0.8688644609375 0.9054835859375 0.838182396875 0.8822272078125 0.8709415484375 0.9014857703124999 0.9057744734375 0.9268820124999999 0.8688644609375
0 0.54347261875 0.4967156390625 0.504483134375 0.42530653437500004 0.49137063124999997 0.43573303281250003 0.4616645046875 0.3818673734375 0.4303679296875 0.4843696046875 0.51094174375 0.6290156687499999 0.5536038703124999 0.56971745625 0.542501415625 0.5464570828124999 0.5433295390625 0.540736678125 0.5371219640625 0.5282397515625 0.54347261875 0.4967156390625
0 0.20849233906250003 0.8109623640624999 0.2407161234375 0.7558842515624999 0.167536528125 0.62547005625 0.134566321875 0.6786441578125 0.095728121875 0.7271321203125 0.1696193 0.8570735218750001 0.20849233906250003 0.8109623640624999
0 0.001228503125 0.211161646875 0.0016374375 0.2814515359375 0.017864623437499998 0.3080370359375 0.0912143796875 0.21490952812500003 0.051992873437499997 0.13973237656249998 0.001228503125 0.211161646875
0 0.4328101875 0.348020484375 0.4144414765625 0.3325227765625 0.4032795796875 0.364048225 0.42127175625 0.37621675468750004 0.4328101875 0.348020484375