0 0.125778090625 0.94416760625 0.13093839062499998 0.9439990671875 0.1289021453125 0.9483639343749999 0.12973355 0.9522244437499999 0.12963546875 0.954428659375 0.18129679062499998 0.9619959296875 0.182436115625 0.959019821875 0.0986443875 0.8935206734375001 0.09666128125 0.9039738890625 0.090827703125 0.9245862468749999 0.0782889640625 0.943292034375 0.07258057968750001 0.9460713484375001 0.10098740937499999 0.9502323359375 0.1013972296875 0.9480737828124999 0.1056930921875 0.9379593375 0.1106647421875 0.9326275562499999 0.11359431093750001 0.9349260375 0.1129256125 0.9394912218749999 0.1114826125 0.9517696578124999 0.1182641546875 0.95276300625 0.120541259375 0.9480841968749999 0.125778090625 0.94416760625
0 0.9254388499999999 0.1275028828125 0.9500248656249999 0.17759175 0.9876829031250001 0.1461519875 0.96237470625 0.09706662968749999 0.9254388499999999 0.1275028828125
0 0.9982935578125 0.2991304359375 0.998760725 0.2188310921875 0.9936327109375 0.213519390625 0.9558329359375 0.2484511484375 0.9882944015625 0.3084446796875 0.9982935578125 0.2991304359375
0 0.8322893125 0.47649420937500003 0.8555376625 0.44988708437499997 0.82784686875 0.42744549374999996 0.8060735859375001 0.457165171875 0.8322893125 0.47649420937500003
0 0.786286959375 0.4316701703125 0.80125090625 0.412395215625 0.780715025 0.39958840625000003 0.7684385218750001 0.4197294921875 0.786286959375 0.4316701703125
0 0.57672628125 0.37716536093749997 0.556339209375 0.3410441359375 0.49729798125 0.3902844703125 0.5138563234375 0.420709259375 0.57672628125 0.37716536093749997
0 0.5353953546875 0.2576759078125 0.518176371875 0.2668218046875 0.54087161875 0.3191604359375 0.5570446046875001 0.304253234375 0.5353953546875 0.2576759078125
0 0.7182665312500001 0.40210915468749997 0.7382779421875 0.41204536875000003 0.756017534375 0.383357696875 0.71358700625 0.354258259375 0.6953430484374999 0.380078278125 0.7182665312500001 0.40210915468749997
0 0.9024763390625001 0.7623519515625 0.923224309375 0.744540503125 0.9102218687500001 0.7278453687499999 0.9145604468749999 0.721085596875 0.8846903453125 0.6541996218749999 0.823180965625 0.7023388953125 0.850927746875 0.7608612140625 0.8624119984374999 0.755805490625 0.8676810640625 0.75657729375 0.8902146609375 0.745087421875 0.9024763390625001 0.7623519515625
0 0.8469666953124999 0.655514553125 0.8760256390625001 0.640707675 0.8579770437500001 0.60334721875 0.8313949203125001 0.624104440625 0.8469666953124999 0.655514553125
0 0.7325819109375 0.7018249453125 0.715070665625 0.7066552046875 0.630189715625 0.7675174078125 0.72799111875 0.9579741 0.8102881078124999 0.8597775499999999 0.7325819109375 0.7018249453125
0 0.6210304062499999 0.7808225281250001 0.512970453125 0.8852084437500001 0.5463471703125 0.9602703937499999 0.6515629296875 0.8643627437499999 0.6543499125000001 0.8728236140625001 0.6641926 0.8662127187499999 0.6600525187499999 0.8559102515625 0.6210304062499999 0.7808225281250001
0 0.6365862453125 1 0.5953639749999999 0.9194426124999999 0.5463471703125 0.9602703937499999 0.5670207671874999 1 0.6365862453125 1
0 0.69403729375 1 0.7067827015625 0.9929532109375 0.6931614640625 0.9635132921875 0.7152602078125 0.9465776031249999 0.69353244375 0.90754839375 0.6615233140625 0.9347827015625001 0.6676601046874999 0.9502461999999999 0.6631737796875 0.9540878453125 0.68178548125 0.991530784375 0.6875968625 0.9901429 0.6910536031250001 1 0.69403729375 1
0 0.7161889953125 0.9521573984374999 0.6989096796875 0.9612944562499999 0.7143284390625 0.98884071875 0.7273687093750001 0.9794730375 0.7161889953125 0.9521573984374999
0 0.6641926 0.8662127187499999 0.6543499125000001 0.8728236140625001 0.6515629296875 0.8643627437499999 0.6268593375 0.886319540625 0.6489351640625001 0.9268993312499999 0.686646115625 0.9032323625 0.6641926 0.8662127187499999
0 0.52796291875 0.656918321875 0.5080483921875001 0.6707228203125 0.5593572234375 0.766550415625 0.582160703125 0.754340003125 0.52796291875 0.656918321875
0 0.5027993515625 0.6083882515625 0.52796291875 0.656918321875 0.582160703125 0.754340003125 0.5952335640624999 0.7835968859375 0.7127885984375 0.6749731640625 0.6299142265625 0.513736815625 0.5027993515625 0.6083882515625
0 0.5954070859375 0.7881621828125 0.5894495984375 0.778065984375 0.5680552453125001 0.7949610546875 0.5729926296875 0.8073934640625 0.5954070859375 0.7881621828125
0 0.568533384375 0.8141355609375 0.5505169125 0.7823057265625 0.5068123421874999 0.82389109375 0.5299990796875 0.847069821875 0.568533384375 0.8141355609375
0 0.4019939375 0.9341955734375 0.407260909375 0.9396096640625 0.4260058875 0.9232714703125 0.41965405312500004 0.9092760703125 0.4280943578125 0.90256246875 0.3883273 0.85191384375 0.3734829921875 0.8642013499999999 0.3779298921875 0.8690433843750001 0.34375535468749996 0.8981585484375 0.36853035 0.936298853125 0.3650876984375 0.937643396875 0.376055025 0.9575737312499999 0.4019939375 0.9341955734375
0 0.3915783546875 0.8381335999999999 0.395259621875 0.842452634375 0.3904434765625 0.8477044812500001 0.403639153125 0.8682693578125 0.4138908578125 0.8549393671875001 0.399393803125 0.8309176203125 0.3915783546875 0.8381335999999999
0 0.22569639375 0.43733359531250005 0.21372470781250003 0.4120589078125 0.168265896875 0.45468149062499996 0.18576855 0.4919825203125 0.1969077453125 0.4885812734375 0.21519540625000003 0.5282364171875 0.24165822499999998 0.5119399718750001 0.2398068828125 0.50550605625 0.23101885625000002 0.50814240625 0.22737559687500003 0.4947286375 0.24671914374999998 0.477389371875 0.23714474062500002 0.4586080234375 0.242492209375 0.4526739328125 0.23315687343749997 0.4361872703125 0.22569639375 0.43733359531250005
0 0.22569639375 0.43733359531250005 0.23315687343749997 0.4361872703125 0.242492209375 0.4526739328125 0.239042928125 0.4558868703125 0.25976101093750004 0.4926933953125 0.27462780625 0.4773072734375 0.22465457500000002 0.40041002187499997 0.21372470781250003 0.4120589078125 0.22569639375 0.43733359531250005
0 0.1908537703125 0.5834839015625 0.1795041609375 0.5538220828125 0.1439107421875 0.5558804375 0.1457835625 0.581380884375 0.1908537703125 0.5834839015625
0 0.1471268203125 0.62003309375 0.109876315625 0.61923983125 0.10641571875 0.6556271546875 0.1118382515625 0.6568939140625 0.1115886578125 0.6745854828125 0.143060696875 0.6764016859375 0.1471268203125 0.62003309375
0 0.1562670390625 0.6064375828124999 0.159405984375 0.598331171875 0.10682629531250001 0.593361528125 0.105182928125 0.6125745015625 0.109876315625 0.61923983125 0.1471268203125 0.62003309375 0.1448149296875 0.660779334375 0.14951222656250002 0.6712045046874999 0.16590190625 0.6681409484375 0.1653190203125 0.650943715625 0.16140242656249998 0.6457068859375 0.16335550625 0.6323733296875 0.1660399484375 0.6300343984375 0.16637581875000002 0.6090892203125 0.1562670390625 0.6064375828124999
0 0.0335300796875 0.6167872937500001 0.0415506609375 0.6125183890625 0.041451414062500004 0.62104950625 0.0415671015625 0.636247315625 0.08761509687499999 0.640650515625 0.0915474140625 0.587158809375 0.0198337765625 0.5801465234375 0.018038925 0.59506448125 0.027439457812500002 0.5972220703125 0.024761709375 0.615502915625 0.0335300796875 0.6167872937500001
0 0 0.912597078125 0.0051160015625 0.9181940640624999 0.026588812499999996 0.8978182718750001 0.0426393875 0.9068867140625001 0.06280202968750001 0.8571692843750001 0.0228004546875 0.843462703125 0.009929225 0.8432618281250001 0 0.851443315625 0 0.912597078125
0 0.5007304421875001 0.00769125625 0.49806520625 0.002897659375 0.44690797812499994 0.002600034375 0.45307986875 0.025588370312499997 0.5007304421875001 0.00769125625
0 0.2182512375 0.2364267109375 0.21140965312499999 0.2130127625 0.1727954640625 0.23443155624999998 0.180542040625 0.2579780671875 0.2182512375 0.2364267109375
0 0.08711416562499999 0.1805702421875 0.06374911250000001 0.1995595703125 0.09884948125000001 0.28220765000000003 0.1342284171875 0.2701137078125 0.164663621875 0.234411334375 0.1555766984375 0.220015303125 0.1634448875 0.2108966015625 0.1470943890625 0.16320552500000002 0.10383298593750001 0.1811498265625 0.08711416562499999 0.1805702421875
0 0.9977793593750001 0.387513421875 0.99803951875 0.3427959875 0.979180878125 0.3534124078125 0.9977793593750001 0.387513421875
0 0.2539230859375 0.293295565625 0.2642365921875 0.276318075 0.2449305375 0.2628286265625 0.2374508578125 0.271819353125 0.2539230859375 0.293295565625