0 0.17927318750000001 0.3638545875 0.17768490312500002 0.35858340312500003 0.16521035781249999 0.352995459375 0.157830365625 0.3518896453125 0.153560940625 0.34828210312499996 0.1649538734375 0.301953396875 0.14202307187500002 0.29519038124999997 0.135032790625 0.3259317734375 0.0765912796875 0.31809499531249996 0.0729465890625 0.3688817828125 0.1330861375 0.3865698515625 0.138155734375 0.3571091921875 0.1479281296875 0.35812260625 0.14234736718750002 0.38775065625 0.158879759375 0.3902973875 0.1648128296875 0.3965860734375 0.1713992703125 0.3950360625 0.17556560625 0.3868742921875 0.186006709375 0.3871780984375 0.18918241875 0.36851731249999997 0.17927318750000001 0.3638545875
0 0.3378811953125 0.329201321875 0.3271981828125 0.3734039890625 0.345850353125 0.3775717875 0.3523309359375 0.3838359015625 0.37666794062500003 0.39029555312499997 0.3935336015625 0.341716121875 0.3378811953125 0.329201321875
0 0.22996814062499998 0.28365405 0.22488467031249998 0.29549521562500003 0.212293271875 0.2911392359375 0.21211922031250002 0.2845928296875 0.1889745734375 0.281003128125 0.1838861703125 0.305542046875 0.175578975 0.3063736765625 0.166695178125 0.3472061375 0.19807016718749998 0.3553894625 0.1956210515625 0.36439101875 0.2201374390625 0.3716457109375 0.2255068359375 0.349281915625 0.2377764015625 0.3521704015625 0.23921762812499997 0.34022325625 0.243535115625 0.341482984375 0.24725706875000003 0.32632140625 0.2400775953125 0.32319624375 0.2468464125 0.2903219640625 0.22996814062499998 0.28365405
0 0.0151441453125 0.0690298484375 0.0359815296875 0.0711777265625 0.038898631249999996 0.036348459374999996 0.016151468750000002 0.034410371875 0.0151441453125 0.0690298484375
0 0.0121120671875 0.1732355890625 0.019769084375000003 0.1738687890625 0.02261495 0.128263478125 0.013441009374999998 0.12756284843750001 0.0121120671875 0.1732355890625
0 0.0217608046875 0.095673690625 0.039395075 0.097239890625 0.041034284375 0.0770965171875 0.0359815296875 0.0711777265625 0.0151096390625 0.0702157171875 0.013899071874999998 0.11182026249999999 0.0206501515625 0.11226812187499999 0.0217608046875 0.095673690625
0 0.22732372500000003 0.0425398828125 0.221764340625 0.0776973046875 0.24865652656249998 0.0812542875 0.254265584375 0.0450857203125 0.22732372500000003 0.0425398828125
0 0.59589293125 0.46271555312499996 0.586298096875 0.5078004593750001 0.5912142546875 0.5184136968749999 0.626262753125 0.5277165015625 0.6387035859375 0.4753022359375 0.6202323828125 0.4656109546875 0.59589293125 0.46271555312499996
0 0.41962293749999996 0.1181255265625 0.4157938546875 0.1446250109375 0.40669358750000006 0.17271277499999999 0.43831235468749996 0.18017412500000002 0.446504259375 0.1533763 0.45174258125 0.1229889671875 0.41962293749999996 0.1181255265625
0 0.6530138265625001 0.46861023125 0.711792 0.21848905625 0.6775818953125 0.20682093125 0.65296441875 0.20930442500000002 0.5970379421875001 0.4588605171875 0.6530138265625001 0.46861023125
0 0.77200015 0.5205755015625 0.7620379265625 0.57828685625 0.9829965749999999 0.6224452484375 0.9916336921875001 0.5636422390625 0.77200015 0.5205755015625
0 1 0.2949753828125 0.9037087828124999 0.26267324375 0.8814858015624999 0.3568659171875 1 0.39234247031249997 1 0.2949753828125