0 0.748902740625 0.6796049125 0.7542854578125 0.6697708296875 0.7518606453125 0.662193965625 0.7287856109375 0.6505392390625 0.7180381109375 0.6638766609375 0.748902740625 0.6796049125
0 0.228558390625 0.31212558281249997 0.1798319953125 0.28440680625 0.12671087812499998 0.34248422968750003 0.14681138124999998 0.3543038859375 0.154717121875 0.344805046875 0.1642950578125 0.3515347421875 0.171850403125 0.34356111093749997 0.191373428125 0.35547222968750003 0.20293482968749998 0.341087334375 0.228558390625 0.31212558281249997
0 0.4184192953125 0.42298318437500004 0.414152453125 0.4276190296875 0.39723179218750004 0.41976609531250003 0.34524379375 0.48899304531250004 0.39069245625 0.5096783015625 0.44486124374999997 0.439656871875 0.44552227499999997 0.43455108750000004 0.4184192953125 0.42298318437500004
0 0.4984542125 0.482894115625 0.499305715625 0.477186609375 0.491850315625 0.4727743765625 0.49547029218749994 0.46779190625 0.44486124374999997 0.439656871875 0.39069245625 0.5096783015625 0.4345150453125 0.5338871171874999 0.46666527812499997 0.49380781875 0.4845716359375 0.5047910625 0.501867321875 0.4858849125 0.4984542125 0.482894115625
0 0.49873987187499996 0.464334640625 0.5043313046875 0.45697825 0.497086290625 0.45196114062500004 0.5242742703125 0.41766887343750003 0.4768560078125 0.39666278125 0.4472745609375 0.43633522343750003 0.49873987187499996 0.464334640625
0 0.44552227499999997 0.43455108750000004 0.463032740625 0.41326347031250005 0.43714081250000003 0.3982581515625 0.4184192953125 0.42298318437500004 0.44552227499999997 0.43455108750000004
0 0.5772738328125 0.51103139375 0.5432551484375 0.49265915624999995 0.5330979921875 0.5043108921874999 0.526958584375 0.5011191078125 0.48561753281250003 0.5571470374999999 0.6098134515625 0.6190450984375 0.6208626171875 0.6052924734375 0.6223223296875 0.606775934375 0.649154159375 0.5751324765625 0.5810289140625 0.5365443671875 0.5897819546874999 0.5235024265625 0.57597960625 0.5136858937500001 0.5772738328125 0.51103139375
0 0.712213109375 0.65622595625 0.6249152328124999 0.6107743812499999 0.614393703125 0.6232186828125 0.6147721734375 0.6256082515625 0.703201015625 0.6689210890624999 0.712213109375 0.65622595625
0 0.7126029625 0.6539188234375 0.7209456796875 0.6420237375 0.7206712890625 0.6402913015625 0.720617671875 0.6399527796875 0.7533058703125 0.5960527671875 0.7787875046875 0.56619493125 0.6960572671875 0.5182644296875 0.62395415 0.6087016296875001 0.7126029625 0.6539188234375
0 0.8086469734374999 0.6543225890625 0.850832475 0.5975689453124999 0.8290468437499999 0.5863223750000001 0.7880081375 0.6389751640625 0.8086469734374999 0.6543225890625
0 0.2824421515625 0.1435155984375 0.3015023078125 0.12775930156249998 0.276892734375 0.11157107343749999 0.259140903125 0.12785500625 0.2824421515625 0.1435155984375
0 0.1719109234375 0.086311896875 0.19551390156249998 0.09949560156250001 0.2268498390625 0.09912531249999999 0.33216343125000003 0.0224730484375 0.330731978125 0.0205768578125 0.22162493749999998 0.037857715624999996 0.1781994421875 0.074721753125 0.1719109234375 0.086311896875
0 0.4470458828125 0.030078987499999998 0.4396850984375 0.026264145312499997 0.43969709999999995 0.020669190625 0.4461050328125 0.011121806250000001 0.43840464375000004 0.0035231828125 0.42125395625 0.0062395859375 0.41777584687499997 0.0085663609375 0.41249998593750004 0.0076260781250000005 0.40980616249999996 0.0080527375 0.40055901718750003 0.014824618749999999 0.4279292078125 0.0372301171875 0.43828827031250006 0.0379368515625 0.4470458828125 0.030078987499999998
0 0.4279016859375 0.0410516328125 0.393140709375 0.0106922859375 0.3503926328125 0.017462915625 0.36161516875 0.027218562499999998 0.3806171734375 0.0433151375 0.40347099531249997 0.06143486875 0.4279016859375 0.0410516328125
0 0.2671111546875 0.10420001718750001 0.30441406875 0.1300334140625 0.40347099531249997 0.06143486875 0.3806171734375 0.0433151375 0.36161516875 0.027218562499999998 0.2667405421875 0.09631821406249999 0.2671111546875 0.10420001718750001
0 0.0674183734375 0.30849845781249996 0.06499621718750001 0.304289253125 0.030906854687500002 0.27619139531250003 0.015650031249999998 0.2934069765625 0.0339588546875 0.302162740625 0.051137578125000006 0.317057975 0.0674183734375 0.30849845781249996
0 0.1714592359375 0.3694450078125 0.172503184375 0.376036234375 0.17086696875000001 0.3824599921875 0.17074402187499998 0.3927674171875 0.17795249062500001 0.39368738125 0.189234734375 0.38514387656250004 0.20684569062499997 0.3657795421875 0.1907952671875 0.35852362968749996 0.1755402546875 0.34881470000000003 0.16456864531249998 0.35377762343749997 0.1703679796875 0.3625550859375 0.1714592359375 0.3694450078125
0 0.1956406828125 0.382414615625 0.1833028578125 0.39731032499999996 0.211919103125 0.41276189687500003 0.22582153124999998 0.392923478125 0.2075647765625 0.383465440625 0.20315539375 0.381530590625 0.19929603125 0.3812641125 0.1956406828125 0.382414615625
0 0.2501547484375 0.38790595781250004 0.2876736015625 0.3348104421875 0.2451827109375 0.3139833234375 0.24220935156249998 0.32098628906250004 0.228558390625 0.31212558281249997 0.20293482968749998 0.341087334375 0.1907952671875 0.35852362968749996 0.20684569062499997 0.3657795421875 0.20059347500000002 0.3765678453125 0.2344865 0.3907958171875 0.2501547484375 0.38790595781250004
0 0.288412184375 0.4240190140625 0.2905768921875 0.42686052343750003 0.2943148578125 0.43190236562499995 0.298239834375 0.4334852734375 0.33380878125 0.4322608265625 0.33313794375 0.3970940984375 0.28002347968749997 0.3988929203125 0.275974553125 0.4274586484375 0.288412184375 0.4240190140625
0 0.5772738328125 0.51103139375 0.5862100406249999 0.51061625625 0.6048780703125 0.474856478125 0.5363241375000001 0.4384591765625 0.5084975171874999 0.4742610640625 0.5391229984375 0.49621221406249993 0.5432551484375 0.49265915624999995 0.5477800578124999 0.48849275 0.5619206203125 0.49541836406249995 0.5583978578125001 0.499854709375 0.5772738328125 0.51103139375
0 0.649154159375 0.5751324765625 0.6722759109374999 0.5485469984375 0.6593794828124999 0.539423896875 0.682540628125 0.5075453140625 0.625739296875 0.4774312140625 0.5810289140625 0.5365443671875 0.649154159375 0.5751324765625
0 0.737287565625 0.647253465625 0.738006659375 0.6517936453125001 0.7621768515625 0.6653365875 0.797857140625 0.6207381375 0.7533058703125 0.5960527671875 0.720380509375 0.6393575515625 0.737287565625 0.647253465625
0 0.8244308515625001 0.6740724046875 0.8324356609375 0.66790554375 0.8276429234375 0.6621326062499999 0.82302148125 0.6638852 0.8086469734374999 0.6543225890625 0.7977615671875 0.6642117078124999 0.814777959375 0.6749888937499999 0.8168935703125 0.6715919234375 0.8192614953125 0.6697879999999999 0.821118603125 0.673780509375 0.8244308515625001 0.6740724046875
0 0.8522213546874999 0.63946016875 0.860661525 0.6450636624999999 0.8715190968750001 0.6427316140625 0.8762314484375 0.6338202093749999 0.86528545 0.6265723390625 0.8567859078125 0.6283267875 0.8542621390624999 0.633013159375 0.8522213546874999 0.63946016875
0 0.8649260875 0.6246900609375 0.8804638421875 0.6338643046875 0.8895867562499999 0.6205800671875 0.8746680390625 0.612736659375 0.8649260875 0.6246900609375
0 0.8332067546875 0.6869508484375 0.7759888 0.65137091875 0.7520488203125 0.678718784375 0.75269221875 0.68278105 0.8427919656249999 0.7264620328125 0.8719715171875 0.663889065625 0.8580476484374999 0.6563984015625 0.8549286531250001 0.6613219375 0.8482632765625 0.6629287703125 0.8463715359374999 0.66322839375 0.8332067546875 0.6869508484375
0 0.710647628125 0.6834593671875 0.70340428125 0.6819325484375 0.694076003125 0.6734282406250001 0.6666576625 0.7103902171875001 0.6807720625 0.7217903359375 0.685710753125 0.719334290625 0.7084164671875001 0.73239474375 0.7338833265625 0.6957418484375 0.710647628125 0.6834593671875
0 1 0.6746963781249999 0.9903452984375001 0.689027596875 0.968072040625 0.6794708546875 0.9305003218750001 0.720633371875 1 0.753996340625 1 0.6746963781249999
0 0.9305003218750001 0.720633371875 0.9648640593750001 0.6802239015625 0.921672315625 0.6579360171874999 0.8962916562500001 0.706087965625 0.9305003218750001 0.720633371875
0 1 0.6492356109374999 0.9426816125 0.6281945624999999 0.924156753125 0.64990820625 0.9759516218750001 0.674446521875 0.980921978125 0.668066240625 0.9885402078125001 0.673248775 1 0.6577967499999999 1 0.6492356109374999
0 0.3170834421875 0.6774728265625 0.349586475 0.6474827125 0.3900732984375 0.602429171875 0.22042078593749997 0.4505871484375 0.12167855937500001 0.537282653125 0.273029609375 0.6782244234375 0.3170834421875 0.6774728265625
0 0.9623880921874999 0.7849652828125 0.8767935 0.7769460140625 0.8927870312499999 0.8779252 0.99653356875 0.873475559375 0.9982925640625 0.8300651312499999 0.9623880921874999 0.7849652828125
0 0.7074715625 0.8651038468750001 0.7088277484375001 0.8736664671875 0.721279153125 0.8968631 0.7779664187499999 0.8790868875 0.757173515625 0.7957490703125 0.7045737546875 0.8064683296874999 0.713372396875 0.849390521875 0.7075810328125 0.8507160359375 0.7074715625 0.8651038468750001
0 0.51633319375 1 0.5008119359375 0.9621352171875 0.3819474734375 0.980553246875 0.389586984375 1 0.443206296875 1 0.47371035156249997 0.9951686328125 0.4786856046875 1 0.51633319375 1
0 0.2121931703125 1 0.20863679531249998 0.9797315046874999 0.20224717656250002 0.9771509046875 0.2007924734375 0.9729925968750001 0.187521028125 0.9774828609374999 0.187953115625 0.9802109515625 0.1778173625 0.981816296875 0.1805218796875 1 0.2121931703125 1
0 0.374854184375 0.9333192562500001 0.3075323546875 0.7532670328125 0.2997153609375 0.755464515625 0.29261696718749997 0.7589770640625 0.28496812031249996 0.7621073093749999 0.27950086875 0.763932628125 0.267887590625 0.76626189375 0.2641274796875 0.7697152 0.32984791874999997 0.9457139984375 0.34449286875 0.944353859375 0.3601595703125 0.940423203125 0.374854184375 0.9333192562500001
0 0.2817815328125 0.9590220828125 0.30238679999999996 0.9567587468750001 0.3234223046875 0.9467725421875001 0.2496501859375 0.7687829875000001 0.21365043749999998 0.78313973125 0.2817815328125 0.9590220828125
0 0 0.1876911328125 0.06297193906250001 0.2224287265625 0.07050631874999999 0.2166425625 0.0772880140625 0.2215697515625 0.0792485859375 0.2205447875 0.0805931546875 0.21575940624999998 0.08731807968750001 0.2203281609375 0.088845571875 0.2232705953125 0.0914180625 0.2306199421875 0.092409446875 0.23468833125000002 0.094264946875 0.23970172656250002 0.1406273796875 0.2621610390625 0.1512289328125 0.2504797421875 0 0.16323390468750001 0 0.1876911328125