0 0.005715353125 0.423809040625 0.1608286953125 0.3901004234375 0.1423837765625 0.23987106875 0.034306554687500004 0.2614939390625 0.005715353125 0.423809040625
0 0.8894782078125001 0.6834125421875 0.8856772828125001 0.64221275625 0.80143860625 0.660360375 0.6637326421874999 0.7032534140625 0.6531241062500001 0.7217095109375 0.665903890625 0.8339076578125001 0.65036570625 0.8558812609374999 0.715628478125 0.9628863531249999 0.7261956140625 0.9774136640625001 0.8411546031249999 0.8758177390625 0.897080809375 0.860469178125 0.8949949890625 0.852290821875 0.9031330546874999 0.812887046875 0.8939900281250001 0.74133773125 0.8224257109374999 0.7573537578125 0.8185396203125 0.702673065625 0.8894782078125001 0.6834125421875
0 0 0.919549815625 0.1200102515625 0.9400126609375 0.1401668328125 0.9325108265625 0.135085384375 0.9082198531250001 0.158876209375 0.866211775 0.215351271875 0.8555327578125 0.2054467921875 0.752344871875 0.184282453125 0.7573215249999999 0.177722940625 0.68828279375 0.166320996875 0.67775329375 0.1541178875 0.67177209375 0.13755869375000002 0.67284905625 0.12521333750000002 0.6808983265624999 0.118055034375 0.7038649718750001 0.1269658515625 0.77722686875 0 0.8076637140624999 0 0.919549815625
0 0.218962271875 0.14892344062500001 0.236036490625 0.159504928125 0.34550652187500003 0.13343514375 0.327073840625 0.0085935421875 0.3182201984375 0.0065827375 0.2337978609375 0.0270088078125 0.2342657046875 0.030161009375 0.20327376406250003 0.0376674890625 0.1932222859375 0.048265121875 0.203256453125 0.1365052046875 0.218962271875 0.14892344062500001
0 0.5481914203125 0.9800527906250001 0.5496483796875 0.9968022390625 0.6183066078125 0.9964027968750001 0.6158235828125 0.9623857296875 0.5481914203125 0.9800527906250001
0 1 0.38185629374999996 0.9920581531250001 0.383680603125 0.9929081375000001 0.390471565625 0.96438505625 0.3984207984375 0.9809947625 0.5190293171875 1 0.5144423078125 1 0.38185629374999996
0 0.96669655 0.72699350625 0.9237266640625 0.7176013609375 0.8949949890625 0.852290821875 0.942708646875 0.863175225 0.96669655 0.72699350625
0 0.371779984375 0.226492459375 0.21016944375 0.2622371203125 0.2018577859375 0.27803421875 0.2161414953125 0.3886148359375 0.249941653125 0.38147823125 0.2519728796875 0.4082561734375 0.41287762031249997 0.38343883437500004 0.40732870625000006 0.2337740984375 0.3728667796875 0.23774722656249997 0.371779984375 0.226492459375
0 0.5366116796875 0 0.5436495171875 0.0456306265625 0.54690443125 0.075842178125 0.562846290625 0.08716756875000001 0.6302388953125 0.072096284375 0.644451153125 0.0534484109375 0.6381248171875 0.012929325 0.5622970703125 0 0.5366116796875 0
0 0.0728421921875 0.132441465625 0.11461687031250001 0.1255097046875 0.10271943125 0.020413103125000002 0.0758505609375 0.025644471875 0.057732475000000005 0.1285026546875 0.0728421921875 0.132441465625
0 0.38650270625 0.8293901453125001 0.3731330765625 0.7484694140625 0.3655726984375 0.7496208109375 0.363383984375 0.71669295 0.3360899421875 0.7218664796875001 0.337053328125 0.7128134609375001 0.2647854890625 0.7293632421875 0.25779965312500003 0.7410937234375 0.278824384375 0.8761829156250001 0.38178115625000003 0.8543411781250001 0.3794259953125 0.8312559296875 0.38650270625 0.8293901453125001
0 0.41818062187500005 0.5882563984375 0.4362954796875 0.70711685625 0.543777403125 0.6782457796875 0.5203616531249999 0.539306034375 0.5094613640625 0.5426117296874999 0.5065694515625 0.5214614562500001 0.5344523609375 0.5136863421875 0.52776053125 0.47641705468750006 0.348012096875 0.5224482640625 0.359624728125 0.5819546390625 0.40799886250000006 0.591684609375 0.41818062187500005 0.5882563984375
0 0.48651658906249995 0.8666430093749999 0.4726111796875 0.8571030093750001 0.4557867203125 0.9082523671875 0.42918660624999994 0.9154181796874999 0.42936503281249994 0.9291111015625001 0.4035592 0.9358458000000001 0.41103757500000004 0.9885459703125001 0.5901118359375 0.93954528125 0.5799398203125 0.8344160265625 0.550389578125 0.8397931875 0.5516335515625 0.8549752140625 0.48651658906249995 0.8666430093749999
0 0 0.7658606109375 0.06418282656249999 0.7488280875 0.0474539671875 0.6206162375 0 0.5895370265625 0 0.7658606109375