0 0.680299246875 0.4082382875 0.6901513390625 0.413074603125 0.764839265625 0.3878984953125 0.74197754375 0.3525557 0.6255672718749999 0.3810561421875 0.6198842515625 0.3905310671875 0.6268961859375 0.415856821875 0.6327200703125 0.4196857578125 0.64381880625 0.41607801093749996 0.6473144578125 0.4143904265625 0.65267645 0.4090101234375 0.6585854375 0.404634553125 0.6657297437499999 0.40378659375000003 0.6739885859375 0.40494714062500003 0.680299246875 0.4082382875
0 0.122638903125 0.711595675 0.15427420625 0.8015639765625 0.175708725 0.8112384078125 0.1911793125 0.8049750578125 0.1825317484375 0.786566159375 0.171095121875 0.6905469156249999 0.1642804265625 0.6827462921875 0.12830605781249999 0.705356375 0.122638903125 0.711595675
0 0.6053555187499999 0.8091057781250001 0.600566484375 0.80576434375 0.58279781875 0.8070866890625 0.583429915625 0.8144336031250001 0.5416293359375 0.8194099343750001 0.545548309375 0.8592204296875 0.536030134375 0.8603644296875 0.5418269140625 0.9081025374999999 0.550113203125 0.9074280203124999 0.554730925 0.9369861921875 0.55732185625 0.9380811390625 0.558162834375 0.9446971703125 0.573845565625 0.9424829984375 0.5791882609375001 0.9363412328124999 0.5829150624999999 0.9359203468749999 0.58913954375 0.9328487593749999 0.5958769375 0.933276621875 0.6000610890625 0.933328934375 0.6046113515625 0.9356512765625 0.6066140171875001 0.9365263765625 0.6094009109375 0.9366437890625001 0.6129766875 0.9345197781250001 0.6156673625 0.9296554140625 0.6478711265625 0.9196042312499999 0.6237664671875 0.8082480125 0.6053555187499999 0.8091057781250001
0 0.5793622578125001 0.49107270625000005 0.581144890625 0.5184140671875 0.6103916125 0.51954459375 0.6060001546875 0.46953634375000003 0.53391800625 0.47289464531250003 0.5348118093750001 0.48995463125 0.5793622578125001 0.49107270625000005
0 1 0.55101680625 0.9964724484374999 0.5437342515625 0.9325273640624999 0.5754153359374999 0.9673858453124999 0.6537774421875 1 0.6338431718749999 1 0.55101680625
0 0.28279456718749996 0.8170665765624999 0.30741331875 0.8151778328124999 0.35505506875 0.8092494203125 0.3508308140625 0.78051769375 0.2839045078125 0.7863555640625 0.284135015625 0.800190959375 0.28120195937500003 0.800822115625 0.28279456718749996 0.8170665765624999
0 0.853979984375 0.371630065625 0.8732146421874999 0.4450744859375 0.9206255656250001 0.4315950234375 0.9045347390625 0.35800413125 0.853979984375 0.371630065625
0 0.642605084375 0.5871302203125001 0.652064321875 0.5883996781249999 0.6526960953125001 0.616577625 0.7055022156249999 0.6136846984375001 0.745543121875 0.609326065625 0.7404195296875 0.598026325 0.7551072265625 0.5913667609375 0.7581594093749999 0.5996929546875001 0.7865669546875 0.59581450625 0.7821801500000001 0.5734158953125 0.7873063640625 0.5729710203125 0.7859038109375 0.557995178125 0.7810931515624999 0.540087459375 0.774532309375 0.5335936875 0.768630746875 0.5192395390625 0.745551575 0.5229933640625 0.7432607453125 0.5146523015625 0.7211241015625001 0.520669903125 0.71996934375 0.5147484375 0.7179957234375001 0.5097099 0.713750509375 0.5022016515625001 0.7087532890625 0.49645920468750004 0.7001570640625 0.49514954062500005 0.6894485343750001 0.49480366875000004 0.68652045625 0.487666746875 0.637804390625 0.49549960468750004 0.6469788296875 0.5565968156250001 0.6410866953125 0.5581488 0.642605084375 0.5871302203125001
0 0.2939305203125 0.4819534015625 0.2942395828125 0.4878524578125 0.319582521875 0.6476124578125 0.390660384375 0.6376663375 0.3831939546875 0.5796832296875001 0.3842737140625 0.5582249828125 0.3739077 0.5011187234375 0.3629755890625 0.489821746875 0.3598896171875 0.47298752187500004 0.2939305203125 0.4819534015625
0 0.9308902546875 0.7537194015625001 0.8527779515624999 0.8004217828125 0.8570295359375001 0.822991528125 0.894552434375 0.9172184906249999 0.9700414703125 0.8786328234375 0.9300840499999999 0.7851168125 0.9437826546875 0.7764841 0.9308902546875 0.7537194015625001
0 0.7391017703125 0.8815008203125 0.7489334750000001 0.9728352250000001 0.8256370171875 0.9680459546875 0.822972109375 0.915608365625 0.8180870062500001 0.8726904125000001 0.8091281078125 0.873107809375 0.7391017703125 0.8815008203125
0 0.3011907078125 0.9503851546875 0.27944263281250004 0.8289672343750001 0.25357860625 0.8283178437500001 0.252714715625 0.846819609375 0.205839990625 0.8563798640625 0.2110817765625 0.885661709375 0.22036362187499997 0.8870836625 0.22675419843750003 0.9150963296875 0.23263480468750003 0.9215805859374999 0.2409011515625 0.9618066687500001 0.3011907078125 0.9503851546875
0 0.8903011921875 0.93672285 0.885951784375 0.9260463828125 0.8805830140625 0.9084943375 0.866595021875 0.9151419093750001 0.8690106546875 0.9215403453125001 0.8611196640625 0.9293667671874999 0.8516829843749999 0.9190921515625 0.8249619109375 0.925673615625 0.85501955 0.9870547453125 0.8903796484375001 0.9854073187499999 0.9033096281249999 0.9774285484374999 0.8980550624999999 0.971492046875 0.8937781234375001 0.970455046875 0.8855894531249999 0.9698475484375001 0.8820933359375 0.9687741703125001 0.877933746875 0.9652591765625 0.8736074468749999 0.9624937109375 0.8699346374999999 0.95844093125 0.86959868125 0.9567464203125 0.8693908453124999 0.9527794625 0.8702748437500001 0.9507808609374999 0.8727157968749999 0.9454748359374999 0.8758049734375 0.9431056390625001 0.87916656875 0.94121825625 0.8839741453125001 0.9390162515625 0.8903011921875 0.93672285
0 0.790520275 0.8112344421875 0.7868207734375 0.8153216328124999 0.78621583125 0.817142396875 0.7831589625 0.8201282203125 0.7810985234375 0.8212956406249999 0.7786488359375 0.8221103218750001 0.7804314671875 0.8494516843750001 0.7847225796874999 0.8499729140625 0.85276534375 0.8375308390624999 0.84595129375 0.8026148328125 0.8105136749999999 0.8091285031250001 0.790520275 0.8112344421875
0 0.6608702375 0.6483602125 0.6044129578125 0.6519383546874999 0.6083138 0.6906164546875 0.6076873484374999 0.696744534375 0.6082568703125 0.6985723921875 0.6097521234375 0.700377728125 0.61082009375 0.70267686875 0.6161429625 0.7417626171875 0.664340059375 0.7381778328124999 0.6654147796875 0.7441442390625 0.6803294359375001 0.74299606875 0.679357953125 0.715410871875 0.6699796546875 0.7149000046875 0.6608702375 0.6483602125
0 0.8105136749999999 0.8091285031250001 0.8103421359375 0.797598046875 0.8085997234375 0.788716325 0.8073771234375 0.78149994375 0.83282675625 0.7781713921875 0.8196846515624999 0.6822316078124999 0.8167052015625 0.6823704203125 0.8113360187499999 0.6860408953125 0.8080585953125 0.68874853125 0.8051243734375 0.689750621875 0.8013712890625 0.691635640625 0.7983918390625 0.6917744531250001 0.7948462734375 0.6893640921874999 0.7905333046874999 0.6801694421875 0.774430915625 0.682629815625 0.7750206328125 0.6860226640625 0.782222684375 0.6929604640625 0.78292014375 0.72239221875 0.7725190468750001 0.725555371875 0.7014124890625 0.7380989796875 0.716413046875 0.831768115625 0.769741628125 0.82351431875 0.767353878125 0.8133233765625001 0.8105136749999999 0.8091285031250001
0 0.7348637015625 0.9728107937500001 0.7350187703125 0.9757705968750001 0.735173840625 0.9787304000000001 0.736367540625 0.9846088453125 0.7372111109375 0.9893085484374999 0.7373801796875 0.9925355578125 0.8251995624999999 0.98844405625 0.8015828375 0.9697023515625001 0.748949715625 0.972752053125 0.7429760390625 0.9180991171875 0.7384877999999999 0.9189263546875001 0.72502971875 0.9207484203125 0.726083425 0.9239548187500001 0.7263935640625 0.9298744265625001 0.7266110921875 0.9340263765625 0.7274858921875 0.93932215 0.731640415625 0.95099670625 0.736008625 0.9549552765625 0.7391689015625 0.9586610546875001 0.73908260625 0.9625180921875 0.7365976734374999 0.9661984218749999 0.7349543921875 0.9686444828124999 0.7348637015625 0.9728107937500001
0 0.523821871875 0.650541996875 0.49025391249999994 0.6530331234375 0.49238559843749996 0.6669859875 0.458077825 0.6699030640625 0.4621222109375 0.7195772109374999 0.4751087359375 0.7276260031249999 0.47595684218749995 0.7556084328125 0.5174636671874999 0.75367463125 0.5252705140625 0.7497463546875001 0.5256304578125001 0.7117969421875 0.5237869984375 0.6856534671875 0.5267116749999999 0.678965015625 0.5270889921874999 0.6503897828125 0.523821871875 0.650541996875
0 0.3204544625 0.6996390765625 0.3308928125 0.699152753125 0.326512003125 0.674116503125 0.2978877703125 0.6797564171875 0.29421554375 0.6682448296875 0.2905697703125 0.66903281875 0.289926878125 0.6567619609375 0.176703921875 0.679262265625 0.1882452734375 0.7470074343750001 0.19186388593749998 0.780691821875 0.20118688125 0.8060953421875 0.2845028125 0.7997411328124999 0.27895959062500003 0.764312625 0.31874728750000003 0.7606251281249999 0.314678540625 0.7183490875 0.3243076921875 0.7142122828125 0.3204544625 0.6996390765625
0 0.6871191703124999 0.6736550968749999 0.6874254390625001 0.677535053125 0.691129915625 0.680226471875 0.6955685593750001 0.683563628125 0.697470959375 0.6927469609375 0.697087853125 0.698801890625 0.6914570484375 0.70691449375 0.6836687984375 0.714736128125 0.6889967046875001 0.7409439124999999 0.7725190468750001 0.725555371875 0.76780039375 0.6830623546875 0.7455346125 0.68622196875 0.7435733921875001 0.6692323171875 0.7397427750000001 0.669637434375 0.701182134375 0.6751221546874999 0.6951552750000001 0.669777953125 0.6898451171875 0.670643484375 0.6871191703124999 0.6736550968749999
0 0.41209668437499997 1 0.4328461953125 0.9950617062499999 0.470638909375 0.985141615625 0.503283871875 0.975255315625 0.5004844375 0.96349701875 0.480293140625 0.854101334375 0.42614956875 0.865277715625 0.433634078125 0.8858630515625 0.434962909375 0.891961846875 0.441481 0.8913491046875001 0.44457657812500007 0.89421311875 0.44451603906250003 0.8989549453125001 0.4420549734375 0.9023044921875 0.43888701093750004 0.90395620625 0.432312778125 0.9090015046875 0.4299591359375 0.9155809328125001 0.4275140484375 0.9200217671875001 0.42473512968750005 0.9180907984375001 0.42534167343749996 0.9139416656250001 0.42680890156249995 0.9104941906249999 0.42768652500000004 0.9079807796875 0.4281865734375 0.90612369375 0.42823814687499995 0.9027833828125 0.4274622453125 0.90016156875 0.4250081359375 0.89656711875 0.4250627359375 0.8893530437500001 0.42243632656249996 0.8824699234375 0.38663263125 0.8914319640624999 0.3899934359375 0.9221613328125 0.39927175937500003 0.9199776859375 0.4007675921875 0.9434175781249999 0.40463295937500005 0.9472141359374999 0.40526188281250003 0.9493895015625 0.4032376203125 0.953213203125 0.4091781796875 0.9915078109375 0.41061343125 1 0.41209668437499997 1
0 0.591645628125 0.40313789843750003 0.5434360734375 0.4092369953125 0.5421181796875 0.4316541375 0.5470583859375 0.431197325 0.5499967390625 0.4310604265625 0.5505659078125 0.46354760468749995 0.5575522046875 0.4632221125 0.5585572203125 0.45684974843750004 0.630199159375 0.453738603125 0.6259682125 0.416229725 0.6198842515625 0.3905310671875 0.591645628125 0.40313789843750003
0 0.6823977109375 0.12040050312499999 0.7024792640624999 0.15457475 0.71500605625 0.1389087296875 0.6990356 0.11715282187500001 0.6823977109375 0.12040050312499999
0 1 0.9460831265625 0.9700414703125 0.8786328234375 0.8941424640625 0.917649678125 0.8982226265625 0.9184691984375 0.904507440625 0.92126704375 0.9081355484375001 0.9221076265624999 0.9107578828125 0.92301566875 0.9161693812499999 0.9284091453125001 0.9199320984374999 0.9318190015625 0.922587728125 0.9337557109375 0.9277838515625 0.9350383499999999 0.9289189359375 0.9370459015625 0.9300260203124999 0.938519046875 0.9291063109375 0.9406223328125 0.9272927375 0.9453222046875001 0.9305623015625001 0.9487550359375 0.9288564156250001 0.9555103296875 0.9264689265625 0.9586916140625 0.9256019828125 0.96180205625 0.9274068812499999 0.9765943203124999 0.9318108671875001 0.9834770421875 1 0.9803001140625 1 0.9460831265625
0 0.30692864375 1 0.3306161578125 0.9938493328125 0.3205547765625 0.9527796828125 0.3011907078125 0.9503851546875 0.2434015375 0.96156655 0.2538708515625 0.977397446875 0.2601596859375 1 0.30692864375 1
0 0.4273337375 0.7781896890625 0.43018925937499997 0.7760786296875 0.43391478125000005 0.7717017671875 0.4388204390625 0.770978709375 0.4413130859375 0.766659284375 0.4423521234375 0.762902090625 0.442171209375 0.759448984375 0.3595664234375 0.7726931296874999 0.359202496875 0.775182609375 0.3621938765625 0.8039717765625 0.41358594374999996 0.7988576453125 0.413548225 0.7934198484375 0.4108757140625 0.7895883218749999 0.4105128359375 0.78737995625 0.4130830171875 0.784540434375 0.41910525 0.7815400828125 0.42299876249999996 0.780369675 0.4273337375 0.7781896890625
0 0.7397427750000001 0.669637434375 0.7369838546875 0.6507893484375 0.7326624749999999 0.6308190046875 0.6707419781249999 0.6378453562499999 0.665870196875 0.6466849578125 0.6662510296875 0.665355378125 0.673460615625 0.6724370562499999 0.6806271875000001 0.67358668125 0.6838167734375 0.6719545640625 0.6877767640625 0.668514578125 0.6935082687499999 0.664682990625 0.6988764890625 0.6653188734375 0.70058854375 0.6696896531250001 0.69998389375 0.67505435625 0.7397427750000001 0.669637434375
0 0.70118578125 0.4310426265625 0.7038144890625 0.43246548437500004 0.70706350625 0.43589927343749996 0.71007671875 0.43955009218749996 0.77026446875 0.41910860625 0.7565362999999999 0.39061362499999996 0.6901513390625 0.413074603125 0.7002189515625 0.4165203828125 0.7063140031249999 0.42159355156249995 0.701973034375 0.426411175 0.70118578125 0.4310426265625
0 0.5960887546875 0.599599596875 0.6046332890625 0.5999226609375 0.6028063109375 0.524163096875 0.567982046875 0.5250850093749999 0.5682232421875 0.49587738124999997 0.5222722125 0.4951542296875 0.5224863015625 0.53894914375 0.5459863265625 0.5392965843749999 0.5480944062499999 0.5669524546875 0.5238945875 0.5670084953125001 0.525528634375 0.6253251484375 0.5984720203125 0.6250379781250001 0.5960887546875 0.599599596875
0 0.7107782515625 0.8626075249999999 0.7118864140625 0.864101225 0.7135943375 0.8676068125 0.717383975 0.871530521875 0.7739004828125 0.8545361765624999 0.7702315484375 0.823429678125 0.6999068265624999 0.8410673484375 0.7037147109374999 0.864997053125 0.705769503125 0.8649013203125 0.7087773015625001 0.8637309671875 0.7107782515625 0.8626075249999999
0 0.4822311375 0.8443063859375 0.47204018437500006 0.80233618125 0.46980305 0.8005242015625 0.44232071250000005 0.806729046875 0.3832371671875 0.8270160656250001 0.3902282328125 0.8586271218749999 0.3956988421875 0.8608241671875 0.3998793546875 0.8820373375000001 0.40134911406249996 0.8817834234375 0.42164153750000005 0.8724108125000001 0.4224418015625 0.8676345234375 0.42614956875 0.865277715625 0.4334357046875 0.8588805687500001 0.4822311375 0.8443063859375
0 0.7592223625 0.46940321406249996 0.7568832140625 0.483729209375 0.759194709375 0.4963962265625 0.7793962953125 0.4966912984375 0.77771928125 0.5000661296875 0.777437546875 0.5025517796875001 0.8039883296875001 0.49822412343750005 0.8061481875000001 0.5119284234375 0.8150807171875 0.5133666515625 0.8241541124999999 0.513562053125 0.8105348546875 0.48164166875000003 0.7963038124999999 0.47735964375 0.7830131421875001 0.4753002890625 0.783479690625 0.46847910937500004 0.7592223625 0.46940321406249996
0 0.287151134375 0.6309091734375001 0.27821520781250003 0.5720055187499999 0.2594651234375 0.4449053453125 0.217904515625 0.42615486562499993 0.0672186640625 0.4538621 0.07504092500000001 0.5213890578125 0.0839357046875 0.5272177734375 0.09645788281249999 0.609752390625 0.11556369687500001 0.6693360765625 0.1260405796875 0.6754825656250001 0.1683093671875 0.6707934875 0.256403215625 0.6545944359375 0.2597790765625 0.6372531109375 0.287151134375 0.6309091734375001
0 0.32258220312499997 0.81848896875 0.2965710515625 0.8228945046874999 0.3073674421875 0.8559766218749999 0.3019056515625 0.8578794359374999 0.32498384687500004 0.9457120781249999 0.3419194171875 0.95089831875 0.360710503125 0.9427494984375 0.34213245 0.8492058296874999 0.3282410578125 0.8494409421875 0.32258220312499997 0.81848896875
0 0.8686897921875 0.043005592187500004 0.8625610078125 0.03886119375 0.851295240625 0.0349561265625 0.840825109375 0.0324769015625 0.8346420859375 0.00485580625 0.705550796875 0.004104775 0.7232772203125 0.07032291406249999 0.735654146875 0.0816762046875 0.7462189546875 0.0863556875 0.7533831421875 0.078810378125 0.7653349953124999 0.0710420140625 0.77636626875 0.0692918046875 0.78890050625 0.068707834375 0.79993995625 0.06907949375 0.8114823953125001 0.0641117953125 0.820710978125 0.0570472265625 0.8302475484375 0.05586116249999999 0.846793525 0.047713921874999995 0.8592684484375 0.046390959375 0.8686897921875 0.043005592187500004
0 0.9828929453124999 0.3336872421875 0.9083636687500001 0.36031886874999997 0.9303590500000001 0.4687651203125 0.9977977250000001 0.450690140625 0.9920965374999999 0.3418718453125 0.9828929453124999 0.3336872421875
0 0.8058816125 0.3495784140625 0.9259543640624999 0.3229677734375 0.8733753999999999 0.1705755890625 0.7341120109375 0.22208441093750003 0.8058816125 0.3495784140625
0 0.51569556875 0.8598901140624999 0.5364941796875 0.8550680906249999 0.5326818453125 0.822010859375 0.5411308874999999 0.81893865 0.5383327953125 0.776933078125 0.48213611875 0.7854853375 0.48267254687500005 0.7902199546875 0.49711693125 0.7883519390625 0.5049911781249999 0.831316065625 0.51090898125 0.8310403546874999 0.51569556875 0.8598901140624999
0 0.3734114875 0.7232157328125 0.374618575 0.7321017921874999 0.372207509375 0.7391577953125 0.3639741046875 0.7451663828124999 0.3551987109375 0.7471205546874999 0.357871509375 0.7690427046874999 0.41210929375000005 0.7573056171875 0.40641904375 0.6683538046875 0.3863486015625 0.67645920625 0.3873404 0.695389625 0.3572826453125 0.6988298453125 0.35741725468749996 0.7013991203125001 0.3622945046875 0.7068174859374999 0.3661843796875 0.71226125 0.36946031874999996 0.71620889375 0.37160225156250004 0.7181695390625 0.3734114875 0.7232157328125