0 0.6394175953125 0.031079542187499996 0.581531921875 0.07411395468750001 0.6022602625 0.09971381562500001 0.6224209093749999 0.08247927499999999 0.6341322109374999 0.0892567765625 0.6679022328124999 0.05799184375000001 0.6394175953125 0.031079542187499996
0 0.8450389671874999 0.707961578125 0.8352851484375 0.7133305109375 0.820923940625 0.696938784375 0.7589294703125 0.747909978125 0.782361175 0.779049228125 0.7962602890625 0.7738823015625 0.8101930765625 0.7856778390625 0.8744051453124999 0.7365840703125001 0.8450389671874999 0.707961578125
0 0.6690382500000001 0.82697275 0.6120964859375 0.8759280437499999 0.656125253125 0.9115586656250001 0.7070525078125 0.8651468687499999 0.7008657406250001 0.8465849859375 0.7164292671875 0.8287281234374999 0.6962234140625 0.8127179625000001 0.6759726500000001 0.8311991734375 0.6690382500000001 0.82697275
0 0.9356837453125 0.0906930078125 0.9558657203125 0.0745726953125 0.941476825 0.0667379046875 0.9269198109375001 0.0794557375 0.9356837453125 0.0906930078125
0 0.282540390625 0.9603057015625 0.3123766984375 0.9361996984375001 0.3043107625 0.9278023953125001 0.2731396625 0.9468850609375 0.282540390625 0.9603057015625
0 0.5036561125000001 1 0.5004349890625 0.9921434796874999 0.4765863 0.9811004734375001 0.4580957859375 1 0.5036561125000001 1
0 0.778899978125 0.9165611859375 0.8004883906250001 0.89582941875 0.775480284375 0.8798737484375 0.761329578125 0.8980573312500001 0.778899978125 0.9165611859375
0 0.8018090359375 0.3840716359375 0.7720990734375001 0.3619430203125 0.758932675 0.371207775 0.787429921875 0.4002474953125 0.8018090359375 0.3840716359375
0 0.9581655874999999 0.011149265625 0.8993722578125001 0.01046514375 0.8792718140625 0.027796006249999998 0.9343907453125 0.0721730078125 0.9616816187499999 0.0488702234375 0.9581655874999999 0.011149265625
0 0.41316114375 0.027069979687500002 0.4297520546875 0.009238468750000001 0.392971340625 0.012029803125 0.41316114375 0.027069979687500002
0 0.20947985781249998 0.032836259374999996 0.26682530312499997 0.07431665937500001 0.278061353125 0.057180828125000006 0.273721821875 0.042942146875 0.3104973796875 0.018288853125 0.215551 0.0254944515625 0.21668367656249998 0.02755753125 0.20947985781249998 0.032836259374999996
0 0.28522768125 0.088686596875 0.280130075 0.0990747625 0.33713086406250004 0.14438346875000002 0.4177890390625 0.076497975 0.3441279671875 0.0157365859375 0.31253777656250004 0.0181340046875 0.26553003125 0.064847596875 0.28522768125 0.088686596875
0 0.5428235328125 0.248292896875 0.5669925625000001 0.2685276703125 0.5854537921875 0.2487771265625 0.5661854 0.2306501 0.5428235328125 0.248292896875
0 1 0.459960484375 0.998120184375 0.4397933 0.974822353125 0.4220431390625 0.882507425 0.5056499203125 1 0.5990464296875 1 0.459960484375
0 1 0.8183793859374999 0.985242175 0.8043187921875001 0.9648284484375 0.8285775859375001 0.9922058609375 0.8513584906249999 1 0.8379471828125 1 0.8183793859374999
0 0.9541442375000001 0.7544613078125 0.93542388125 0.739557578125 0.9286876734374999 0.742548459375 0.9099673203125 0.7276447296875 0.8995326796875001 0.7418681296875 0.9397706328125001 0.772909771875 0.9541442375000001 0.7544613078125
0 0.8911017250000001 0.743499828125 0.8429962218749999 0.78742445625 0.889771271875 0.830161659375 0.9398143890625 0.7886523046875 0.8911017250000001 0.743499828125
0 0.9329856203125001 0.9002180703124999 0.9558734953125001 0.86686539375 0.9344324 0.851548228125 0.9208017890625 0.86911375 0.9329856203125001 0.9002180703124999
0 0.9613282828124999 0.8240078765625001 0.9287572484375 0.805051321875 0.8422727359375 0.887017121875 0.8757962359375 0.916191990625 0.8808252812499999 0.9059536734375 0.8801786390625 0.8897196359375 0.8966808921875 0.8648898078125 0.9138865203125001 0.852032959375 0.9273754953125 0.8544188 0.9613282828124999 0.8240078765625001
0 0.8417671453125 0.9822331796875 0.8443675359375 0.9750101234375 0.7932710015625 0.945453796875 0.7483823421875 0.9893202671875001 0.8417671453125 0.9822331796875
0 0.716841809375 0.965078215625 0.7766401078125 0.9179931859374999 0.7580959109375 0.8881567875 0.7318075 0.8865770015625 0.6833063859374999 0.9271427828125001 0.716841809375 0.965078215625
0 0.340385071875 0.49006999218749997 0.15283939375 0.34820835156249996 0.0593489015625 0.4386820921875 0.2340946875 0.5857718828125 0.340385071875 0.49006999218749997
0 0.069307446875 0.9457197421875 0.08914165625 0.9283033375 0.071809059375 0.9172204203125001 0.055657075 0.932084353125 0.069307446875 0.9457197421875
0 0.2411600296875 0.7946017999999999 0.22064767500000002 0.7781809609375 0.19845611875 0.7990824828124999 0.2145131125 0.8141883375000001 0.2411600296875 0.7946017999999999
0 0.1881026828125 1 0.1987998515625 0.9900316874999999 0.1961089390625 0.9788707875 0.1844473328125 0.9710769828125001 0.1530371375 1 0.1881026828125 1
0 0.1535598703125 1 0.2306120109375 0.9280228828125001 0.1874518515625 0.8895367234375 0.0768196625 0.9800508718750001 0.10244304062500001 1 0.1535598703125 1
0 0.40623425781250005 0.97561171875 0.40649050468750003 0.9898709921875 0.4475324203125 0.9560497921875 0.4127178609375 0.9229847812499999 0.370296740625 0.9572825999999999 0.388336146875 0.9748416531249999 0.40623425781250005 0.97561171875
0 0.5094104734375 0.8493776953125 0.4374925140625 0.9041189187500001 0.45572891875000004 0.923791396875 0.5242213328124999 0.8668304812500001 0.5094104734375 0.8493776953125
0 0.5546501125 0.8681167125 0.473540728125 0.9389087234375 0.49876284687499994 0.9609233234375001 0.5692446531249999 0.887011721875 0.5546501125 0.8681167125
0 0.7087621875 0.6621394515625 0.6875187875 0.6830310093749999 0.754563975 0.7329500343750001 0.7806930015625 0.7148905953125 0.75844521875 0.6980022078125 0.7453212546875 0.698646915625 0.73858628125 0.695231909375 0.7449276546875 0.6868983937500001 0.7348031234375 0.6776654515625 0.7515634421875 0.6624660578125 0.773990815625 0.6850440375 0.788702490625 0.6746494843749999 0.7627210765625 0.6444889609375 0.7557179515625 0.64572300625 0.7379769078125 0.6313648734374999 0.7209797828125 0.64800804375 0.729558715625 0.655932475 0.7166414703124999 0.666542134375 0.7087621875 0.6621394515625
0 0.8964938 0.746231525 0.9191631859375 0.7149618109375 0.8338468078125001 0.65407243125 0.8175119843750001 0.6780423343749999 0.8964938 0.746231525
0 0.8312897390625 0.6558576046875 0.7875950578124999 0.6204909265625 0.7743416187500001 0.6345769609375 0.818438003125 0.6773521421875001 0.8312897390625 0.6558576046875
0 0.891519384375 0.662982440625 0.8648801640625001 0.6450221843749999 0.8528119453125 0.656993215625 0.876603025 0.6826912640625 0.891519384375 0.662982440625
0 0.9151245875 0.602794978125 0.879727171875 0.5736590031250001 0.8583542734374999 0.5803229984375 0.9006179140624999 0.6193731296875 0.9151245875 0.602794978125
0 0.86182196875 0.6398816734375 0.8773271312500001 0.6532729796875001 0.9077741734375 0.6259797234375 0.8581516046875001 0.5812475906250001 0.8310671218750001 0.603223015625 0.86182196875 0.6398816734375
0 0.827725721875 0.548118146875 0.8084917578124999 0.5303604562500001 0.7940578609375 0.539308125 0.7809349437499999 0.5242482296875 0.7639899140625 0.5370233078125 0.797944003125 0.5701536203125 0.827725721875 0.548118146875
0 0.7133763875 0.5898997453125 0.757149384375 0.6345178875 0.8128810921875 0.5889606421875 0.7629006421875 0.542602559375 0.7166102921874999 0.5714701328125 0.7234999875 0.5803079890625 0.7133763875 0.5898997453125
0 0.74262001875 0.49037434687500003 0.7633094 0.5075876421875 0.8211340359375001 0.458586009375 0.7535673968750001 0.396432234375 0.702941165625 0.4425318921875 0.75043586875 0.47860204843750004 0.74262001875 0.49037434687500003
0 0.83237365625 0.42909292656250003 0.8666318078125 0.476995478125 0.9061154859375 0.43818856406249995 0.86093300625 0.39615705156250003 0.83237365625 0.42909292656250003
0 0.9659674203125 0.3425394171875 0.9404138203124999 0.367436246875 0.9507504843750001 0.384257384375 0.983253075 0.3557749375 0.9659674203125 0.3425394171875
0 0.98861504375 0.33781950781250003 0.98107325 0.33106109375 0.9680478328125 0.3416169703125 0.9907855031249999 0.3611048109375 0.98861504375 0.33781950781250003
0 0.9085233890625 0.235810065625 0.9738504625 0.17942096875 0.97129686875 0.1520253140625 0.9366610312500001 0.1257473828125 0.918670075 0.13969702343749998 0.9120762796875 0.1338123046875 0.8708006359375 0.1726518953125 0.894480659375 0.190960715625 0.8785614562499999 0.20810067031249999 0.9085233890625 0.235810065625
0 0.6234350453124999 0.0072543234375 0.5654646296875 0.0065797765625 0.5567482546875 0.013197381250000001 0.5750265375 0.03708210625 0.6238360921874999 0.011556865625 0.6234350453124999 0.0072543234375
0 0.66616140625 0.0077514890625 0.6274038562500001 0.007300504687499999 0.64697595625 0.0245134125 0.66616140625 0.0077514890625
0 0.7206352109374999 0.05640754218750001 0.671910325 0.014665529687500001 0.655238503125 0.029486260937499998 0.702652196875 0.07132777968750001 0.7206352109374999 0.05640754218750001
0 0.7009637296875 0.08331696875 0.6828936734375 0.10305849062500001 0.7047757328124999 0.1219996890625 0.7630604890625 0.07837706718750001 0.7247478968750001 0.051611371875 0.696701640625 0.07566417812500001 0.7009637296875 0.08331696875
0 0.6896017 0.12455640781249999 0.6662901921875 0.10688086562500002 0.6469857359375 0.128431165625 0.6678835875 0.14788099999999998 0.6896017 0.12455640781249999
0 0.6680614578124999 0.1497892390625 0.6471718078124999 0.130648740625 0.6271396921875 0.15479591718750002 0.626612784375 0.1695072359375 0.6485919046874999 0.166248096875 0.6680614578124999 0.1497892390625
0 0.6232137921875001 0.1567263015625 0.58858941875 0.126808425 0.5718306515625 0.15109979843750002 0.6000027921875 0.17820112500000002 0.6232137921875001 0.1567263015625
0 0.6715733015625001 0.297475878125 0.6806048687499999 0.3053866203125 0.7498754812499999 0.245928315625 0.732037478125 0.232300771875 0.7342046703125 0.22721830468749998 0.6753490328125 0.1659945578125 0.63529448125 0.16680265 0.5724153546874999 0.22399881093750001 0.6350505656250001 0.2744178234375 0.6355516625 0.2797937234375 0.6634896890624999 0.3063755578125 0.6715733015625001 0.297475878125
0 0.6459762078125 0.29290935937499996 0.6266782234375 0.270259196875 0.5761252578125 0.305856059375 0.6008346718750001 0.3292320546875 0.6459762078125 0.29290935937499996
0 0.645768384375 0.295549440625 0.6006443531250001 0.332945328125 0.6304773984375001 0.3628135453125 0.673956540625 0.31773155625 0.645768384375 0.295549440625
0 0.71792003125 0.40711380156250004 0.6515533265625 0.3542916765625 0.6189207125 0.3829286390625 0.6505611906250001 0.4076177109375 0.6457082671875 0.41443312499999996 0.672672396875 0.4380926109375 0.6816247140625 0.4309867515625 0.71792003125 0.40711380156250004
0 0.555020465625 0.34549987187500003 0.5113940921875 0.37749215468749997 0.5212204500000001 0.39282289531250003 0.49365632968749995 0.41673579531250005 0.521772196875 0.44367608125 0.593118259375 0.3812499828125 0.555020465625 0.34549987187500003
0 0.6371050140625 0.4994358671875 0.649615784375 0.48867107968749995 0.6502776765625 0.475850590625 0.6673846296875 0.4599429828125 0.6407588343749999 0.43061658906250005 0.6262905171875001 0.4261353671875 0.6160632578125 0.4160216796875 0.5988079984375 0.43299439843750004 0.5890474078125 0.4278872734375 0.5750963890625 0.44622100937500003 0.5685123828124999 0.43822783593750003 0.5439151109375 0.46187425156249995 0.6034051796875 0.51662339375 0.6244686640625 0.5006634859375 0.6371050140625 0.4994358671875
0 0.5500722078125 0.5788396328125 0.5565416921875 0.5703310828125 0.5750180453125 0.582174415625 0.565785975 0.5876070703125 0.5891907125 0.6091603421875 0.6405884265624999 0.566246359375 0.6238829375 0.551045071875 0.626931025 0.542796175 0.600387046875 0.520323971875 0.5897745734375001 0.5211293640625 0.5659199890625 0.5022758671875 0.516330703125 0.54887541875 0.5500722078125 0.5788396328125
0 0.463680046875 0.43535583593749994 0.4351449140625 0.463681834375 0.4490955625 0.48053865937499995 0.43157908906250003 0.494266315625 0.4487473609375 0.51133355625 0.45939945312499997 0.49767224218750006 0.4661274203125 0.5058817906249999 0.4533535875 0.5164805671875 0.48904119531249995 0.550057909375 0.4976607484375 0.5539911359375 0.5194531921875 0.532128034375 0.5661041515624999 0.49141337187499995 0.47726926093750005 0.4237653078125 0.463680046875 0.43535583593749994
0 0.45689938124999996 0.4015684421875 0.46430317812500005 0.3973283921875 0.44215948281250006 0.3811140109375 0.439068090625 0.3822578296875 0.406421528125 0.35673590312500003 0.390998753125 0.3780949375 0.3929036578125 0.38392222343750004 0.359201290625 0.41082195156249995 0.3613230328125 0.413884490625 0.34910193437500003 0.430413171875 0.36759060312499997 0.45655495312500005 0.374543678125 0.45234911093749997 0.4049236953125 0.4734763390625 0.44159647968750004 0.433952871875 0.48103858749999995 0.4194911265625 0.45689938124999996 0.4015684421875
0 0.400316859375 0.3720358375 0.3793392296875 0.351951478125 0.3800777515625 0.3461508828125 0.32479822812500003 0.3031498828125 0.30587580625 0.31861668125 0.3043421328125 0.3260687390625 0.295124709375 0.339848478125 0.3259213453125 0.36301047343750004 0.3141933078125 0.3792950953125 0.317514275 0.38371309375 0.27914184531249997 0.42293160781249994 0.3047908625 0.4420002046875 0.3073104578125 0.437820865625 0.3124758734375 0.4438759765625 0.32125858281249997 0.43827078750000004 0.3293342796875 0.44300985 0.400316859375 0.3720358375
0 0.20778177968749997 0.32207303593750003 0.2209373765625 0.3321711296875 0.23883127499999998 0.327362275 0.2518658265625 0.33594042968750004 0.2893552515625 0.30362866093749996 0.2763570375 0.295440365625 0.292183690625 0.280849084375 0.2549100265625 0.24464381875000002 0.212755921875 0.2853478328125 0.20915575 0.2794838890625 0.1893489328125 0.3005143921875 0.20778177968749997 0.32207303593750003
0 0.21259394999999998 0.24620212968750002 0.1937542375 0.23201003125000003 0.17624664375000001 0.2524734265625 0.18513291875 0.2619243234375 0.15934329375 0.286281140625 0.1687209765625 0.2948061984375 0.1916470921875 0.287983 0.20058589218749998 0.2745343640625 0.1924579421875 0.2659144640625 0.21259394999999998 0.24620212968750002
0 0.15857029375 0.2624937234375 0.19273226875 0.22923597812500002 0.2162445328125 0.2459664125 0.23461162343750003 0.2311823375 0.21935503281250002 0.21735888750000001 0.22093379687499998 0.21083328125 0.189876175 0.1822151734375 0.12904056875 0.23787176875 0.15857029375 0.2624937234375
0 0.001052840625 0.18096801093749998 0.0798876625 0.250859446875 0.14726733593750002 0.2005540828125 0.149964446875 0.19429488749999999 0.1824883359375 0.165376884375 0.0628265015625 0.062067496874999996 0.0006808546875 0.1170290203125 0.001052840625 0.18096801093749998
0 0.0937743765625 0.3604398140625 0.07980544687499999 0.3444935859375 0.0790517890625 0.3448194109375 0.0697717078125 0.353499934375 0.058491901562500004 0.35489323281249996 0.039192442187499996 0.366979109375 0.014448775 0.3917111546875 0.0185835625 0.39910497500000003 0.00753229375 0.4087051421875 0.034647321875 0.43774644062499996 0.049774929687500004 0.44907935468750004 0.06552867500000001 0.4359194140625 0.1248340125 0.3806682453125 0.11482336093750001 0.3700008578125 0.0896163625 0.3926396890625 0.08281908593750001 0.3881135625 0.1103528953125 0.3647608890625 0.1020225671875 0.35795410156249996 0.0937743765625 0.3604398140625
0 0.43146063593750006 0.4991933015625 0.398732715625 0.5292426390625 0.373974834375 0.513536609375 0.258771421875 0.61410968125 0.33798083437500004 0.684740596875 0.48863147968750004 0.551638790625 0.43146063593750006 0.4991933015625
0 0.04206969375 0.94059564375 0.3367876046875 0.68278543125 0.2501873671875 0.6094505265625 0.0286977640625 0.7971378734375001 0.04206969375 0.94059564375