0 0.3515814546875 0.0165041953125 0.3237411671875 0.08770793593750001 0.3782510671875 0.1141573671875 0.4233104296875 0.008120279687499999 0.3515814546875 0.0165041953125
0 0.6720513671874999 0.1453485765625 0.6878038640625 0.1127310734375 0.656491790625 0.0912203125 0.6430473906249999 0.12477710625 0.6720513671874999 0.1453485765625
0 0.7641498390625 0.197543328125 0.7786659046875 0.1637513578125 0.7546977703125 0.146768065625 0.7392607203125 0.1839651453125 0.7641498390625 0.197543328125
0 0.6048358281249999 0.1741987828125 0.6345763 0.087472721875 0.578194290625 0.0519652515625 0.543163934375 0.1421454234375 0.6048358281249999 0.1741987828125
0 0 0.154187371875 0.0256001390625 0.16645581874999998 0.030624998437500002 0.1575369125 0.09260811249999999 0.1913125390625 0.11588226406249999 0.16605953125 0.161533796875 0.047884521875 0.14867652343749999 0.0402203796875 0 0.0575981734375 0 0.1380189546875 0.0050523203125 0.1403674515625 0 0.14998663750000002 0 0.154187371875
0 0.461640225 0.5569541015625 0.5416371484375 0.331642096875 0.49400928437499997 0.3115987171875 0.41187973125 0.529949540625 0.461640225 0.5569541015625
0 0.7035662546875 0.40557179843749996 0.70235235625 0.4083516515625 0.7362851515625 0.42219176562499994 0.7458529671874999 0.3938364203125 0.7590475453125001 0.35494495625 0.733618228125 0.3405066234375 0.713995628125 0.37819292187500003 0.7035662546875 0.40557179843749996
0 0.53935550625 0.1432280734375 0.49786445468749996 0.24001089062499997 0.506137546875 0.24891430468750003 0.4841820671875 0.3016239203125 0.5416371484375 0.331642096875 0.5989702578125 0.1917234015625 0.593824571875 0.1866312296875 0.597937175 0.17968751249999998 0.53935550625 0.1432280734375
0 0.2893777890625 0.531913478125 0.26562540625 0.6027273421875 0.29907095156249996 0.6216145640625 0.20977630625 0.8503215359375 0.292739565625 0.8967692875 0.3840823453125 0.670350978125 0.4084681609375 0.683196596875 0.43332600781249997 0.616386340625 0.2893777890625 0.531913478125
0 0.7349937718749999 0.1756706515625 0.7408717375 0.162013603125 0.7496337625 0.146700471875 0.692158121875 0.1101117578125 0.6897922921874999 0.135009325 0.68021630625 0.1471201328125 0.7349937718749999 0.1756706515625
0 0.73863856875 0.2275423640625 0.7509217406250001 0.2064318171875 0.6822945781249999 0.16358435468750002 0.67041134375 0.185483509375 0.73863856875 0.2275423640625
0 0.2379107578125 0.029790395312500002 0.2348793796875 0.03649781875 0.32198847812500003 0.0843735203125 0.3509006125 0.016583775000000002 0.2379107578125 0.029790395312500002
0 0.7206086859374999 0.31665875625 0.7493315671875 0.2396582390625 0.7299807484375 0.2298293375 0.6985844765625 0.3065268 0.7206086859374999 0.31665875625