0 0.5926456703125 0.891962165625 0.5837838140625 0.8398963343749999 0.5500383515625 0.8485905171875 0.5677788515625 0.9012039749999999 0.5926456703125 0.891962165625
0 0.8960480890625 0.9499286124999999 0.8718587875000001 0.902120525 0.801544696875 0.9236415453125 0.8196617375 0.96856408125 0.8689501390625001 0.9633868265625001 0.8960480890625 0.9499286124999999
0 0.42865545000000005 0.76946159375 0.4265818421875 0.7733695765624999 0.4330917921875 0.783047434375 0.44915337187500004 0.8202217796875001 0.4583553 0.846087125 0.5150920046875 0.8241784609374999 0.5274941453124999 0.8253358531250001 0.5395245203125001 0.8105624062500001 0.5292286500000001 0.7871261453125 0.5433826109375001 0.7813446374999999 0.523075196875 0.7190561125 0.49987787499999997 0.7264129859375 0.4890643609375 0.710369740625 0.4272305875 0.7242242515624999 0.42077870624999997 0.7519006609375001 0.42865545000000005 0.76946159375
0 0.631385034375 0.6812226031249999 0.6284816265625001 0.687698709375 0.5954159359375 0.6929440453125 0.6054188375 0.72960813125 0.628084525 0.7263516937500001 0.63445678125 0.7459887125 0.6678500859375001 0.74425319375 0.69218258125 0.73992519375 0.6908262671875 0.71029611875 0.7226579703125 0.7016570171875001 0.719968159375 0.67456558125 0.68700915625 0.68067534375 0.6844737421875 0.672998415625 0.6598996734375 0.67468319375 0.631385034375 0.6812226031249999
0 0.628084525 0.7263516937500001 0.6054188375 0.72960813125 0.58338075 0.7301508953125 0.57122585 0.7323241296874999 0.5778391140625 0.7634233109374999 0.6076758265625 0.761164896875 0.6225043343750001 0.8126039921875 0.644715071875 0.8049754765625 0.6483984296874999 0.8151795734375 0.7010528328125 0.802581140625 0.7115606578125 0.7838187875 0.70687494375 0.7454495203125 0.69218258125 0.73992519375 0.6678500859375001 0.74425319375 0.63445678125 0.7459887125 0.628084525 0.7263516937500001
0 0.153465740625 0.16171934375000002 0.0516451703125 0.16889119375 0.06389676093749999 0.3340997625 0.046235565625 0.336913921875 0.049356424999999995 0.3780119171875 0.06564725 0.377363996875 0.072251734375 0.4333779625 0.050417096875 0.4351294140625 0.054452156249999994 0.46589480625 0.074429596875 0.46581867343749994 0.0935462765625 0.6352472078125 0.1403305140625 0.63475285625 0.18993007343749999 0.6268951703125001 0.153465740625 0.16171934375000002
0 0.0935462765625 0.6352472078125 0.008707959375000001 0.6447430078124999 0.014618106249999999 0.70426926875 0.193906678125 0.685436796875 0.18993007343749999 0.6268951703125001 0.1403305140625 0.63475285625 0.0935462765625 0.6352472078125
0 0.1907300875 0.8139673953125 0.1982691078125 0.8008123843750001 0.1697211390625 0.7269637906249999 0.0209247578125 0.76778905 0.0292868609375 0.8520110921875 0.1907300875 0.8139673953125
0 0.1160969234375 1 0.235571325 0.9674550765625 0.1907300875 0.8139673953125 0.0292868609375 0.8520110921875 0.029710325 0.8562761546875001 0.053176890624999994 0.928321609375 0.06468890000000001 0.9730414546875 0.07370197187500001 1 0.1160969234375 1
0 0.473796109375 0 0.358199421875 0.0121422765625 0.36101215 0.04047170625 0.3874594859375 0.037693678125000005 0.3882092734375 0.0452454421875 0.694130703125 0.024578084375 0.7045125140625 0.116325590625 0.4373845078125 0.130395428125 0.4432675921875 0.1768323515625 0.770232725 0.16283598906250002 0.7564134499999999 0 0.473796109375 0
0 0.40995596718750005 0.2039735125 0.34834470156249997 0.1618683421875 0.27202658125 0.157375746875 0.26441230781249997 0.20675236875 0.2874331734375 0.20875412031249999 0.2859689703125 0.23098639687500003 0.306584221875 0.23103090312500002 0.305768875 0.25244447812500004 0.40154683750000003 0.2453444375 0.40995596718750005 0.2039735125
0 0.433985384375 0.11296877031250001 0.399807665625 0.1173093421875 0.40552066093750005 0.16749599843750002 0.44167228593749996 0.168118496875 0.4373845078125 0.130395428125 0.433985384375 0.11296877031250001
0 0.8515721640624999 0.228408225 0.9713851390625001 0.2133536515625 0.9692047453124999 0.19139300937499998 0.9122572109375 0.1968906734375 0.8994366171875001 0.1976118953125 0.8478219890625001 0.2030334953125 0.8515721640624999 0.228408225
0 0.8485329296874999 0.18855256250000002 0.8478219890625001 0.2030334953125 0.8994366171875001 0.1976118953125 0.8989500984375001 0.18325674218750002 0.8485329296874999 0.18855256250000002
0 0.9674367953124999 0.1735864375 0.9092730250000001 0.182172421875 0.9122572109375 0.1968906734375 0.9692047453124999 0.19139300937499998 0.9674367953124999 0.1735864375
0 0.8339224734374999 0.6685793140625 0.8472759828124999 0.6620896468749999 0.84137339375 0.6410898453125 0.7836910640625 0.6496923046874999 0.803782909375 0.723887071875 0.8449681140624999 0.715745715625 0.8339224734374999 0.6685793140625
0 0.80790959375 0.9697985265625 0.7922492984375 0.9281413171875 0.6937667828125 0.9596887625000001 0.698511765625 0.981289675 0.80790959375 0.9697985265625