0 0.47421328125000006 0 0.4778341046875 0.0032472359375 0.49527155 0.0147931203125 0.48473654218749995 0.0330918453125 0.50624024375 0.052279128125 0.5268157109375 0.019780965625 0.536331540625 0.021028146875 0.5445370859375 0 0.47421328125000006 0
0 0 0.3517233984375 0.046840553125 0.2917514359375 0 0.25464078749999997 0 0.3517233984375
0 0.8915653000000001 0.6334484859375 0.9029401531250001 0.615985309375 0.9207779078125 0.6291224125 0.9399538359375 0.6264537156250001 0.9736444343749999 0.5680306609375 0.9424205484374999 0.5309593375 0.9282674890625 0.5501512734375 0.9006167171874999 0.53251893125 0.9143765359374999 0.5143004734375001 0.8460204796875 0.458901078125 0.735135240625 0.37944998750000003 0.7213101953125001 0.3952195875 0.701017578125 0.37637503906249997 0.66078418125 0.43712008906250005 0.6714667750000001 0.4475562578125 0.66534768125 0.46297100625 0.6841856765625 0.48169014531250004 0.714994778125 0.47377558906250006 0.7251987296875 0.48040211250000003 0.7109277781250001 0.5118913328125 0.757160115625 0.5434339593749999 0.766004990625 0.52721218125 0.787873625 0.5437350015625 0.7925738640625 0.5305050984374999 0.816877415625 0.5408605859375 0.8023961484375001 0.5644475703125 0.8915653000000001 0.6334484859375
0 0.5751497 0 0.543936415625 0.0646926765625 0.6122150390625001 0.1070705859375 0.5997387078124999 0.1280170265625 0.62346103125 0.1461532640625 0.6351796843749999 0.12427102968749999 0.65951515 0.143539340625 0.6823002953125 0.12309206406249999 0.7000721249999999 0.08889266875 0.7212627406250001 0.0580228390625 0.701466184375 0.040148996874999995 0.7044815468750001 0.0300917671875 0.682494303125 0.0126214859375 0.673726159375 0.02433610625 0.6532140140625 0.0057244765625 0.6573952578125 0 0.5751497 0
0 0.7914789718749999 0.9300922078125 0.7382565171875 0.8858178062500001 0.64946519375 0.819178609375 0.621499690625 0.835408353125 0.5873897421875001 0.892637440625 0.608685975 0.9107512859375 0.606393871875 0.9169089593749999 0.6518802703125 0.9540943546875 0.656441215625 0.9464403625 0.6693638640625 0.953979059375 0.6676988625 0.963087015625 0.6836234421875 0.9721399296875 0.8290065328124999 0.9412378 0.8029735718750001 0.9163080109375 0.7914789718749999 0.9300922078125
0 0 0.1448232078125 0.0012718109375 0.1462030234375 0.089289134375 0.1756105953125 0.14318038125000002 0.0967515421875 0.120130984375 0.0695733546875 0 0.0951079828125 0 0.1448232078125
0 0.40148353593749997 0.41078001875 0.4084405859375 0.416151346875 0.3990394828125 0.4310219984375 0.40192823593749993 0.4368234734375 0.39515535 0.45003863749999995 0.4602355828125 0.48661880156250004 0.4977742625 0.51133805 0.516274753125 0.51357280625 0.524538703125 0.5015307578125 0.5341416734375 0.5030905406249999 0.57034315625 0.4335999484375 0.5021170921875 0.379104203125 0.49862012031249997 0.3854351984375 0.48205850000000006 0.371778503125 0.4874999375 0.366027565625 0.44517915468749997 0.35103744375 0.41668027187499995 0.394843028125 0.411739703125 0.39438243125 0.40148353593749997 0.41078001875
0 0.2658889640625 1 0.27382713281250004 0.9872256890625 0.25800407812500004 0.968962546875 0.1969151859375 0.9186409171875001 0.19291986249999998 0.9228220703125001 0.178616040625 0.9186191359375 0.17785755625 0.9027830031249999 0.151375796875 0.8810114921875 0.12979899687500002 0.8923444015625 0.10502659218749999 0.921843965625 0.0956927125 0.9165846390624999 0.085907175 0.930522940625 0.0940641203125 0.9353081031249999 0.0885489890625 0.95142228125 0.0946371953125 0.9598135250000001 0.08873955624999999 0.9700389062499999 0.09292860625 0.9897468375 0.103702265625 1 0.2658889640625 1
0 0.35428753125 0.39086595 0.40820949687499997 0.30796481249999996 0.3557390421875 0.2740437078125 0.3494546703125 0.285954715625 0.3352221296875 0.2771216125 0.3424076671875 0.26487418906250004 0.30635130625 0.22609827968750001 0.2820036875 0.233839725 0.2509737484375 0.2863785828125 0.2732183984375 0.3037941515625 0.278664153125 0.29543470625 0.299139184375 0.314261178125 0.2815711296875 0.3406565765625 0.35428753125 0.39086595
0 0.5331716484375 0.369812984375 0.5557300625 0.33087104218749996 0.5675280765624999 0.3439260515625 0.5528253484375 0.3731891921875 0.5719308015625 0.3900510015625 0.56717883125 0.3986561859375 0.5929227296875 0.41520379687500003 0.6440261734375 0.32079508749999996 0.612647684375 0.2900065625 0.6063795046875 0.29469152187500003 0.595630740625 0.2781022609375 0.57301706875 0.2564191484375 0.5560383125 0.264167125 0.5288484953125 0.24821658750000003 0.49368272500000004 0.301841496875 0.5031282187499999 0.3114230796875 0.48912083281249996 0.3331502515625 0.5331716484375 0.369812984375
0 0.551252190625 0.5610009734375 0.5954082984375 0.6040982140625 0.6006783484375 0.5916991703125001 0.6703764546875 0.6434813875 0.7200822921875 0.5734589078125001 0.6951629328125 0.558453734375 0.6583487421875 0.534222040625 0.6614504234374999 0.513860971875 0.6193849375 0.473589190625 0.5994956796875 0.4852670375 0.578941915625 0.5208855578125 0.5725311484375 0.5160396625 0.559050440625 0.5373237625 0.564783015625 0.5418999078125 0.551252190625 0.5610009734375
0 0.0733618546875 0.8976925093749999 0.1013994328125 0.8504509406249999 0.0514755265625 0.7830418640625 0.05048233125 0.790052809375 0.0733618546875 0.8976925093749999
0 1 0.7842686359375 0.897390428125 0.7017460328125 0.8841620796875 0.7166230812500001 0.86245921875 0.699030265625 0.87271536875 0.6869165796875001 0.76390966875 0.6067337375 0.7399534 0.6334522359375 0.7168879890625 0.679745246875 0.7663164171875 0.7432654750000001 0.751682125 0.76106965 0.773189465625 0.778910975 0.7854616515624999 0.76343005625 0.8026105953125 0.776734265625 0.79430484375 0.7892611875 0.8337594718749999 0.818126125 0.8515810281249999 0.788055190625 1 0.8879852749999999 1 0.7842686359375
0 0.42352168125 0.1110862484375 0.4349399546875 0.09557988125 0.3873269578125 0.0585153875 0.3785706765625 0.0698963625 0.3660934796875 0.065719071875 0.3480474390625 0.091326178125 0.3521781765625 0.09673948906249999 0.3362862921875 0.1192397359375 0.34612051875 0.1314290625 0.3323696859375 0.15105288125 0.3037951375 0.1961576484375 0.37652214375000004 0.2502140671875 0.4112356765625 0.1913459375 0.4232650984375 0.199550484375 0.449177028125 0.146981953125 0.44061724375000005 0.1258918578125 0.42352168125 0.1110862484375
0 0.7568257218750001 0.1728548328125 0.78134006875 0.1908227203125 0.77548434375 0.1974481328125 0.7955896078125 0.2073301109375 0.791791225 0.21467715156249997 0.810417078125 0.228308984375 0.8188993124999999 0.21593080625 0.8273116578125 0.22016499843749998 0.84539053125 0.18838375624999998 0.8555586109375 0.1953283328125 0.8860408281250001 0.14313354218750002 0.8318216359375 0.10312725468749999 0.8226699265624999 0.111674265625 0.7998166999999999 0.09976879375 0.8110106671875 0.0831097859375 0.7629527734375 0.0483335421875 0.739649275 0.09496689375 0.732602403125 0.09004925312499999 0.7130408859374999 0.1206969796875 0.7204737171875 0.127333059375 0.71009940625 0.14677725 0.7491063484375 0.1813250375 0.7568257218750001 0.1728548328125
0 0.3919813 0.9031300578125 0.4467951375 0.9545992359375 0.49800752187499997 0.9935062468750001 0.5234662828125 0.9550653546874999 0.5560994984375001 0.9008198296875 0.43747601875 0.810472290625 0.3867176953125 0.8791456500000001 0.400840809375 0.8874639390624999 0.3919813 0.9031300578125
0 0.5663652234375001 0.7820412875 0.5790184078125 0.7909410546875 0.60173744375 0.7472050859375 0.61946711875 0.7573022796875 0.643302878125 0.7265117562500001 0.56555734375 0.6721147890625 0.5595013953125 0.6835426453125 0.46214203437499995 0.6033688359375 0.43505682968750004 0.62247435 0.3597793875 0.5666421859375 0.36298671875 0.559337996875 0.322863484375 0.5244066296875001 0.317532609375 0.5334039015625 0.297548171875 0.5197090249999999 0.305405596875 0.5055597015625 0.26929219843749996 0.4739150484375 0.1818319484375 0.397473153125 0.1514152390625 0.3750065984375 0.10290685468750001 0.4587437796875 0.146513565625 0.48952001093749997 0.1247317921875 0.5230609984375 0.11654625468749999 0.515901971875 0.08639224375 0.5637017125 0.0908726796875 0.57309694375 0.041530528125 0.6677107421875 0.0331813140625 0.663773559375 0.026258989062499998 0.6760909484375001 0.032800878125 0.7068681125 0.0405196734375 0.71299965 0.037015917187500004 0.7174488296875 0.059392582812500004 0.7319804046875 0.063609159375 0.7273797125 0.096437328125 0.7493129984375 0.1884147640625 0.5949336656249999 0.1831838984375 0.5904785234375 0.2062638203125 0.5516533765625 0.233619859375 0.5748118859375 0.25984385468750004 0.5900157390625 0.252093640625 0.6094402359375 0.341803021875 0.6860456125 0.380576434375 0.7045008187499999 0.3920241703125 0.68913305625 0.5533226140624999 0.8034392171875 0.5663652234375001 0.7820412875
0 0.39497394531249996 0.7751566703125 0.32158126875000004 0.7235182109375 0.2991158453125 0.70623235 0.295166115625 0.6931026625000001 0.27320882812499997 0.67119725 0.251230071875 0.6870650578124999 0.21876409843750003 0.7308032875 0.224455709375 0.7421968453125001 0.21115915156249998 0.7589923453125 0.31350010625 0.8430327312499999 0.3256160875 0.8271090234375 0.3459815125 0.84210949375 0.39497394531249996 0.7751566703125