0 0.7578062828125 0.3394385890625 0.782532715625 0.244634921875 0.75209076875 0.23550906718750003 0.7287647953125 0.3334735203125 0.7578062828125 0.3394385890625
0 0.1249208546875 0.8520195906250001 0.10443045 0.88707843125 0.1829573 0.9479226234375 0.22932442343749998 0.9818940125 0.24518710625 0.9830027890625 0.329065903125 0.758580459375 0.30987871718750004 0.7511540796875 0.301636375 0.750577953125 0.258185865625 0.7332405453125 0.20017175625 0.9050891171875 0.1249208546875 0.8520195906250001
0 0.9601692953125 0.0803972546875 0.967344903125 0.058363190625000005 0.9696666875 0.0386064984375 0.969238065625 0.0315785265625 0.9171497984375 0.027937640625 0.9193077374999999 0.037236603125 0.9037757937500001 0.043696628125 0.902615003125 0.07193208749999999 0.8975773 0.101133884375 0.8963561734375001 0.1299939328125 0.8859188859374999 0.1456133625 0.880997509375 0.1635047671875 0.87862129375 0.18094526718749998 0.887373021875 0.191617909375 0.89987821875 0.193120809375 0.9181917734375 0.1723926546875 0.928972678125 0.1662902 0.9389656953125 0.132911415625 0.9333481921875 0.1141819421875 0.9438032484375001 0.1065151171875 0.9601692953125 0.0803972546875
0 1 0.0357062609375 0.9943615343750001 0.050332685937499996 0.9801479265624999 0.07199651093750001 0.9729717140625 0.0896086015625 0.955581521875 0.125370959375 0.94524763125 0.15710318750000002 0.9393946359375 0.20123794374999998 0.953606609375 0.215050884375 0.97581395 0.221897290625 0.9998743187500001 0.223579071875 1 0.2235401046875 1 0.0357062609375
0 0.7277818375 0.34342515625000003 0.705629809375 0.46327706874999997 0.7294676875 0.46431449062499996 0.73046354375 0.47821785156249996 0.758466940625 0.4826499046875 0.774898053125 0.3535948109375 0.762598996875 0.351092115625 0.7384683296875 0.34354331875 0.7277818375 0.34342515625000003
0 0.8159243046875 0.3555699796875 0.8203110375 0.3339900671875 0.8286908796875 0.333054496875 0.846725134375 0.3204813109375 0.8570379562499999 0.297307496875 0.8519763156250001 0.2680082953125 0.8375080125000001 0.2581936875 0.83475093125 0.2553031875 0.8400736296875 0.231151765625 0.8284756156249999 0.225310628125 0.8134137406249999 0.24437964843749999 0.79118956875 0.23779575937500003 0.7822455890625 0.249746728125 0.764566365625 0.33907946093749997 0.762598996875 0.351092115625 0.8159243046875 0.3555699796875
0 0.49310607968750003 0.1933089546875 0.4833973125 0.2466265859375 0.47720206562499995 0.24513877499999998 0.4712602265625 0.28876021875 0.6236717390625001 0.3217463234375 0.6312364359375 0.2771835421875 0.514442153125 0.25299537656250004 0.5271152 0.20250159218750002 0.49310607968750003 0.1933089546875
0 0.4393115390625 0.6025735265625001 0.4664259015625 0.4933119421875 0.41905687656249996 0.4817047296875 0.38881385 0.5922892171874999 0.4393115390625 0.6025735265625001
0 1 0.24739049687499998 0.9886471765625 0.24360579375000002 0.975841121875 0.24711231875 0.97247745625 0.2701430609375 0.9600727234375 0.2673895671875 0.9572294843750001 0.2823024796875 0.950148078125 0.353511775 0.9674825953124999 0.35786746406250003 0.9700762968750001 0.37628415937500004 0.9963230718749999 0.38880848437500004 1 0.38747061562499996 1 0.24739049687499998
0 0.8041519875 0.045414678125 0.7909060953125 0.0988299015625 0.7750320140625 0.1581060765625 0.77344225625 0.1829038234375 0.80321386875 0.1895081625 0.8377514843749999 0.19267279843750001 0.8507321296875 0.19055779374999998 0.8675928359375 0.1630546203125 0.87686548125 0.124453040625 0.8850804671875 0.0903211703125 0.8816260953124999 0.0707692578125 0.8928113312500001 0.053295403124999995 0.9009843859375 0.033744864062500005 0.9010181890625001 0.026810067187499998 0.8101709828124999 0.0204599953125 0.8041519875 0.045414678125
0 0.75826926875 0.5591679734375 0.6759318859375 0.5428852796875 0.655450409375 0.6635841874999999 0.9899370093750001 0.721386365625 0.99967363125 0.5695102671875001 0.9808496281249999 0.5655981375 0.9765849578125 0.6042657874999999 0.801324771875 0.574753621875 0.8082379265625 0.5349729140624999 0.762154653125 0.5279992109375 0.75826926875 0.5591679734375
0 0.93824670625 0.5160479812500001 0.9468236890625 0.46455794531250005 0.964958103125 0.38205220156249997 0.8159243046875 0.3555699796875 0.774898053125 0.3535948109375 0.758466940625 0.4826499046875 0.93824670625 0.5160479812500001
0 0.5768982546875 0.6332049375000001 0.60651170625 0.511866440625 0.557465990625 0.5033063484375 0.5501679453125 0.5421270859375 0.5411199734375 0.547153909375 0.5255179796875 0.6268751859374999 0.5768982546875 0.6332049375000001