0 0.4588271296875 0.0772372546875 0.5308606390625 0.0902556375 0.6016245812500001 0.103673140625 0.6752546640625 0.10917652656250001 0.7488378796874999 0.11417737187500002 0.825950275 0.12899610625 0.898503584375 0.13832194375 0.928540825 0.005402092187500001 0.4781695265625 0.0027819093749999997 0.305565909375 0.01688576875 0.3040266296875 0.058829125 0.3832982296875 0.0699057515625 0.4588271296875 0.0772372546875
0 0.8019882703125001 0.5955047796875 0.7832726625 0.66376919375 0.88223671875 0.6807900265625 0.9091883546874999 0.5977798078125 0.934392421875 0.5306098031250001 0.8203337171875 0.5110668265625 0.8010911625 0.5745848984374999 0.8019882703125001 0.5955047796875
0 0.4224689375 0.3943252796875 0.4237401140625 0.418126209375 0.464842740625 0.42696265 0.4597419109375 0.4977013421875 0.605086503125 0.5195827671875 0.6336700203125 0.36909222656249996 0.602579446875 0.35709572500000003 0.6052060390625 0.30999983750000004 0.4679851359375 0.289796559375 0.4513816390625 0.3427395390625 0.40812629375 0.3411048609375 0.40186420624999997 0.389447253125 0.4224689375 0.3943252796875
0 1 0.5444923140625 0.9755887796874999 0.540451321875 0.960618921875 0.5980291125 0.9836955953125001 0.60342250625 0.9879900312500001 0.6103717390625001 1 0.6145251390625 1 0.5444923140625
0 0.48212023125 1 0.46754861875 0.9821220296875 0.262803815625 0.9488905578125 0.2504767484375 1 0.48212023125 1
0 0.0130579078125 0.6292944625 0.040639728125 0.6289800171875 0.09332879375 0.41558677031249996 0.0023106265625000002 0.3971629859375 0.0030359203125 0.5218304671875 0.0130579078125 0.6292944625
0 0.0020733578125 0.3563799546875 0.10769282656250001 0.36936737656249996 0.1302761953125 0.2560155234375 0.001393503125 0.239522884375 0.0020733578125 0.3563799546875
0 1 0.6320829890625 0.9866215609375001 0.6295989609375 0.95628970625 0.73128343125 1 0.7445009406249999 1 0.6320829890625
0 0.1693524984375 0.124922321875 0.1490472421875 0.10314088437499999 0.08282120468750001 0.09589316875000001 0.051324518750000006 0.245883296875 0.1316052015625 0.25738383593749997 0.1693524984375 0.124922321875
0 0.960603525 0.690526971875 0.9825222015625 0.628583615625 0.99667303125 0.630929696875 0.999673684375 0.613383590625 0.9642409093750001 0.6045480249999999 0.9373237640625 0.6829559125 0.960603525 0.690526971875
0 0.2350477109375 0.14229857968749998 0.1156606796875 0.6331249296875 0.27642791093749997 0.6712158359375 0.4060750984375 0.171301525 0.2350477109375 0.14229857968749998
0 0.9283432390625 0.00540094375 0.8958848828124999 0.14866328906249998 0.972661515625 0.1610117265625 0.9581655874999999 0.00557444375 0.9283432390625 0.00540094375
0 0.37829235 0.949412284375 0.375831525 0.960542478125 0.39662759687500004 0.9658901406249999 0.40214715468750006 0.9541091328125001 0.45124296406250003 0.9657104171875 0.477089803125 0.8663335062499999 0.364587525 0.8399750703125 0.337967653125 0.9437192765625 0.37829235 0.949412284375
0 0.7044500046875 0.4848370046875 0.6680784531249999 0.6128397734375 0.757524940625 0.6322207109375 0.7850421359374999 0.505553315625 0.7044500046875 0.4848370046875
0 0.8022047000000001 0.7451822109374999 0.7971681328125 0.767114409375 0.8275912265625 0.776021753125 0.8349035984375 0.7513717484375 0.8022047000000001 0.7451822109374999
0 0.6347718109375 0.687824309375 0.6237775 0.7337894578124999 0.6821045796874999 0.7496790140625 0.69718395625 0.70118580625 0.6347718109375 0.687824309375
0 0.8887959875 0.48985958749999997 0.9427602203125 0.49490224843749997 0.9678831359375 0.41465769375 0.9128229718749999 0.40396574531249996 0.9114402484375 0.3945632265625 0.84481445625 0.38325503437499997 0.8197601796875 0.4784740375 0.8887959875 0.48985958749999997
0 0.5464242765625 1 0.56908149375 0.9227245359375 0.5463803171875 0.9082491296875 0.5262275328125 0.9093472968749999 0.523869175 0.9258703781250001 0.5063370093749999 0.92840010625 0.488840134375 0.8976332359375 0.4719437375 0.9890208390625 0.4825886046875 1 0.5464242765625 1
0 0.3023659359375 0.8024400187499999 0.3895732609375 0.8161173921874999 0.40493366562500005 0.7760617890625 0.31507918125 0.75863416875 0.3023659359375 0.8024400187499999
0 0.08579001562500001 0.8787490874999999 0.0700602875 0.9571078703125 0.2022019984375 0.9879379406250001 0.22171156406249998 0.9019701578125 0.08579001562500001 0.8787490874999999
0 0.383501759375 0.6786914562499999 0.3933965703125 0.61619039375 0.343867078125 0.605363 0.32887885156249996 0.664777878125 0.34953464843750004 0.684441903125 0.36000447812499997 0.672404090625 0.383501759375 0.6786914562499999
0 0.17415232187500002 1 0.044520554687500005 0.96666284375 0.047629543749999996 1 0.17415232187500002 1