0 0.491269828125 0.942207778125 0.5397207109375 0.9307399343749999 0.5528995421875 0.8654882953125 0.5819103671875 0.8543476578125 0.579395159375 0.7622579359375 0.562538153125 0.766000003125 0.550035765625 0.755170415625 0.5396916390625 0.6959146953124999 0.5351470734375 0.688212628125 0.381920346875 0.6937600749999999 0.400779125 0.9572371078125 0.491269828125 0.942207778125
0 0.9124033359375 0.636172584375 0.9988690218749999 0.6307812765625 0.9998654953124999 0.5879861328125 0.9904786 0.5743038015625 0.9972387171875001 0.549562634375 0.9936043453125001 0.5396572484375 0.9951255546875 0.5112129421875 0.9782867546875 0.5150953375 0.933563121875 0.5177249828125 0.9365775031249999 0.5800774843750001 0.9047515078125 0.5848615984375 0.9091823921875 0.6122005578125 0.9124033359375 0.636172584375
0 0.0114364296875 0.9828443874999999 0.16325594999999998 0.9881438890625001 0.15967747968749998 0.8912954234375 0.12138760468750001 0.8721340062499999 0.105589046875 0.8774496453125 0.0764364265625 0.87531448125 0.0722625859375 0.89779908125 0.055471878125 0.897771746875 0.052206696875 0.8683222046875001 0.0101419828125 0.8715998171875 0.010816764062500001 0.9295904765625 0.029063028125 0.9271912625000001 0.028754920312499998 0.9404234203125 0.01096075 0.941964625 0.0114364296875 0.9828443874999999
0 0.3305782078125 0.6947617593750001 0.30493636562500004 0.6893965093750001 0.2658046203125 0.6851808125 0.22995029687500002 0.686834878125 0.236424321875 0.79333943125 0.2530161078125 0.79822114375 0.2594428921875 0.8145381328125 0.314364121875 0.8193608640625 0.34979065625 0.8194799390625 0.357267446875 0.839577359375 0.3930515796875 0.842782165625 0.38719986875 0.7621146328124999 0.38212381562500003 0.687788309375 0.343847725 0.6966218859375 0.3305782078125 0.6947617593750001
0 0.8871236281250001 0.6309317296875 0.8948862953125 0.6110868796875 0.8892101671875 0.5394775953125001 0.8831311046874999 0.5008497734375 0.8459556656249999 0.4993006578125 0.8042421734375 0.4925362421875 0.7928256375 0.5033131828124999 0.774894678125 0.5264351140625 0.7879110421875 0.612940465625 0.8217837796874999 0.62446014375 0.8375889234375 0.6373048453125 0.8871236281250001 0.6309317296875
0 0.399442978125 0.937158465625 0.3930580796875 0.84250300625 0.33280693281249996 0.8360414171875 0.23210101249999998 0.8296204984375001 0.2388497890625 0.8809837765624999 0.2608833015625 0.8845467546875 0.26687160312499997 0.977791440625 0.3326990515625 0.98176556875 0.3423211109375 0.9558391265624999 0.37253997499999997 0.9582908953124999 0.380263728125 0.9585605046874999 0.399442978125 0.937158465625
0 1 0.088822321875 0.949746490625 0.0855204390625 0.9189171625 0.088076315625 0.91722281875 0.0760035578125 0.8809640906249999 0.074737890625 0.8679873421875 0.11563409531249999 0.8756790750000001 0.2187167625 0.9764629890625001 0.21994381718749997 1 0.22022081718750003 1 0.088822321875
0 0.97517239375 0.48285719687500006 0.9128752718750001 0.48403525312499995 0.8984225515625001 0.49610314375 0.9047515078125 0.5848615984375 0.9365775031249999 0.5800774843750001 0.933563121875 0.5177249828125 0.9782867546875 0.5150953375 0.97517239375 0.48285719687500006
0 0.8051770843750001 0.3555578109375 0.794814384375 0.355196084375 0.7845303343750001 0.35145652968749996 0.7764021875 0.3510331109375 0.7623460203125 0.35529202656250003 0.7644721390625 0.38386365 0.769745290625 0.48015661875 0.8022721468749999 0.47570429374999995 0.8045756984375 0.4920449890625 0.8459556656249999 0.4993006578125 0.8431768234374999 0.475707265625 0.8806428890625 0.47952955625 0.8806623890624999 0.47869207812500003 0.87439556875 0.3310132109375 0.8323817203124999 0.32700423437500004 0.83236156875 0.327869628125 0.8223896609375 0.33931164687500004 0.813783696875 0.347420771875 0.8051770843750001 0.3555578109375
0 1 0.7260108640625 0.9366133140624999 0.7279299890625001 0.9419058343750001 0.7957262296875001 0.9992653609375 0.7945038359375001 1 0.7629535781250001 1 0.7260108640625
0 1 0.320240065625 0.951707840625 0.328655025 0.9379949671875 0.336613821875 0.9264568703125 0.35076709687499996 0.8851594828125 0.346419928125 0.890484053125 0.454337165625 1 0.450008528125 1 0.320240065625
0 0.008620265625 0.7408237843750001 0.008926584375000001 0.7671487640625 0.010120940625 0.7816402984375 0.009101248437499999 0.7821593765625 0.0100569890625 0.8642954859374999 0.023295923437499998 0.865022059375 0.052206696875 0.8683222046875001 0.055471878125 0.897771746875 0.0722625859375 0.89779908125 0.0764364265625 0.87531448125 0.105589046875 0.8774496453125 0.12138760468750001 0.8721340062499999 0.1311299625 0.8502628624999999 0.12842186093750002 0.8005772562500001 0.11681673125 0.8010103187500001 0.11116143437499999 0.7349615515625 0.050101574999999995 0.7429439453125 0.049604182812499995 0.7366403906250001 0.008620265625 0.7408237843750001
0 1 0.01714864375 0.9740607359375 0.016243193750000003 0.9744096875 0.054531303125 1 0.05264256874999999 1 0.01714864375
0 0.0171556125 0 0.01696829375 0.0080447296875 0.0354535078125 0.007227459375 0.0426443796875 0.058047396875000004 0.081887290625 0.060255390625 0.0816336546875 0.04348335625 0.079764696875 0 0.0171556125 0
0 0.29188712968749997 0.5259190703125001 0.3736951625 0.5213709718749999 0.36097675625000003 0.2007502625 0.3218638921875 0.20217882812500002 0.320398521875 0.21531471406249997 0.3003076546875 0.2131606015625 0.2093189359375 0.22744614375 0.2240552078125 0.5075145140624999 0.27888474531249996 0.5079756171875001 0.29188712968749997 0.5259190703125001
0 0.11637686249999998 0.7230741140625 0.1121729140625 0.7035100171875001 0.11537871250000001 0.68663523125 0.11878605625000001 0.6703262515625 0.11774105312500001 0.624833615625 0.1058821203125 0.573459590625 0.041638428125 0.5687864015625 0.006627096875 0.5695313078125 0.0081544671875 0.7007931578125 0.0115495765625 0.6999976 0.017506993749999998 0.7244842265625 0.11637686249999998 0.7230741140625
0 0.23180762968750002 0.6577876546875 0.24639172031249998 0.6539103703125 0.307948978125 0.6531535046875 0.335904671875 0.6541293421875001 0.335633615625 0.6657702921875 0.3403824453125 0.6978978546875 0.3818228453125 0.6979474671875 0.3736951625 0.5213709718749999 0.29188712968749997 0.5259190703125001 0.27888474531249996 0.5079756171875001 0.2240552078125 0.5075145140624999 0.23180762968750002 0.6577876546875