0 0.93248975 0.8505419375000001 0.9497002390624999 0.863760903125 0.960330296875 0.805657634375 0.93248975 0.8505419375000001
0 0.35571300625 0.2640348 0.335876740625 0.2581388171875 0.3112808265625 0.3481825453125 0.3662739765625 0.3651483921875 0.3909312296875 0.263177065625 0.358291453125 0.2524076125 0.35571300625 0.2640348
0 0.43147951874999996 0.2171536109375 0.4974123453125 0.24622076874999999 0.5111316953125 0.20021238593750001 0.498747196875 0.192432028125 0.5065915703125 0.16114745625 0.454325375 0.14432156406250002 0.43147951874999996 0.2171536109375
0 0.3516115703125 0.002045615625 0.33278934375 0.0754787375 0.4239900921875 0.11170671406249999 0.43649988281249996 0.0665135515625 0.432967365625 0.062637475 0.4503371546875 0.0141877859375 0.44642765000000006 0.002597240625 0.3516115703125 0.002045615625
0 0.56163040625 0.0265470296875 0.5677714703125 0.0071094234375 0.5481445218750001 0.0031890109375000003 0.5147563374999999 0.0029947640625 0.5171566609375 0.10672900781250001 0.5053517078125 0.107496509375 0.5043166640625001 0.095642221875 0.49508765156249995 0.0937987609375 0.49152418593749997 0.14817668281250002 0.5100686140625 0.157187465625 0.506338115625 0.18929376874999998 0.53113285 0.20483714062499997 0.5498140234375 0.1259115875 0.5621338812500001 0.128372434375 0.5703513140625 0.09504873281250001 0.5616818968749999 0.09014657968749999 0.574576765625 0.0545642265625 0.56163040625 0.0265470296875
0 0.862730721875 0.5684895828125 0.879648675 0.5770180828125 0.8969823640625 0.5414679140625 0.7814409296875 0.47204612187499995 0.7170636796875 0.6019480484375 0.7599837093749999 0.6296564109375 0.7570805671875 0.641578509375 0.7875016203125 0.6608990203125 0.7944348046874999 0.6512434703125 0.813662503125 0.663178946875 0.8293465531249999 0.633932521875 0.8394643921875 0.635233984375 0.8563113703124999 0.5914917828124999 0.8545671859375 0.5889398 0.862730721875 0.5684895828125
0 1 0.5839376281249999 0.9684032 0.5539800890625 0.9514924546874999 0.578709225 0.9436953734375001 0.574588428125 0.9199455750000001 0.6226406718749999 0.9353151531250001 0.6367960874999999 0.93377446875 0.6428742515625 0.9683469499999999 0.6710738359375 0.9787006015624999 0.6518480828125 0.9841671078124999 0.6546489015625 0.9900470875 0.6432274437500001 1 0.588825421875 1 0.5839376281249999
0 0.8823299468749999 0.271074984375 0.81100271875 0.4284826703125 0.8509861453124999 0.4597867765625 0.92782730625 0.3013443453125 0.8823299468749999 0.271074984375
0 1 0.0934454921875 0.9677081765625 0.08699531875 0.922333146875 0.1671096953125 0.9598713203125 0.19291108437499999 1 0.132051584375 1 0.0934454921875
0 0.638743890625 0.4068913875 0.6274848890625 0.42009004687499996 0.60228635 0.42463559531249995 0.5873127484375 0.4459291171875 0.701024171875 0.5421254859375 0.7353679015625 0.48512642812499995 0.638743890625 0.4068913875
0 0.8786728453125001 0.637107046875 0.8243554265625 0.7178186875 0.88465263125 0.7578349140625 0.9312385015625001 0.684483221875 0.8786728453125001 0.637107046875
0 0.8017717546875 0.9081003984375 0.8341292250000001 0.957286315625 0.883701134375 0.9122558125 0.8516353062500001 0.8615991281250001 0.8017717546875 0.9081003984375
0 0.056240784375 0.3600190125 0.0317374390625 0.4310584140625 0.137176765625 0.47948450468750003 0.15725402500000002 0.39872416718750003 0.056240784375 0.3600190125
0 0.152699359375 0.08645634375 0.179768559375 0.0010458625 0.111088459375 0.00064629375 0.0880137953125 0.0722764453125 0.152699359375 0.08645634375
0 0.1915573609375 0.18816290625 0.200785309375 0.1881623375 0.2110029734375 0.1558677734375 0.20512388593750003 0.15100580937500002 0.2071796890625 0.139768909375 0.1395641640625 0.11582963906249999 0.1196838109375 0.1707259 0.1320928609375 0.17689220156250002 0.12419326093750001 0.19984607031249998 0.18408166718750002 0.2222418765625 0.1915573609375 0.18816290625
0 0.054597896874999996 0.1821655546875 0.068540765625 0.1915403875 0.10077610625 0.11622165312499999 0.07042544843750001 0.0956531046875 0.054597896874999996 0.1821655546875
0 0.249566428125 0.09775534375 0.2620410140625 0.0716229328125 0.2549797796875 0.0681662875 0.272105596875 0.0168571671875 0.257339746875 0.0103775046875 0.25849989687499997 0.0015039078125 0.20595983593749997 0.0011982390625 0.1769715734375 0.1021426875 0.24020822343749998 0.1209125453125 0.24489926562500003 0.0952715890625 0.249566428125 0.09775534375
0 0.24935739531249998 0.4265654296875 0.23088243749999998 0.42112124843750004 0.21849533906250002 0.474276334375 0.306453253125 0.49715220625 0.31066407812499996 0.47413608749999997 0.32581051250000004 0.483345071875 0.34332945000000004 0.42150127187499997 0.3241425765625 0.41501546562499997 0.334953259375 0.3800961109375 0.2837691765625 0.36006855937500004 0.27844667031250003 0.374115728125 0.263079496875 0.3710461890625 0.24935739531249998 0.4265654296875
0 0.33499370625 0.1913151265625 0.3444996234375 0.1974411921875 0.3376880265625 0.21728451718750003 0.4132148796875 0.23448437656249999 0.44021190781249997 0.139208921875 0.3651582390625 0.113626509375 0.33499370625 0.1913151265625