0 0.9980809671875001 0.3182178 0.9983002703125001 0.2805227375 0.976146234375 0.3038513515625 0.9980809671875001 0.3182178
0 0.9315987937499999 0.8035699 0.8922329281250001 0.8505956796874999 0.9510611796875 0.894008384375 0.968905475 0.8768984906249999 0.9721959328124999 0.833421684375 0.9315987937499999 0.8035699
0 0.5252994234374999 0.6996542031249999 0.512634703125 0.710234621875 0.5298202140625 0.7222759953125 0.538398484375 0.7134370203125 0.5252994234374999 0.6996542031249999
0 0.42745317656250004 0.75859120625 0.41932727031250006 0.76287303125 0.412536559375 0.7631441203125 0.409427796875 0.7548071625 0.3623468515625 0.7853514406250001 0.3876618734375 0.8092503953125 0.44645702812500004 0.7630778765625 0.4339405078125 0.7535252234375001 0.42745317656250004 0.75859120625
0 0.3651336328125 0.7408621765625 0.34004920156249996 0.767589184375 0.360536134375 0.7837180046875 0.384180296875 0.7626740796875 0.3651336328125 0.7408621765625
0 0.2333032578125 0.660419065625 0.214625328125 0.6876918171875 0.2536309734375 0.7144334296875 0.28061974843750004 0.6934984703125 0.2333032578125 0.660419065625
0 0.2502871640625 0.6328108203125 0.2408724671875 0.6024365734375 0.1879259234375 0.6261400874999999 0.200164678125 0.6490182796874999 0.2502871640625 0.6328108203125
0 0.044962434375 0.610443771875 0.0084326625 0.6475425609375 0.0248653546875 0.6590235812499999 0.0672416109375 0.6278821640625 0.044962434375 0.610443771875
0 0 0.6463258765625 0.0033699984374999997 0.64911948125 0.044962434375 0.610443771875 0.0025642703125 0.5791144640625 0 0.581896928125 0 0.6463258765625
0 0 0.52363528125 0.0534470171875 0.473346528125 0.000727825 0.4358295734375 0 0.4454463234375 0 0.52363528125
0 0.1416604484375 0.5982004390625 0.22116396562500001 0.514114109375 0.1809468765625 0.4786727625 0.0999410796875 0.5732372796874999 0.1416604484375 0.5982004390625
0 0.15741163125 0.081674846875 0.346094159375 0.1873395296875 0.39278259531250004 0.150338203125 0.23572821875 0.0507571265625 0.15741163125 0.081674846875
0 0.4145103828125 0.1619988875 0.3797899 0.208133540625 0.617047434375 0.352115559375 0.656245528125 0.3138382 0.4145103828125 0.1619988875
0 0.46669690468749997 0 0.47330202187500003 0.021874531250000002 0.4695267890625 0.025183484375 0.4793120125 0.0586135078125 0.48586444531249995 0.05723105625 0.49622579843750003 0.09071619375 0.5046242015625 0.09589706875000001 0.6337328546875 0.0629273515625 0.610452959375 0 0.46669690468749997 0
0 0.998963621875 0.166502253125 0.999714428125 0.037449515625 0.930549171875 0.11884099687500001 0.998963621875 0.166502253125
0 0.9988399625 0.187757515625 0.9989407874999999 0.1704271640625 0.9503570546875 0.1428061453125 0.863608959375 0.24338388593750002 0.9140775296875001 0.2737205296875 0.9988399625 0.187757515625
0 0.7789752109375 0.2453130515625 0.7484801156249999 0.280202996875 0.79411475 0.3034147328125 0.8196224078125001 0.269675715625 0.7789752109375 0.2453130515625
0 0.6733407203125 0.44577776562500004 0.637199921875 0.48767643906249997 0.70524125625 0.54055675625 0.7520854265625 0.4972379453125 0.6733407203125 0.44577776562500004
0 0.637199921875 0.48767643906249997 0.603552453125 0.523609134375 0.6659848671875 0.5753446515625 0.702424375 0.5456861468749999 0.637199921875 0.48767643906249997
0 0.67859181875 0.58625826875 0.68875775 0.5970510625000001 0.7250448406250001 0.56940645 0.702424375 0.5456861468749999 0.6298286953125001 0.6066551140625001 0.6541970359375 0.628863425 0.6745013515625 0.6133272562500001 0.6629848015625 0.598797484375 0.67859181875 0.58625826875
0 0.9935978437499999 0.5506383234375 0.9007595546875 0.6464909484375 0.9372281687499999 0.6755162546875 0.98817161875 0.622335003125 0.9935978437499999 0.5506383234375
0 0.731213425 0.5302143796875 0.8981179671874999 0.639364775 0.9414633203125 0.589171065625 0.9869489609375 0.549603403125 0.8200275234375001 0.4242052328125 0.7768048375000001 0.4679504171875 0.731213425 0.5302143796875