0 0.91751960625 0.96179305625 0.915125928125 0.9391602703125 0.8910818328125 0.9388285875 0.8865328015625 0.9144236703124999 0.8764957593749999 0.9137681390625 0.7812185953124999 0.931843484375 0.7493181156250001 0.946682859375 0.7552523421874999 0.99121184375 0.8804242359375 0.9897553359375 0.8806740796874999 0.9835055593750001 0.914605884375 0.9768167625 0.91751960625 0.96179305625
0 0.9191574156250001 0.2738793921875 0.9231005624999999 0.24845853125 0.8788825546875 0.23585265 0.861391453125 0.333728103125 0.9569369375000001 0.36375406875 0.9737596749999999 0.2898983765625 0.9191574156250001 0.2738793921875
0 0.6975313 0.9918834890625 0.693709796875 0.941698534375 0.48769502343750004 0.9889155109375001 0.48393619687499995 0.97949374375 0.45569129375 0.9921596921875 0.448291584375 0.9940909046874999 0.4518554734375 0.9947421859375 0.6975313 0.9918834890625
0 0.2313724359375 0 0.23990613437500002 0.0662742859375 0.2397583140625 0.1265915046875 0.347321384375 0.12562112812499998 0.349291953125 0 0.2313724359375 0
0 0.630157459375 0.008609154687499999 0.6010702171875 0.0098605609375 0.5978268203125 0.181860346875 0.700330665625 0.17828159999999998 0.7150823421875 0.1755259859375 0.71698045 0.12264280000000001 0.7017810640625 0.11904433437499999 0.6997527703124999 0.021327296875000002 0.630157459375 0.008609154687499999
0 0.864437703125 0.517801128125 0.82234991875 0.507205221875 0.796776128125 0.595647515625 0.842723059375 0.6072433312500001 0.864437703125 0.517801128125
0 1 0.376024303125 0.98859814375 0.378843128125 0.9829233359374999 0.3882879265625 0.9885704750000001 0.459872353125 1 0.4573911328125 1 0.376024303125
0 0.43969378125 0.20730803281250001 0.4422059546875 0.136099134375 0.3558996625 0.14126978125 0.3355289328125 0.1622783890625 0.328333015625 0.326504840625 0.3470686125 0.3290867484375 0.351027159375 0.343217640625 0.3976549828125 0.34209868593750004 0.4389331828125 0.3341297609375 0.45048767187500005 0.29393506875000003 0.437353275 0.2668035921875 0.40764269531249997 0.2647207640625 0.4100887859375 0.20901206718749998 0.43969378125 0.20730803281250001
0 0.3564722984375 0.67409590625 0.35548290625 0.6357763671875001 0.3371668046875 0.63882775625 0.3346524046875 0.382278884375 0.322419684375 0.37800178125 0.3154737140625 0.3659559375 0.2316410046875 0.377429925 0.2292438390625 0.431695259375 0.23695144531249998 0.43396674218750003 0.2383581703125 0.561416065625 0.22860111875000003 0.5698201875 0.24141296250000002 0.701374325 0.230918421875 0.7000458468749999 0.22970432187499998 0.7632622453125 0.264947775 0.7656194984375 0.340607875 0.7483161546875 0.3415113984375 0.6733824828125 0.3564722984375 0.67409590625
0 0.5457560578125 0.5895976015625 0.602599709375 0.5832313515624999 0.602056809375 0.422200159375 0.6457585453125 0.403792378125 0.6467325859375 0.239270828125 0.6322581609375 0.23409996875 0.5333974375 0.243690634375 0.5347772703125 0.2732835140625 0.5434915 0.27361311875 0.545680928125 0.4131606625 0.4970452328125 0.41391269218750004 0.4928999015625 0.5862317546875 0.44846438437499997 0.5910979515625 0.4473747265625 0.7627125515625 0.5452778921875 0.7558935984375 0.5457560578125 0.5895976015625
0 0.118232490625 0 0.0868167 0.00421206875 0.05979513125 0.1435404125 0.061467553125 0.4109276046875 0.0806946046875 0.5260791140625 0.1606017546875 0.5238013015625 0.1639635359375 0.006638153125 0.15827712968750002 0 0.118232490625 0
0 0.417191325 0 0.41612730468750003 0.068295053125 0.5301382546875 0.05995755781249999 0.5308962546875 0 0.417191325 0
0 0.1832507984375 0.7314310484375001 0.013112367187499998 0.7481810234374999 0.011434999999999999 0.8358756234375001 0.13815298125 0.8311020859375 0.1928502546875 0.825732759375 0.1989718359375 0.7528050515625 0.1832507984375 0.7314310484375001