0 0.8913952203125 0.044065964062500004 0.8786988703124999 0.033110829687499996 0.8621120156250001 0.0323480234375 0.8361693921875 0.028730003124999997 0.797384903125 0.1068376171875 0.82353321875 0.114497921875 0.8175987390625 0.1262385234375 0.8459719874999999 0.1363763 0.8599378468750001 0.1206852125 0.8843996734375 0.125760246875 0.9141264796874999 0.05241035468750001 0.8913952203125 0.044065964062500004
0 0.37385664375 0.9487872968750001 0.359567525 0.997908096875 0.48213563906249995 0.9971950171874999 0.4895306078125 0.967818209375 0.37385664375 0.9487872968750001
0 0.7491515265625 0.29262008125 0.772222625 0.30315308750000003 0.783381071875 0.29017322968750003 0.8132577624999999 0.29543224375 0.843880159375 0.21408 0.7664182109375 0.1929440265625 0.7253873546875 0.27100704531250003 0.7495922359375 0.282280209375 0.7491515265625 0.29262008125
0 0.5092961390624999 0.143063521875 0.4886469203125 0.1781458125 0.476999634375 0.17976834531250002 0.4609843546875 0.2385526609375 0.5454996828125 0.25679362031249997 0.5871486828125 0.1921897390625 0.5939973109375 0.15142397968750002 0.5359006749999999 0.13139722812500002 0.522521425 0.1495499078125 0.5092961390624999 0.143063521875
0 0.0154462359375 0.5968917953124999 0.0113098484375 0.6062628515624999 0.0687717859375 0.901544584375 0.1109588609375 0.7803316296875 0.14726135625 0.633302025 0.1361854375 0.6233764734375 0.0154462359375 0.5968917953124999
0 0.3745056515625 0.5465651578124999 0.30962674843750004 0.5267356421875 0.270328365625 0.6172395125000001 0.34206093593750003 0.645088903125 0.3755335265625 0.56688415625 0.36552562499999997 0.560677809375 0.3745056515625 0.5465651578124999
0 0.686539490625 0.6392466859375 0.5999713515625 0.6165380328125 0.5857161515625 0.6413566328125 0.575197696875 0.6400451953124999 0.5687799250000001 0.6623491125000001 0.576058596875 0.6721107125 0.5716353796875 0.6920595578125 0.6597043453125 0.714962065625 0.6728217390625 0.6893826234375 0.678931021875 0.6881595578125 0.6925776859375 0.6526953375 0.6853487296874999 0.6482752671875 0.686539490625 0.6392466859375
0 0.54878809375 0 0.5268412687499999 0.052336834374999995 0.5357458484375 0.0582912453125 0.6037426124999999 0.0784422140625 0.620547984375 0.052575776562499996 0.633484771875 0.035908653125 0.6397530578125 0.002996165625 0.640143753125 0 0.54878809375 0
0 0.2899460046875 0.6497193984375 0.1825610421875 0.6188848578125 0.1669124015625 0.6557814843750001 0.2525750484375 0.6791442359375 0.2359971 0.7111548171875001 0.2658435796875 0.7212340671875 0.2899460046875 0.6497193984375
0 0.536297959375 0.26523380625000004 0.40891301718750006 0.235888671875 0.39535676406250003 0.27911486406249997 0.5162429687500001 0.30978252500000003 0.536297959375 0.26523380625000004
0 0.6568664234375 0.43877884375000004 0.6462757484375 0.48906245468750004 0.6685431578125 0.5005515609375 0.6708429812500001 0.5106006875 0.6977475578125001 0.5214838187499999 0.7099244984374999 0.503786759375 0.7345876953125 0.5083486578125 0.7559000140625 0.42946204843749997 0.7545031640625 0.42228400156249996 0.6749564 0.4025970140625 0.6568664234375 0.43877884375000004
0 0.13433946875 0.22270692812499998 0.1572298015625 0.1702833265625 0.12008355781249999 0.15663636875 0.09756298906250001 0.21107065937499997 0.13433946875 0.22270692812499998
0 0.43220794375000005 0.8506005218749999 0.647225671875 0.8771666828125 0.6724120390625 0.7750669375 0.6664062390625001 0.7586889015625 0.460124346875 0.7226152640625 0.43220794375000005 0.8506005218749999
0 0.481136596875 0.37030413125 0.4610336421875 0.3625296421875 0.4570225484375 0.35065242812499997 0.4059514578125 0.3313468765625 0.363335690625 0.42934930937500004 0.4386121890625 0.4514171203125 0.481136596875 0.37030413125
0 0.9533893703125 0.7968314421875 0.8364856984375001 0.78408594375 0.8154687562499999 0.8772055421875 0.9344200015625 0.895386921875 0.9533893703125 0.7968314421875