0 0.5734868953125 0.822278525 0.565235121875 0.77407448125 0.5382998140625 0.783426815625 0.5493107187499999 0.8267910687500001 0.5734868953125 0.822278525
0 0.1236678828125 0 0.1262625125 0.0166881765625 0.1918370375 0.0021173390625 0.19157357656250001 0 0.1236678828125 0
0 0.9989736421875 0.17641588749999998 0.9993685890625 0.1085304359375 0.9513176828125 0.12377572343750001 0.9577756984375 0.173913675 0.9704732500000001 0.186284615625 0.9989736421875 0.17641588749999998
0 0.9731280640625 0.6664419546875 0.856533971875 0.7224161578125 0.8635727796875001 0.7468716734374999 0.966930678125 0.697398209375 0.9731280640625 0.6664419546875
0 0.6898056125 0.055709740625000004 0.7513543953124999 0.0395447171875 0.6841331453125 0.0264634375 0.6898056125 0.055709740625000004
0 0.1201896921875 0.7110876390625 0.2363776765625 0.6362768062499999 0.183733671875 0.4845946375 0.17557543281250002 0.4786117859375 0.0865501953125 0.51962059375 0.11410303749999999 0.7060413234375 0.1201896921875 0.7110876390625
0 0.320600503125 0.3289538765625 0.316154765625 0.3044268953125 0.3093894953125 0.283289046875 0.30422159375 0.2789762609375 0.30073265312499997 0.25243784687500004 0.29026050625 0.23608337812500002 0.28644375312500003 0.23864774687499998 0.2840188421875 0.2288306046875 0.2544038203125 0.209305665625 0.18939594531249998 0.242869303125 0.18580640312500002 0.241637371875 0.17098450625 0.24701013125000001 0.1786991046875 0.2743708625 0.1526683421875 0.289105253125 0.145881765625 0.290003546875 0.1690651390625 0.3656072359375 0.1968523890625 0.3698838265625 0.203782615625 0.37891348125 0.21805322343750003 0.38725929375 0.3169316890625 0.3409989671875 0.320600503125 0.3289538765625
0 0.0820469125 0.28438750625 0.058648531250000004 0.212838525 0.045025171875 0.217014996875 0.0446788859375 0.215551059375 0.026079729687499997 0.308454803125 0.0820469125 0.28438750625
0 0.025382484374999997 0.3928432703125 0.0076803234375 0.40036078125 0.0006606046875 0.43542463906249995 0.0019315875 0.43982795937499997 0.03291479375 0.4245211078125 0.025541910937500002 0.3942824828125 0.025382484374999997 0.3928432703125
0 0.0170579203125 0.35351920312499996 0.0270816234375 0.351354984375 0.02483304375 0.3317148359375 0.020977225 0.33394207656249997 0.0170579203125 0.35351920312499996
0 0.025382484374999997 0.3928432703125 0.015410278125 0.3617492625 0.0076803234375 0.40036078125 0.025382484374999997 0.3928432703125
0 0.9261444578125 0.6206189234374999 0.9385214656249999 0.5840249328125 0.9225744984375 0.5011242859375 0.8723857015625001 0.5161288453124999 0.890617634375 0.5898515265625 0.8773608078124999 0.63084025 0.9261444578125 0.6206189234374999
0 0.760611465625 0.4928840046875 0.7603973421875 0.47468523593749995 0.7729965390625 0.466682309375 0.7582001 0.4197650140625 0.7166048046875 0.42984899062500004 0.7152159421875 0.4449834484375 0.690238803125 0.4516871046875 0.68936905625 0.491693903125 0.698033665625 0.5638108140625 0.7823896015625 0.5433575687500001 0.7716166125 0.4900756140625 0.760611465625 0.4928840046875
0 0.6245253890625 0.014863745312500001 0.6308021296875 0.0445903546875 0.685806084375 0.033637909375000004 0.6842792249999999 0.0264918640625 0.6245253890625 0.014863745312500001
0 0.5413455468749999 0.8001496796875 0.5013598453125 0.817203775 0.507848609375 0.8422776843750001 0.5492613828125 0.8270375015625 0.5413455468749999 0.8001496796875
0 0.60977556875 0.81602653125 0.6165230359375 0.8104266640625 0.603788 0.7692872390625001 0.5682855609375 0.779276715625 0.5752094578125 0.823893909375 0.60977556875 0.81602653125
0 0.841687203125 0.959452465625 0.83363560625 0.9334556796875001 0.800201571875 0.952168784375 0.8082106453125 0.9717777734374999 0.841687203125 0.959452465625
0 0.8624843390624999 0.920507165625 0.8334387890625001 0.9331613437499999 0.841687203125 0.959452465625 0.8679691187499999 0.9526186671874999 0.8624843390624999 0.920507165625
0 0.7408926218749999 0.8551757859375 0.7446675093749999 0.8747502390624999 0.7572694656250001 0.8700336234374999 0.7656749546875 0.9035242718750001 0.8130351046875001 0.8827418874999999 0.8120348515625 0.8705989687500001 0.807077321875 0.8635320796875 0.7983005999999999 0.8650032203125001 0.791824028125 0.8603077499999999 0.796210578125 0.8489357343749999 0.7915728421875 0.8323938 0.7743209328125 0.8404301000000001 0.7662497453125 0.84231590625 0.7408926218749999 0.8551757859375
0 0.7347196859375 0.830334028125 0.7291299046875 0.8343029312500001 0.7328205890625 0.8490816921875 0.74094606875 0.8549088156250001 0.7659501421875 0.8425349734375001 0.7567371078125 0.7972162796875 0.7299870703125 0.8050044546875 0.7347196859375 0.830334028125
0 0.77437026875 0.8401836671874999 0.8021440203125 0.8272819953124999 0.78387590625 0.8019640953125 0.7778639093749999 0.7949480421875 0.7644448921875 0.801084534375 0.77437026875 0.8401836671874999
0 0.82015033125 0.720093859375 0.7228707984375 0.7492123312500001 0.728012290625 0.757915234375 0.7337706265625 0.80335108125 0.77863844375 0.787140365625 0.7824588 0.795842209375 0.8001519 0.822648425 0.8135246031250001 0.819404640625 0.8308785234375 0.8227817203125 0.831487315625 0.82900234375 0.8788679796875 0.80822395 0.8733528484375 0.7800964125000001 0.87810095 0.7775639296875 0.8790306250000001 0.7716426937499999 0.8738318953125 0.77248726875 0.870005740625 0.7478461609375 0.8418265843749999 0.7588340265625 0.8320912140625 0.7266634609375 0.82015033125 0.720093859375
0 0.783517103125 0.56540390625 0.7810171140625 0.5686299046875 0.7768224265625 0.572336890625 0.7776038515625 0.57780166875 0.818639865625 0.560823946875 0.8144974625 0.547024090625 0.8119075484374999 0.5494218156249999 0.8078778375000001 0.5510272859375 0.8042968234375 0.549007575 0.8002147546874999 0.548213203125 0.7998036234375 0.550266815625 0.7976700640625001 0.5503850296875 0.7934794890625 0.554071478125 0.79137970625 0.5618986296874999 0.7887333234375 0.5619170484375 0.783517103125 0.56540390625
0 0.9644112171874999 0.2917219 0.9581935046875 0.24591928749999997 0.9450909203125001 0.19054110468750002 0.79574946875 0.25008841249999997 0.7847353859374999 0.24463795625 0.773415515625 0.25455406406250003 0.7615604625 0.25883995 0.778868865625 0.3535697515625 0.9644112171874999 0.2917219
0 0.9438178171875 0.44462078125 0.92310723125 0.452474753125 0.9323665078125 0.505120759375 0.9608161828125 0.4948042859375 0.957764071875 0.48364892812500004 0.9624702140625001 0.4733419078125 0.9611983546875 0.46319441093749997 0.9586752671875001 0.46270341562499995 0.9492669156250001 0.45359690625000004 0.9438178171875 0.44462078125
0 0.7921367625 0.5366132125 0.8012956156250001 0.5337655734375 0.8058729578125 0.5274020203124999 0.8147550484374999 0.529130478125 0.824275740625 0.5243689890625001 0.82910798125 0.5167321953124999 0.8236616437500001 0.51104238125 0.823281934375 0.49643854374999996 0.827226078125 0.48333755 0.7743751062500001 0.4968425859375 0.782743521875 0.5407380828125 0.7921367625 0.5366132125
0 0.9837883203125 0.5250487953125 0.9969632859375 0.5219667343750001 0.9974489359375 0.4384905703125 0.9716303015625 0.4473874140625 0.9837883203125 0.5250487953125
0 0.90245340625 0.341454503125 0.9105886062499999 0.3536203671875 0.9179182578124999 0.3992979859375 0.9420673546874999 0.39076896875 0.9485226671874999 0.4475206140625 0.99748025625 0.4331070640625 0.9980576171875001 0.3338673453125 0.99517428125 0.32318381875 0.9812036390625 0.32377223593750004 0.9719405484375001 0.3206467921875 0.90245340625 0.341454503125
0 0.7565325765625001 0.0423019625 0.6725677515624999 0.06953088125 0.6871432140625 0.1351170171875 0.7709847015625 0.1085041796875 0.7565325765625001 0.0423019625
0 0.3448353421875 0.0803666984375 0.35330606875 0.0746754546875 0.34935105312500003 0.044077809375 0.3354203484375 0.047341023437500004 0.33866821874999997 0.0814708828125 0.3448353421875 0.0803666984375
0 0.4401235 0.07492792968749999 0.42834961875 0.021109821875 0.40908369999999994 0.03792875625 0.400482659375 0.031176976562499997 0.3671342921875 0.04105223125 0.371599865625 0.0772966421875 0.362366615625 0.0814739828125 0.365418740625 0.1026360171875 0.4401235 0.07492792968749999
0 0.5112808171875 0.39494954375 0.43583954062499997 0.07620655312499999 0.3076730734375 0.1260059953125 0.41316094999999997 0.5326977359375 0.5138182984374999 0.4807454390625 0.5152212109375001 0.471395821875 0.527321615625 0.459071265625 0.5112808171875 0.39494954375
0 0.1396249796875 0.06863913125 0.14554596250000001 0.0774937234375 0.15051908125 0.0966185953125 0.12266856718750001 0.1066036046875 0.124787353125 0.112520659375 0.126790646875 0.1299794578125 0.1333634375 0.1301490421875 0.1403338921875 0.16122681249999998 0.154293175 0.1683598859375 0.161491975 0.1928678734375 0.1409542828125 0.1993259640625 0.1447508578125 0.2160242515625 0.160618915625 0.210855075 0.17098450625 0.24701013125000001 0.18580640312500002 0.241637371875 0.18939594531249998 0.242869303125 0.2544038203125 0.209305665625 0.261909915625 0.20470687656250003 0.21444388281250001 0.0628228546875 0.20090693124999998 0.05634804375 0.1396249796875 0.06863913125
0 0.154293175 0.1683598859375 0.1403338921875 0.16122681249999998 0.1333634375 0.1301490421875 0.126790646875 0.1299794578125 0.124787353125 0.112520659375 0.12266856718750001 0.1066036046875 0.15051908125 0.0966185953125 0.14554596250000001 0.0774937234375 0.1396249796875 0.06863913125 0.103323146875 0.0769795125 0.1043666625 0.0936967953125 0.06712885625000001 0.10341230312500001 0.051587829687499996 0.1810405375 0.07700070625 0.2633921625 0.0976366921875 0.267407934375 0.10440275624999999 0.2665056484375 0.10407943281250001 0.284621165625 0.1309642125 0.26838874375 0.1333027453125 0.27874381718749996 0.1415578125 0.27870736875 0.145881765625 0.290003546875 0.1526683421875 0.289105253125 0.1786991046875 0.2743708625 0.17098450625 0.24701013125000001 0.160618915625 0.210855075 0.1447508578125 0.2160242515625 0.1409542828125 0.1993259640625 0.161491975 0.1928678734375 0.154293175 0.1683598859375
0 0.2751550453125 0.48367343125 0.3117921171875 0.468229325 0.3152792515625 0.45900792968750004 0.34841316093749997 0.4417939640625 0.3169316890625 0.3409989671875 0.21805322343750003 0.38725929375 0.203782615625 0.37891348125 0.1968523890625 0.3698838265625 0.1690651390625 0.3656072359375 0.1963269125 0.47108581406249994 0.23458090625 0.5049442640625 0.2587596109375 0.4942447171875 0.2502010625 0.47386737968750003 0.264895553125 0.4690245671875 0.2751550453125 0.48367343125
0 0.23535219375 0.5452704078124999 0.2411606625 0.5684196890625001 0.24654532968749998 0.57441754375 0.2642301609375 0.5712448 0.2642129625 0.5932604046875001 0.2624256375 0.5995268109375 0.267176034375 0.6114607140625 0.28209325 0.6138088703125 0.3084566078125 0.6084844546875 0.331208065625 0.5963976843750001 0.3393103890625 0.5886078109375 0.342221475 0.563314840625 0.3449801546875 0.549535096875 0.3152792515625 0.45900792968750004 0.3117921171875 0.468229325 0.2751550453125 0.48367343125 0.264895553125 0.4690245671875 0.2502010625 0.47386737968750003 0.2587596109375 0.4942447171875 0.23458090625 0.5049442640625 0.237259496875 0.5164749937499999 0.24149707187499997 0.528309103125 0.23535219375 0.5452704078124999
0 0.067627740625 0.6699215828125 0.025638106249999997 0.6811236484375 0.041589403125 0.7634703968750001 0.0777608359375 0.7429003375 0.067627740625 0.6699215828125
0 0 0.7862537859375001 0.0138446484375 0.7756949546875 0.0062045578125 0.736677825 0.01377215 0.7321976828125 0.0064866328124999996 0.6889609812499999 0 0.6916622578125 0 0.7862537859375001
0 0.041589403125 0.7634703968750001 0.033773528125 0.7228828546875 0.0062045578125 0.736677825 0.0138446484375 0.7756949546875 0.041589403125 0.7634703968750001
0 0.025638106249999997 0.6811236484375 0.0064866328124999996 0.6889609812499999 0.01377215 0.7321976828125 0.033773528125 0.7228828546875 0.025638106249999997 0.6811236484375
0 0.20703011093749998 0.8660106515624999 0.21243793437499997 0.8554988 0.1765518171875 0.8304649281250001 0.1594077328125 0.8457338421875 0.1759252921875 0.8676600078125001 0.190208234375 0.8759442125 0.2018420328125 0.8809605218750001 0.20703011093749998 0.8660106515624999
0 0.183552221875 0.7982653765625 0.172677796875 0.8225634156250001 0.1765518171875 0.8304649281250001 0.21151772812499997 0.8482787828125 0.2247597953125 0.8233320046875001 0.183552221875 0.7982653765625
0 0.1128972203125 0.80542535625 0.08568991249999999 0.8177331625 0.0971016609375 0.854091803125 0.12399239843750001 0.8433652781250001 0.1128972203125 0.80542535625
0 0 0.5971584187500001 0.0408936828125 0.5783075421875 0.03824306875 0.5585464859375 0.06121129374999999 0.548144784375 0.059748801562499995 0.5225554578125 0.0495887359375 0.515606971875 0.041546325 0.5173490265625 0.037859621875 0.5028697484375 0.036376953125 0.4965430765625 0.032984796875 0.49421873906249997 0 0.506425884375 0 0.5971584187500001
0 0 0.66818008125 0.0180158421875 0.6587308828125 0.0221491640625 0.6545852328125 0.0365446203125 0.6485747468749999 0.046296910937500005 0.6493630625 0.054981060937500006 0.6334506421875 0.044948104687500004 0.5764721828125 0 0.5971630296875 0 0.66818008125