0 0.6814173265625 0.0039643703125 0.542988634375 0.003159015625 0.5400056234374999 0.0566130265625 0.8397035234375 0.19091197499999998 0.8582430406249999 0.08411224687499999 0.6814173265625 0.0039643703125
0 0.810130834375 0.402796178125 0.5086300828125 0.264963865625 0.49409875156250005 0.306769771875 0.49665425625 0.3666698234375 0.7963018390625 0.505907321875 0.7964695484375001 0.4432862 0.810130834375 0.402796178125
0 0.21425658125 0.6511051812499999 0.21937026093749998 0.65140725625 0.22432514218750002 0.6239976921875 0.221315371875 0.6194654140625 0.2251196765625 0.605675534375 0.2173363046875 0.59892924375 0.2183682 0.5837420703125 0.17788129218749998 0.551686421875 0.174464540625 0.5641913640625 0.1821292296875 0.5693701609375 0.1792467484375 0.598536934375 0.1715229296875 0.6021825093750001 0.168438903125 0.6382926656250001 0.2027440015625 0.655938809375 0.203016759375 0.6499359234375001 0.21073669375 0.6494408046875 0.21425658125 0.6511051812499999
0 0.15247641875 0.6131697015625 0.1436093765625 0.6049178109375 0.1525895390625 0.541022703125 0.16433559375 0.5424745125 0.1720387296875 0.4969325109375 0.140984646875 0.483803171875 0.1421274484375 0.4764844015625 0.0834917 0.45126310468749997 0.059508784375 0.611571690625 0.1444724859375 0.6483353125 0.15247641875 0.6131697015625
0 0.0059224953125 0.513230509375 0.006533701562499999 0.5213030937500001 0.0506542265625 0.5410499015625 0.05515750625 0.5098103 0.050801704687500004 0.5029754421875 0.052923959374999996 0.49365122499999997 0.051602278125 0.48953571562500003 0.0576772078125 0.43903155624999995 0.014899407812500001 0.42100999687499996 0.009910775 0.472520809375 0.0064930953125 0.4727400015625 0.002920371875 0.5019692390625 0.0029642546875 0.5095122062499999 0.0059224953125 0.513230509375
0 0.0068548234375 0.4206858828125 0.0024363828125 0.41877861875000005 0.00269828125 0.4637952796875 0.00437340625 0.463687846875 0.0068548234375 0.4206858828125
0 0.091238365625 0.2253952046875 0.113608640625 0.07847341875 0.08737688906249999 0.06553358125 0.08678915468750001 0.07591445625 0.08463119375 0.0799643640625 0.0820115203125 0.08512020625 0.0782327203125 0.089641590625 0.0733968203125 0.10208003750000001 0.07213095 0.103237546875 0.06420922343749999 0.2053922890625 0.071868846875 0.20490103906249998 0.0767541875 0.20779042812499998 0.0744702 0.2211152796875 0.091238365625 0.2253952046875
0 0.1745255375 0.24748662812500002 0.207192578125 0.26164134375 0.2028358640625 0.2734715203125 0.225061596875 0.2844631390625 0.23055207968749997 0.274266609375 0.24971330625000002 0.279469375 0.2718885328125 0.15051627812499999 0.1921795953125 0.11538452187499999 0.1745255375 0.24748662812500002
0 0.8695374921875001 0.005058821874999999 0.6814173265625 0.0039643703125 0.8582430406249999 0.08411224687499999 0.8695374921875001 0.005058821874999999
0 0.24356414218750003 0.7046691828125 0.26467250625 0.71050836875 0.272367509375 0.6699284640625 0.252423778125 0.6602605875 0.24356414218750003 0.7046691828125
0 0.04174536875 0.9887669234375001 0.06347478906250001 0.8496567515625 0.0512207453125 0.8428296640624999 0.026589167187500002 0.8288786265624999 0.0386501 0.9881748937499999 0.04174536875 0.9887669234375001
0 0.2736619734375 0.876997815625 0.27551456875 0.86464569375 0.2783085953125 0.8599249500000001 0.2827975125 0.8501076765625 0.283760859375 0.8350824093749999 0.2914335765625 0.8304950484375 0.2986700625 0.8014690578125 0.2719304640625 0.7895593578125 0.26565973125000003 0.808127725 0.26058885 0.8057227687499999 0.25983763125000003 0.8003368406250001 0.243237815625 0.7932109328125 0.23590130625 0.8299875968749999 0.24283761250000002 0.8340842859375 0.23769194218749998 0.86297618125 0.25588267187499997 0.872703984375 0.2542169671875 0.90139894375 0.27365641093750004 0.909209040625 0.2824165578125 0.881896696875 0.2736619734375 0.876997815625
0 0.7735925734375 0.986956565625 0.7813281234375 0.9519656781249999 0.7640938953124999 0.9457992687500001 0.7602401890625 0.9878129234375 0.7735925734375 0.986956565625
0 0.406882453125 0.6049913859375 0.38320599375 0.596717984375 0.36664133125 0.7207959484375001 0.3836358953125 0.7240637875 0.38411573906249996 0.708255725 0.3832083984375 0.7072113437499999 0.38559139375 0.699996796875 0.389466109375 0.695941790625 0.3959764609375 0.6933453546874999 0.406882453125 0.6049913859375
0 0.262970109375 0.5978401375 0.2786584109375 0.6089360140625 0.2810887125 0.57966698125 0.307688846875 0.5889342015625 0.3143502640625 0.56165145625 0.268246996875 0.540797975 0.262970109375 0.5978401375
0 0.7963018390625 0.505907321875 0.48746497031249997 0.36216634375 0.4745972921875 0.47797417343750004 0.7850206156249999 0.6165205703125001 0.7963018390625 0.505907321875
0 0.339037371875 0.0178912484375 0.31314245625 0.1718907859375 0.45621363125 0.2351696703125 0.47649658125 0.0822913546875 0.339037371875 0.0178912484375
0 0.3653807515625 0.19292833125 0.3467801203125 0.26290080625 0.34440599375000003 0.34440717187500003 0.4300952015625 0.3862170984375 0.43783651562500003 0.30809425468749996 0.45621363125 0.2351696703125 0.3653807515625 0.19292833125
0 0.3064035734375 0.092491484375 0.25479602031250004 0.06857830000000001 0.24358798125 0.13453266875 0.29433235625 0.15745114531249998 0.3064035734375 0.092491484375
0 0.177036796875 0.1069575890625 0.23992966718750003 0.1326409046875 0.26008721874999996 0.0178618859375 0.2194781171875 0.019678803124999998 0.1888999390625 0.0216399359375 0.177036796875 0.1069575890625
0 0.0846724265625 0.05142609375 0.08936505312500001 0.0280236125 0.043306796875 0.0309775625 0.0846724265625 0.05142609375
0 0.8397035234375 0.19091197499999998 0.5400056234374999 0.0566130265625 0.533824309375 0.11024796562500001 0.5222746593750001 0.1532802359375 0.82578630625 0.29872783593749996 0.8397035234375 0.19091197499999998
0 0.5222746593750001 0.1532802359375 0.5086300828125 0.264963865625 0.810130834375 0.402796178125 0.82578630625 0.29872783593749996 0.5222746593750001 0.1532802359375