0 0 0.586048109375 0.0064189359375 0.6437165859375 0.028448179687500002 0.6404547468749999 0.03140619375 0.6156458546875 0.0403337515625 0.6152682625 0.0437319390625 0.6384032265624999 0.0914105078125 0.6344445703125 0.091940775 0.6246086578125001 0.1204307921875 0.6240253578125 0.1187367578125 0.60880594375 0.12597314843750002 0.6078346109375 0.12686895625 0.59388800625 0.1183015234375 0.5389118140625 0.08758489375 0.5340908765625 0 0.5487130734375001 0 0.586048109375
0 0.2872274 0.45436569843749997 0.274313025 0.46575869374999995 0.25405503125 0.466731190625 0.25558226093749997 0.48576104062500003 0.24426571875 0.48610154375 0.2575404296875 0.5526518046875 0.3072750234375 0.5508583546875 0.31611995 0.5459462015625001 0.34508407343749997 0.5414691296874999 0.34885276875 0.5190136515625 0.35571527187499996 0.514683265625 0.3475098734375 0.44627405312499996 0.338488165625 0.44182400624999996 0.311400003125 0.4472277703125 0.31001563593750003 0.4507176109375 0.2872274 0.45436569843749997
0 0.42923934375000006 0.9461845062500001 0.4364640015625 0.9947858843749999 0.5189452593749999 0.993826128125 0.5378635703125 0.9912867453124999 0.5370280921874999 0.9837807125 0.529441775 0.974213534375 0.5278403796875 0.9378317718750001 0.5003260625 0.9325809921875001 0.42923934375000006 0.9461845062500001
0 0.44937175781249994 0.7783655140625 0.4497181484375 0.7991111734375 0.482962328125 0.8044556703125 0.4888636578125 0.7232307359375 0.44943623749999995 0.7222517140625 0.44835966093749996 0.7408313718749999 0.4553318125 0.746966521875 0.4424556578125 0.7478951765625 0.44082162968749994 0.73321486875 0.41334127499999995 0.7337678671875 0.40701069843750004 0.7722665640625 0.43848067031250004 0.7758920546875 0.44937175781249994 0.7783655140625
0 0.5272074109375 0.8599040671875 0.529312528125 0.8958815015624999 0.5579551453125 0.894393840625 0.5544360187499999 0.8586062078125 0.5272074109375 0.8599040671875
0 0.7920244234375 0.591351175 0.8542461937500001 0.5762228296874999 0.8428637296874999 0.5289480453125 0.7843044609375001 0.5401965843750001 0.7920244234375 0.591351175
0 0.089318725 0.7379495546875 0.0879801125 0.725923315625 0.057758765625 0.733325996875 0.0745630796875 0.8253295421875 0.0961540375 0.9607160734375 0.21619134999999998 0.9323976859374999 0.19727976875 0.7258992531249999 0.089318725 0.7379495546875
0 0.1906737453125 0.63355799375 0.1805797875 0.6308512687500001 0.1161040046875 0.6378642921875 0.09976234375000001 0.63761663125 0.0571549640625 0.6433357703125 0.0551934453125 0.6623077921875 0.031973121874999996 0.666245371875 0.0352734921875 0.6958962734374999 0.048587925 0.7201413750000001 0.0890301 0.717154053125 0.097702921875 0.721693021875 0.2014706578125 0.708564096875 0.1906737453125 0.63355799375
0 0 0.290756421875 0.006938328125 0.290780290625 0.01117706875 0.29833458125 0.052703146874999995 0.2927605828125 0.0469459203125 0.154575278125 0.031130226562500002 0.14179855937500002 0 0.1442306125 0 0.290756421875
0 0.538222971875 0.3437775578125 0.5252920875 0.24220486874999997 0.5044770625 0.2449988453125 0.5017988640625 0.229090790625 0.435084140625 0.2372250890625 0.439347378125 0.3489052171875 0.538222971875 0.3437775578125
0 0.6570964453125 0.638335715625 0.6018373265625 0.6424490656249999 0.60441355625 0.699534221875 0.5977567546875 0.7032477453125 0.599402090625 0.7392658515625 0.6286655453125001 0.743355878125 0.6512483078125 0.7384305999999999 0.6489185640625 0.726032325 0.6578004625 0.72107311875 0.6570964453125 0.638335715625
0 0.4305967921875 0.9166659984375001 0.42596216093750006 0.8579631171875001 0.38989037031249996 0.868928996875 0.4003176296875 0.924497334375 0.4305967921875 0.9166659984375001
0 0.5720525359375 0.515738471875 0.5725809078124999 0.483132459375 0.5733006578125 0.45376268125 0.5726983890625 0.38957304062500003 0.49740316093750003 0.393997765625 0.5058625765625 0.521382190625 0.5720525359375 0.515738471875
0 0.471536475 0.6371477984375 0.46596381875 0.5783603828125 0.38334904375 0.5835781984375 0.36963391093750003 0.5483384203125 0.3158459328125 0.5575154734375001 0.3072750234375 0.5508583546875 0.22464764218750002 0.5648745453124999 0.23149175937500002 0.617640875 0.21542670937500003 0.6227224765625 0.2206712171875 0.643484096875 0.3112129828125 0.6391383609375 0.3180787375 0.6655538328125 0.331467803125 0.7418534796875 0.41012717343749994 0.7361774921875 0.4068136015625 0.662418690625 0.46392125625 0.656710353125 0.471536475 0.6371477984375
0 0.43186976093749996 0.0103949375 0.3306415984375 0.01316570625 0.18892364687500002 0.0321883421875 0.1987224546875 0.1002574046875 0.33398885312500004 0.10200903125 0.434301690625 0.09557307968749999 0.43186976093749996 0.0103949375
0 0.7506739078125 0.5971751875 0.7527009953125 0.59016879375 0.7803754703125 0.58927406875 0.7683298749999999 0.542298746875 0.7463766015625 0.5384691171875 0.7266661812499999 0.5394312484375 0.7211569859375 0.510224146875 0.6894567171875 0.50035825 0.6262573437500001 0.5178906453125001 0.62991605625 0.5456415140625 0.6272519515625 0.5471144828125001 0.631539653125 0.5702773609375 0.6351344765625 0.5720466140625 0.6439210796875 0.610410171875 0.662469396875 0.609056865625 0.68424095625 0.6061344953125001 0.7092328375 0.606736265625 0.7506739078125 0.5971751875
0 0.3835535390625 0.9403634750000001 0.3750017234375 0.8707380812500001 0.35945024062500003 0.8703843546875 0.35375072812499997 0.8483790375 0.342853603125 0.8384565687500001 0.319630971875 0.8423734156249999 0.31481451875 0.8356963687500001 0.26997503125 0.8433566078125001 0.2730232921875 0.8559530625 0.2953023546875 0.9964284484375 0.38064900156250003 0.9954353499999999 0.3724815734375 0.9434700906250001 0.3835535390625 0.9403634750000001
0 0.6881337421875 0.39632252343749996 0.6745922421875 0.396772278125 0.6698227796875 0.40284200937500003 0.6488485749999999 0.4036370609375 0.640137375 0.41088827187500004 0.6253204109375 0.41220370624999997 0.61779853125 0.42407241874999996 0.6245075250000001 0.447562675 0.6219636546875 0.4675598765625 0.6268937375 0.49004727656249997 0.6441443234374999 0.50187378125 0.650028525 0.5058190078125 0.6995073234375 0.49850409687499997 0.7099963687499999 0.5011577890625001 0.7722051265625 0.4982371109375 0.772227265625 0.4677193375 0.7785553171874999 0.46958469375 0.8185820609375 0.462865090625 0.8144276421875001 0.40714923125 0.7860598140625 0.3906278421875 0.6990666421875 0.3968963484375 0.6881337421875 0.39632252343749996
0 0.720060453125 0.7726513078125 0.73282003125 0.7805349859375 0.81797790625 0.7617597453125 0.8094145390625 0.730710821875 0.8154999 0.714089428125 0.80917708125 0.687811525 0.8226293015625 0.6611520703125 0.79813728125 0.63451405625 0.7700473999999999 0.63148709375 0.6786952203125 0.6505466234374999 0.6935102140625 0.7428803281249999 0.703566471875 0.7516950734375001 0.7164588265625 0.7505327546875 0.720060453125 0.7726513078125
0 0.49622614687500005 0.47955510625000003 0.4971278671875 0.4355138015625 0.44881603593749997 0.4411779 0.4526440421875 0.48296389843750004 0.49622614687500005 0.47955510625000003
0 0.5178898234375 0.7987572468749999 0.5243253578125 0.7905909062500001 0.5387081328125001 0.78783958125 0.5418256109375 0.8012474859375001 0.5643457640625 0.7982246328125 0.5779130375 0.794783071875 0.589164953125 0.6395202328125 0.5274691515625001 0.642119521875 0.5227221531249999 0.6728506140625 0.49932181093750005 0.675170871875 0.49663717500000004 0.7902247890625 0.5178898234375 0.7987572468749999
0 0.38715502812499997 0.55842399375 0.39917191406249997 0.574993590625 0.4974870390625 0.5617968671875 0.4947613984375 0.5175900718750001 0.4859636078125 0.514772496875 0.3920152734375 0.527383075 0.38715502812499997 0.55842399375
0 0.178458928125 0.39829749531249997 0.20766647031250002 0.4062462046875 0.3229470375 0.39359221718750004 0.4268304484375 0.359887103125 0.41704041406250003 0.2888074734375 0.176686625 0.3034975671875 0.178458928125 0.39829749531249997
0 0.49624559843749994 0.510067296875 0.49401381093749996 0.4900166515625 0.4432513390625 0.489591065625 0.43666621875 0.4156400609375 0.3516816875 0.433886959375 0.3649090390625 0.5100610015625 0.3923043625 0.5057103296875 0.39096186093749996 0.48758165 0.41204008437499995 0.48639383125 0.42247902656249997 0.5215893406250001 0.49624559843749994 0.510067296875
0 0.6118474515625001 0.22612516875000002 0.75784921875 0.218712396875 0.7385800578125 0.10418517187500001 0.6971339000000001 0.09834221875 0.568640196875 0.1090869703125 0.5828196812499999 0.22187723906249998 0.6118474515625001 0.22612516875000002
0 0.92795776875 0.8696667781249999 0.8999139328125001 0.8680015375 0.8980599234375 0.857412384375 0.868797575 0.863381571875 0.8672376390625001 0.8859614640625001 0.847298121875 0.8899847828125 0.8418645874999999 0.86562885 0.7968429296874999 0.87032519375 0.794895853125 0.8651570187500001 0.7831498296875 0.8633454765625 0.7835991531250001 0.8734497515624999 0.75091508125 0.8792048015624999 0.7542556484375 0.9397439125 0.7583743093749999 0.9616878453125001 0.9444223515625 0.9367148328124999 0.92795776875 0.8696667781249999
0 0.22205153125 0.6545577296875 0.2134712640625 0.6874448421875 0.2198120890625 0.7370167984375 0.2268629609375 0.7417734796875 0.23043105156250002 0.7738296296875 0.24560918437499998 0.7856186484375 0.327847765625 0.7770210421875 0.3095649828125 0.6639608140625 0.2919747203125 0.6524955734375 0.22205153125 0.6545577296875
0 0.5841111984375 0 0.5994254109375 0.100682634375 0.7208627421875 0.0925265390625 0.717891684375 0.07190169375 0.6992372859375 0 0.5841111984375 0
0 0 0.512605575 0.028787076562500003 0.5115315734375 0.0444210546875 0.51755629375 0.09286674843750001 0.51309481875 0.09256513125 0.5043175796875 0.12739546875000002 0.49964234375 0.12219334687500001 0.4529058859375 0.12017765 0.4226616484375 0.105445971875 0.40635122968750004 0.0750135171875 0.4016184171875 0.0604919703125 0.40558791875000005 0.0599804625 0.4131274421875 0.03617154375 0.412345840625 0 0.415226559375 0 0.512605575
0 0.41575719375000003 0.2772788703125 0.421048965625 0.134832571875 0.409868396875 0.1187610109375 0.207592559375 0.116618053125 0.208977275 0.2452888234375 0.19199951875000001 0.2510821890625 0.19380181875 0.2883208640625 0.41575719375000003 0.2772788703125
0 0.0468494921875 0.130197425 0.05175753749999999 0.143764834375 0.1137424234375 0.13883287187499999 0.1170177828125 0.10720499218749999 0.1160621828125 0.0802277 0.1082517015625 0.07111150468750001 0.09448085625 0.057365834375 0.09406897187499999 0.044920575000000004 0.013205815625 0.055774742187500004 0.013591865625 0.0634884140625 0.0077092453125 0.06562489218749999 0.014024971875 0.1318465671875 0.0468494921875 0.130197425
0 0.874419371875 0.8590914546875 0.9021382843750001 0.8536661562500001 0.9047319281249999 0.8617990265625 0.9335003484375 0.8709220484375001 0.9382803718750001 0.8731004203125 0.876306975 0.64700223125 0.8279341625000001 0.6602716484375 0.8639833843750001 0.8571040703125 0.874419371875 0.8590914546875