0 0.7863103015624999 0.3137741421875 0.7607279609375001 0.3477721265625 0.7441173953125 0.33420851875 0.6984493265625 0.40946822968749996 0.752647584375 0.4533297625 0.7473547203125 0.46357417187500005 0.7681055875 0.4794682375 0.7771169078125 0.466929378125 0.8234959999999999 0.3969605546875 0.8155604265624999 0.3903238203125 0.8385334078125 0.3553323671875 0.7863103015624999 0.3137741421875
0 0.990558778125 0.6576295703125 0.9961715874999999 0.6580482421875 0.9968762625 0.5369247828125 0.94549378125 0.6172884734374999 0.990558778125 0.6576295703125
0 0.9577416171875001 0.4494255046875 0.996961265625 0.482299659375 0.9958997406250001 0.39108154375000004 0.9577416171875001 0.4494255046875
0 0.9535906609374999 0.49826666093750005 0.9504484984375001 0.49613524531250003 0.9481972328125 0.490568190625 0.9450442421874999 0.48750617968750004 0.9400691484375001 0.48599119999999996 0.886460825 0.5672339484375 0.9459191046875001 0.6166316671875001 0.9483814453124999 0.612432634375 0.9968768296875 0.536827328125 0.9969403953124999 0.5259013796875001 0.9758160218749999 0.5069268359375 0.9748888593749999 0.5072460624999999 0.9692939140625001 0.5082744953125 0.9664910328125 0.5092541984375 0.9631221671875 0.5136855125 0.95943569375 0.5187284625 0.9547679109375 0.5194376671875001 0.9507023625000001 0.5179501046875 0.9500348984375 0.514541665625 0.9500021562500001 0.5117282421875 0.9521483999999999 0.508270696875 0.954915015625 0.5041745843750001 0.9551779859374999 0.5007282625 0.9535906609374999 0.49826666093750005
0 0.1414651109375 0.3559827671875 0.11626920781250001 0.40458513749999997 0.1424271015625 0.42934632656250005 0.160200075 0.40327724531250003 0.2126164484375 0.44284065312500004 0.22744750625000001 0.403943478125 0.1713619609375 0.3616084671875 0.1616957046875 0.364374709375 0.1500653625 0.3639283125 0.1414651109375 0.3559827671875
0 0.9876324046875 0.11224169843750001 0.9803664187500001 0.1222174984375 0.966453315625 0.1116372671875 0.9563235921875 0.12852487031249998 0.993228865625 0.161570553125 0.9923434921875 0.0854893921875 0.98160348125 0.1020217234375 0.9876324046875 0.11224169843750001
0 0.9818385812500001 0.07571758281249999 0.9227563390625001 0.030729110937499998 0.9114100515624999 0.0509714484375 0.926679703125 0.06464504374999999 0.92182221875 0.0732367484375 0.9146539921875 0.0655692546875 0.8919434421875 0.0617229890625 0.8773407921875 0.0867626609375 0.88845535625 0.10613676718750001 0.9060146390625 0.108211375 0.9138240796874999 0.109590303125 0.920703984375 0.09806272031249999 0.957173734375 0.127167971875 0.966667990625 0.1114819984375 0.973010209375 0.11699929687499999 0.9863814390625001 0.0940374984375 0.9779087531249999 0.08217177656249999 0.9818385812500001 0.07571758281249999
0 0.857409146875 0.13568442812499998 0.8760556609375 0.13817298125 0.8793123234375001 0.1389819859375 0.889117584375 0.1463004109375 0.8959203718750001 0.152329178125 0.891744396875 0.1580949921875 0.9381892859375001 0.194234303125 0.9499248546875 0.1981422421875 0.9603364546875 0.18129301250000002 0.9432972906250001 0.16810486875 0.9524804890624999 0.15359321406249998 0.9688177265625001 0.165992703125 0.9745482531249999 0.1561519296875 0.912998840625 0.1093665984375 0.8852062500000001 0.1059770140625 0.8700153593750001 0.1213944296875 0.857409146875 0.13568442812499998
0 0.3222345890625 0.3453381859375 0.332829825 0.318225490625 0.2983276875 0.2926358609375 0.28194645937499996 0.317381884375 0.27069177031249997 0.33619397968750003 0.3071468953125 0.3621824453125 0.3222345890625 0.3453381859375
0 0.34767149375 0.0681702234375 0.353445859375 0.063956678125 0.3946584984375 0.01323484375 0.3834702953125 0.0019576703125 0.2865918390625 0.0036485187500000004 0.34767149375 0.0681702234375
0 0.38373655625 0.09784533749999999 0.3882565953125 0.0956018359375 0.3967555 0.0818164453125 0.4062314015625 0.0682737578125 0.4061790171875 0.0637722796875 0.40498828906249995 0.056325150000000004 0.4067451484375 0.047311346875 0.4136919859375 0.0340941984375 0.39423317812500003 0.0138916515625 0.353445859375 0.063956678125 0.34724365156250003 0.0686106125 0.377698925 0.099898865625 0.38373655625 0.09784533749999999
0 0.4294569234375 0.1089310875 0.43333136093749997 0.09957727968749999 0.405065665625 0.0704154234375 0.3967555 0.0818164453125 0.3882565953125 0.0956018359375 0.38373655625 0.09784533749999999 0.409362165625 0.12337343125 0.41466643750000004 0.12341073124999999 0.4294569234375 0.1089310875
0 0.460539028125 0.1605990453125 0.46745869687499997 0.1487677234375 0.43089779375 0.11368973125 0.42496090156250005 0.12439995 0.4153309421875 0.1340057328125 0.450790509375 0.167457840625 0.460539028125 0.1605990453125
0 0.49986922343750007 0.1806495875 0.47978650624999997 0.1589210546875 0.47536636093749995 0.1585869234375 0.46233734374999996 0.173750146875 0.482483971875 0.1935294140625 0.4884378296875 0.1954385875 0.49986922343750007 0.1806495875
0 0.4956365625 0 0.451225878125 0.0007751125000000001 0.46447482500000004 0.0523430421875 0.5367114171875 0.0203880765625 0.5312715921875 0 0.4956365625 0
0 0.5665902890625001 0.29048639062500003 0.5799178015625001 0.2767898953125 0.59952320625 0.2500610953125 0.5619470546875001 0.21517399375 0.532260725 0.255542625 0.5665902890625001 0.29048639062500003
0 0.959338825 0.05836045937499999 0.9923261968749999 0.08400315 0.9914958203124999 0.0126480703125 0.9829954578125 0.0058453609375 0.9746213828125001 0.01919565 0.956761246875 0.0042901453125 0.9466490468750001 0.0096617046875 0.9430627640625 0.0177333609375 0.9719500734375 0.0445032953125 0.959338825 0.05836045937499999
0 0.5000178656250001 0.6938332203125 0.5330887484375 0.7210712890625001 0.63831428125 0.5437496578125 0.5054033171875 0.4329684109375 0.4900745796875 0.4570033890625 0.4945810625 0.45917593125 0.5022525984375 0.46172615781250004 0.5049626375 0.4639300546875 0.5104406234375001 0.47145387968749997 0.5154590531250001 0.4785528046875 0.5191146546875001 0.48387888593749995 0.5205714203125 0.4937240921875 0.519762346875 0.5004701578125 0.5202267046875 0.5031678171875 0.5261174093750001 0.507091184375 0.530196303125 0.5097257578125001 0.5397365796875 0.5203173718749999 0.5456381125 0.5251713312499999 0.5625693671875001 0.5458292703125001 0.5653144734375 0.5584876328124999 0.56733531875 0.5777390546875 0.5584941265625 0.590015190625 0.559486784375 0.5971843781249999 0.5595338796875 0.6012313796875 0.5542488109375 0.610285115625 0.5453033515625 0.6136015765625 0.5000178656250001 0.6938332203125
0 0.8422095609375001 0.3810270890625 0.8498572296875 0.38896761562500004 0.8350910125000001 0.4166942609375 0.87862908125 0.4541830734375 0.88775603125 0.4553009 0.91953469375 0.40498182656250004 0.8590870734375 0.3542809609375 0.8422095609375001 0.3810270890625
0 0.83525226875 0.50124119375 0.8028414890625 0.46933768750000004 0.792738653125 0.48109468906249997 0.77598539375 0.46829118750000004 0.7514902890624999 0.5027031171874999 0.8058974296875 0.54591161875 0.83525226875 0.50124119375
0 0.7488347875 0.460539528125 0.7524286265625 0.4531171234375 0.6984518453125 0.409684646875 0.6772234734375 0.4457712515625 0.6788141046875 0.45223732656250004 0.7260258625 0.4910257265625 0.7488347875 0.460539528125
0 0.1835712328125 0.4955147390625 0.2126164484375 0.44284065312500004 0.160200075 0.40327724531250003 0.1298310375 0.4538098234375 0.1835712328125 0.4955147390625
0 0 0.7344238203125 0.026460609375 0.757057853125 0.056600140624999996 0.709126815625 0.0842018078125 0.662625421875 0 0.5908502421875 0 0.7344238203125
0 0 0.756511015625 0.0005323875 0.8022595656249999 0.0272740109375 0.756264396875 0 0.7342474515624999 0 0.756511015625
0 0 0.5030065296874999 0.1188080859375 0.58926881875 0.15311806249999999 0.5369574140625 0.1797482875 0.4925510046875 0 0.3532013578125 0 0.5030065296874999
0 0.37133525 0.55016265625 0.20816944531249998 0.4513602546875 0.1670188984375 0.52416005 0.334149553125 0.6213780234375 0.37133525 0.55016265625
0 0.2927577703125 0.8018065390625001 0.3155861734375 0.75253116875 0.2580758484375 0.7030994515625 0.22940810156250002 0.7510048031250001 0.20309096875 0.7962715921875 0.2586785265625 0.8479014796875 0.2927577703125 0.8018065390625001
0 0.21526788125000001 0.91251519375 0.25824312968749996 0.8476926171875 0.20309348593749998 0.796488009375 0.1533357359375 0.8737672515625 0.20509271875 0.9124763234375 0.21526788125000001 0.91251519375
0 0.1969300796875 0.8063363359375 0.25786444375 0.7035360640625 0.220082978125 0.6751896734375 0.1763317296875 0.636124415625 0.164918375 0.6413022234375 0.06806788124999999 0.7997754328125 0.15333321718749998 0.873550834375 0.15929781406250001 0.86522120625 0.1969300796875 0.8063363359375
0 0.3686367234375 1 0.5338860921874999 0.7263390265624999 0.49477976874999996 0.6920414296875 0.453233209375 0.656401071875 0.4416084515625 0.6620154921875 0.22997695624999998 1 0.3686367234375 1
0 0.18733942812499998 1 0.11512466875 0.9387231390625 0.088467840625 0.992004921875 0.0824991359375 1 0.18733942812499998 1
0 0.082284128125 1 0.08867672343750001 0.9913518937499999 0.11469179062499998 0.9387306953125 0.0362446328125 0.8760273375000001 0.028014904687499998 0.8757380515625 0.0019278328125 0.9221718031249999 0.00275215625 0.9930066890625 0.011031526562500001 1 0.082284128125 1
0 0.8591545249999999 0.3544962453125 0.9015852125 0.3898397734375 0.9338516406249999 0.34236947500000003 0.92794985625 0.337493871875 0.9581377124999999 0.2899949140625 0.9098311656250001 0.25014331562500003 0.8888991546874999 0.27263098124999996 0.8676708484375 0.2547754515625 0.8817266531250001 0.23483216406250002 0.8355593140625001 0.192778615625 0.8212365484375 0.1897816765625 0.7623317921874999 0.275381153125 0.8510596984375001 0.3546375265625 0.8591545249999999 0.3544962453125
0 0.993315684375 0.16903094375 0.9758217046875 0.15396509375 0.9488678437500001 0.2003253015625 0.99415485625 0.24114183125 0.993315684375 0.16903094375
0 0.9371928703125001 0.2202270390625 0.9188474875000001 0.2026891765625 0.9283588546875 0.1866132734375 0.891657065625 0.158031578125 0.896136809375 0.1523254 0.8799641593749999 0.1391870703125 0.8565383531249999 0.1352667046875 0.8214504687499999 0.18956148281250002 0.8351213984375001 0.1923533375 0.8823855421875001 0.23564321562499999 0.8996711124999999 0.251402946875 0.9173939453125 0.24892901250000002 0.9371928703125001 0.2202270390625
0 0.7488803296875 0.150068425 0.7601135703125 0.15545706718750002 0.7699049875 0.1318217796875 0.7087376109375 0.0843803953125 0.7005859546875 0.09080004375 0.5905819296875 0.2723394859375 0.6413848765625 0.31835995 0.6491852375 0.317098209375 0.6635840703125 0.296867534375 0.6576218421875 0.28679791718750003 0.6556134453125 0.2816379015625 0.6542165890625 0.2732202953125 0.659068765625 0.2623125484375 0.6663224265625 0.2531378703125 0.6763264234374999 0.24962976406249998 0.6841398796875 0.2494933921875 0.6919533328125 0.249357021875 0.6930657234375001 0.248212009375 0.6985589359375 0.240301884375 0.7018228265625 0.2324306703125 0.7051255015625 0.22789228125 0.7095063296874999 0.22112716875 0.7150123875000001 0.21432077343749997 0.719248490625 0.2062810671875 0.7237563953125 0.1974140640625 0.7266777906249999 0.19359664999999998 0.7281324203125 0.18837619375 0.7302753765625 0.1827757390625 0.7268817828125 0.17950146718749999 0.7246262671875 0.1772896359375 0.7234186640625 0.16839251093750002 0.73221885 0.158173471875 0.7488803296875 0.150068425
0 0.805437234375 0 0.7463730015625 0.10017458593749999 0.7557413562499999 0.107154296875 0.7917175453125 0.132913015625 0.8737918609375 0 0.805437234375 0