0 0.0883445453125 0.1296658421875 0.143767246875 0.2103194671875 0.40040515625 0.060316998437500005 0.3522792734375 0.005006040625 0.3006178484375 0.008014059375 0.0883445453125 0.1296658421875
0 0.570154875 0.3742870875 0.6721754671875 0.3128943125 0.538488075 0.1359900875 0.43419255312500005 0.1971591875 0.570154875 0.3742870875
0 0.28087274687499997 0.29053260000000003 0.1995538015625 0.34068533749999996 0.35662708125 0.5299705890624999 0.43838937031249997 0.48867450156250003 0.28087274687499997 0.29053260000000003
0 0.35422966875 0.5366044343749999 0.194248371875 0.34101519687500004 0.12007348749999999 0.385137578125 0.2760159140625 0.58163235625 0.35422966875 0.5366044343749999
0 0.19352027968750002 0.63252398125 0.2722739984375 0.58220636875 0.116182221875 0.3848613703125 0.0350424546875 0.435234115625 0.19352027968750002 0.63252398125
0 0.7646838218750001 0 0.6299712203125 0.0862510953125 0.6659606796875 0.1211937953125 0.692815796875 0.11820559374999999 0.7008858124999999 0.136233865625 0.9211946296875 0 0.7646838218750001 0
0 0.9785359187499999 0.07165502812499999 0.9132244390625001 0.1061682359375 0.96467011875 0.17171860156250002 0.9832506859375 0.16159071875 0.9785359187499999 0.07165502812499999
0 0.041325574999999996 0.2025205640625 0.0209574203125 0.2664913015625 0.0388658 0.2915093953125 0.005160496875 0.30413505625 0.037054474999999996 0.347297865625 0.0659145 0.3325870640625 0.07012624375 0.34537224218749996 0.090526971875 0.327592621875 0.1069357578125 0.34679035156250004 0.17727826093750002 0.309511065625 0.07620081875 0.18982678125000002 0.07209788125 0.2019019828125 0.041325574999999996 0.2025205640625
0 0 0.1534285046875 0.031777478125 0.1906745734375 0.06369525625 0.17153304062500002 0.02737354375 0.12265751250000001 0 0.139663971875 0 0.1534285046875
0 0.6253618015625 0.9832714609375 0.612108515625 0.9503149109375 0.55952285625 0.9673498671875 0.5696143218749999 0.9937239218749999 0.59583955625 0.992196940625 0.6253618015625 0.9832714609375
0 0.47545360781249996 0.9972338921875 0.5130929671875 0.9970149125000001 0.5518621015625 0.9947575562500001 0.542887278125 0.9642124375 0.4715446 0.9848115406250001 0.47545360781249996 0.9972338921875
0 0.902374490625 0.793808446875 0.9130151515625 0.78772114375 0.9387484359375 0.8204957187499999 0.979229915625 0.7948221859375 0.9707420640625 0.7768182421875001 0.9966467531250001 0.7608968671875 0.982562703125 0.7404744187500001 0.9916647375000001 0.731020084375 0.9445645859375 0.6700140671875 0.8919924187499999 0.70049763125 0.9002889296875001 0.7136524984375 0.8618864265624999 0.7406085796874999 0.902374490625 0.793808446875
0 1 0.4810891984375 0.999591259375 0.47329234062500003 0.9656998375000001 0.4895629421875 0.9625948234375 0.508681821875 1 0.5565317828125 1 0.4810891984375
0 0.5284076671875 0.40059994843749996 0.3966022859375 0.225618215625 0.29325843749999997 0.27935777812499996 0.43486007656250003 0.45293115000000006 0.5284076671875 0.40059994843749996
0 0.76360820625 0.9225556609375 0.7679270140625001 0.928588959375 0.791122334375 0.912951034375 0.7628762906250001 0.8666219828124999 0.712828690625 0.9020911109374999 0.7426518640625 0.9369319624999999 0.76360820625 0.9225556609375
0 0.6615765140625001 0.821844078125 0.6491576828125 0.8139989453125 0.6287041046875 0.8271728156249999 0.63311269375 0.8349187234375 0.63356050625 0.8434608765625 0.6356918859375 0.851339375 0.6302504515625 0.8550709265625 0.649454153125 0.8848109687499999 0.6643858046875 0.8862250296875 0.6697134265625 0.8899161250000001 0.67243845 0.8983256859375001 0.7277890234375 0.863679046875 0.6887792484374999 0.8082981828125 0.6615765140625001 0.821844078125
0 0.6489130875 0.9344502078125 0.66348084375 0.9700955203125 0.6974540109375 0.9593815890625 0.688123 0.940484025 0.6962726203125 0.9368461765625 0.6919950921875 0.9232059109374999 0.6489130875 0.9344502078125
0 0.38484358125 0.8515530609375 0.49459873749999994 0.7790048890625 0.37437071093749996 0.6329921921875 0.0962185609375 0.80911405625 0.21292516093749997 0.9531111718749999 0.24475040781250001 0.9298061359375 0.2340333453125 0.913649825 0.25611621875 0.9015751921874999 0.2741654546875 0.9260823031250001 0.3904757921875 0.8650516015624999 0.38484358125 0.8515530609375
0 0.733312740625 0.5553202078125 0.7370020109375 0.5689318796875 0.5562845484375 0.6821263531249999 0.5803701890624999 0.727042659375 0.7117956484375 0.6533374640625 0.7171694640624999 0.6619070375 0.7763058984375 0.62192835625 0.7764108046875 0.605141928125 0.782479559375 0.5889928671875 0.7919791875 0.58152650625 0.8238473703125001 0.56783465625 0.8425444640625 0.5667250578125 0.8092360875000001 0.5153696609375 0.733312740625 0.5553202078125
0 0.0352551046875 0.9949218390624999 0.0851867046875 0.9668335875 0.054186871875 0.922738846875 0.02224311875 0.9373875296874999 0.02448679375 0.9801863453124999 0.0352551046875 0.9949218390624999