0 0.4641105890625 0.7842419140625 0.469724875 0.7999397359375 0.47600401249999996 0.7969787984375001 0.48378503124999994 0.8309668875 0.526780084375 0.822405765625 0.5062596140625 0.7401256765625 0.479844053125 0.7488219875000001 0.48721899375 0.7755933171875 0.4641105890625 0.7842419140625
0 0.786255921875 0.42555462187500004 0.7808806390624999 0.3882594078125 0.6927984625 0.40692315625 0.702463415625 0.44110134375000004 0.786255921875 0.42555462187500004
0 0.8518575531250001 0.1379210078125 0.774429309375 0.15942687656250001 0.7644557390625 0.2035971734375 0.782306725 0.26328873124999996 0.76464501875 0.28620239375 0.7842348828125 0.35256805625 0.9263953125000001 0.32202449375 0.9021448859375001 0.2321982828125 0.8795170640625001 0.2327841390625 0.8518575531250001 0.1379210078125
0 0.600940609375 0.4525258140625 0.614871375 0.4892346703125 0.6253080484375 0.53469195625 0.5819037484375 0.5470103015625 0.5867102703125 0.559079159375 0.6660430171875 0.5494084625 0.629206109375 0.4147046796875 0.5435134078125 0.43343330937499996 0.5523686031249999 0.4553050015625 0.568260559375 0.46009512812500003 0.600940609375 0.4525258140625
0 0.52615200625 0.9240043953124999 0.54907249375 0.9186646156249999 0.55020618125 0.9143130015625 0.5717771390624999 0.9091388046875 0.574227840625 0.91136561875 0.602422275 0.9066424937500001 0.6156935156250001 0.9077522874999999 0.6222409953125 0.93096025625 0.6158521671875 0.9395372953125 0.662480534375 0.968358746875 0.6637897171875 0.9608262171874999 0.6726966234375 0.9597333671875001 0.7010367859375 0.956256115625 0.6950694687500001 0.9403488609374999 0.668173246875 0.9468083281249999 0.6552016843749999 0.9412386265625001 0.6411595109375 0.8867245078125 0.5256909328125 0.8989965156249999 0.5323061828125 0.9063992453124999 0.5262844125 0.9157737499999999 0.5179443484374999 0.91469079375 0.5185245093749999 0.92199150625 0.52615200625 0.9240043953124999
0 0.5563446921875 0.8684859359375 0.579662009375 0.8595168281250001 0.5622654015624999 0.7786648296875 0.5547107671875 0.777274878125 0.55156669375 0.759757465625 0.5642009703124999 0.760102909375 0.5607791578125 0.7285076546875 0.5470150328125001 0.72926971875 0.5062596140625 0.7401256765625 0.526780084375 0.822405765625 0.5204561671875 0.82381356875 0.525932246875 0.8402023484375001 0.5476489328125 0.836274025 0.5563446921875 0.8684859359375
0 0.5607791578125 0.7285076546875 0.5640715421875 0.75337876875 0.564042396875 0.7531295953125 0.60882960625 0.7456123359375 0.607298075 0.7212834234375001 0.5607791578125 0.7285076546875
0 0.7244917734375 0.8019384140625 0.7238797234375001 0.7967057453125 0.7089517515625 0.798284609375 0.66966405 0.8106876140624999 0.671031053125 0.799904353125 0.662198653125 0.8002298078125 0.6597598609374999 0.796232278125 0.7043397640625 0.789751459375 0.697691375 0.735720275 0.6274435031250001 0.7390317046875 0.6159485499999999 0.75029938125 0.5789637890625 0.757112053125 0.5937342734375 0.8637298484375 0.6599690421875 0.8682405875000001 0.6851481265625 0.8616126796874999 0.6912954078125 0.86641894375 0.718181365625 0.8603398609375 0.7104705906250001 0.8084610359375001 0.7244917734375 0.8019384140625
0 0.7471469453124999 0.9727142359375 0.7230676484375 0.8941565609375 0.649067490625 0.9004980203124999 0.668173246875 0.9468083281249999 0.6950694687500001 0.9403488609374999 0.7010367859375 0.956256115625 0.6726966234375 0.9597333671875001 0.6774686953125 0.9812635421874999 0.7471469453124999 0.9727142359375
0 0.605312503125 0.931352325 0.602422275 0.9066424937500001 0.574227840625 0.91136561875 0.5717771390624999 0.9091388046875 0.55020618125 0.9143130015625 0.54907249375 0.9186646156249999 0.52615200625 0.9240043953124999 0.531457678125 0.9600022703125 0.53972174375 0.983842121875 0.5375774375 0.9984277671875 0.6487209890625001 0.984790796875 0.64268845 0.9629940250000001 0.60309919375 0.9358364046875 0.605312503125 0.931352325
0 0.7686827734375 0.1580467640625 0.752348315625 0.102192084375 0.6504239421875 0.1253976734375 0.657589459375 0.179870909375 0.7686827734375 0.1580467640625
0 0 0.1553726921875 0.013390715624999999 0.1520617125 0.0082796953125 0.127792865625 0.023859243750000002 0.124996675 0.014168475 0.07117028125 0 0.0727544703125 0 0.1553726921875
0 0 0.18880680625 0.057033425000000006 0.1787641109375 0.0500090890625 0.1231572375 0.06732551718749999 0.11835761874999999 0.063378265625 0.09748449375 0.0716476640625 0.0960907359375 0.07125428125 0.08851435468749999 0.061439956250000004 0.089339415625 0.0577382859375 0.07033178906250001 0.0804425765625 0.0652502234375 0.08009542187499999 0.0538558453125 0.1314778234375 0.043739057812499996 0.1312155171875 0.0414964859375 0 0.0575962234375 0 0.0727544703125 0.014168475 0.07117028125 0.023859243750000002 0.124996675 0.0082796953125 0.127792865625 0.013390715624999999 0.1520617125 0 0.1553726921875 0 0.18880680625
0 0.063378265625 0.09748449375 0.06732551718749999 0.11835761874999999 0.0500090890625 0.1231572375 0.057033425000000006 0.1787641109375 0.0971145109375 0.173846284375 0.088846096875 0.13709561406249998 0.12262809999999999 0.13332979218750002 0.1424778484375 0.129356721875 0.1314778234375 0.043739057812499996 0.08009542187499999 0.0538558453125 0.0804425765625 0.0652502234375 0.0577382859375 0.07033178906250001 0.061439956250000004 0.089339415625 0.07125428125 0.08851435468749999 0.0716476640625 0.0960907359375 0.063378265625 0.09748449375
0 0.3075261671875 0.191502559375 0.31974241875 0.26106875937499996 0.343542859375 0.32481153906250004 0.5875453203125 0.2722309328125 0.5743343390625 0.16630641875000002 0.6017429125 0.15603495 0.5934909484374999 0.1344051828125 0.3075261671875 0.191502559375
0 0.5875453203125 0.2722309328125 0.343542859375 0.32481153906250004 0.3721099015625 0.45716 0.617888184375 0.398695675 0.5968411390624999 0.34468296875000004 0.5875453203125 0.2722309328125
0 0.9859626234375 0.6721264437500001 0.9961412359375 0.6632653093750001 0.9963672156250001 0.624422725 0.9329132937500001 0.33491542500000004 0.91816375625 0.3349769546875 0.783114909375 0.35984568281249996 0.8562646171875 0.6989714609375001 0.912659403125 0.690746115625 0.9859626234375 0.6721264437500001
0 0.7658597859375 0.39161892656249997 0.7611773625 0.36797149375 0.6812525843749999 0.3845180390625 0.6927984625 0.40692315625 0.7658597859375 0.39161892656249997
0 0.6921213890625 0.3426179671875 0.6923771125 0.350421865625 0.7043219359374999 0.3570442984375 0.7247884328125 0.352258365625 0.7256341140625 0.3342092953125 0.6921213890625 0.3426179671875
0 0.9508374078124999 0.94772204375 0.9412019953125 0.903872515625 0.924714990625 0.908507178125 0.9136504015625 0.8836629374999999 0.8897679625 0.889204996875 0.8811047171874999 0.8792732890625 0.8350536890625 0.8933065109375 0.8543336171875 0.9595627609375 0.9508374078124999 0.94772204375
0 0.727985440625 0.7292862140625 0.7584936953125 0.8445253796875001 0.7450093484375 0.8514244468750001 0.7543870828125 0.8733162734375 0.7702997593750001 0.88132643125 0.7959434562500001 0.9667270546875001 0.8543336171875 0.9595627609375 0.8350536890625 0.8933065109375 0.7684527390625 0.696539478125 0.736642540625 0.6925861546875 0.7450864921875 0.724049646875 0.727985440625 0.7292862140625
0 0.6253080484375 0.53469195625 0.614871375 0.4892346703125 0.5704840515625 0.502979509375 0.5819037484375 0.5470103015625 0.6253080484375 0.53469195625
0 0.5124932156249999 0.4729825640625 0.551447465625 0.5682080593750001 0.5867102703125 0.559079159375 0.5819037484375 0.5470103015625 0.5704840515625 0.502979509375 0.614871375 0.4892346703125 0.600940609375 0.4525258140625 0.5124932156249999 0.4729825640625
0 0.0971145109375 0.173846284375 0.1261011546875 0.1672356421875 0.12262809999999999 0.13332979218750002 0.088846096875 0.13709561406249998 0.0971145109375 0.173846284375
0 0.1974668859375 0.1542878359375 0.18263847187499999 0.0351870484375 0.1312993359375 0.041486201562500005 0.1424778484375 0.129356721875 0.12262809999999999 0.13332979218750002 0.1261011546875 0.1672356421875 0.1974668859375 0.1542878359375
0 0.3554412390625 0.1156958109375 0.35316117812500003 0.11024655000000001 0.37053237031249997 0.10685140468750001 0.363562640625 0.07558615625000001 0.325631365625 0.0799242671875 0.304884071875 0.08979966874999999 0.3122926640625 0.121305946875 0.321253553125 0.12020647343749999 0.32528596875 0.1333813140625 0.343430446875 0.12957534843750002 0.3411901859375 0.11744437031249999 0.3554412390625 0.1156958109375
0 0.35316117812500003 0.11024655000000001 0.3554412390625 0.1156958109375 0.40292453593750005 0.1082900640625 0.4021910484375 0.10201916562499999 0.415227521875 0.10041963125 0.41104425000000006 0.071677003125 0.4000320734375 0.07302816250000001 0.3892168625 0.0098405171875 0.3196303796875 0.018378564062499998 0.325631365625 0.0799242671875 0.363562640625 0.07558615625000001 0.37053237031249997 0.10685140468750001 0.35316117812500003 0.11024655000000001
0 0.42803232187500007 0.1183735203125 0.485969725 0.1043773203125 0.48149022343750003 0.068888890625 0.42426115781249996 0.0772376625 0.42803232187500007 0.1183735203125
0 0.4144708640625 0.006741928125 0.41680285625 0.019325028124999998 0.46588318281249996 0.0119971453125 0.46494769218750004 0.000548578125 0.4144708640625 0.006741928125
0 0.4694186921875 0 0.46494769218750004 0.000548578125 0.46588318281249996 0.0119971453125 0.41680285625 0.019325028124999998 0.42426115781249996 0.0772376625 0.5020997453125 0.065559790625 0.49115248906250003 0 0.4694186921875 0
0 0.5355542765625 0 0.5456006078125 0.07115384062499999 0.6090038296875 0.05941469687499999 0.6040602109375001 0 0.5355542765625 0
0 0.4992826453125 0.6051071171875 0.4950984328125 0.5833784390625001 0.420302971875 0.598368878125 0.4269842671875 0.6245934390625 0.4992826453125 0.6051071171875
0 0.5470150328125001 0.72926971875 0.5424944015625 0.6704911390625 0.44076029375000003 0.6946211984375 0.45044232656250005 0.724732215625 0.4652005625 0.7214681078125 0.4719903671875 0.7472159781250001 0.5470150328125001 0.72926971875
0 0.4641105890625 0.7842419140625 0.48721899375 0.7755933171875 0.479844053125 0.7488219875000001 0.4557075734375 0.757575665625 0.4641105890625 0.7842419140625