0 0 0.7622146203125 0.081733053125 0.6866468484375 0.0005867328125 0.61475865625 0 0.6153244015625 0 0.7622146203125
0 0.8902610781250001 0.43280431718749995 0.948509034375 0.37033005 0.9579371609375 0.3772275796875 0.9980995359374999 0.3382979953125 0.9990295546875 0.1784413921875 0.9431838375 0.23319955312500001 0.9332314640625 0.22668365625 0.8189662140625 0.3271091234375 0.7866191640625 0.3743258046875 0.7763142609375 0.366858184375 0.718926590625 0.419139115625 0.6931622453124999 0.40066194218750006 0.6859782109375 0.405324859375 0.6035679828125 0.3421966453125 0.5348570578125 0.3986063046875 0.504096353125 0.4661797359375 0.625658840625 0.567852946875 0.6959648421875 0.6120129234375 0.8902610781250001 0.43280431718749995
0 0.9842161484374999 0.6408071171875 0.9829727546875 0.6397460328125 0.9845411546875 0.638283521875 0.9969131687499999 0.5422173640625 0.9972432359375001 0.4854834875 0.9887394671875 0.47797321562499995 0.8205268609375 0.6283842671875 0.7888361265625 0.697030796875 0.9590348656250001 0.8363346421875001 0.9842161484374999 0.6408071171875
0 0.46012239062500004 1 0.46457904375 0.9954203500000001 0.3157929046875 0.8788717390624999 0.31206069531249997 0.8727177984375001 0.263892834375 0.8339095703125 0.268071725 0.8242982874999999 0.194141978125 0.7571563109375 0.032233134375 0.8918213578125 0.019141871875 0.935501609375 0.031916451562499996 0.9473934171874999 0.4229948859375 1 0.46012239062500004 1
0 0.46438527812499997 0.995168209375 0.5924415171875 0.88656009375 0.529161275 0.827723359375 0.3939939078125 0.942360653125 0.46438527812499997 0.995168209375
0 0.6576232875 0.023263140625 0.53058130625 0.006173871875 0.5088806156250001 0.0059213625 0.48404411875 0.056930173437499995 0.5534687593750001 0.1147848234375 0.582758146875 0.0923642921875 0.6034781640625 0.0655129375 0.616459615625 0.0734536359375 0.6576232875 0.023263140625
0 0.6352425109375 1 0.6800954484374999 0.9646590578125 0.5931364015625 0.8859075171875 0.4593441078125 1 0.6352425109375 1
0 0 0.593618303125 0.017361203125 0.6067738687500001 0.11893283125000001 0.6823817296875 0.2706359265625 0.5321010640625 0.2119537953125 0.47532973749999996 0.1537364546875 0.5263234703124999 0.132506215625 0.5137463859375 0.172988971875 0.47626018906249995 0.111660925 0.42053461406250003 0.0091379875 0.5193745546875 0.0017105859375 0.5083602859374999 0.1041524328125 0.41805510312500005 0.04382036875 0.36759542500000003 0.005439676562500001 0.4059750796875 0 0.44821305312500004 0 0.593618303125
0 0.8284774171875 0.046245875 0.7911042796875 0.120616403125 0.858637715625 0.1754133140625 0.9248858484375001 0.1163437875 0.9354143359375 0.092914309375 0.9522362515625 0.07876403125 0.9684467203124999 0.0767395984375 0.9799130109374999 0.0666164921875 0.8284774171875 0.046245875
0 0.47336852812499997 0.7427195015625 0.4100146546875 0.6911298968749999 0.359542253125 0.7308217109374999 0.41984817812499997 0.784646403125 0.47336852812499997 0.7427195015625
0 0.4286499234375 0.238659 0.45170152343750003 0.227607478125 0.5191950125 0.1082753953125 0.44943679531249997 0.050375871875 0.343534328125 0.1401477203125 0.3213897453125 0.1197384578125 0.1658262421875 0.0019295625 0.0576373671875 0.000670671875 0.0441758078125 0.1051969375 0.063039053125 0.1164783375 0.0856214546875 0.1182048078125 0.094445896875 0.1282088015625 0.0941002734375 0.143716328125 0.14063259374999998 0.1932918359375 0.22498312812500001 0.2475023734375 0.2427284546875 0.2555187046875 0.24220015468749997 0.26313421875 0.3228299890625 0.32638466093749996 0.3513692484375 0.29380284687499997 0.36899428749999996 0.298185784375 0.41748024062500005 0.236500871875 0.4286499234375 0.238659