0 0.9241818109375 0.199402321875 0.92611778125 0.22151929843749998 0.9371188515625001 0.219766659375 0.9352459312500001 0.19836996875 0.9241818109375 0.199402321875
0 0.9414700296875 0.1977037875 0.9441497 0.21977273125000002 0.953009475 0.21894605625 0.9506299921875 0.1964005890625 0.9414700296875 0.1977037875
0 1 0.7087096875000001 0.979959996875 0.709926315625 0.9791678906250001 0.7265098562500001 0.9852038421874999 0.7290649109375 0.9874310062499999 0.749382015625 0.9781650656249999 0.7506951015625 0.9784375437499999 0.7640610624999999 0.9856707984374999 0.7651588546875 0.9889828906250001 0.7876173046875 1 0.7880170859375 1 0.7087096875000001
0 0.10322075 0.599083803125 0.0913845359375 0.6039899 0.052797725 0.62211365 0.0638535625 0.65076950625 0.0943205921875 0.6333820265625 0.09211634375 0.6250445499999999 0.10075416875000001 0.6175322140625 0.1039898359375 0.6034758359375 0.10322075 0.599083803125
0 0.23694767031250002 0.518538684375 0.261577803125 0.58582446875 0.285796271875 0.5768797171875 0.26553403593749997 0.50871650625 0.23694767031250002 0.518538684375
0 0.9193017703124999 0.7661615562499999 0.95416884375 0.7633994625 0.9520699859375 0.7364921640625 0.916094915625 0.738802334375 0.9193017703124999 0.7661615562499999
0 0.60785120625 0.3325891171875 0.6331288421875 0.331106221875 0.6287761859375001 0.2962718703125 0.60514010625 0.30161687656249997 0.60785120625 0.3325891171875
0 0.08835839375 0.8577260875 0.08461188750000001 0.8503227546875 0.053941414062500005 0.8646536859375 0.0531210484375 0.8731025140625001 0.03633851875 0.8830193609375 0.0453325953125 0.907895028125 0.0479266578125 0.9092121109375 0.05539658125 0.9274168312500001 0.09180476875 0.9075955109375 0.0854939078125 0.895796790625 0.10032297187500001 0.888219359375 0.0999465328125 0.8839188375000001 0.10979781250000001 0.8758661218749999 0.0990182578125 0.8520754359374999 0.08835839375 0.8577260875
0 0.09663895781250001 0.9310866203125 0.08890120625 0.9100662921874999 0.05539658125 0.9274168312500001 0.077044815625 0.9657632828124999 0.1249185796875 0.938998734375 0.1161702609375 0.9240101875000001 0.09663895781250001 0.9310866203125
0 0 0.1082223453125 0.0566732703125 0.08684420937500001 0.054214192187499996 0.07413078906250001 0.055838857812499997 0.0721851359375 0.049335834375 0.043787925 0.04215926875 0.0435818734375 0.0394134875 0.038156878125 0.026432325 0.03936810625 0 0.049353578125000006 0 0.1082223453125
0 0.051877206249999995 0.30131891718750003 0.054978589062500006 0.3069670265625 0.09127856875 0.296894990625 0.07598023125 0.2622489828125 0.0971028234375 0.25284556875 0.095548278125 0.23923615156250003 0.129352775 0.226043775 0.11910855000000001 0.1898155765625 0.08313912968750001 0.2080581921875 0.0767730796875 0.20344086562500002 0.03080219375 0.22631159531249997 0.0298691546875 0.24128508750000002 0.051877206249999995 0.30131891718750003
0 0.149107459375 0.404610453125 0.2008893578125 0.3841662625 0.2021469125 0.3729001171875 0.19220058906249998 0.3510606859375 0.19628185468749998 0.34666459843749997 0.181884678125 0.30473690625 0.1509744328125 0.3187698390625 0.16707515625 0.3650237328125 0.14206555 0.374939334375 0.149107459375 0.404610453125
0 0 0.5038466046875001 0.06207774218749999 0.4764414140625 0.0667572875 0.468871253125 0.05793483125 0.44961805000000005 0.0432505640625 0.4451788453125 0.02822038125 0.43141717343749997 0.014733021874999998 0.3898744609375 0 0.39614584375 0 0.5038466046875001
0 0.6094588843750001 0.5689561515625 0.611979846875 0.5679734015625 0.6095537453125 0.5444071078125 0.5762437625 0.5464045375000001 0.5765864671875 0.6054911421875 0.60533675625 0.6024241109374999 0.6052131859375 0.588318090625 0.6100033984375 0.5878711328125 0.6094588843750001 0.5689561515625
0 0.5754044125 0.4525936625 0.57095029375 0.3931645109375 0.5357668796875 0.3954862484375 0.5466418921875 0.4831066953125 0.6200362625 0.4769206171875 0.6199106750000001 0.45375904843750003 0.5754044125 0.4525936625
0 0.6048159562500001 0.1240991578125 0.606231575 0.169566121875 0.663307925 0.1681063015625 0.692820153125 0.14542572812500001 0.686797134375 0.0766173546875 0.6561906421875 0.0794731390625 0.6570587406249999 0.0671754390625 0.59871338125 0.061705568749999995 0.5968498859375 0.12097667031249999 0.6048159562500001 0.1240991578125
0 0.60377318125 0.21398493593749998 0.600059140625 0.21744972968749998 0.5992669187499999 0.24428505781249998 0.5913363031250001 0.2454735515625 0.594820909375 0.2647762953125 0.6075115484375 0.26181947499999997 0.6091556984375 0.27059365468749996 0.6779410671874999 0.26594823437500004 0.6776703281249999 0.2628552484375 0.6799305953125 0.23765564375 0.67512775625 0.1827869 0.6544101312499999 0.180704709375 0.6512952296875001 0.175634525 0.6058769390625 0.182114921875 0.60377318125 0.21398493593749998
0 0.6287761859375001 0.2962718703125 0.6331288421875 0.331106221875 0.6803895578125 0.3249237875 0.677621509375 0.29256859999999996 0.6287761859375001 0.2962718703125
0 0.6285803984375 0.4368462734375 0.6951198859375001 0.427049584375 0.69295211875 0.4022845015625 0.7049064546875 0.40116908437500004 0.705446425 0.3765785109375 0.6867977187500001 0.3778700421875 0.6876431515625 0.3313805078125 0.6305988078125 0.33760014531250004 0.6202894765625 0.3421288375 0.6285803984375 0.4368462734375
0 0.7091679484375 0.48500689531249996 0.6470749812500001 0.49970680312500004 0.6483154437499999 0.524131253125 0.6431723046875 0.5264052015625 0.64849801875 0.592373965625 0.69848076875 0.587261734375 0.70993256875 0.5804052265624999 0.708864734375 0.5425732859375 0.7160016203125 0.5374435734375 0.7120329625 0.5177374796875001 0.7091679484375 0.48500689531249996
0 0.8468568984375 0.35402925 0.81057926875 0.35581234687499996 0.8120854640624999 0.42794683906250003 0.901479346875 0.42120765000000004 0.8987279328125 0.34705355781249997 0.8576349249999999 0.348752015625 0.8468568984375 0.35402925
0 0.9031097296875 0.4056565 0.901479346875 0.42120765000000004 0.8992466484375001 0.4218217734375 0.8999272734374999 0.44717413125 0.9325799312499999 0.44474680468749994 0.9290519249999999 0.3973625125 0.9096791171874999 0.3991701203125 0.9031097296875 0.4056565
0 0.8528147453124999 0.06909331875 0.8160207234374999 0.0720565671875 0.8181646625000001 0.095328821875 0.84008185 0.1072091359375 0.8735316703124999 0.10998282343750002 0.8746302781249999 0.07346515 0.8528147453124999 0.06909331875
0 0.8699732421874999 0 0.8754233843750001 0.0622636984375 0.9640406859375 0.0615440546875 0.9586535359375 0 0.8699732421874999 0
0 0.9485646671874999 0.10909010781249999 0.9680434531250001 0.10727260937500001 0.9651849374999999 0.07461626875 0.944961496875 0.0781797453125 0.9485646671874999 0.10909010781249999
0 0.88956651875 0.12399248125 0.8344152843750001 0.1235213296875 0.8211570125 0.137081903125 0.821439003125 0.199869084375 0.888200959375 0.1977404703125 0.88956651875 0.12399248125
0 0.41604080468750004 0.91574363125 0.293047521875 0.6033276234375 0.23178824531250003 0.6260870890625 0.195967675 0.6487155375 0.314802684375 0.9575683343750001 0.3253192546875 0.9720074515625001 0.41604080468750004 0.91574363125
0 0.25451633125 0.8820762562500001 0.1767298140625 0.689659528125 0.11490220468750001 0.7147146015625 0.07519780781249999 0.7369151921875 0.15153065625 0.92175736875 0.1584591390625 0.9303588515625 0.25451633125 0.8820762562500001
0 0.21247868749999999 0.5400011671875 0.20771889531249998 0.52126591875 0.1858012578125 0.5259807125 0.21316305937500002 0.6090940890625001 0.2381344625 0.6036244890625 0.21855358125 0.543001103125 0.21247868749999999 0.5400011671875
0 0.11684986718749998 0.5687654156249999 0.1383566109375 0.6550521265625 0.1453378140625 0.6640117765625 0.198823378125 0.637642 0.185729484375 0.5942471578124999 0.191822440625 0.593059265625 0.17439801562499999 0.5497481203125 0.11684986718749998 0.5687654156249999
0 0.12593968125 0.7033688828125 0.17524950156250002 0.671771609375 0.16719696875 0.6532581656249999 0.1453378140625 0.6640117765625 0.1383566109375 0.6550521265625 0.1306345125 0.6322576343749999 0.1058055984375 0.642284525 0.12593968125 0.7033688828125
0 0.0913845359375 0.6039899 0.076606675 0.5584455328125 0.054027725000000006 0.5639054796875 0.0471443046875 0.55337758125 0.026958270312499998 0.564936184375 0.046939775 0.623300971875 0.0913845359375 0.6039899
0 0.0872720734375 0.7674409468750001 0.07207465156250001 0.7354125421875 0.0213999796875 0.7663088499999999 0.0249497515625 0.806862284375 0.039937471875000005 0.8413774359374999 0.088422978125 0.8159867859375 0.0708419125 0.77796565 0.0872720734375 0.7674409468750001