0 0.9225182593750001 0.949417784375 0.9945697359375 0.927565378125 0.994854915625 0.87854715625 0.9104563406249999 0.9062738578125 0.9225182593750001 0.949417784375
0 0.24816884843749998 0.643929240625 0.254184246875 0.6504818671875 0.213903359375 0.6745306578125 0.22903769375 0.7066467734375 0.2223067 0.7103069984375 0.2416081890625 0.75521310625 0.32867211093750004 0.7003874640625 0.2867242046875 0.6180008124999999 0.24816884843749998 0.643929240625
0 0.7827478421875 0.273451978125 0.807541828125 0.25759266406250003 0.783292575 0.208244971875 0.7559201625 0.2243447421875 0.7827478421875 0.273451978125
0 0.1926876359375 0.294924546875 0.1329943796875 0.32160560625 0.14166500625 0.3635920640625 0.20433950781250002 0.3370580921875 0.1926876359375 0.294924546875
0 0.066386796875 0.7138799296875 0.0241758578125 0.7372868218749999 0.044207746874999995 0.775634696875 0.081560234375 0.7502152234375 0.066386796875 0.7138799296875
0 0.846891225 0 0.9204053890624999 0.1435597265625 0.9259209140625 0.14086875625 0.935512884375 0.162335353125 0.9776499812500001 0.232876371875 0.9586210890625001 0 0.846891225 0
0 0.6356794265625 0.126445015625 0.5518132609374999 0.162692421875 0.569044553125 0.210852434375 0.6495240859375 0.18098585625000002 0.6356794265625 0.126445015625
0 0.1930985421875 0.7731424109375 0.19681494375 0.7854926390625 0.23632791250000001 0.7571225953125 0.217367575 0.7179945984375 0.15429594375 0.75703569375 0.1661225921875 0.7756581609375 0.182622315625 0.77131364375 0.1930985421875 0.7731424109375
0 0.759819275 0.257366940625 0.66033339375 0.2806737453125 0.673352440625 0.34087478125000004 0.7720545984375 0.3079767484375 0.759819275 0.257366940625
0 0.6518580875 0.7666355609375 0.5931788078125 0.778739753125 0.63542869375 0.9308173656250001 0.6866819734375 0.921616321875 0.6518580875 0.7666355609375
0 0.665539875 0.059836082812500004 0.6285251875 0.083778659375 0.69389705625 0.2198411375 0.7356421703125 0.19928345625 0.665539875 0.059836082812500004
0 0.7297509703125 0 0.8540886015625 0.2394212984375 0.8776495265625 0.22503735156250002 0.883797609375 0.23775596718749997 0.9314545531249999 0.2056506078125 0.935210571875 0.167720015625 0.935512884375 0.162335353125 0.9259209140625 0.14086875625 0.9204233171875 0.143592065625 0.8439739671875 0 0.7297509703125 0
0 0.735294271875 0.1346414953125 0.7419848953125 0.13209033750000002 0.70576125 0.06311367343749999 0.6795571984375 0.07454156875 0.730805809375 0.17028808125 0.748140653125 0.159063815625 0.735294271875 0.1346414953125
0 0.28572784218749997 0.9983038375 0.4709125453125 0.9972264640624999 0.329035075 0.7229981578125 0.261649959375 0.7597491203125 0.189838909375 0.8115368515625001 0.28572784218749997 0.9983038375
0 0.1310063671875 0.48911690312499995 0.16683470312499998 0.47764169062499995 0.1293400796875 0.3156263359375 0.0966062546875 0.32783323750000004 0.1310063671875 0.48911690312499995
0 0.122106915625 0.6359035609375 0.131012415625 0.6943909796875001 0.2027675828125 0.6721115531249999 0.19234283125 0.624422075 0.122106915625 0.6359035609375