0 0.082712625 0.6076268687499999 0.095472740625 0.5269245890625001 0.049488290625 0.518153559375 0.0395278515625 0.522358484375 0.0329784734375 0.6053382171874999 0.082712625 0.6076268687499999
0 0.1625873796875 0.5722775453125 0.167050790625 0.5708734625 0.170578134375 0.5185916984375 0.10406203437499999 0.507743375 0.0983551328125 0.5297777 0.11057736562500001 0.5448904375 0.10344169218749999 0.6212419625 0.16075783593749998 0.6274278625 0.1625873796875 0.5722775453125
0 0.0361112984375 0.4340256078125 0.042982901562499995 0.444690146875 0.0640446859375 0.4448588453125 0.101299378125 0.4521595734375 0.0996706421875 0.3736305578125 0.09410578593749999 0.369039846875 0.0845114625 0.36771263125 0.0800872796875 0.35849506249999996 0.038602615624999996 0.3562553625 0.0361112984375 0.4340256078125
0 0.1015708828125 0.36719232812499997 0.102818503125 0.3846673921875 0.10355417812500001 0.4120105953125 0.1091636390625 0.4169187 0.1092249515625 0.4431483375 0.156713903125 0.4494207078125 0.1564851421875 0.41708659062500003 0.167516028125 0.4138964109375 0.1615620625 0.4010098875 0.1699481078125 0.3648757359375 0.144577203125 0.359378828125 0.13509863125 0.365630628125 0.13426963125 0.3634167640625 0.1387236609375 0.3475139125 0.10678985781250001 0.34444978593750003 0.1015708828125 0.36719232812499997
0 0.17689988125 0.353541521875 0.17138652031249998 0.434066859375 0.1699042140625 0.4640521515625 0.21213232343750002 0.47158174375 0.216108490625 0.4611835859375 0.2321806171875 0.45763014531249996 0.241357209375 0.360795234375 0.17689988125 0.353541521875
0 0.1814749234375 1 0.18531722343749998 0.971676296875 0.176629215625 0.9651294125 0.122903565625 0.9586978328125 0.114865909375 0.98779190625 0.1070396125 0.9916753203124999 0.1082095703125 1 0.1814749234375 1
0 0.12833024375 0.923001171875 0.12785444375 0.9435666765624999 0.135978465625 0.9536236468749999 0.2014045609375 0.9600938843750001 0.2032361703125 0.9359717390625001 0.2070185859375 0.9257302749999999 0.20832955000000003 0.8767161218749999 0.20215907500000002 0.8753392640625 0.1948590203125 0.87636521875 0.1741416234375 0.8695885562500001 0.15439973906249999 0.8723630968749999 0.1460497125 0.8686816765625001 0.119985690625 0.8690002218749999 0.1172683609375 0.9212113015625001 0.12833024375 0.923001171875
0 0.1838417125 0.7591293968749999 0.16078806875 0.757838096875 0.15838845625 0.7499758859375001 0.1374473390625 0.749898115625 0.1369726859375 0.7726212109375 0.125668896875 0.77356253125 0.12466125312500001 0.8047757640625001 0.13084671406249998 0.80886928125 0.1317411390625 0.8275160140625 0.1539781359375 0.8291378609375 0.14936535312500002 0.837769825 0.1614160171875 0.8406074921875 0.168613703125 0.838085496875 0.17122605156249998 0.8321082015625001 0.2022837328125 0.835079684375 0.2079601953125 0.757250190625 0.189594828125 0.7540053453125 0.1838417125 0.7591293968749999
0 0.3324626328125 1 0.332716196875 0.974307590625 0.27671755 0.9641388859375001 0.27254957343749997 0.9711763343750001 0.26039997656249997 0.9733154 0.25909849375 0.9915371109375 0.2586901359375 1 0.3324626328125 1
0 0.271545571875 0.9382391109375 0.2707817703125 0.95122823125 0.36073330000000003 0.9602501906249999 0.36308381875 0.8779468781249999 0.3560351640625 0.8773839203125 0.2665728234375 0.8698467921875 0.2597762703125 0.9352540140625001 0.26714849375 0.929060890625 0.2745908328125 0.9305826609375 0.271545571875 0.9382391109375
0 0.2590087875 0.8686873640625 0.3560351640625 0.8773839203125 0.35923035937500003 0.8236599874999999 0.3519693078125 0.8208180875 0.35740135781250004 0.780093109375 0.3255491046875 0.7703932265625 0.31579854375 0.771332028125 0.30514212500000004 0.7719665890625 0.3087172796875 0.73322878125 0.2780471046875 0.725952071875 0.2743431609375 0.7668441500000001 0.270598375 0.773822121875 0.260925609375 0.84563211875 0.2590087875 0.8686873640625
0 0.3712047984375 0.6484723140625 0.382699334375 0.539573471875 0.29279275625 0.5347096546875 0.28305742968750003 0.6154399546875 0.2846802046875 0.638040896875 0.3712047984375 0.6484723140625
0 0.322775721875 0.4041379125 0.3033516890625 0.405335778125 0.3041413546875 0.44749514375 0.3145883515625 0.4485946390625 0.3176848671875 0.4888977953125 0.385963959375 0.4978584546875 0.3914116671875 0.4156377203125 0.387227446875 0.415190053125 0.3857163015625 0.386013859375 0.32140731875 0.37597737656249997 0.322775721875 0.4041379125
0 0.8647695625 0.4768289015625 0.88640803125 0.47588083281250004 0.8867847921875001 0.49759959218749994 0.9135853953125 0.5016009171875 0.9163990359374999 0.4642000515625 0.9278223406249999 0.43724103437500006 0.9326466015625 0.4100011109375 0.8864674859375 0.40844275 0.8704149203125 0.419351375 0.8647695625 0.4768289015625
0 0.982865259375 0.4464436046875 0.9981482453125 0.4518606703125 0.9876120374999999 0.3768916640625 0.982865259375 0.4464436046875