0 0.7246124968750001 0.14884383125 0.6663437078125 0.5204862828125 0.7714032734375 0.5446312375 0.8231730234375 0.1633441015625 0.7246124968750001 0.14884383125
0 0.8966757421875 0.5387211749999999 0.892927721875 0.5598217359375 0.875690690625 0.5586423140625 0.8717604 0.5860082703125 0.892106225 0.5880604468749999 0.8877866859375001 0.601299540625 0.92054594375 0.6083540453125 0.9240664546874999 0.5950741171875 0.9366372500000001 0.5977234359375 0.9410960953125 0.5766394218750001 0.9278366874999999 0.573974071875 0.9310580265624999 0.5442349390625 0.8966757421875 0.5387211749999999
0 0.8126734078125001 0.9906113859375001 0.8870856796875 0.9897455203125001 0.8170136734375 0.9680042484375001 0.8126734078125001 0.9906113859375001
0 0.9171857265625001 0.61612398125 0.9044545890625001 0.706092590625 0.92073458125 0.709606409375 0.9342631140625001 0.62279118125 0.9171857265625001 0.61612398125
0 0.2690211765625 0.709730665625 0.265797321875 0.7418486453125 0.3118625203125 0.7499688265625 0.314306396875 0.7202115921875001 0.2690211765625 0.709730665625
0 0.6652877234375 0.931189634375 0.6581562187500001 0.9608599718749999 0.6737249796875 0.965135378125 0.6963795125 0.968819825 0.73067171875 0.9766659328125 0.7369798734375 0.9485549531249999 0.6652877234375 0.931189634375
0 0.7874310437500001 0.99090510625 0.8126734078125001 0.9906113859375001 0.8170136734375 0.9680042484375001 0.7369798734375 0.9485549531249999 0.73067171875 0.9766659328125 0.7874310437500001 0.99090510625
0 0.76278761875 0 0.7567191656250001 0.037738278125000004 0.798304409375 0.0455096046875 0.8053687625 0.0009862234375 0.7630052203125001 0 0.76278761875 0
0 0.88982199375 0.6123299046875 0.8760190078125 0.7093435765625 0.8962963203125 0.7137508296874999 0.91027929375 0.6136065296875 0.88982199375 0.6123299046875
0 0.72533433125 0 0.7196868765625 0.033919209374999995 0.7391832578125 0.0376635328125 0.7461988359375 0 0.72533433125 0
0 0.28117930156250004 0.6715510375 0.2765620375 0.6957884171875001 0.3163409046875 0.70376225 0.31851478125 0.681757965625 0.28117930156250004 0.6715510375
0 0.8966757421875 0.5387211749999999 0.9230866531249999 0.5416482265625 0.9792728984375 0.19574729062500001 0.8231730234375 0.1633441015625 0.7745880734374999 0.5192044078125 0.8966757421875 0.5387211749999999
0 0.6737249796875 0.965135378125 0.6683975125 0.9922901875000001 0.6947204015625 0.9919838921874999 0.6963795125 0.968819825 0.6737249796875 0.965135378125
0 1 0.46309924843749994 0.9915802921875001 0.461893103125 0.9800501890625 0.5671191109375 1 0.5717088671874999 1 0.46309924843749994
0 0.1255210140625 0.24421545 0.10030107968749999 0.2370252015625 0.0847168796875 0.28753094687499997 0.1098004359375 0.299409134375 0.1255210140625 0.24421545
0 0.33878296875 0.5802703890625 0.33471541875 0.61159058125 0.3721845203125 0.618732496875 0.3754517484375 0.587415909375 0.33878296875 0.5802703890625