0 0.0975135390625 0.28727996875 0.11099852031249999 0.2900940515625 0.1086074796875 0.2716867796875 0.096136771875 0.268178715625 0.0975135390625 0.28727996875
0 0.0541583734375 0.3141200421875 0.10188658125000001 0.317673846875 0.103610275 0.301473275 0.0977175359375 0.2973638765625 0.0973080078125 0.2899581703125 0.05651152499999999 0.2840614 0.0541583734375 0.3141200421875
0 0.06053043125 0.259955325 0.048435928125 0.2602317984375 0.0482419828125 0.28225221875 0.0973080078125 0.2899581703125 0.096136771875 0.268178715625 0.06053043125 0.259955325
0 0.07876385625 0.22400397968750002 0.0716894109375 0.23649205 0.0571938640625 0.2339011171875 0.055138284375 0.248279578125 0.059748810937499994 0.25308546875000004 0.06053043125 0.259955325 0.1255387765625 0.2756165296875 0.1381563515625 0.2654412640625 0.14352685781250002 0.225670465625 0.07876385625 0.22400397968750002
0 0.0611705921875 0.315166025 0.060547162499999994 0.3332321984375 0.0775753328125 0.3497275765625 0.13798577031249998 0.35426691093749996 0.1368932984375 0.32051772500000003 0.0611705921875 0.315166025
0 0.7856936046875 0.2619498390625 0.7865791015625 0.36283596875 0.8941741453125 0.375189446875 0.9356296390625 0.38703736875 0.9584072953125 0.2133328921875 0.9559572812500001 0.19988198125 0.7916379140625 0.1875088484375 0.7856936046875 0.2619498390625
0 0.74930380625 0.362026925 0.745147665625 0.45881015312500006 0.7443995421875 0.5470436765625 0.889795615625 0.563583728125 0.8941741453125 0.375189446875 0.74930380625 0.362026925
0 0.6764289 0.3229470046875 0.6754361390625 0.2876577546875 0.6547939734375 0.28545768437499996 0.6556693046875 0.322312515625 0.6764289 0.3229470046875
0 0.06721566875 0.81190033125 0.0510576765625 0.8066904140625001 0.07455329375 0.9356845828125 0.19815317187499998 0.9438115781249999 0.1996397609375 0.8033928375 0.08681140625 0.797672325 0.06721566875 0.81190033125
0 0.0393356234375 0.5172539859375 0.036119628125 0.5355762656249999 0.044201934375 0.5491280421875 0.06958349999999999 0.5498422859375001 0.06995539687499999 0.5211856421875 0.0393356234375 0.5172539859375
0 0.0031514374999999997 0.5416860546875 0.0031634124999999997 0.5437443281250001 0.0128234515625 0.5967792734375 0.019642559375 0.5972562296875 0.017190425000000002 0.543148978125 0.0031514374999999997 0.5416860546875
0 0.7789639859374999 0 0.777615959375 0.020027475 0.78127359375 0.022180521875 0.7777607703125 0.0695715875 0.795707809375 0.0757624734375 0.8288301296875 0.0806629296875 0.8313782125 0.07414570000000001 0.8528624718750001 0.07409255000000001 0.854686315625 0.0096927578125 0.82629769375 0.0076957609375 0.8210259625 0.004417096875 0.812961184375 0.006310767187499999 0.8132398562500001 0 0.7789639859374999 0
0 0.6203590671875 0.045814332812500004 0.6218960921875001 0.0821269765625 0.6283440140625001 0.08940720156250001 0.6288568046874999 0.10241436875000001 0.6463195890625 0.12129584375 0.6481758921874999 0.13406586874999998 0.6593575140625 0.14424955625 0.70365101875 0.14626025 0.7072712125 0.1404717421875 0.735127134375 0.1369654671875 0.7371009500000001 0.0690912671875 0.7135702125 0.06220676093750001 0.6995888359375 0.0674732359375 0.6934083609374999 0.059205456249999996 0.69775639375 0.0472210078125 0.68529394375 0.0325840578125 0.6587951140625 0.05127695 0.6203590671875 0.045814332812500004
0 0.4335762390625 0.0843579140625 0.4369869484375 0.037634159375 0.36563118437500003 0.0305937046875 0.363238734375 0.1123783171875 0.43234481718750006 0.11983824843749999 0.4335762390625 0.0843579140625
0 0.47732776093749996 0.08597171249999999 0.46769303593749995 0.084403496875 0.46825220156249997 0.0361456453125 0.4375013515625 0.0340730390625 0.4335762390625 0.0843579140625 0.4323400984375 0.1261976125 0.43636982187499995 0.127814809375 0.4369172953125 0.15906304531249998 0.46481203750000005 0.15834856718749998 0.46273739062499997 0.1264519328125 0.47586380625 0.12926214062500002 0.47732776093749996 0.08597171249999999
0 0.32907339062499996 0.1177147109375 0.31372269375 0.13867142500000001 0.31580543125 0.155140478125 0.36427293125000004 0.15968325156250002 0.363231578125 0.1257235390625 0.32907339062499996 0.1177147109375
0 0.40739644999999997 0.2097909421875 0.34311197031249996 0.2076817640625 0.34021121249999997 0.23792662031249998 0.35206658125 0.24407327343750002 0.3502585421875 0.308559834375 0.40028645 0.3092673015625 0.399513621875 0.2527142765625 0.4065778953125 0.2514673765625 0.40739644999999997 0.2097909421875
0 0.38263103125 0.8539334171874999 0.4190933015625 0.8441391546875 0.40850015156249997 0.80501431875 0.398284221875 0.8073772421875001 0.38279295625 0.8269482484375 0.37223284218749997 0.830491384375 0.38263103125 0.8539334171874999
0 0.2448218765625 0.8848178765625001 0.2442558421875 0.9073741468750001 0.346816134375 0.9215566453124999 0.348399125 0.89181305625 0.36584971093749996 0.8901210171875 0.36808703593750003 0.8331486234375 0.3579103265625 0.831183509375 0.3423268953125 0.819918475 0.320882834375 0.8176136640625 0.3202149171875 0.829418715625 0.27067530156249997 0.8241472218749999 0.2566858328125 0.8448412781249999 0.240228340625 0.8468282015625 0.241060978125 0.87706336875 0.2448218765625 0.8848178765625001
0 0.0012563890625 0.215954940625 0.00302945 0.52071835 0.02547518125 0.52404396875 0.043655965625 0.5129763078125 0.048646554687499996 0.22025230312500002 0.0012563890625 0.215954940625
0 0.14884694999999998 0.60754184375 0.0948994125 0.6007870734375 0.091448365625 0.594119725 0.07224266875 0.5963678359375 0.052395821875000005 0.6167076359375 0.0491743421875 0.6913620921875 0.0523839296875 0.6997736390625 0.0902304609375 0.704332796875 0.09065939843750001 0.6913385234375 0.1284772453125 0.6897233265625 0.14784729531250002 0.685184896875 0.14884694999999998 0.60754184375
0 0.170343653125 0.58496296875 0.1782341 0.6683133359375 0.1704884671875 0.6780988390625 0.1866135734375 0.704985475 0.21124673125 0.7141158187500001 0.23249748124999997 0.7199026859375001 0.253126890625 0.7162614296875 0.262853521875 0.692670359375 0.262083753125 0.642273821875 0.27666227499999996 0.6453202828125 0.2771195578125 0.5863112140625 0.25434236875 0.5813535046875 0.2382999234375 0.5701471015624999 0.20243376093749998 0.5703207390625 0.20251578750000002 0.6045393375 0.198406253125 0.5850472625 0.170343653125 0.58496296875
0 0.4088373609375 0.46488535000000003 0.40945020468750004 0.4096773765625 0.4208938171875 0.3801635578125 0.40260481718749996 0.35981589375 0.3391992515625 0.3502527046875 0.33416049062500003 0.45496077343749997 0.4088373609375 0.46488535000000003
0 0.47034811562499995 0.44366201250000004 0.4760367125 0.45721090468750003 0.544449203125 0.460494534375 0.5427798296875 0.375934153125 0.4838068609375 0.35804341562499997 0.42953127343749997 0.36115301718750004 0.42945045468750004 0.4363501921875 0.47034811562499995 0.44366201250000004
0 0.6831919734375 0.21518071249999998 0.683425340625 0.1852723375 0.6449469328124999 0.18178744687499998 0.64619443125 0.214300253125 0.6831919734375 0.21518071249999998
0 0.699159328125 0.24574463125 0.6812340265625 0.2674244546875 0.679659434375 0.3417882203125 0.7642578203125 0.34761070625 0.7664744531250001 0.24902045312499999 0.699159328125 0.24574463125
0 0.6589259203125 0.39360700625 0.6560391859375 0.43620822031250006 0.66259096875 0.43841015624999996 0.6620178250000001 0.478364084375 0.7344717234375 0.47903129375000003 0.7341848625 0.369643553125 0.6728837328124999 0.36868697968749997 0.6711621703125 0.3931264 0.6589259203125 0.39360700625
0 0.9901466359375 0.92223329375 0.99311898125 0.899991134375 0.9722711171875 0.8961705703125 0.9680706578124999 0.92612988125 0.9901466359375 0.92223329375
0 0.9680706578124999 0.92612988125 0.9722711171875 0.8961705703125 0.9478345765625 0.8902071765624999 0.9428273062500001 0.9305855359375 0.9680706578124999 0.92612988125
0 0.6597288921875 0.903065690625 0.6597337671875 0.93268573125 0.632199184375 0.9366054593750001 0.6258925234375 0.9865270765625 0.7928272062499999 0.9570617609375001 0.773389246875 0.913967975 0.844401515625 0.9196137625 0.8424170859375 0.8829323046875001 0.6405031796875 0.8492100171875 0.63642515625 0.897059071875 0.6597288921875 0.903065690625