0 0.06377753124999999 0.9350104375000001 0.07385285781249999 0.9442506515625 0.10298461875 0.9483415093750001 0.1347347859375 0.9025293078125 0.1080124875 0.8800093546875001 0.07704053749999999 0.907522146875 0.06377753124999999 0.9350104375000001
0 0.71221945 1 0.6672170921875 0.9559128234375001 0.63441606875 1 0.71221945 1
0 0.9501491796874999 0.8782856390625 0.9557411078125 0.8632631843749999 0.935049996875 0.8466127562500001 0.9278050046875 0.8624120796874999 0.9501491796874999 0.8782856390625
0 0.8702383812500001 0.21917232343749998 0.8934931546874999 0.2326176125 0.905726178125 0.2300976359375 0.9347266640624999 0.245201821875 0.9485873140625 0.23060057500000003 0.95841119375 0.2018221375 0.95148846875 0.1995719359375 0.9547577328125 0.19112938125 0.9763899296874999 0.20096105468749997 0.9924888781250001 0.1475920921875 0.978895840625 0.135055115625 0.9687160890625 0.122167828125 0.9391823640625001 0.10485864687499999 0.9152596890625 0.099369165625 0.8702383812500001 0.21917232343749998
0 0.89974560625 0.31246688749999996 0.9059233156250001 0.31041950156250003 0.9149200734375 0.300606275 0.9249417890625 0.28968133125 0.9308560171875 0.270600859375 0.922997278125 0.268802196875 0.9336894453125 0.25489954843749996 0.8678975046874999 0.22505457343750002 0.839220425 0.3136540015625 0.8853894578125001 0.3439049515625 0.89974560625 0.31246688749999996
0 1 0.1904037609375 0.88686679375 0.359090490625 0.9347973328125001 0.395754928125 1 0.30224641874999997 1 0.1904037609375
0 0.849165640625 0.5458206671875 0.8765599343750001 0.50338795625 0.8402301812499999 0.508040003125 0.843283096875 0.5326847734375 0.849165640625 0.5458206671875
0 0.7631556265625 0.654553865625 0.8194735937500001 0.56216751875 0.8062719484375 0.5688789734374999 0.7786793578125 0.5774710437499999 0.7670722999999999 0.570347653125 0.7542056374999999 0.5617468875 0.74048805 0.5373086125000001 0.737048940625 0.5430142203125 0.7135274093749999 0.55953248125 0.719005053125 0.5735084078125 0.71619154375 0.5943920609375 0.7178387484375001 0.6228081765625 0.7631556265625 0.654553865625
0 0.793088909375 0.386730184375 0.8019015984375001 0.44740917812500003 0.8683918453125001 0.432261009375 0.851097778125 0.35341734375 0.8117930828125001 0.3508352609375 0.81319843125 0.37305128593750003 0.7954733843749999 0.3683648453125 0.793088909375 0.386730184375
0 0.7610096953125 0.5333964359375 0.74048805 0.5373086125000001 0.7542056374999999 0.5617468875 0.7670722999999999 0.570347653125 0.7916196656250001 0.5648706734375 0.79584865625 0.55230265625 0.835751365625 0.54644825 0.8258714062499999 0.5030190718750001 0.864697896875 0.49232727968749995 0.865069196875 0.4329379578125 0.8019015984375001 0.44740917812500003 0.793088909375 0.386730184375 0.7645942031249999 0.40268461406249995 0.733616815625 0.459054115625 0.753905134375 0.4725312828125 0.7610096953125 0.5333964359375
0 0.6873283406249999 0.6032541499999999 0.6637014203125 0.6498707312499999 0.6989452625 0.6609411656249999 0.7178387484375001 0.6228081765625 0.7029035265625 0.6125715953124999 0.70967499375 0.5926249203125 0.7008535234375 0.578650303125 0.6873283406249999 0.6032541499999999
0 0.5991712421875001 0.8148731687499999 0.615212240625 0.79125043125 0.5828992359375 0.76292280625 0.565195009375 0.787231296875 0.5991712421875001 0.8148731687499999
0 0.466464225 0.791170215625 0.5636281078125001 0.8654892421874999 0.6000521984375 0.8149968796874999 0.4991145921875 0.7380402296875 0.466464225 0.791170215625
0 0.6177070984374999 0.35564439999999997 0.6259325703124999 0.3355655703125 0.59801126875 0.325276765625 0.58836144375 0.346433646875 0.6177070984374999 0.35564439999999997
0 0.561714871875 0.639831821875 0.5727708359375 0.6168992375 0.5471366125 0.596796728125 0.534976909375 0.61926040625 0.561714871875 0.639831821875
0 0.6488061421875 0.6943052765625 0.6615613312499999 0.6689206328124999 0.5905014015625001 0.62537581875 0.5762947421875 0.648874965625 0.6488061421875 0.6943052765625
0 0.6936567078125 0.7266805734374999 0.7003930140625 0.70316381875 0.6650979078125 0.6849783234375 0.6570685390625 0.7067663609375 0.6936567078125 0.7266805734374999
0 0.1407638265625 0.8972546593749999 0.1528320625 0.88213264375 0.1367812171875 0.8610215515625 0.11317320312500001 0.8435354921875 0.1000275109375 0.8688204531249999 0.1185437296875 0.8737973734375 0.1407638265625 0.8972546593749999
0 0.0716623359375 0.8553301984375 0.0774359703125 0.844122625 0.0607121421875 0.831504759375 0.050986059375000004 0.8432335765625 0.0716623359375 0.8553301984375
0 0.0083012 0.8777341468750001 0.017922725 0.8884353515625 0.0116649796875 0.896906690625 0.0139775046875 0.9018952640625001 0.0300550015625 0.9088167968749999 0.0471124671875 0.87681633125 0.0527798265625 0.8788902468750001 0.0640200265625 0.8554229765624999 0.046164084375 0.8427134000000001 0.03282651875 0.8629264046875 0.006229171875 0.8426438031249999 0.0049120421875 0.84430820625 0.0050957984375 0.87589328125 0.0083012 0.8777341468750001
0 0.5939204874999999 0.7477434578125 0.5295350703125 0.69946308125 0.5049501000000001 0.741864271875 0.5651789140625 0.78718419375 0.5828992359375 0.76292280625 0.5939204874999999 0.7477434578125
0 0.516145890625 0.9207742609375 0.550107525 0.8654068046875001 0.5310504203125 0.8479544078125001 0.4973166625 0.908959434375 0.516145890625 0.9207742609375
0 0.48284985156250004 0.8905820765625 0.521422975 0.8407950953125001 0.49519453437500005 0.822604725 0.4608576390625 0.8750942765625 0.48284985156250004 0.8905820765625
0 0.4882747296875 0.9780732453125 0.5218353 0.933344896875 0.4151740109375 0.8582303234375 0.38216615625 0.9025205765625 0.4882747296875 0.9780732453125
0 0.46926592500000003 0.96775791875 0.37825818437500003 0.9050436484375 0.341198771875 0.9492582468749999 0.40847279218750004 0.9912399953125 0.45487041093749997 0.9977554281250001 0.46926592500000003 0.96775791875
0 0.1194278375 0.7744562937499999 0.14006926875 0.73950608125 0.10492705 0.7165212640624999 0.0818409578125 0.7511281828125 0.1194278375 0.7744562937499999
0 0.2135226140625 0.60804476875 0.2010998875 0.6282965515625001 0.1633956953125 0.607171771875 0.144622040625 0.63292206875 0.16927238125 0.650666609375 0.1613742875 0.66381808125 0.1900139265625 0.6821004 0.19750668437500002 0.6642954421875 0.2223772640625 0.6820709109374999 0.2528315953125 0.6305832812500001 0.2135226140625 0.60804476875
0 0.0038379015625 0.6596791421875 0.0040207 0.6910995859375 0.060338340625 0.730507165625 0.1978429421875 0.475076203125 0.1340665828125 0.431769409375 0.0038379015625 0.6596791421875
0 0.07618739375 0.496267428125 0.015200434374999999 0.44541485468750003 0.00298893125 0.462932809375 0.0027057375000000003 0.46503486250000003 0.013498726562499999 0.473203740625 0.0028497703125 0.4898340296875 0.0032112968749999997 0.5519751312500001 0.010748903125 0.5579101421875 0.021762526562500002 0.5406220265624999 0.041291020312499996 0.554575475 0.07618739375 0.496267428125
0 0.3331935125 0.4285201984375 0.33842585625 0.4133351375 0.346467984375 0.41410570468749996 0.3528946890625 0.3927204359375 0.34122706406250003 0.3847140703125 0.3513444640625 0.3595868375 0.321120378125 0.3447368515625 0.31182378593750004 0.3664366265625 0.3043712140625 0.363955065625 0.285240146875 0.4111805609375 0.313934415625 0.4268919890625 0.32037471875 0.42389489999999996 0.3331935125 0.4285201984375
0 0.44181929531249997 0.5576792640625 0.5439755109375 0.3194376765625 0.4271573828125 0.24825574375 0.333494346875 0.480088840625 0.44181929531249997 0.5576792640625
0 0.396513734375 0.12441940781250001 0.41308412343749995 0.08853875781250001 0.379006684375 0.0689771171875 0.3636641359375 0.107070615625 0.396513734375 0.12441940781250001
0 0.2599087328125 0.206271303125 0.33087846875000004 0.257314915625 0.347762703125 0.2229357859375 0.36155767499999997 0.196329396875 0.37245481874999997 0.175908228125 0.3860524609375 0.1660908375 0.32062685 0.1240323203125 0.3133420234375 0.13063291562499998 0.2931211078125 0.141807296875 0.2759496671875 0.15699746875 0.262280059375 0.18200705781249998 0.2695314640625 0.19147854375 0.2599087328125 0.206271303125
0 0.17856369218749998 0.3691591421875 0.1971492890625 0.341140209375 0.14773807187500002 0.30830385625 0.12947223125 0.33078454375 0.17856369218749998 0.3691591421875
0 0.05279661249999999 0.09322846093750001 0.086626684375 0.1192901453125 0.120792865625 0.055408526562500005 0.0630741875 0.0169417453125 0.05279661249999999 0.09322846093750001