0 0.20822174375000002 0.8130447859375 0.0760902765625 0.7976210578125 0.0516410828125 0.9497471859375001 0.1084865609375 0.9533753968750001 0.19357627500000002 0.9568881765624999 0.19469046875 0.9297249765625001 0.183951603125 0.928603359375 0.185831703125 0.9141282296875 0.19668873125 0.9156759390625 0.205886653125 0.8469409625000001 0.19616777968750002 0.8468274078125001 0.1976359953125 0.83343143125 0.20679570625000002 0.8330767625 0.20822174375000002 0.8130447859375
0 0.19366441875 0.998839446875 0.34762164375000004 0.9979437499999999 0.35335738125 0.9672147296875 0.34619551406250004 0.951730325 0.2019375953125 0.941662909375 0.19366441875 0.998839446875
0 0.34024484374999997 0.42323453593749993 0.340140815625 0.48672949374999996 0.37938134375 0.4873161875 0.3791650765625 0.4206664296875 0.34024484374999997 0.42323453593749993
0 0.44833961875000006 0 0.34654640312499996 0.0094931359375 0.3462817984375 0.011099739062499999 0.340842521875 0.0100250734375 0.32570913749999997 0.0114363984375 0.3191459375 0.0841927046875 0.3351442859375 0.090776871875 0.43281745781250003 0.097841096875 0.43947007187500003 0.0803190328125 0.4504887328125 0.0800199609375 0.45919201249999997 0.025630909375 0.4490192421875 0 0.44833961875000006 0
0 0.3342497515625 0.9358386515625 0.348200753125 0.87044870625 0.3336073171875 0.850203875 0.28965423281249997 0.84370814375 0.28587002968749997 0.8573201078125001 0.2100109234375 0.854320271875 0.2000685640625 0.9272043812499999 0.20514445625 0.9373049468750001 0.3342497515625 0.9358386515625
0 0.16181967343749998 0.06897469218749999 0.162134815625 0.09858563125 0.1691287484375 0.1064050234375 0.302345684375 0.1034937234375 0.31237413125 0.031663140625 0.306863090625 0.0131939625 0.25852124062500004 0.0177022765625 0.25755305 0.0219555375 0.2407414640625 0.0235233703125 0.23885235 0.019536578125000002 0.16569259375 0.026359384375 0.15898895156249998 0.0343321984375 0.1709976328125 0.03849925 0.16181967343749998 0.06897469218749999
0 0.1307526765625 0.556004290625 0.216936234375 0.560663946875 0.2196144109375 0.5286715546874999 0.13248132968749998 0.5251411921875 0.1307526765625 0.556004290625
0 0 0.2041916875 0.031503198437500005 0.20070912500000002 0.019410846875000002 0.1044858484375 0 0.1056446453125 0 0.2041916875
0 0.124691940625 0.6340631515624999 0.12713373125 0.6205971953125 0.0682951140625 0.613741228125 0.057921371875 0.71347508125 0.088443940625 0.74149698125 0.23699203125 0.7443994765624999 0.2479379953125 0.6516684875000001 0.2384753078125 0.643725478125 0.124691940625 0.6340631515624999
0 0.7211564984375001 0.2376985484375 0.6231334937499999 0.2266080546875 0.6195834437500001 0.2586401265625 0.7148920875 0.2691511640625 0.7211564984375001 0.2376985484375
0 0.2816727203125 0.35461690468749996 0.21791110156250001 0.300262665625 0.149771221875 0.347872334375 0.13828437031250002 0.40185490625 0.1457319875 0.40222190312499995 0.13962917187499999 0.44406687187499994 0.1490500234375 0.4685823953125 0.2774450625 0.47142856406250006 0.2918097796875 0.362143171875 0.2816727203125 0.35461690468749996
0 0.2845666 0.5585822171875 0.3332554953125 0.5582669499999999 0.3358974703125 0.499822275 0.291234128125 0.4976390109375 0.2845666 0.5585822171875
0 0.815442928125 0.280068359375 0.7664130734375 0.2731510453125 0.75945364375 0.2958429890625 0.61911200625 0.274545 0.6090566625 0.31340738749999997 0.7691512703125001 0.3390452390625 0.7736580109375 0.307756540625 0.8067249515625001 0.312603203125 0.815442928125 0.280068359375