0 0.13167538125 0.884352134375 0.13683895937499999 0.8562049203125 0.1672901546875 0.8392082046875 0.17299705468749998 0.79935190625 0.0664855375 0.7710957734375 0.026776932812499998 0.91458036875 0.030985568749999998 0.9209201890625 0.087863996875 0.9272445093749999 0.13167538125 0.884352134375
0 0.7931983359375 0.44899836562499995 0.7996413062500001 0.45252233437499995 0.8660758359375 0.44234943906249996 0.8617542031250001 0.4182900890625 0.8747985406250001 0.4083047046875 0.87051621875 0.331962425 0.848633884375 0.3332218265625 0.8469294328125001 0.3261069046875 0.78807748125 0.3356982109375 0.7931983359375 0.44899836562499995
0 0.7425684171875 0.2134261890625 0.7426428031250001 0.227119484375 0.7617527187500001 0.23684710312499999 0.7552665359375 0.33368597499999997 0.78807748125 0.3356982109375 0.8469294328125001 0.3261069046875 0.8511377031249999 0.3185766390625 0.854261396875 0.26986578906249997 0.8361653515624999 0.269166 0.84093798125 0.23177168906249998 0.8729714062499999 0.22590487656249997 0.8749801984375001 0.162295690625 0.7402730046875 0.1735559921875 0.739916940625 0.18946345625 0.75141540625 0.19615149062499998 0.7531785281250001 0.209962921875 0.7425684171875 0.2134261890625
0 0.9991179718750001 0.15160776250000002 0.9625001265625001 0.1557814546875 0.9668631953125001 0.2134472609375 0.9642480828125001 0.354168771875 0.9725790468750001 0.372523846875 0.9781410140625001 0.4319718953125 0.9975130515625 0.42746999218750004 0.9991179718750001 0.15160776250000002
0 0 0.45125803593749997 0.0703502859375 0.48553369843749994 0.12795676875 0.3181490328125 0.0632800984375 0.2955085609375 0.0578753125 0.28708340625 0.0127992546875 0.276497459375 0 0.44547648124999994 0 0.45125803593749997
0 0.415347721875 0.180769721875 0.4193357671875 0.1387915234375 0.2296476625 0.119476434375 0.23113525468749999 0.142528778125 0.26575866875 0.1582345859375 0.38145210625 0.1768012625 0.415347721875 0.180769721875
0 0.6521983171875 0.009425628125 0.639040896875 0.14684186875 0.651883325 0.1686060109375 0.7301579 0.1758205421875 0.7368688999999999 0.1635319828125 0.7404503890624999 0.1162482515625 0.77410118125 0.115711021875 0.7814667703125 0.0184686390625 0.6521983171875 0.009425628125
0 0.5993637374999999 0.69735226875 0.5975243265625 0.742715775 0.5892502484375 0.745756115625 0.5886589828125001 0.764235125 0.593313021875 0.7665623578125 0.5922512203125 0.7805805453125 0.5790504171874999 0.7848937359375 0.590394540625 0.7864151921875 0.591988959375 0.7973841968750001 0.6571504484374999 0.792278025 0.6673909109375 0.6437396046875 0.6328829890625001 0.6425185 0.6299401796875 0.6600242578125 0.6071371875 0.6689023781250001 0.6085412781249999 0.6770476640624999 0.5981044640625 0.681958584375 0.5951133 0.6950330546875 0.5993637374999999 0.69735226875
0 0.9393829874999999 0.409749478125 0.954008153125 0.4042419296875 0.9497307484374999 0.32543330625 0.93602499375 0.324939546875 0.9350805718749999 0.3157952625 0.8831767562499999 0.3217075640625 0.8875905546875 0.4387391640625 0.9403564421875 0.4307844171875 0.9393829874999999 0.409749478125
0 0.8958661250000001 0.026471476562500002 0.8898977140625 0.10943606875 0.9314098390625001 0.10597115625 0.9360566374999999 0.0292830140625 0.8958661250000001 0.026471476562500002
0 0.37958248125 0.9275138828125 0.3338601984375 0.9246590859375001 0.32573235 0.9609897140625 0.37376665937500003 0.9600029375 0.37958248125 0.9275138828125
0 0.62096315 0.35055489687499997 0.6289063203125 0.45594477031249997 0.634667184375 0.4647385546875 0.666264140625 0.45716305312500005 0.68613270625 0.456874809375 0.6987374156249999 0.434282609375 0.7040586546875 0.43046957656249996 0.7044217390624999 0.4478224421875 0.7739353359375001 0.44876284687499995 0.7766546984375 0.4238009609375 0.7895173796875 0.4199493671875 0.7862058671875001 0.34199684375 0.76790081875 0.3437895578125 0.7620348421875 0.336383515625 0.62096315 0.35055489687499997
0 0.6800685359374999 0.6660785625 0.6660057796875 0.6657620171875 0.6639779109374999 0.705875684375 0.6728912734375 0.7074697203125 0.6769125921875 0.7298905609374999 0.667963125 0.7373115609374999 0.6663643312499999 0.7496140265625 0.6720389875 0.7587454984375 0.6677701671875 0.7796159 0.7598956828125 0.7763353484375 0.7676880953125 0.7265560062499999 0.742944321875 0.7258359859375 0.736559678125 0.6284202328124999 0.7324140328125 0.6257848484374999 0.6996482281249999 0.637585175 0.6949777687500001 0.6506837 0.679234721875 0.6549403593750001 0.6800685359374999 0.6660785625