0 0.3213511578125 0.4453661765625 0.3302311140625 0.456806553125 0.3461555265625 0.45356101875 0.3496567875 0.4970368890625 0.31945532499999996 0.5068508875 0.438868009375 0.5289709015625 0.49674308749999996 0.5123526421875 0.5103560734375 0.5022476078125 0.497296759375 0.4904719359375 0.4968649046875 0.47448559687499997 0.506276496875 0.464049028125 0.5073864484375 0.43689479843749995 0.484197309375 0.418044209375 0.4333229171875 0.408600515625 0.426595603125 0.3934845046875 0.36692315 0.39350566875 0.3384365265625 0.39319440625 0.32827773437499996 0.40788773437500003 0.3264205828125 0.4392987265625 0.3213511578125 0.4453661765625
0 0.354671075 0.03102965625 0.349281596875 0.0734239484375 0.362451175 0.095355234375 0.36268928749999996 0.10352711562500001 0.3935878015625 0.118984528125 0.426084946875 0.007809378125 0.36352524062499997 0.0184983125 0.36171360625000004 0.034137965625 0.354671075 0.03102965625
0 0.8795291265625 0.5094794796875 0.8764085890625 0.4767517703125 0.8766942828125 0.44387551406250003 0.6291725609375 0.42393401875 0.629620971875 0.45841861093749997 0.7135849421875 0.4660411578125 0.7057175953125 0.496813725 0.8795291265625 0.5094794796875
0 0.3401281390625 0.20538516874999999 0.3562261390625 0.22232200937500002 0.35088265937499996 0.23516602656250002 0.34051245625000004 0.23226127812500003 0.33690349531249997 0.24889240156249998 0.3800391171875 0.29136796249999997 0.37980913437499997 0.298136996875 0.40063340625 0.31214473125 0.40344052656249996 0.30032720625 0.4285634046875 0.3240258734375 0.442044478125 0.3025598515625 0.4854693015625 0.3298611953125 0.5024642171875 0.249713721875 0.509928890625 0.2536167875 0.5178857515625 0.1858952015625 0.4462009953125 0.1592476234375 0.441306696875 0.16891236874999999 0.4009391296875 0.15765066875 0.40755001718750006 0.14671168125 0.3781991734375 0.13562080781250002 0.3753463984375 0.14719519375 0.3623273890625 0.1694263375 0.3756689296875 0.1827050515625 0.369723171875 0.19512728125 0.35096819375 0.1832981953125 0.3401281390625 0.20538516874999999
0 0.4665623375 1 0.47488740625 0.9954953156249999 0.477809371875 0.903745359375 0.3385332953125 0.8803654125 0.33269116875 0.901575628125 0.31512688125 0.8988734875000001 0.32131768125 0.9785954218749999 0.3728347421875 0.9973965703125 0.4061200359375 1 0.4665623375 1
0 0.361759196875 0.6637144484374999 0.393829875 0.682507553125 0.508368071875 0.6847236953125 0.5084444953125 0.5596515390625 0.4597365640625 0.5684072046875001 0.42668665 0.56317245625 0.4102396296875 0.5690851109375 0.38151870312499997 0.5786689609375 0.3814681703125 0.550663625 0.395840678125 0.544603540625 0.401297334375 0.535390215625 0.3176155015625 0.51909626875 0.307997840625 0.677896075 0.361759196875 0.6637144484374999
0 0.5247977421875001 0.0584688640625 0.5275664796874999 0.0770900109375 0.5421759890625 0.08791643593750001 0.5488036046875 0.0031928453125 0.48591113437500005 0.0028269484375 0.48081056093749996 0.030716103124999998 0.49526256875 0.042641634375 0.49429449999999997 0.05638058124999999 0.505280715625 0.059659145312499995 0.5130454984374999 0.05329085625 0.5247977421875001 0.0584688640625
0 0.0746213 0.551124115625 0.0673170375 0.5865911374999999 0.2146263875 0.6169023359375 0.2218723328125 0.56743829375 0.209580709375 0.5679871750000001 0.2128944796875 0.5004885906250001 0.22975992031249998 0.4992266671875 0.2307910578125 0.4414941 0.2197493046875 0.437677521875 0.2265139296875 0.377414071875 0.1555014078125 0.3625826671875 0.1290783421875 0.3759258109375 0.11634331406250001 0.4320080703125 0.1064367125 0.42503189218750004 0.080391928125 0.5351045937500001 0.089735315625 0.5573702453125 0.0746213 0.551124115625
0 0.0046375484375 0.3985499796875 0.1064367125 0.42503189218750004 0.1375827125 0.3174182484375 0.003207196875 0.2756257625 0.0046375484375 0.3985499796875
0 0.17368135 0.8653931937499999 0.1751111390625 0.823470140625 0.1921097765625 0.8217063921875001 0.19939816562499998 0.7668969328124999 0.23045182656250002 0.7716743171875 0.2385841171875 0.7079149765625 0.20471781562500002 0.7048728578125 0.2146263875 0.6169023359375 0.0673170375 0.5865911374999999 0.052141743750000004 0.6970195078125 0.03977413125 0.6972848078125 0.05336315781249999 0.7167262859375 0.0450975875 0.7355674249999999 0.061568737500000005 0.7439541937499999 0.0513231734375 0.7687227375 0.07700049375 0.7798709515625 0.0730967265625 0.8384137109375001 0.09275567968750001 0.84064389375 0.091546375 0.8507968421875001 0.17368135 0.8653931937499999
0 0.49367747968750003 0.7848947984375 0.43601201562499997 0.7816758375 0.4369010578125 0.7236709875 0.4189064546875 0.7236430140625 0.40175031875 0.7147573406250001 0.39180589375 0.733862515625 0.36859283593750003 0.7496456578124999 0.3411095796875 0.761823996875 0.30550495 0.7604248359375 0.2981914 0.8668180578125 0.434378 0.8852508296874999 0.448078103125 0.8822712781250001 0.4896374328125 0.8888580703125 0.49367747968750003 0.7848947984375
0 0.1179179515625 1 0.11678156718749999 0.987855328125 0.1545844921875 0.9975705187499999 0.156479084375 0.9412873125000001 0.1761895953125 0.9408852265625001 0.1526572171875 0.8915014843750001 0.12087946093749999 0.9006723015625001 0.11163332968749999 0.8811047421874999 0.0698176125 0.8818730796875001 0.091998353125 1 0.1179179515625 1
0 0.145227178125 0.0557966546875 0.000936121875 0.080450184375 0.0020566203125 0.17674547499999999 0.093933 0.2091018890625 0.10596344843750001 0.184028378125 0.1087172546875 0.14249504375 0.1169065765625 0.1398411234375 0.13696589374999998 0.1146504984375 0.1281985140625 0.094362384375 0.145227178125 0.0557966546875