0 0.88019174375 0.5102118625000001 0.8709528750000001 0.511464390625 0.8711892359375 0.49181010937499997 0.7823996234374999 0.49387796875 0.7841503390625 0.5114112578125 0.7593956265624999 0.5130251390625 0.7503669453125 0.5194392171875 0.744441215625 0.5516336140625 0.741444584375 0.630298509375 0.791081378125 0.6311968703125 0.796855153125 0.6207295046875 0.8298973999999999 0.61995996875 0.8301497921875001 0.6261578953125 0.8682246656249999 0.6221794218750001 0.8789458296875001 0.6064100453125 0.8725414890625001 0.6013927515625 0.8835150484375 0.5918213046874999 0.8863538562500001 0.5596988015625 0.8825578249999999 0.5173979234375 0.88019174375 0.5102118625000001
0 0.2358364765625 1 0.23124388125 0.9809899765625 0.2363315375 0.97314215625 0.2311595453125 0.9659400828125 0.24203928281249998 0.9525671750000001 0.1999820453125 0.9476072828125 0.1827563765625 0.9504086203125001 0.18477583749999998 1 0.2358364765625 1
0 1 0.48321834375000006 0.9204056546875 0.48238536249999997 0.9141861734375001 0.6087013906250001 1 0.6223617781249999 1 0.48321834375000006
0 0.082736975 0.5628949078125001 0.068457790625 0.5646716265625 0.0683315328125 0.5086572484375 0.00294155625 0.505610596875 0.0029596906249999997 0.5087275109375 0.010787317187500001 0.7009483921874999 0.0748064609375 0.7031025609375 0.073901253125 0.7332883796874999 0.1442954984375 0.735249178125 0.1445490703125 0.688562171875 0.13018217031249998 0.688184859375 0.1364351125 0.682994825 0.1395530390625 0.6362614515625 0.1323253140625 0.634985615625 0.1345173140625 0.600457675 0.1517775328125 0.6014998609375 0.1582589859375 0.498589471875 0.086566121875 0.49818444375000004 0.082736975 0.5628949078125001
0 0.595229878125 0.6333986625 0.546380984375 0.6323802484375001 0.54430608125 0.6518129234375001 0.5191466078125 0.65097505 0.5197411484375001 0.6301326875 0.46455077187500005 0.632129953125 0.44719376562499996 0.646182559375 0.44044316562499997 0.709537240625 0.563104265625 0.72606488125 0.5740821687500001 0.713605003125 0.5737023390625 0.70427763125 0.588069240625 0.7046549453125001 0.5922584203125 0.683728865625 0.595229878125 0.6333986625
0 0.1032436953125 1 0.10307605156249999 0.9909720125 0.12042419374999999 0.9911781953125001 0.11994727499999999 0.9355381109375 0.0201760796875 0.9315055593749999 0.0229653125 1 0.1032436953125 1
0 0.8126166843749999 0.2689829171875 0.834439703125 0.2762446828125 0.8421976250000001 0.276064003125 0.8498332078124999 0.29484337968749996 0.8921194625 0.29644178125 0.903495540625 0.2797825171875 0.9020678999999999 0.26519105781249996 0.9322282078124999 0.267031184375 0.930730228125 0.25071242968749996 0.9497087890625 0.2520197 0.9501319640625001 0.23994801875 0.955600621875 0.2484449640625 0.9617009875000001 0.24999113906249998 0.9631302843749999 0.2646232421875 0.98127370625 0.265888940625 0.9843950421875001 0.23571253125 0.8435306718750001 0.1605404640625 0.8091624968750001 0.16219517187500002 0.771919046875 0.13617261249999998 0.7765038609375 0.2612403359375 0.7899689046875 0.26143525156249997 0.8022998671874999 0.2692231890625 0.8126166843749999 0.2689829171875
0 1 0.7647734203125001 0.9725292046874999 0.7644921421875 0.8777740062499999 0.76383095 0.721955734375 0.7617238921875 0.72071665 0.8550946078124999 0.7306225640624999 0.8692241890625001 0.7454483578125 0.8803712015625 0.7727112828125 0.880448175 1 0.8801429921875 1 0.7647734203125001
0 0.5240819906249999 0.035869687500000004 0.48760305625000006 0.03610905 0.45760259531249997 0.048178 0.45488533281250004 0.05483155468749999 0.44534393593750005 0.055643637499999996 0.44079437187500004 0.061729657812500005 0.421118728125 0.0777482578125 0.4189128703125 0.096960240625 0.41827405781250004 0.11072519218750002 0.59306299375 0.1144448078125 0.601386078125 0.09869060156250001 0.60224911875 0.0609798375 0.5818179515625 0.058445296875 0.577342246875 0.051369390625 0.56180609375 0.051731218749999995 0.55862625 0.04702529375 0.5280940765625 0.0465362921875 0.5240819906249999 0.035869687500000004
0 0.5447621046875 1 0.545270746875 0.9835008515625001 0.509380765625 0.9837265000000001 0.5086934796875 1 0.5447621046875 1
0 0.180162371875 0.7813797203124999 0.139382821875 0.7838346406250001 0.13537816875 0.86919464375 0.1787371640625 0.869181515625 0.180162371875 0.7813797203124999
0 0.754114178125 0.171674378125 0.7557068765625 0.166857303125 0.7560480203125 0.1602590859375 0.753432303125 0.1549298109375 0.7477343875 0.1472925 0.7416419875 0.14444435625000002 0.7337901078125 0.14281693281250002 0.7225315046875 0.14488942968750002 0.71918015625 0.15094754375 0.7140656390625 0.15763659218749998 0.7092200640625 0.1709299875 0.6810318046875 0.1685964453125 0.6792005421875 0.153078728125 0.66077583125 0.15588765 0.6603380750000001 0.1451378015625 0.6551790140625 0.1367556875 0.6473247203125 0.13407061874999998 0.6365122890625 0.1331223546875 0.6269912 0.13393396562499998 0.6223936421875 0.1388413640625 0.6173242609375 0.14613956875 0.6165886265625 0.15752695625 0.607874746875 0.178660115625 0.6065739515625 0.20562103125000003 0.6107528171875 0.2198839921875 0.6219346984375 0.23040395624999999 0.6249153515625 0.244694825 0.6380751765625 0.2593588359375 0.6408355015625 0.2832147984375 0.66211921875 0.2917095453125 0.6778258375 0.295533859375 0.6999945203125 0.29680751562499996 0.7279837984374999 0.293755496875 0.742078446875 0.2874471796875 0.7367945 0.2749999046875 0.7486383640625001 0.27232390624999997 0.7685095125 0.246130578125 0.7660653015625 0.2300372671875 0.75525286875 0.2290890015625 0.754114178125 0.171674378125
0 0.9436739984375 0.2970107140625 0.9313073421875 0.33177561718750004 0.9415688781249999 0.39357469375 0.9983519890625001 0.392252246875 0.9943938765624999 0.29505400000000004 0.9436739984375 0.2970107140625
0 0.01856418125 0.8425030359375001 0.022918240625 0.84659174375 0.02962441875 0.8500358015625 0.03507904375 0.8516987171875 0.10363688906249999 0.8465018000000001 0.10840080781250001 0.8751317640625 0.13277144999999999 0.8715741546875 0.131232509375 0.848259275 0.1190034015625 0.8419741515625001 0.119772690625 0.7874847843749999 0.112603721875 0.7876517453125 0.1075247296875 0.7363089515625 0.0566801703125 0.73570314375 0.0121642890625 0.7347622874999999 0.0164366984375 0.8396786671875001 0.01856418125 0.8425030359375001
0 0.49051342187499997 0.8548623171875 0.491569890625 0.8368771859375 0.5550868671875 0.8401778921874999 0.557069534375 0.82996154375 0.5768381 0.830701225 0.5766723578125 0.8121546875 0.583252375 0.8120014421875 0.5851230593750001 0.755106603125 0.44427098750000005 0.7476269249999999 0.44193299531249997 0.8075226796875 0.4359862375 0.8082510453125 0.43515275000000003 0.8322110484374999 0.4435199328125 0.8320161796875001 0.43913611093749993 0.8566487359374999 0.485277259375 0.858564165625 0.4856717453125 0.8537749968749999 0.49051342187499997 0.8548623171875
0 0.56961184375 0.24640996093749998 0.5713549140625 0.2308089984375 0.5743606 0.23073899843749998 0.5781343296875 0.2061003109375 0.5723147703125 0.1954758015625 0.5719250109375 0.1859045734375 0.5605484515625 0.185579659375 0.5577862640625 0.1766535546875 0.5461867234375 0.17035376875 0.510272746875 0.1699901046875 0.49666571406250004 0.1732970359375 0.493997275 0.181149534375 0.4838226171875 0.18138649843750002 0.4605178484375 0.240570475 0.4461454234375 0.283986059375 0.44748434374999996 0.31686555781250003 0.45768175156249996 0.3471385890625 0.4594354671875 0.375228446875 0.47086085000000005 0.3767523078125 0.47682770625000004 0.39099396875000003 0.48967428281250003 0.3984647921875 0.5151655890625 0.40745141875 0.5413473921875 0.4044414953125 0.5609264265625 0.371074828125 0.5605126703125001 0.36091429062499997 0.5708136968749999 0.34930413125 0.568835965625 0.330189584375 0.5630892265624999 0.321353328125 0.5653937671875 0.2895890546875 0.575548115625 0.2893525640625 0.5807641765625 0.2706806890625 0.57878644375 0.251566140625 0.5737217875 0.2445039515625 0.56961184375 0.24640996093749998
0 0.5888769125 0.6166641312500001 0.595131003125 0.5411168046875 0.5680624828124999 0.5108705687499999 0.547889465625 0.5091843093749999 0.5467988312500001 0.499873490625 0.4620761296875 0.4989786453125 0.45782912031249995 0.570899325 0.4790340171875 0.5804536078125 0.49984876875 0.6158695562500001 0.5193494249999999 0.6190156390625 0.52238755625 0.623236696875 0.581181228125 0.621867425 0.5888769125 0.6166641312500001
0 0.7426057296875 0.411714425 0.7465267609375 0.3906928890625 0.74481735 0.36319186875 0.7376040749999999 0.3627699921875 0.7377066578125 0.33583698281249996 0.742499509375 0.3357253609375 0.7428261093749999 0.2998170390625 0.6770831734375 0.3007582875 0.6479436781250001 0.305016828125 0.6482608265625001 0.2978293015625 0.6106813265625 0.3004944578125 0.6109935390625 0.322637825 0.6032393093749999 0.3234082859375 0.6025916609374999 0.380884853125 0.6216736296875001 0.3792403640625 0.624921359375 0.415065440625 0.7426057296875 0.411714425
0 0.7344724890625 0.6722399578125 0.7358258171875 0.7484033828125 0.8608712078125 0.74860321875 0.8676099046875001 0.7313807265625 0.8667637718750001 0.6926317281250001 0.8609757953124999 0.6927665281250001 0.8608979828125 0.63744259375 0.7435985125 0.6427576578124999 0.7409597921875 0.664318859375 0.7344724890625 0.6722399578125