0 0.7865194296875 0.3678088953125 0.6967147578125 0.35040509062499997 0.6707268125 0.358267278125 0.6488482609374999 0.4207130109375 0.6755314890624999 0.453959090625 0.6992021875 0.45830908125 0.6987634640625 0.4646659265625 0.7738590734375 0.48621024999999995 0.8135142234374999 0.40310236406250005 0.8049704546875001 0.3882579421875 0.7865194296875 0.3678088953125
0 0.0685652546875 0.9446208359374999 0.08158829375 0.8981815203125001 0.0618588859375 0.87535171875 0.0579139859375 0.874628146875 0.0685652546875 0.9446208359374999
0 0.057928995312499995 0.87472678125 0.0634111125 0.87575205 0.0878273265625 0.790222759375 0.043644425 0.780858571875 0.057928995312499995 0.87472678125
0 0.7631426078125 0.5181272859375 0.6327031296875 0.48177548437500006 0.627460784375 0.4702860484375 0.588223575 0.5712600937500001 0.5954129015625 0.5842039328124999 0.6152275015625001 0.5884138937500001 0.6191037421875001 0.5948461734375 0.636988225 0.6016324796875 0.637684478125 0.60620776875 0.7308781093750001 0.63440164375 0.7642292687500001 0.5557875140624999 0.7495047296874999 0.5468065578125 0.7631426078125 0.5181272859375
0 0.5898232812499999 0.8819268156250001 0.59209060625 0.8548268515625 0.5843358046875 0.8343871734375 0.5095898125 0.8129003296875 0.449895159375 0.9359595390625 0.46397135624999997 0.9636396125 0.493270471875 0.9729162109375 0.5013424390625 0.964780628125 0.5350577249999999 0.9763377 0.5605294578125 0.9069843687500001 0.5798041265625 0.9153461374999999 0.59415890625 0.9179773625 0.6003024703125 0.897309678125 0.5898232812499999 0.8819268156250001
0 0.9453395640625001 0.7747551765625 0.9391489046875 0.7680938765625 0.9544798984374999 0.7319209109375 0.9069949984375001 0.7168180093750001 0.9084547296875 0.7098906484375 0.88095051875 0.6995291484374999 0.8689188718749999 0.6920042890625 0.8375537015625 0.6838507625 0.8161400109375 0.724571690625 0.8084134921875 0.750797028125 0.795410296875 0.7752471359374999 0.8600521171875 0.7943152812500001 0.8625486125 0.7881809046875 0.9345887093749999 0.8106461578124999 0.9453395640625001 0.7747551765625
0 0.465036590625 0 0.40523831406250005 0.008417865625 0.3976758265625 0.0231609203125 0.4032052265625 0.04395655 0.4128708625 0.04797340625 0.4104770703125 0.058702609375000006 0.47301169375 0.0738635546875 0.4706218953125 0.080559071875 0.4927803984375 0.08687175625 0.50031425 0.0700201453125 0.5276971640625 0.0776246125 0.552925446875 0.0103114453125 0.5090046921875 0.0011299375 0.509400725 0 0.465036590625 0
0 0.23927575625 1 0.23913474531249998 0.999963396875 0.24155695000000002 0.9849410000000001 0.209770921875 0.97836180625 0.2126292671875 0.97040533125 0.1877727234375 0.9675026296875 0.179626446875 0.9482703796875 0.1227672578125 0.9411449624999999 0.1328404734375 0.9577799734375001 0.12141259374999999 0.997201884375 0.1219568 1 0.23927575625 1
0 0.2054897328125 0.05228506875 0.1941240859375 0.048016721875 0.196639996875 0.0452298765625 0.17407430625 0.0409590640625 0.1482421671875 0.04459548125 0.134669659375 0.09159598906250001 0.126274753125 0.09200953437500001 0.11522842656250001 0.13043880624999998 0.12225281875 0.142018809375 0.1331726 0.14391724374999998 0.1387604484375 0.1387774234375 0.155860021875 0.16210546718750002 0.1792769421875 0.1505080640625 0.1635995765625 0.12070606718750002 0.2058491515625 0.11232587499999999 0.22706598437499997 0.120990403125 0.24438402187500002 0.0758953109375 0.2332512296875 0.07259713125 0.2391114140625 0.0538471953125 0.2082981234375 0.0421803578125 0.2054897328125 0.05228506875
0 0.4605286484375 0.837838409375 0.47081465 0.8329121359375 0.4765513828125 0.821050825 0.46821171250000004 0.8082475828125 0.476716265625 0.776215134375 0.3870073984375 0.7556609703125 0.3803595109375 0.7501950171875 0.3627880671875 0.8102846156249999 0.3667083875 0.820786490625 0.3822335578125 0.8273287609375 0.37611235625 0.8596232031250001 0.40880807812500003 0.86840031875 0.40627622656250006 0.874582353125 0.438497809375 0.8840237125 0.44704794843749995 0.867690553125 0.45397274843749996 0.859716459375 0.4605286484375 0.837838409375
0 0.340379903125 0.23828152500000002 0.249305571875 0.22261421874999998 0.2178123734375 0.2211792484375 0.1726332796875 0.33504643125 0.1982709453125 0.3391622078125 0.20126910156250002 0.3483641671875 0.2097249515625 0.35605096875000003 0.288255646875 0.37132878593749996 0.30116445625 0.3686580296875 0.3060117375 0.36313165625 0.34390022343750004 0.25035479843749997 0.340379903125 0.23828152500000002
0 0.66236520625 0.2896009 0.6701854953125 0.290591278125 0.713125759375 0.1832916671875 0.70543719375 0.16482721718749999 0.637640475 0.1408470296875 0.6145041109375 0.16296787968749998 0.604283903125 0.1644065890625 0.5915952515625 0.18644375625 0.5806613234375 0.19705212968750002 0.5653790421875 0.24320502031250002 0.5803128828124999 0.2955606 0.617101646875 0.3036548375 0.6220892453125 0.2952705890625 0.6544131937500001 0.3060845921875 0.66236520625 0.2896009
0 0.4872803015625 1 0.4764016390625 0.9971636125 0.477852121875 0.9876555015624999 0.4400880546875 0.9760922203125 0.4295325765625 1 0.4872803015625 1
0 0.1711724890625 0.506883865625 0.1901917078125 0.51090704375 0.189141634375 0.5370461015625 0.2104980546875 0.5399080359374999 0.20276605937499997 0.5770171765625001 0.2575528359375 0.5852238843750001 0.2715715953125 0.5178882453125 0.1292994296875 0.490158746875 0.154300159375 0.505908734375 0.1711724890625 0.506883865625
0 0.286384790625 0.060700234374999995 0.248852140625 0.1748353921875 0.22504589218749999 0.1687546640625 0.217924140625 0.19265424375 0.24216068906250002 0.194982703125 0.2467107078125 0.18288300156249998 0.25617385000000004 0.1987289828125 0.3587397546875 0.22733199375000002 0.3959379046875 0.1045588390625 0.3803265890625 0.08149075624999999 0.286384790625 0.060700234374999995
0 1 0.54716425 0.9897272718749999 0.5352897234375 0.878260290625 0.5065740125 0.82726579375 0.6277256343750001 0.8399374046875 0.6561155750000001 0.854179084375 0.6616435234375 0.851443578125 0.6712471718749999 0.9057289125000001 0.687078571875 0.9190354562499999 0.6810015593750001 0.9687127125 0.6941313765625 1 0.6144317375 1 0.54716425
0 0.29184547968749996 0.3876387921875 0.194453759375 0.36993731093750004 0.18024829375 0.35680748281249997 0.156118628125 0.4312000125 0.1730516609375 0.4392939171875 0.2675023796875 0.4644086890625 0.29184547968749996 0.3876387921875
0 0.30432687187499996 0.9889083781249999 0.3244062953125 0.8993802984375 0.334908059375 0.899651775 0.3484948484375 0.84767720625 0.341433121875 0.8317919249999999 0.252420509375 0.81581305 0.243224346875 0.85842044375 0.1768180234375 0.8497368406250001 0.170887896875 0.868027159375 0.1780377859375 0.8920516328125 0.1980240640625 0.897389746875 0.179626446875 0.9482703796875 0.1869047921875 0.9617991859374999 0.2013454125 0.9649944890625 0.2024299609375 0.9683414562499999 0.30432687187499996 0.9889083781249999
0 1 0.4439985796875 0.892401190625 0.42520127499999993 0.8650807953124999 0.492766275 0.878260290625 0.5065740125 0.9897272718749999 0.5352897234375 1 0.538061703125 1 0.4439985796875
0 0.021345 0.625922515625 0.0316278234375 0.6209753499999999 0.0473613484375 0.5640679609375 0.03783189375 0.5624859515625 0.0398037703125 0.5564040859375 0.052333876562500006 0.5203053140625 0.0484336 0.5138550765625001 0.014851409375 0.5069525703125 0.011061007812499999 0.5010843687500001 0.005822296875 0.5003670265625 0.0062248625 0.5349634062499999 0.020019000000000002 0.6256088265625 0.021345 0.625922515625
0 0.63562560625 0.73393575625 0.6275968625 0.753695159375 0.67566693125 0.7678834546875 0.685101215625 0.74210056875 0.6613036812499999 0.7308971875 0.66578650625 0.7221358718750001 0.6815691921875 0.730370371875 0.711136959375 0.6651137375 0.694939575 0.6540141359375 0.628418690625 0.633097915625 0.6352167515625 0.6205110406250001 0.587256559375 0.606904778125 0.5553527 0.67598990625 0.5591677859375 0.7010599828124999 0.5429278281250001 0.6975204765624999 0.5385301921875 0.6876619515625 0.527017334375 0.7189655625 0.5340558375 0.7307783109375 0.6117242984375 0.7524299140624999 0.6213775234375001 0.7318656734375 0.63562560625 0.73393575625
0 0.57143509375 0.5167969343750001 0.5546056765625 0.5114838890625 0.5585536656250001 0.49626804375000005 0.5137347828125 0.48580457343749994 0.511066225 0.49108826250000004 0.46559878593750004 0.485602784375 0.45455474999999995 0.463428190625 0.4232505890625 0.518814440625 0.42533818281249997 0.5645920656250001 0.5445246296875 0.5918156515625 0.57143509375 0.5167969343750001
0 0.5031133750000001 0.2503911171875 0.410164171875 0.23332327656250001 0.3913470171875 0.3021666203125 0.499230534375 0.323854015625 0.504395103125 0.31047280312500003 0.49023598437500004 0.303247428125 0.49396210625 0.29301352812500003 0.49232095 0.285028934375 0.48718140625000006 0.280374934375 0.4877685859375 0.271073709375 0.4898513515625 0.26600051874999997 0.4992242546875 0.2671137640625 0.5031133750000001 0.2503911171875
0 0.9757679765624999 0.27024213750000003 0.9493318093750001 0.3450176609375 0.9499535546875 0.3582031671875 0.9905368828125001 0.3672930484375 0.9757679765624999 0.27024213750000003
0 0.0742227265625 0.650423759375 0.07762683125 0.639893759375 0.1114531953125 0.647700821875 0.13343822656249998 0.6437737343750001 0.16574083125 0.6526275296875 0.18966750625 0.5788610734375 0.16697764375 0.57283658125 0.16460593125 0.55725135 0.1160772828125 0.5406095750000001 0.0911750875 0.5474866875 0.0800408859375 0.534799425 0.06315127499999999 0.5832698296875 0.0705085171875 0.5931171749999999 0.0506758515625 0.58920850625 0.032764803125000005 0.6420265374999999 0.0742227265625 0.650423759375
0 0.5692602640625 0.47030605468750003 0.5871125484374999 0.41822183125 0.5436702640625 0.407564575 0.5548024734375 0.366199734375 0.5384338484375 0.35943476875 0.5170744468749999 0.3610331625 0.4136764171875 0.3413817515625 0.40125502187500006 0.36965504375 0.39332981718750004 0.3679752390625 0.3900806453125 0.35586379375 0.3703962953125 0.350269784375 0.349889778125 0.4215915671875 0.5692602640625 0.47030605468750003
0 0.004743034375 0.40761541718750005 0.0313465890625 0.40171119843750003 0.1353291578125 0.4197438953125 0.17182303593749998 0.31320237500000003 0.063126071875 0.2916294890625 0.0268385171875 0.28416889375 0.004213753125 0.36212907968749997 0.004743034375 0.40761541718750005
0 0.2490452125 0.0304053328125 0.3188845765625 0.045370209375 0.3323668921875 0.0386282765625 0.3417685578125 0.017352570312500003 0.2490452125 0.0304053328125