0 0.7287929984375 0.562545453125 0.5897779328125 0.43723276406249995 0.523254978125 0.4964791953125 0.655218103125 0.6170634875000001 0.7287929984375 0.562545453125
0 0.4251360421875 0.6323978484375 0.421262384375 0.6364958578125 0.40351596718750005 0.628343740625 0.38728981406249996 0.6565383687499999 0.43343410625 0.680788559375 0.45211279375 0.648902840625 0.43360177499999997 0.6414918265625 0.43496220625 0.63655905 0.4251360421875 0.6323978484375
0 0.8283550375000001 0.7596078546875 0.7816881609374999 0.7185725328125 0.764616334375 0.7492070203125001 0.7946204640625 0.7703206781249999 0.809544621875 0.7686212609374999 0.8283550375000001 0.7596078546875
0 0.5956799937499999 0.4102133390625 0.507646815625 0.4722781109375 0.523254978125 0.4964791953125 0.655218103125 0.6170634875000001 0.6662739484375 0.617449409375 0.7023967718749999 0.6343359125 0.751635634375 0.5319256421875 0.7428553265625 0.5256428359374999 0.7669320421875 0.4883842484375 0.7429851875 0.47103046718749997 0.736741503125 0.4779509015625 0.7229308999999999 0.469272134375 0.71745914375 0.47067896875 0.6981479734375 0.456620421875 0.67808944375 0.474658490625 0.5956799937499999 0.4102133390625
0 1 0.5040844578125 0.9658306187499999 0.49723621875 0.9655350328125 0.49120808125000004 0.9013758187500001 0.473903203125 0.8896993468750001 0.5126529468750001 1 0.545314621875 1 0.5040844578125
0 0.8693307203125 0.5761043546875 0.8852230609375 0.5479810796875 0.8648901546875001 0.535899721875 0.8378024406250001 0.5696292749999999 0.84867098125 0.5771677890625 0.8693307203125 0.5761043546875
0 0.3322578296875 0.31857404218749996 0.487580253125 0.4567821203125 0.6282346375000001 0.35032071875000004 0.469771446875 0.2088073375 0.3322578296875 0.31857404218749996
0 0.6791190234375 0.3421778921875 0.511910528125 0.18039668281250001 0.469771446875 0.2088073375 0.6282346375000001 0.35032071875000004 0.6391858874999999 0.37124658125 0.6791190234375 0.3421778921875
0 0.30679565000000003 0.3333108234375 0.349218096875 0.2945137578125 0.31771730625 0.26367784375 0.2735945984375 0.29436413125 0.30679565000000003 0.3333108234375
0 0.2162887671875 0.24752065 0.2566672234375 0.21448329375 0.156336296875 0.1146337171875 0.118936559375 0.149020115625 0.2162887671875 0.24752065
0 0.2670072796875 0.23580284375 0.25637575625000003 0.21986840624999998 0.22507310781249998 0.24471461562500002 0.23539599375 0.25607303593749997 0.2670072796875 0.23580284375
0 0.453506871875 0.1289911375 0.42920940781250005 0.10708062812500001 0.40838874374999995 0.1230792390625 0.3548497046875 0.15964141406250001 0.373633065625 0.17764499843749998 0.453506871875 0.1289911375
0 0.0967828453125 0.0270188671875 0.09540041406250001 0.0221978578125 0.0828523390625 0.0074415859375 0.0641748609375 0.02679368125 0.0722975890625 0.0372452578125 0.041892221875 0.060109931250000005 0.0935076125 0.1168605671875 0.14720452343749998 0.07351829062500001 0.132483278125 0.0593709484375 0.1456082890625 0.049349792187500005 0.1403537546875 0.04321080625 0.1257352703125 0.05317983281250001 0.0967828453125 0.0270188671875
0 0.15679785468750002 0 0.12232095624999999 0.026852007812500002 0.1616136828125 0.06184036875 0.1999293890625 0.0318021734375 0.1984996453125 0.0290131203125 0.16713202968750002 0 0.15679785468750002 0
0 0.20382625468749999 0.024924326562499998 0.22207332656249998 0.0115750265625 0.20796948125 0.00033363749999999997 0.18945330625 0.010083603125 0.20382625468749999 0.024924326562499998
0 0.326713359375 0 0.3335026671875 0.006562421875 0.3414810484375 0 0.326713359375 0
0 0.431624825 0.02741845625 0.4176859734375 0.015332032812499998 0.3949652078125 0.030019251562499998 0.4092986359375 0.0429909953125 0.431624825 0.02741845625
0 0.461141878125 0.0168489296875 0.4374697765625 0.034947623437500006 0.439557009375 0.038029390625 0.41458872343750003 0.056518612499999996 0.42296664218749996 0.0667093328125 0.448880034375 0.09232844375 0.4562510125 0.0878129859375 0.47639576874999995 0.10084232500000001 0.46547865312500003 0.11054628124999999 0.4844033859375 0.1269362140625 0.5037108015625 0.11084327812500001 0.5083401921874999 0.115300353125 0.526372646875 0.0995779375 0.544594146875 0.11139883125000001 0.5547384890625 0.10100386562500001 0.483923228125 0.037004928124999996 0.461141878125 0.0168489296875
0 0.559723496875 0.1998493640625 0.6166335890625 0.15670225468750001 0.6114070390624999 0.15025298125 0.6214891359375 0.1407481390625 0.588180403125 0.10731748125 0.566218359375 0.12597389375 0.559823959375 0.1188613203125 0.55184365 0.1272567140625 0.5638524859375 0.138424975 0.569881896875 0.13624906406249998 0.5748108234375 0.1421069171875 0.5666096203125 0.148398740625 0.543256715625 0.12425933125 0.504332765625 0.15188991875 0.559723496875 0.1998493640625
0 0.9342367046875 0.268908815625 0.9547996187500001 0.211378253125 0.9010689859375001 0.2026755875 0.8811713234375 0.2583825234375 0.9342367046875 0.268908815625
0 0.747299196875 0.0236420359375 0.74528396875 0.013901676562500001 0.6880093781250001 0.0062581171875 0.6621749343750001 0.005356325 0.66105775625 0.053335378125 0.75457236875 0.0625552203125 0.7636618046875 0.023466159375 0.747299196875 0.0236420359375
0 0.7867719484375 0.0785369875 0.810546415625 0.0801139125 0.81037309375 0.0875575078125 0.82222436875 0.0894445234375 0.8276726578125 0.0792384015625 0.8781018578124999 0.08618648906250001 0.89005369375 0.0516588296875 0.8784621625 0.038616789062500004 0.8539752359375001 0.035541665625 0.8522172984375 0.041498121875 0.83247030625 0.0390242265625 0.8301887499999999 0.03180620625 0.7849992046875001 0.027178382812500002 0.7736869421875 0.0654428125 0.7867719484375 0.0785369875
0 0.885778971875 0.11577577812499999 0.8905521000000001 0.0962288453125 0.871232496875 0.0941226375 0.86759640625 0.1111983765625 0.885778971875 0.11577577812499999
0 0.915904525 0.119192984375 0.9060703734375 0.153711559375 0.9092833656250001 0.1637219890625 0.9531941953124999 0.163532425 0.9596956046875 0.1250378109375 0.915904525 0.119192984375
0 1 0.1355742828125 0.977601721875 0.13168067187500002 0.972852353125 0.1698214203125 1 0.1762261921875 1 0.1355742828125
0 0.621322465625 0.029329653125 0.64839546875 0.00487533125 0.5854160640625 0.002676934375 0.593231903125 0.011623718750000001 0.6103130375 0.02338405625 0.621322465625 0.029329653125
0 0.0066044375 0.45313738125 0.0057164734374999995 0.49127246874999997 0.006389400000000001 0.5491036515625 0.072687915625 0.57948518125 0.164935128125 0.3988504515625 0.06323312656249999 0.355209253125 0.0066044375 0.45313738125