0 0.44833108125 0.24496847968750002 0.45695905937500003 0.205523521875 0.4262744953125 0.196468153125 0.41798889843750003 0.23718313124999998 0.44833108125 0.24496847968750002
0 0.9136692109375 0.8769389078125001 0.8875192249999999 0.8802660375 0.8664252234375001 0.9196164953125001 0.9322704281249999 0.94362874375 0.9408085515625 0.8917269687499999 0.9136692109375 0.8769389078125001
0 0.17440913125 0.3738593171875 0.15968058125 0.4101730671875 0.193726859375 0.4186328296875 0.2092218515625 0.41479234531250003 0.2176630625 0.379699953125 0.17440913125 0.3738593171875
0 0.5523590796875 0.339563021875 0.5273278265625 0.3334085296875 0.5027562343749999 0.3901452140625 0.515174575 0.397634315625 0.5116607859375 0.41322979687499994 0.527672340625 0.418179825 0.5449624109375 0.4211222015625 0.551453725 0.400966090625 0.5606715015625 0.4028431921875 0.582268453125 0.3487728859375 0.5523590796875 0.339563021875
0 0.6135963656250001 0.361022203125 0.5838314687499999 0.419166421875 0.598189046875 0.4292107625 0.5942691203125 0.44378975781249996 0.62462525 0.4561821453125 0.6345052421874999 0.43312166875 0.6405707609375 0.43338276562500005 0.6641487296874999 0.3734365875 0.6400394640625 0.362481815625 0.6135963656250001 0.361022203125
0 0.983738628125 0.6307625046875 0.9773790984374999 0.6282671015625 0.9554166765625001 0.7057391921875 0.9704523125 0.711527709375 0.983738628125 0.6307625046875
0 0.8901651015625 0.5966149171875 0.8893013140624999 0.6018657375 0.87124395 0.59782338125 0.8466816312500001 0.6602679046875 0.848962640625 0.67334645625 0.93119633125 0.69465535625 0.9417548796874999 0.672966175 0.9632488468749999 0.644589571875 0.9565852359375 0.631073646875 0.9585666625 0.6190289109375 0.8901651015625 0.5966149171875
0 0.7460182343749999 0.6441507468750001 0.773008640625 0.65059458125 0.7803254734375 0.64311510625 0.803172709375 0.6570497359374999 0.8173893187499999 0.6092363421875 0.8120186531250001 0.6048853984375 0.8190107515625 0.5865109640624999 0.7910293984375001 0.578047815625 0.7789776390625 0.6159186875 0.754942209375 0.6075982765625 0.7585067999999999 0.590755621875 0.7724105109375 0.5754080687500001 0.7622722109375 0.5678663359375 0.7549905421875 0.57191481875 0.729583390625 0.5638897390625 0.7118409296875 0.6267017 0.7467231812499999 0.6334310171875 0.7460182343749999 0.6441507468750001
0 0.6957144359375 0.7215146015625 0.68799595625 0.7410873359375 0.756022259375 0.763503565625 0.764096503125 0.7305078515625001 0.7698902484375 0.7322869609375 0.7806661828125 0.7182578109375 0.7741669296875 0.7078983890625 0.7874038703124999 0.682126434375 0.7270578734375001 0.6612816015625 0.6957144359375 0.7215146015625
0 0.69421631875 0.7609170828125 0.680692403125 0.7909804828125 0.6784235375 0.7912333 0.6614887203125 0.8381434796875 0.7219102921875 0.8608077875 0.731171759375 0.83922835 0.7365482390625 0.8413991234375 0.7476574328125001 0.8182393812500001 0.7399505875 0.8032901046875001 0.7510168328125 0.7785147265625 0.69421631875 0.7609170828125
0 0.9229970468750001 1 0.9251667046875 0.98681103125 0.9120581515625 0.9836516640624999 0.9051700125 1 0.9229970468750001 1
0 0.7049947671875 0.89406146875 0.6284858890625 0.87883820625 0.6097186781249999 0.9595419390625001 0.6924798234375 0.9801915140625 0.70513118125 0.9165572265625 0.7049947671875 0.89406146875
0 0.340895046875 0.9432288796874999 0.319861034375 0.9536616578125001 0.3302990640625 0.9609900124999999 0.32157513125000003 0.982682959375 0.39961061249999996 0.9959628265625 0.414785421875 0.960562234375 0.41488320625 0.9277954046874999 0.3917046515625 0.91909205 0.3568116828125 0.9076020187499999 0.3494918375 0.93279463125 0.340895046875 0.9432288796874999
0 0.3336923046875 0.8521570359374999 0.32146835625 0.880216440625 0.3925499828125 0.9056422218750001 0.4005672515625 0.8838510484375 0.36854414062499996 0.8739509984374999 0.36999930000000003 0.8630945531249999 0.369420403125 0.8631282296875 0.3336923046875 0.8521570359374999
0 0.369420403125 0.8631282296875 0.4120234640625 0.8798960859375 0.40938289531249994 0.8912558203125001 0.43189013125000003 0.9049783671875 0.46169671093750003 0.9161536078125 0.4976309109375 0.8297568328124999 0.5003908953125 0.8222289375 0.40062591875000003 0.7892560421875 0.369420403125 0.8631282296875
0 0.4921479015625 0.7008844890625 0.447090053125 0.6875104015625 0.4394799765625 0.7060220203124999 0.42672105312499997 0.7187002437500001 0.43229605156249995 0.7265009046875 0.4191095953125 0.760411221875 0.46278370625000004 0.7750920609375 0.46645882812500006 0.7597223203125 0.49588325937500005 0.7662498921875 0.5126254203125 0.7131379953125 0.4921479015625 0.7008844890625
0 0.22603664218750003 0.919430428125 0.2114338 0.91315586875 0.05081076875 0.8843012734375 0.040090807812500004 0.9347807156249999 0.2185163953125 0.9651447015624999 0.22603664218750003 0.919430428125
0 0.2012744890625 0.7994388234375001 0.1906790640625 0.8364999984375 0.18164133124999998 0.8415715531249999 0.167957425 0.897407084375 0.24810336249999998 0.9121036359374999 0.25728419687500004 0.8562949312500001 0.26974229375 0.8465177890625 0.2711134515625 0.8269224171875 0.2685845671875 0.808514025 0.23735208281250003 0.8037277312500001 0.2012744890625 0.7994388234375001
0 0.1904323421875 0.7697674421875 0.11658347656250001 0.7549968515625001 0.1048169703125 0.7798733796875 0.0782360125 0.8679940546875 0.1008402890625 0.8740219484375 0.097673365625 0.8833533031249999 0.15745925624999998 0.8935275046875001 0.17446764374999998 0.8300838859375 0.1835307453125 0.8283434671875 0.19588036874999998 0.7767313140625001 0.1904323421875 0.7697674421875
0 0 0.8512099953125001 0.0132645765625 0.8531479046875001 0.0117414890625 0.8624064921875 0.060346623437500004 0.8703034390625 0.076261021875 0.808281978125 0.079185790625 0.78822394375 0.0537761671875 0.775924253125 0.038258795312499996 0.7983999171875 0 0.790819059375 0 0.8512099953125001
0 0.142231978125 0.614634075 0.12704348593749998 0.6085682968749999 0.103269796875 0.7085792296875 0.129375075 0.7139691296875 0.1338234625 0.6928264328125 0.1476284109375 0.6764706359375 0.18348059375 0.6901728687500001 0.19849687031250002 0.6451393890625 0.186651271875 0.6380561984375 0.1919570203125 0.6230961484375 0.142231978125 0.614634075
0 0.26978094218750004 0.6191991921875 0.24449295937499999 0.6164820484375 0.237057046875 0.6520319359375 0.2733054078125 0.6575616578125 0.28274992656250003 0.6252177390625 0.26978094218750004 0.6191991921875
0 0.34917297812500003 0.5577794140625 0.31814651718750003 0.554019615625 0.3036353328125 0.607511175 0.3525646703125 0.6181291546875001 0.3698163609375 0.5643328515625 0.34917297812500003 0.5577794140625
0 0.61040978125 0.6140450890625 0.6356070796875 0.5399656203125 0.6409099625 0.517382040625 0.6270121453125 0.5131222046875 0.624848390625 0.520377021875 0.6139437812499999 0.515348709375 0.6068153265625 0.53347961875 0.5732505765625 0.521422471875 0.5538646609375 0.536850546875 0.54338323125 0.583272646875 0.5893192046875 0.5993518718749999 0.58907463125 0.6066028109375 0.61040978125 0.6140450890625
0 0.7686617671875 0.44376842187500004 0.7750963421875 0.4126968625 0.7729774968750001 0.40815022343749996 0.7600096390625 0.4105700875 0.7517258984375 0.41400740156250004 0.7470660625 0.4396526859375 0.7686617671875 0.44376842187500004
0 0.7098382859375 0.454688309375 0.717077240625 0.4570658734375 0.7245809328124999 0.4484505078125 0.73093065625 0.4400133046875 0.7425481828125 0.4458018640625 0.7537548953125001 0.40086916562499997 0.7344123265625 0.39110011875 0.7020855046875 0.385995403125 0.694216678125 0.39910923593750003 0.6878484078125 0.39613075625 0.6652280421875 0.4432851390625 0.6777177875 0.45074232968750005 0.6718136796875 0.46344142968749996 0.6924084374999999 0.47538440781249997 0.6923292109375 0.489405246875 0.6991220984375001 0.49208144374999996 0.7098382859375 0.454688309375
0 0.9089980593749999 0.5435283484375 0.9094683046875 0.5460318828124999 0.9448343093749999 0.554914521875 0.9495561921875 0.540956703125 0.9529413 0.5364654328125 0.9596048093749999 0.495959115625 0.9391492265625001 0.49027485156250006 0.9293663750000001 0.47869567343749997 0.9160251109375 0.47400178437499996 0.9134335109375 0.4817125578125 0.8924783812499999 0.47638391718750006 0.8874833765625001 0.49602355 0.8990702703125001 0.4993172921875 0.896149921875 0.5197506203125 0.8916420875 0.5176615765625 0.8854657484375 0.5364392171875 0.9089980593749999 0.5435283484375
0 0.9865311718750001 0.5231681375 0.9565630046875 0.513243246875 0.9529413 0.5364654328125 0.9495561921875 0.540956703125 0.9564166609375 0.5434901765625 0.9789776937499999 0.5477701921875 0.9865311718750001 0.5231681375
0 0.190305128125 0.16395659375 0.193793634375 0.09744108124999999 0.12541834999999998 0.0993988453125 0.12241395625 0.160290478125 0.190305128125 0.16395659375
0 0.24891067812499998 0.146720528125 0.24396503125 0.1660601140625 0.24703878281249997 0.1661425578125 0.2429666375 0.19089641875000002 0.23257516093750003 0.1978967234375 0.23606314843749998 0.2248184234375 0.30537643124999997 0.23311089843750002 0.3223276078125 0.172830140625 0.31213479375 0.160123665625 0.24891067812499998 0.146720528125
0 0.39981969375 0.26760167031250004 0.41789549531250003 0.208393571875 0.404301340625 0.1977300640625 0.4105891046875 0.180822065625 0.36907044375 0.1663097484375 0.352270925 0.166953925 0.3293603375 0.2582328828125 0.39981969375 0.26760167031250004
0 0.2887732015625 0.34476317343749996 0.296212359375 0.2995418328125 0.255555290625 0.28515410937499996 0.2105647125 0.2810228390625 0.2130967796875 0.29766921874999996 0.20219165781249998 0.3559164453125 0.221761421875 0.3570656171875 0.22350593437500002 0.373137334375 0.25896559375 0.37917176406249997 0.2658784984375 0.3557826125 0.2752743453125 0.3573815734375 0.2753259625 0.34379667187499996 0.2887732015625 0.34476317343749996
0 0.342442490625 0.0039846796875 0.3082468546875 0.0035867765625 0.3109045828125 0.004192821875000001 0.30590139843749997 0.015436907812500001 0.33871171875 0.024171043750000003 0.342442490625 0.0039846796875
0 0.3970472296875 0.0377997828125 0.380873553125 0.05608785625 0.37845875 0.0804187390625 0.440895171875 0.08842220468749999 0.4493250234375 0.0466962765625 0.3970472296875 0.0377997828125
0 0.6431924125 0.2564500625 0.5878098875 0.24323572499999999 0.5432303703125 0.237544046875 0.52191560625 0.32488648593749997 0.633968509375 0.347105909375 0.6431924125 0.2564500625
0 0.5448892796875 0.05842057187500001 0.519508959375 0.12422896406249999 0.5751732406250001 0.1355965046875 0.5981379828125 0.1382267328125 0.619726990625 0.0838025640625 0.5448892796875 0.05842057187500001
0 0.812581021875 0.21807885468750002 0.8977181359375 0.24318663749999997 0.9102895421874999 0.2091275890625 0.9167180703125 0.1721945140625 0.8627143328125 0.1491242046875 0.85420175 0.1652129515625 0.8317184890625 0.1573770046875 0.812581021875 0.21807885468750002
0 0.87820231875 0.25806383906249997 0.8448809796875001 0.2493529015625 0.8373218906250001 0.27305069375 0.8705598984374999 0.286021640625 0.8811857328125001 0.26405749375 0.87820231875 0.25806383906249997
0 0.9297013906249999 0.297297934375 0.9287631890625001 0.2901321296875 0.8870233984375 0.2805834234375 0.876202021875 0.298240103125 0.8563758874999999 0.29275108437499997 0.8457629015625001 0.3220099765625 0.8352511125 0.3247817125 0.8290318062500001 0.35146149375 0.8770547984375 0.369063571875 0.880484659375 0.3574636125 0.908079240625 0.36398823281250003 0.9297013906249999 0.297297934375
0 0.040090807812500004 0.9347807156249999 0.05081076875 0.8843012734375 0.019745821875 0.88090946875 0.009350215625 0.929549365625 0.040090807812500004 0.9347807156249999
0 0.9788389578125001 0.4353398125 0.9974848640625 0.443951225 0.99765484375 0.41473416093750004 0.9955882109375 0.4139550625 0.9788389578125001 0.4353398125
0 0.4361982203125 0.1007539046875 0.428289740625 0.1549945515625 0.46041355937499995 0.1620035296875 0.4682285796875 0.13768833281249998 0.456091353125 0.1264796140625 0.44635413125 0.1177062546875 0.44316544375 0.10625782187499999 0.4361982203125 0.1007539046875