0 1 0.023723196874999998 0.8961536828125001 0.0660660390625 1 0.4491293328125 1 0.023723196874999998
0 0.6259198453125 0.04365578125 0.892568075 0.013398562499999999 0.623115978125 0.003992909375 0.6259198453125 0.04365578125
0 0.4900356875 0.5776295250000001 0.58593218125 0.6077967375 0.7043028 0.13242199062499999 0.6138099968749999 0.10136723593750001 0.4900356875 0.5776295250000001
0 0.5978124265625 0.0975803109375 0.5775114421875001 0.09366427031249999 0.5671048109375 0.171608053125 0.58963188125 0.172394396875 0.5978124265625 0.0975803109375
0 0.7136150484375 0.4840631203125 0.8024607484375 0.58585535 0.8448094828125001 0.5186698671875 0.7567645875 0.4287223359375 0.7136150484375 0.4840631203125
0 0.4774722171875 0.6040529734375 0.3821970484375 0.995786375 0.4364952171875 0.9976817390624999 0.4918025140625 0.7574112421875 0.5087777953125 0.6811316390625 0.5227419296875 0.61903253125 0.4774722171875 0.6040529734375
0 0.4918025140625 0.7574112421875 0.6051028734375 0.76904705625 0.6100402171875 0.710220078125 0.5253082609375 0.70101638125 0.5275169890625 0.6823132953125 0.5087777953125 0.6811316390625 0.4918025140625 0.7574112421875
0 0.661338346875 0.6594051015625 0.706239159375 0.6249524609375 0.6966653078125 0.6091087921875 0.6512686671875 0.6385642093749999 0.661338346875 0.6594051015625
0 0.6460587578125 0.9158015562499999 0.6456388875 0.8894102359374999 0.62649596875 0.8892484546875 0.62557043125 0.8845738546874999 0.6068615703125 0.8875291187500001 0.61027358125 0.9186882796875 0.6460587578125 0.9158015562499999
0 0.24530712968750001 0.6212071765625 0.2539241296875 0.6028965937499999 0.230505625 0.5841852046875 0.25164325781249997 0.5730218953125 0.267595415625 0.591451559375 0.2785739109375 0.568728821875 0.271249428125 0.5632611187500001 0.280622346875 0.5442172750000001 0.2409566328125 0.5197478234374999 0.2315974734375 0.5372939546875 0.22790233125 0.5364264234375 0.20140885156250002 0.585406275 0.24530712968750001 0.6212071765625
0 0.17003120625 0.55675265 0.179477259375 0.535474615625 0.20032032812499997 0.536961825 0.2057383984375 0.5282039859375 0.18673951875 0.5118836124999999 0.1411910515625 0.57959044375 0.166876825 0.5961231328125 0.17936618124999998 0.5719760421875 0.17003120625 0.55675265
0 0.2896901375 0.3497052046875 0.2657286390625 0.3298353890625 0.2571927140625 0.34103765625000004 0.28010791875 0.360512225 0.2896901375 0.3497052046875
0 0.1914279 0.1890491828125 0.18112591875 0.1827178984375 0.19803489999999999 0.1609618234375 0.181236996875 0.1462164734375 0.1898539984375 0.1279058890625 0.15993957187500002 0.10078043125 0.156878596875 0.1044085203125 0.12905765 0.0825681671875 0.09515670000000001 0.1305509046875 0.11561489062500001 0.1476607640625 0.10935498437499999 0.1608415984375 0.1253626015625 0.1777961046875 0.11909878437500002 0.1902382546875 0.15625470625 0.22730199843749999 0.17631106875 0.1982070171875 0.1843738 0.2037004890625 0.1914279 0.1890491828125
0 0.0110794578125 0.2609503703125 0.0399444234375 0.293256221875 0.0422666609375 0.2896234484375 0.060402610937500004 0.3103660828125 0.0774156734375 0.2841401578125 0.084705296875 0.29110483593750003 0.103246890625 0.2626955265625 0.0974548515625 0.255783121875 0.11673469218750002 0.2273995828125 0.0882309546875 0.20405830468750003 0.0866813296875 0.20624095312500001 0.0517092 0.17149018124999998 0.0395698671875 0.18151159687500001 0.0294204234375 0.2012668828125 0.03299430625 0.207342209375 0.01162320625 0.237598153125 0.0110794578125 0.2609503703125
0 0.31258869218749996 0 0.2805255484375 0.0479316765625 0.30327048749999996 0.070185678125 0.3430535640625 0.01255394375 0.3552910640625 0.0246079484375 0.368277721875 0.0053948265625 0.3615154 0 0.31258869218749996 0
0 0.038665496875 0.4506275140625 0.028449920312499998 0.44058541250000005 0.0353655765625 0.4318798484375 0.014924571875 0.4140320421875 0.00729556875 0.4234555953125 0.006703576562499999 0.44887967656249994 0.0271048734375 0.46661970625000004 0.038665496875 0.4506275140625
0 0.0525618515625 0.039678821875 0.0353411234375 0.0748233625 0.05662787500000001 0.08898685625 0.07458733906250001 0.053847003125 0.0525618515625 0.039678821875