0 0.14167946874999998 0.714061128125 0.13938701250000002 0.735905459375 0.1301480546875 0.7359311 0.1422667484375 0.825091546875 0.170728221875 0.8214313343749999 0.1861882453125 0.8720360125 0.23348135781249998 0.8568261375 0.21000108750000002 0.7481370296875001 0.2209382078125 0.747204103125 0.21250113593750003 0.6432971359375 0.185525625 0.584184390625 0.17298674375 0.5843545453125001 0.1594313125 0.6034278375000001 0.16488686875 0.6441460875 0.1522124125 0.65057679375 0.14167946874999998 0.714061128125
0 0.3418410984375 0.65393966875 0.3358028515625 0.6142651109374999 0.3247250609375 0.5995006953125 0.21823998437499997 0.6270589546875 0.2273488046875 0.69032080625 0.24780051250000001 0.69300808125 0.2672108765625 0.7587555828125 0.267546446875 0.777441778125 0.278515809375 0.782381846875 0.29893935312500003 0.77975533125 0.30582634375 0.783907196875 0.3560040453125 0.7730625140625 0.3339377765625 0.6588741484375 0.33863489375 0.6560742328125 0.3418410984375 0.65393966875
0 0.4407137875 0.598792740625 0.44903118124999997 0.5960008640625001 0.43776923593749995 0.5466000703125 0.43365421875 0.5413382421875 0.39282739843750003 0.5385156734375001 0.33863518593749997 0.558767690625 0.352613703125 0.6725322578124999 0.378230309375 0.702175721875 0.44741559999999997 0.681739328125 0.43772245156249995 0.6263457531250001 0.4461287578125 0.6241021703125 0.4407137875 0.598792740625
0 1 0.602716325 0.9155784828125 0.61970258125 0.9163714265625 0.6340458875 0.9115378468750001 0.64958639375 0.9353948375 0.8006156609374999 0.9568466046875 0.80653269375 0.9985245515625 0.8006776671875 1 0.80105834375 1 0.602716325
0 0.0527429203125 0.7897596234375001 0.07318045 0.6932692828125 0.0394670375 0.6855707640625 0.025378515624999997 0.73712508125 0.031561154687499995 0.787442675 0.0527429203125 0.7897596234375001
0 0 0.368698825 0.0261379140625 0.3810708234375 0.075740940625 0.210906825 0 0.1781176828125 0 0.368698825
0 0.4122357109375 0.764324028125 0.4299218390625 0.7481855265624999 0.419291409375 0.727594078125 0.4463166078125 0.693484246875 0.43411048281250003 0.6881219703125 0.35102479375 0.7132522671875 0.34874275625 0.7181742609375 0.36079410312500004 0.7738242921875 0.4122357109375 0.764324028125
0 0.4052459046875 0.967629075 0.396958028125 0.9143798015625 0.4081385359375 0.911219721875 0.4005992 0.87808896875 0.3433976203125 0.8831417328125 0.3392191953125 0.8680712968750001 0.3010867609375 0.8729752187500001 0.30472200781250003 0.9025607890625 0.311621375 0.9022547703124999 0.3194324421875 0.94688958125 0.3355426578125 0.95579704375 0.3393185234375 0.986527040625 0.4011053828125 0.9716275624999999 0.4052459046875 0.967629075
0 0.22883791250000002 0.9986686593749999 0.24386423437500002 0.9985812390625 0.2548823921875 0.952801265625 0.219421209375 0.9347357437499999 0.2042959828125 0.9881973578125001 0.22883791250000002 0.9986686593749999
0 0.701606534375 0.8509392328125 0.529190315625 0.916125290625 0.548631865625 0.9945918234375 0.6393051953125 0.9829310171874999 0.6612126265625 0.9740212500000001 0.6804411734375 0.9776408312499999 0.6977660765625 0.9754128078125 0.76737165625 0.9513487156249999 0.753713796875 0.908047071875 0.7445961546875 0.9071314062500001 0.72820925 0.8586265046875001 0.701606534375 0.8509392328125
0 0.031133621875 0.6726277406250001 0.068394634375 0.685704115625 0.09894288749999999 0.5892697734375 0.062467440625 0.5708395453125 0.031133621875 0.6726277406250001
0 0.8090438578124999 0.8351634906250001 0.83444425 0.8497221140625 0.8505017140625 0.8548689609375 0.9318198671875001 0.8381466078124999 0.9048345156250001 0.7361729046875001 0.9178765171875 0.7325581531250001 0.9058444984375 0.6777667562499999 0.9124831390624999 0.6730595 0.9064976921874999 0.6516984703125 0.8895400859375 0.650972984375 0.8805144500000001 0.6285390265624999 0.8393820421875 0.630944003125 0.831301240625 0.635836721875 0.77149214375 0.6589423546875001 0.8090438578124999 0.8351634906250001
0 0.8115122171875001 0.22861791875 0.78109510625 0.2163621140625 0.7340386921875 0.2287644359375 0.7368059921875 0.23708433593749997 0.689106646875 0.2489880859375 0.7303532703125 0.41530479062500003 0.7541803640625 0.420916346875 0.7620562468750001 0.42855774062499996 0.8005657328125 0.41725457343750005 0.806428421875 0.403777575 0.8452318999999999 0.3901331046875 0.839110590625 0.35451649218750003 0.8450392890625 0.350869296875 0.826395678125 0.25559443125 0.81636731875 0.249370834375 0.8115122171875001 0.22861791875
0 0.347558690625 0.5053286234375001 0.39976393125 0.48959467968750003 0.394412984375 0.47988480468750006 0.46034106250000006 0.46309649375 0.4545037890625 0.404193128125 0.48337463593749996 0.3963253671875 0.478785934375 0.3421482828125 0.45016767968750004 0.35207177500000003 0.445393471875 0.30760614375 0.41431080312499996 0.274855175 0.19199232500000002 0.3291072234375 0.2243849328125 0.502439715625 0.2544071390625 0.52077414375 0.33545519687500003 0.5027302609375 0.347558690625 0.5053286234375001
0 0.943596803125 0.2130308453125 0.94775708125 0.22427163437500003 0.96301829375 0.229951440625 0.9742330734375001 0.2538959890625 0.9527772875 0.07927746249999999 0.9390015421875001 0.085336528125 0.9253151468749999 0.13770892968749998 0.9139896390625 0.1696705765625 0.9189535703124999 0.198848465625 0.9267835734375 0.2117270609375 0.943596803125 0.2130308453125
0 1 0.9045824984375 0.995245971875 0.8954995265625 0.9833884265625 0.8421280671875 0.9424670265625 0.8425683859375 0.8461589859374999 0.8665143609375001 0.8553842640625 0.929847346875 0.85205285 0.955571159375 1 0.9365448015625001 1 0.9045824984375
0 0.7269675078125 0.7973237890625 0.7116405046875001 0.7549902796875 0.720910496875 0.7480286359375 0.7097664828125 0.7162440984375 0.7036521703124999 0.7175040296875 0.69418161875 0.691273778125 0.6722068953125 0.6772433671875 0.6138751250000001 0.7083396468750001 0.622064028125 0.727996459375 0.568426075 0.7541619765625 0.59662274375 0.846356890625 0.6262491390625 0.8444628562500001 0.6744371890624999 0.8247892374999999 0.7269675078125 0.7973237890625
0 0.088546378125 0.086141453125 0.1000892328125 0.15255628906250002 0.16631779687499998 0.1425967609375 0.158570759375 0.0795472859375 0.088546378125 0.086141453125