0 0.018921284375 0.7880495437499999 0.0431908359375 0.8036949140624999 0.1240325984375 0.710877721875 0.0121479890625 0.6425354984375 0.018921284375 0.7880495437499999
0 0.0683568625 0.2120244421875 0.0853061546875 0.22131801874999998 0.1091473640625 0.19337584375 0.110451665625 0.18032553906249998 0.05336555625 0.142594703125 0.002367084375 0.20342671562499998 0.003317365625 0.2850937484375 0.0195790703125 0.29452142812500004 0.058901037499999996 0.24766659375 0.0473209609375 0.2381499640625 0.0683568625 0.2120244421875
0 0.1922145109375 0.112549728125 0.1449090265625 0.080539821875 0.1373576171875 0.0902353265625 0.1173505015625 0.11410656562499999 0.1661485328125 0.14618423125 0.19051766875 0.12289778124999999 0.1922145109375 0.112549728125
0 0.20394975468749998 0.011223475 0.19737634843750002 0.0180878484375 0.2021470875 0.0241103421875 0.1853391546875 0.0455528921875 0.1791689859375 0.04241828125 0.15308007968749998 0.07269471562499999 0.198865040625 0.11119944687500001 0.291184684375 0.0086836484375 0.20394975468749998 0.011223475
0 0.2948370984375 0.1218401984375 0.29003882187499996 0.1534319265625 0.33298331875 0.1848792578125 0.485157765625 0.00303616875 0.3952003140625 0.0056552578125 0.2948370984375 0.1218401984375
0 0.37821979687499996 0.373497753125 0.4165085390625 0.3321448546875 0.426051215625 0.298368609375 0.2035325828125 0.158464028125 0.176053915625 0.189448221875 0.1588074703125 0.22391586874999997 0.203346696875 0.2628794921875 0.31722581562499996 0.3325219546875 0.37821979687499996 0.373497753125
0 0.6529824109375 0.0037989406250000003 0.6413701015625 0.0037313828124999997 0.5363606984375 0.23687952812500002 0.6007247 0.2585612390625 0.711152778125 0.025305935937500003 0.6529824109375 0.0037989406250000003
0 0.5940671359375 0.3113382359375 0.5259160515625 0.286141125 0.419275059375 0.522911828125 0.4836390625 0.5445935390625001 0.5940671359375 0.3113382359375
0 0.43536342812499995 0.6727414015625001 0.4612186453125 0.6049695671875 0.333794396875 0.5561853046875 0.3151327015625 0.5803065359375 0.29535896093749997 0.6206532640625 0.43536342812499995 0.6727414015625001
0 0.315232525 0.7687043859375 0.228726503125 0.7126118906250001 0.2221763890625 0.7180297734375001 0.20085134999999998 0.751793165625 0.2882997296875 0.8104606875 0.31558626093750003 0.7782142203125 0.315232525 0.7687043859375
0 0.243995940625 1 0.3937466015625 0.815954296875 0.33021516875 0.7753860265625 0.26592924375 0.8604476406250001 0.2594342875 0.856543971875 0.22880254375 0.8923800343750001 0.23527244062500002 0.90004355 0.193887546875 0.9484265015625001 0.1875799828125 0.9442504578124999 0.16528447968749999 0.9719696843750001 0.1631337921875 0.98164140625 0.194102053125 1 0.243995940625 1
0 0.5334423968750001 1 0.5819657687500001 0.9171976953125001 0.5915283390625 0.8957881484374999 0.52678590625 0.86597640625 0.5158533421875 0.8904286859375 0.45803885781250003 1 0.5334423968750001 1
0 0.622019578125 1 0.680280490625 0.9983037453125 0.682167346875 0.9957798046875 0.6888411375 0.9980545046874999 0.695503059375 0.9978605437500001 0.712398771875 0.9647154640625001 0.7231966765625 0.9416684343749999 0.66193636875 0.917894459375 0.6421091624999999 0.9456307953125 0.6094041765625 1 0.622019578125 1
0 0.781004221875 0.6195261453125 0.79556633125 0.5813552921875 0.8028847921875 0.56187951875 0.7527275375 0.5397619375 0.7487310546875 0.54750774375 0.7230969484374999 0.5369322359375001 0.7245126765625 0.5305739203125001 0.674804890625 0.513336778125 0.6627881343750001 0.5374202453125 0.64690170625 0.5743617890625 0.7058935749999999 0.5990692953125001 0.7223850671875 0.6023482671875 0.781004221875 0.6195261453125
0 0.7047738734375 0.7779825203125 0.71933598125 0.739811665625 0.723141240625 0.7207940703125 0.6793653265625 0.7020496265625 0.6758243328125 0.7119397734375 0.6421471375000001 0.7000191625000001 0.6451048593750001 0.6919254609375 0.6083403890625 0.6805396015625 0.596611678125 0.6960065265625001 0.5803049765625 0.7325154375 0.6296632265625 0.7575256687499999 0.6461557531250001 0.7608268546875 0.7047738734375 0.7779825203125
0 0.8264804046875 0.8347851359374999 0.8463287125000001 0.797950678125 0.8493946937500001 0.787407059375 0.80885080625 0.7712377125 0.8000694749999999 0.778388803125 0.7695050984375 0.76170646875 0.767914625 0.7561919515625 0.727076365625 0.7384741406249999 0.720820325 0.756895790625 0.706702571875 0.7926736734375 0.7591480953125 0.817149153125 0.7756406218749999 0.8204503375 0.8264804046875 0.8347851359374999
0 1 0.808914075 0.9843388359375 0.8019401328125 0.9791488625 0.8117448296875001 0.9535147593750001 0.8011693203125001 0.95460101875 0.79346375625 0.9054406234375 0.77843500625 0.8931847765625 0.8016801890625 0.87729835 0.8386217328125 0.9353226171875001 0.8616446765625 0.9527817093750001 0.8666082109375 1 0.8804275078125 1 0.808914075
0 1 0.40918544843750004 0.9763005703125 0.40001528750000004 0.9648516921875 0.407644421875 0.9392175875 0.3970689125 0.9411314375 0.38947271250000004 0.89132573125 0.37490761875 0.878908771875 0.3975569234375 0.8630223453125 0.43449846406250003 0.9219920140625 0.45920661718750005 0.9385057046874999 0.46248494375 1 0.48287216875 1 0.40918544843750004
0 0.8717608468750001 0.403503803125 0.8887694203125 0.36297066093749997 0.9056496671875 0.33400777187499997 0.8618737515625 0.315263328125 0.845979415625 0.341528315625 0.8172068234375001 0.329909775 0.82902798125 0.3068774390625 0.7827894265625 0.2877598265625 0.7607330734375 0.3253926015625 0.744846646875 0.3623341453125 0.8038374812500001 0.3870194375 0.8203300062500001 0.39032062343749996 0.8717608468750001 0.403503803125
0 0.9909389984375 0.6266264640625 0.9848176671875001 0.6202429125 0.991536190625 0.60841405625 0.9893487578125001 0.5924625671875 0.9094171328125 0.563471190625 0.9014262343749999 0.579007234375 0.8594598703124999 0.5685735859375 0.8548497046874999 0.5788952421875 0.8437692734375 0.5758146203125001 0.8282155390625 0.6160829718749999 0.9095891078125 0.6450101234375001 0.9731073953125 0.6657155109375 0.9909389984375 0.6266264640625
0 0.9007715703124999 0.159006046875 0.8459767156250001 0.13802443749999999 0.8365315265625 0.1543146078125 0.8155559703125 0.20370486406250002 0.8854886859375 0.23661301406250002 0.9416463546875 0.2553528625 0.9752803328124999 0.18085950625 0.92651636875 0.164796021875 0.9182654578125 0.175223678125 0.8968257515625 0.167840303125 0.9007715703124999 0.159006046875
0 0.004056621875 0.3486252328125 0.0052836453125 0.4540754359375 0.206704384375 0.5752333796875 0.2555515296875 0.5357751625 0.2629024609375 0.4993268046875 0.004056621875 0.3486252328125