0 0.45126388281249996 0.1368912296875 0.3847355953125 0.1416600765625 0.38641705000000004 0.29169309062500004 0.40340793281250004 0.3115724390625 0.45712585937499994 0.30490371562499996 0.457956875 0.24532803749999998 0.4438432625 0.2448652 0.442239528125 0.206119746875 0.45618675781249995 0.204257121875 0.45126388281249996 0.1368912296875
0 1 0.061261371875000005 0.9709782 0.057006389062499996 0.9654594984375 0.190223621875 1 0.197646046875 1 0.061261371875000005
0 1 0.23264450937499997 0.9519013921875 0.224423371875 0.9406434234375001 0.3030496796875 1 0.313574 1 0.23264450937499997
0 1 0.313869696875 0.9423161390624999 0.3033166296875 0.93547545 0.38241690625 1 0.39277811875 1 0.313869696875
0 1 0.4173261703125 0.9870534031249999 0.4150084578125 0.98674115 0.4263160609375 0.9237743796875 0.41567326250000003 0.9149123328125001 0.49252344375 1 0.5055409578125001 1 0.4173261703125
0 0.223584421875 0 0.218787484375 0.44095553125000003 0.23362119374999998 0.45947661562500003 0.2825749078125 0.4527606421875 0.2822308421875 0.1459735109375 0.26996746250000003 0.13848799218750002 0.267784925 0.12590287656250002 0.283044178125 0.1206941796875 0.2806193640625 0 0.223584421875 0
0 1 0.505566421875 0.930932559375 0.49485051249999995 0.92533486875 0.56436434375 0.9821866546875 0.5727212781250001 0.9866282859375 0.53429774375 1 0.534581934375 1 0.505566421875
0 0.9438626875 0.598362265625 0.9230095468749999 0.6052689765625 0.9143448109375001 0.6749843828125 0.9789372578125001 0.68663026875 0.990785565625 0.6088272421875 0.9438626875 0.598362265625
0 0.9789490453124999 0.6865528609375 0.915013584375 0.6748653515624999 0.9134376765625 0.7608375140625 0.96682930625 0.7661382703124999 0.9789490453124999 0.6865528609375
0 0.7688620203125 0.123388784375 0.7795521328125 0.13878421093749999 0.8389163109375 0.138761096875 0.8401196765625001 0.12530478437499998 0.847863875 0.1247252421875 0.8484278734374999 0.1043588171875 0.8527120406250001 0.104140315625 0.849873553125 0.0392508390625 0.7808044140625 0.029124385937500004 0.776985853125 0.0589342890625 0.773302721875 0.083119915625 0.7677884046875 0.08571962968749999 0.7688620203125 0.123388784375
0 0.8350538296875 0.31238130000000003 0.7691585109375 0.3088635875 0.770686978125 0.35921188593750003 0.7818281015624999 0.3598250375 0.7797541546875 0.4137480203125 0.766548840625 0.419995934375 0.763976040625 0.5106628625 0.769827778125 0.5125410890625 0.7720341921875 0.5517439421875 0.7666535718749999 0.56015934375 0.76502363125 0.5977794515625 0.7747388374999999 0.6278369296874999 0.8462487171875 0.6280966718750001 0.8481522531250001 0.33375223906249996 0.8350538296875 0.31238130000000003
0 0.5405239609375 0.320951625 0.4746286421875 0.3174339140625 0.476157109375 0.3677822109375 0.48729823281250007 0.3683953625 0.4852275203125 0.4222971109375 0.474114515625 0.4254870140625 0.4733667453125 0.5215446515625 0.48364674374999994 0.5224005921875 0.484222871875 0.5613427125 0.4755934921875 0.5624654328124999 0.47931308906250003 0.6092492125 0.4881756515625 0.635078834375 0.5517220828125 0.6366457624999999 0.55362561875 0.34230132968750004 0.5405239609375 0.320951625
0 0.48714717343749997 0 0.48801829531249996 0.044224034375 0.48025758124999995 0.048187634374999996 0.4888709953125 0.1660885640625 0.55376923125 0.1694600921875 0.55810009375 0 0.48714717343749997 0
0 0.40997952499999996 0.33250745312499996 0.35677898125 0.335778721875 0.3521513875 0.398922325 0.356063103125 0.396022525 0.3546574140625 0.429464121875 0.3479373453125 0.43086677343749996 0.3460553359375 0.5443417453125 0.353079559375 0.54578404375 0.3536556875 0.5847261671874999 0.3450263078125 0.5858488875 0.3487459046875 0.6326326671875 0.357608465625 0.6584622890625 0.4211516640625 0.6600504515625001 0.4131141546875 0.3574972828125 0.40997952499999996 0.33250745312499996
0 0.1304423171875 0.30600294375 0.064547 0.3024852328125 0.066075465625 0.3528335296875 0.0772165890625 0.35344668281249997 0.0751426421875 0.4073696640625 0.0640296375 0.41055956875 0.06328186875 0.5066172046874999 0.073561865625 0.50747314375 0.07413799531250001 0.5464152671875 0.065508615625 0.547537984375 0.0692282125 0.5943217671875 0.07809077187499999 0.6201513859375 0.14163720468750002 0.621718315625 0.1435407421875 0.3273738828125 0.1304423171875 0.30600294375
0 0.6470474640625 0.452035234375 0.6520435484375 0.4675075859375 0.6943925656250001 0.471263490625 0.7006750171875 0.01737635 0.632897284375 0.007439234375000001 0.6386152484375 0.3624249296875 0.6572679359375 0.36882834531249997 0.6563733218750001 0.39079611718749996 0.6333120578125 0.3972488375 0.63577083125 0.44547587968749996 0.6470474640625 0.452035234375
0 0.08559118125000001 0 0.0858383359375 0.0128502140625 0.10037001875 0.0124191859375 0.0992168921875 0.05032628125000001 0.08275625156250001 0.0516033234375 0.085852278125 0.113447996875 0.15426571875 0.11153881406249999 0.15461246875 0 0.08559118125000001 0
0 0.23279443125000002 0.651472859375 0.249089471875 0.64843488125 0.26223245156249997 0.653704878125 0.26880480156250003 0.6528449828125 0.3081227875 0.6510116578125 0.30851675625 0.60569930625 0.3052480796875 0.578171675 0.182490528125 0.57875599375 0.18002691875000001 0.63993750625 0.1924416765625 0.6601010921875 0.220146034375 0.660472528125 0.23279443125000002 0.651472859375
0 0.08379615781250001 0.8340537296875 0.0863917296875 0.877394778125 0.353045959375 0.8672990796875 0.3531822421875 0.80089200625 0.337093975 0.78833040625 0.3085733734375 0.7876222171875 0.25886025468749996 0.787931478125 0.1633956453125 0.7945795828125 0.072454728125 0.807838965625 0.06979455 0.8320009078125 0.08379615781250001 0.8340537296875
0 0.20450052031250002 0.9435110999999999 0.1511206515625 0.9484059 0.3589799421875 0.9788808343750001 0.36156616874999997 0.9591799359375001 0.33476812968749997 0.9417484953124999 0.279039340625 0.93726830625 0.20450052031250002 0.9435110999999999
0 0.502479746875 0.8469205078125001 0.45298660625 0.8529061515624999 0.44822399687500003 0.9919651984375 0.466466975 0.9946398625 0.519414128125 0.9940237656249999 0.5241092640625 0.86923830625 0.502479746875 0.8469205078125001
0 0.7669766015625 0.8400252375000001 0.7657208015625 0.8192183421875001 0.5369150046875 0.8431122359375 0.53285845 0.9938673265625001 0.833088190625 0.9903738375 0.8314975625000001 0.8995656546875 0.812879715625 0.8865246421874999 0.7403655453125 0.8891568031249999 0.7423082109375 0.8570313 0.7669766015625 0.8400252375000001
0 0.9618994453124999 0.7985106578125001 0.9007453062499999 0.79106134375 0.89776165 0.9113431296875 0.9439897859374999 0.916116125 0.9618994453124999 0.7985106578125001
0 0.616430640625 0.65735603125 0.7274523796875 0.653227596875 0.7296028140625 0.5921087093749999 0.7120259578125 0.5732288609375 0.6088648734375 0.5795734718750001 0.6034044749999999 0.6422042265625 0.616430640625 0.65735603125
0 0.5513293781249999 0.6899252031249999 0.5511004374999999 0.6401581796875 0.49278302500000004 0.6408557609375001 0.4941073359375 0.68869939375 0.5513293781249999 0.6899252031249999
0 0.353122775 0 0.3516745078125 0.1257634140625 0.42023776875 0.1260036 0.42557795781249996 0 0.353122775 0