0 0.0197604296875 0.4906927671875 0.0025357921875 0.4358655390625 0.0029343 0.5043634078125 0.011639185937500001 0.8783227921875 0.11224107812499999 0.8451734156249999 0.1110307 0.8174376046875 0.1419636359375 0.8049815046875001 0.11022232812499999 0.708192121875 0.0770521234375 0.72418216875 0.049725825 0.6688906203125 0.071649440625 0.657584021875 0.1302729375 0.6302855187499999 0.1203089140625 0.590421375 0.076916159375 0.6022315921875 0.0705976578125 0.5898710687500001 0.05366235312499999 0.595385559375 0.0197604296875 0.4906927671875
0 0.392264325 0.9147328343750001 0.38164242656249997 0.9358550125 0.35946690000000003 0.9372060609374999 0.34932434218749997 0.948593425 0.3344164453125 0.9337601515625 0.32637379843750003 0.9166498593749999 0.22404538281250003 0.9328167328125 0.23328636875000003 0.9973531640625 0.24824125625 0.9971791484375 0.40249370000000007 0.9807266953125 0.4027456015625 0.9178967484375 0.392264325 0.9147328343750001
0 0.3859205171875 0.9955771046875 0.42957245312500003 0.9855253359375 0.42311883906250003 0.9673604250000001 0.403661615625 0.9702458078125 0.40249370000000007 0.9807266953125 0.3545080171875 0.9858538328125 0.358988709375 0.995890484375 0.3859205171875 0.9955771046875
0 1 0.3601249203125 0.998209246875 0.28319470468749997 0.8413859921875 0.3445917859375 0.8341299718749999 0.355209465625 0.8685256140625001 0.46638191874999996 1 0.41233185156249996 1 0.3601249203125
0 1 0.9295946624999999 0.8457210703125 0.8800209156250001 0.8352834640625 0.928989428125 0.9601382562499999 0.9716016 0.9811172546875 0.9804297546875 1 0.979880378125 1 0.9295946624999999
0 0.42271336093749995 0.8702240515625 0.389249421875 0.8709959765624999 0.391087271875 0.8892951796874999 0.422671475 0.8857544562499999 0.42271336093749995 0.8702240515625
0 0.297408771875 0 0.2515047640625 0.001335534375 0.2700115640625 0.0766884328125 0.34192777812499997 0.0468250703125 0.325425953125 0 0.297408771875 0
0 0.6212380703125 0.551061109375 0.3087665046875 0.6671422234375 0.30734223906249997 0.6804742265625 0.3381771890625 0.7877167187499999 0.6458852109375 0.6654213453125 0.6575754203125 0.6460025140625001 0.6212380703125 0.551061109375
0 0.024462832812499998 0.9448552453125 0.0177674703125 0.999860953125 0.19617379375 0.9977850078125 0.18798599062500002 0.933865846875 0.024462832812499998 0.9448552453125
0 0.46010301093750006 0.8665345906249999 0.424487571875 0.8701926 0.42483004375 0.8849051109375001 0.4572392609375 0.8821470953125001 0.46010301093750006 0.8665345906249999
0 0.288070296875 0.8828135078124999 0.250078340625 0.8883557609375 0.2512880484375 0.9056648515625 0.28844560937499997 0.8989368093750001 0.288070296875 0.8828135078124999
0 0.4004741328125 0 0.40784829531250005 0.020201649999999998 0.4580461921875 0 0.4004741328125 0
0 0.3394993984375 0.8774450140625 0.300602709375 0.880512784375 0.3013287375 0.90130480625 0.3384928984375 0.8965933484375 0.3394993984375 0.8774450140625
0 0.2589760359375 0.232543378125 0.1910076328125 0.26303808906250004 0.22302352343749998 0.378555346875 0.52705144375 0.2584644921875 0.5416532234375 0.24801628125000003 0.5129447578125 0.15327644375 0.4990189515625 0.14164144375 0.3433548140625 0.19997796875 0.335550134375 0.17489448125 0.255904703125 0.203712146875 0.2589760359375 0.232543378125
0 0.85817581875 0.8128628859375 0.8467012640625 0.8580095234374999 0.9550799546875 0.8972691734374999 0.967082825 0.85402310625 0.8728326921875 0.8151792765625 0.85817581875 0.8128628859375
0 0.694638125 0 0.715503084375 0.029058865625000003 0.74054376875 0.012155775 0.730673446875 0 0.694638125 0
0 0.25058856406249996 0.46576553593750003 0.2831725796875 0.58142760625 0.5912125328125 0.46212757499999996 0.6042822937500001 0.44391900937499995 0.56968953125 0.3442075890625 0.47687322656250003 0.373892475 0.4795015421875 0.4244169515625 0.46534090156249996 0.43735313124999997 0.4290976578125 0.43310346875 0.4162893375 0.42095192812500004 0.3876223671875 0.41117771718749996 0.25058856406249996 0.46576553593750003
0 0.871542934375 0.2485426703125 0.9948148171875 0.1373709734375 0.9928285828125001 0.0520428703125 0.8789558718749999 0.15975013124999998 0.8232774796875001 0.112543859375 0.7918384625 0.13358598906250002 0.871542934375 0.2485426703125
0 0.6232886328125 0.9502225484375 0.5624562 0.9675417640624999 0.551676134375 0.978403146875 0.551447575 0.9929305953125 0.6560715765625 0.9898866578125001 0.6232886328125 0.9502225484375
0 0.8547888109375 0 0.8691202296875 0.0205559609375 0.8199804234375 0.07054964062499999 0.8512441296875 0.121693078125 0.9811007703125 0.010924975 0.9741437859375001 0 0.8547888109375 0
0 0.51018125 0.9941312 0.5411832796875 0.993229225 0.5268758828125 0.9692424781250001 0.5145199640625 0.9843244390624999 0.4984933765625 0.9803538062499999 0.48640409843750004 0.9912936125 0.48695358750000006 0.9944014781250001 0.51018125 0.9941312
0 0.2900473453125 0.152380034375 0.2984976265625 0.18440261875 0.56067836875 0.0818651671875 0.550281365625 0.049395023437500005 0.294268796875 0.147437115625 0.2900473453125 0.152380034375
0 0.7955609031249999 0.59763901875 0.6906943812499999 0.260419321875 0.6489587421875 0.27669890937499997 0.753375896875 0.62234164375 0.7955609031249999 0.59763901875