0 1 0.8339976437500001 0.91055235 0.862973075 0.9045131171874999 0.8937570359375 0.9140010937499999 0.9222961265625 0.9048730140625001 0.926127271875 0.9189820890625 0.96700485625 1 0.9608656859375 1 0.8339976437500001
0 0.013187573437499999 0.6232821953125 0.038004754687499996 0.6156023765625 0.024542640625 0.5527431359375 0.0061069484375 0.5583239125 0.0099411171875 0.608922990625 0.013187573437499999 0.6232821953125
0 0.650334721875 0.584006225 0.6277047812500001 0.524741321875 0.5929301796875001 0.5353776515625001 0.615063234375 0.5975798484375 0.650334721875 0.584006225
0 0.7996777203125001 0.323342246875 0.7654030890625 0.22750419531250002 0.6467137468749999 0.2591500296875 0.571611509375 0.279644375 0.5392309234375 0.28907461093750003 0.5558115375 0.347053759375 0.5742852640625 0.38398150625 0.7996777203125001 0.323342246875
0 0.15254691250000002 0.69984225625 0.0197278078125 0.7380767703125 0.025375220312500002 0.8126050156250001 0.050561910937499996 0.8578501796875001 0.1974457453125 0.8133195953125 0.169542409375 0.7609948359375001 0.15254691250000002 0.69984225625
0 0.3719960109375 0.48366132031250003 0.3372910453125 0.49464120312500004 0.37403900625 0.5796743484375 0.393377325 0.586580878125 0.5944391515625 0.5222040171875 0.5608870640625 0.42439265625000006 0.5421006625 0.424769715625 0.3855953703125 0.47007297187499997 0.3719960109375 0.48366132031250003
0 0.0042727703125 0.4489544921875 0.0487286109375 0.43775897500000005 0.0168986 0.305130421875 0.0017952265625000002 0.3085733375 0.0029803218749999997 0.512273796875 0.01580390625 0.5090604109375 0.0042727703125 0.4489544921875
0 0.33576599375 0.397695053125 0.3531185515625 0.4425564140625 0.541707565625 0.3908104625 0.507905803125 0.289704140625 0.3193167859375 0.34145009375 0.33576599375 0.397695053125
0 0.7287837328125 0.5587671000000001 0.7333537906250001 0.5998006609375001 0.8356242046875 0.589129628125 0.8311899796875 0.54010630625 0.7518958921875 0.5475755765625 0.7287837328125 0.5587671000000001
0 0.01630796875 0.171028565625 0.000997165625 0.1713982921875 0.0013666734374999999 0.2349111109375 0.11443429218750001 0.2472247875 0.1148893859375 0.184466459375 0.1009207265625 0.17246565 0.06587151249999999 0.1812042296875 0.043874378125 0.18984765625 0.01630796875 0.171028565625
0 0.19815965625 0.9723533968750001 0.1666028125 0.9817212156249999 0.16799554218749999 0.9885922624999999 0.140554459375 0.999216125 0.1842744875 0.9989617703125001 0.20649691093749997 0.9908854390625 0.19815965625 0.9723533968750001
0 0.9256309796875 0.569969490625 0.9098069875 0.52398941875 0.88287791875 0.5325705265625 0.8987019125 0.5785506 0.9256309796875 0.569969490625
0 0.404267809375 0.2670784109375 0.571611509375 0.279644375 0.6467137468749999 0.2591500296875 0.667544421875 0.223604334375 0.6408305265625 0.21603579218750002 0.4164022890625 0.1973305625 0.404267809375 0.2670784109375
0 0.1599804125 0.319469434375 0.17218736875 0.35425583125000004 0.199388709375 0.3452398546875 0.18087679375000001 0.2847908359375 0.1594822921875 0.2898785046875 0.1692996578125 0.316147046875 0.1599804125 0.319469434375
0 0.398149225 0.175974396875 0.28124910000000003 0.1621804640625 0.25888618750000003 0.26928683593749997 0.3775205015625 0.282949359375 0.398149225 0.175974396875
0 0.8436937656250001 0.45940776093749996 0.808060653125 0.3617540890625 0.5816756453124999 0.422817390625 0.621922203125 0.5264004 0.8436937656250001 0.45940776093749996