0 0.6262164593749999 0.1620579046875 0.6003501765625 0.1595360578125 0.59899535625 0.171877 0.624381315625 0.17517610156250002 0.6262164593749999 0.1620579046875
0 0.8906446062500001 0.212262940625 0.8863869296875 0.2629463890625 0.9434598078124999 0.2671404625 0.9500680203125 0.21617959375 0.8906446062500001 0.212262940625
0 0.8688550968750001 0.12513763125 0.8670788828125 0.1594896875 0.8913639468750001 0.161474078125 0.8879301046875 0.1843004875 0.9407970656250001 0.1889878015625 0.9470656859375 0.131610059375 0.8688550968750001 0.12513763125
0 0.7727613125 0.1409641234375 0.7740757828125 0.12249611875 0.7513776703125 0.11792653281250001 0.7284468265624999 0.1197882921875 0.7248979 0.14909648749999999 0.725297759375 0.164050728125 0.7277523390625 0.18233680937500002 0.7715137734375 0.1849532734375 0.7727613125 0.1409641234375
0 0.7470731515625 0.0315767609375 0.74722225 0.050531784375 0.7822175921875 0.0522482375 0.7845318703124999 0.018430046875 0.74834268125 0.015472940625 0.7470731515625 0.0315767609375
0 0.79802644375 0.019532721875 0.7950779890625 0.0744056578125 0.918235671875 0.08324441875000001 0.923239903125 0.029764217187499997 0.79802644375 0.019532721875
0 0.715902821875 0.0128222015625 0.7163196265625 0.0289821671875 0.7470731515625 0.0315767609375 0.74834268125 0.015472940625 0.715902821875 0.0128222015625
0 0.600521465625 0.0964753 0.5974502968750001 0.11847401718749999 0.6140262 0.1200326 0.6162689718750001 0.09817031875 0.600521465625 0.0964753
0 0.76710986875 0.195003815625 0.6829972171875001 0.187314265625 0.6796271953125 0.216453365625 0.7641680703125 0.2243616203125 0.76710986875 0.195003815625
0 0.7062178593749999 0.1198090390625 0.6491425140625 0.11739065312500001 0.6404038546875 0.1734846984375 0.6997460281250001 0.17827245625000002 0.7062178593749999 0.1198090390625
0 0.5250536546875 0.12072332968749999 0.5194348703125 0.1612934125 0.565684403125 0.16609320156250001 0.5697354203125 0.127028015625 0.5250536546875 0.12072332968749999
0 0.47218340000000003 0.1978492140625 0.46974625937500003 0.22398224687499999 0.49699138749999994 0.2270250140625 0.50104753125 0.201024271875 0.47218340000000003 0.1978492140625
0 0.8627897499999999 0.49410901875 0.856600665625 0.5414502890625 0.896842625 0.5452896968750001 0.9041801578124999 0.49634802499999997 0.8627897499999999 0.49410901875
0 0.5418476078125 0 0.5420230546875 0.013106967187499999 0.62543411875 0.0217598171875 0.62659859375 0.0055249359375 0.558984190625 0 0.5418476078125 0
0 0.517064609375 0.0839403265625 0.4769619109375 0.078826309375 0.473343171875 0.0913905140625 0.45235279375 0.0890629625 0.4462104578125 0.1330603984375 0.51136193125 0.1363428296875 0.517064609375 0.0839403265625
0 0.7872782375 0.1492947265625 0.7843098640624999 0.1850598953125 0.8119510968749999 0.18866575624999998 0.8150414703125 0.151155075 0.7872782375 0.1492947265625
0 0.6825626890625001 0.19197364374999998 0.6829972171875001 0.187314265625 0.685156096875 0.1772844015625 0.647166175 0.1735677765625 0.6432799640625 0.18943736875 0.6825626890625001 0.19197364374999998
0 0.6310715359375 0.1253037984375 0.6140262 0.1200326 0.5974502968750001 0.11847401718749999 0.59089493125 0.1187956890625 0.5852206828125001 0.15340077968750002 0.6253044890624999 0.158717378125 0.6310715359375 0.1253037984375
0 0.431181496875 0.0930485171875 0.4328655 0.081550971875 0.4449000890625 0.0830446625 0.447267134375 0.05394608125 0.42376028593750004 0.051270015625 0.41630017031250005 0.09081190156249999 0.4224982421875 0.0921348609375 0.431181496875 0.0930485171875
0 0.41577311562499997 0.1336351703125 0.4100492953125 0.1643986515625 0.4396284671875 0.1686527671875 0.4433474234375 0.1375213375 0.41577311562499997 0.1336351703125
0 0.86388923125 0.16963945 0.8235220359375001 0.1673615765625 0.8248083546875 0.20604638749999998 0.8638439375000001 0.2072968859375 0.86388923125 0.16963945
0 0.8645041046875 0.31829299375 0.461747321875 0.27476823906250003 0.434727078125 0.490158040625 0.8392917890625 0.5317892734375 0.8645041046875 0.31829299375