0 0.006316846875 0.5673784796875 0.0035190046874999997 0.5691077328125 0.02482538125 0.6693463546875 0.051430410937500004 0.6634026390625001 0.033888249999999995 0.5968721609375 0.03202403125 0.5640530359375 0.006316846875 0.5673784796875
0 0.7973336625 0.906007059375 0.8524835703125 0.8882532031249999 0.8390283265624999 0.8517167296875 0.7851395296875 0.8702719218749999 0.7973336625 0.906007059375
0 0.5068427734375 0.1173279765625 0.514818440625 0.140763453125 0.569723609375 0.11461340625000001 0.5636992328125 0.102269846875 0.557245125 0.09001763125 0.5068427734375 0.1173279765625
0 0.675253475 0 0.7379372875 0.1623995390625 0.8361030859374999 0.11488445625000002 0.790818421875 0 0.675253475 0
0 0.5383804171875 0.1967748171875 0.5893868875 0.16818111875 0.5849084375 0.1540545890625 0.5311818296874999 0.18232817968749998 0.5383804171875 0.1967748171875
0 0.56685955 0.19159829374999998 0.5729755640625 0.20507732031249998 0.6004593296875 0.193909884375 0.599892703125 0.1884267 0.5935515765625 0.1794228140625 0.56685955 0.19159829374999998
0 0.614565628125 0.666385425 0.6078645234375 0.6418021296875 0.5957946375 0.6378443593750001 0.5236116328125 0.655860815625 0.5482089218749999 0.742300946875 0.64032175 0.7165192765625 0.628527940625 0.6666686015625001 0.614565628125 0.666385425
0 0.5525521171875 1 0.6117918984374999 0.9874081953125 0.6050006406249999 0.9678274375000001 0.5023798328125 1 0.5525521171875 1
0 0.8527210265624999 0.8330220031250001 0.846315659375 0.846959578125 0.8574650937499999 0.8773773109375 0.881186746875 0.8730623046874999 0.8999901703125 0.8722736953125001 0.9166971234375 0.8766146499999999 0.9279020578124999 0.8690571015625 0.9057191578125 0.8052454593749999 0.88936215625 0.8013434296874999 0.8902764296875001 0.7883377546875 0.8850246453124999 0.7682586687499999 0.864468184375 0.772371425 0.8611624750000001 0.7568192890625001 0.83296171875 0.7633054640625 0.8431631218750001 0.7926842093750001 0.8319239640625 0.8059168218749999 0.8359709046875 0.8203275624999999 0.85120915625 0.8212805968750001 0.8527210265624999 0.8330220031250001
0 1 0.5838696484375 0.9930574343749999 0.5830257578125 0.9761424249999999 0.595817940625 0.9487044453125 0.6022703109374999 0.9679678640624999 0.6785086171875 1 0.6757840046875 1 0.5838696484375
0 0.8103379734375 0.52253866875 0.8409231875 0.5338109078125 0.9346542890625 0.51020903125 0.8971473218750001 0.25878919218749996 0.8879454609374999 0.2558472859375 0.7698071703125 0.27419978437500003 0.8103379734375 0.52253866875
0 0.9565792703125 0.24316940625 0.920170853125 0.2534034703125 0.94295641875 0.38837280937499996 0.98561484375 0.379771040625 0.9565792703125 0.24316940625
0 0.790818421875 0 0.8361030859374999 0.11488445625000002 0.9067362828125001 0.0789107875 0.876823721875 0 0.790818421875 0
0 0.09591911875 0.646909659375 0.09833291093749999 0.6442791921875 0.0957832296875 0.63630876875 0.048359396875 0.6455335 0.051430410937500004 0.6634026390625001 0.05498740625 0.680740721875 0.096849378125 0.6692975265625 0.09591911875 0.646909659375