0 0.8634602078125001 0.5477537390625 0.920653015625 0.5475007359374999 0.9187472640625 0.4833691328125 0.7108939453125 0.48179751406250004 0.7138775359375 0.58516188125 0.771472459375 0.589770365625 0.776982221875 0.5292765703125 0.8625588125 0.531128925 0.8634602078125001 0.5477537390625
0 0.1239442046875 0.7827634171875 0.1286983390625 0.8307390078125 0.1243134484375 0.8831403484375 0.359061821875 0.8840645468749999 0.35839865 0.8347942453125 0.3596919984375 0.78895344375 0.1239442046875 0.7827634171875
0 0.12083091093750001 0.5754065421875 0.4958145671875 0.5790036328125 0.492653709375 0.43808850781249997 0.12027226718749999 0.4342422 0.12083091093750001 0.5754065421875
0 0.5878243375000001 0.47486137343749996 0.708023925 0.476517075 0.7108939453125 0.48179751406250004 0.9187472640625 0.4833691328125 0.91565569375 0.35148029375 0.5849211999999999 0.3517874671875 0.5878243375000001 0.47486137343749996
0 0.708023925 0.476517075 0.5878243375000001 0.47486137343749996 0.5885203265625 0.58605699375 0.7138775359375 0.58516188125 0.7108939453125 0.48179751406250004 0.708023925 0.476517075
0 0.6157453187499999 0.967082746875 0.6141132812500001 0.996359496875 0.8649014109375001 0.9949004546875001 0.8614612906250001 0.964945909375 0.6157453187499999 0.967082746875
0 0.60585046875 0.9539041906250001 0.21723183281249997 0.9462821375000001 0.2118963640625 0.96107713125 0.4490130953125 0.997320021875 0.6141132812500001 0.996359496875 0.6157453187499999 0.967082746875 0.60585046875 0.9539041906250001
0 0.6631056421875 0.7948634218749999 0.6536713828125 0.7957588125 0.6540632421875 0.8983305156249999 0.9244339500000001 0.8977081874999999 0.9273020546874999 0.83524539375 0.9214031125 0.7924165890625 0.6631056421875 0.7948634218749999
0 0.527449390625 0 0.5298471250000001 0.0567872109375 0.5860199921875 0.05322699374999999 0.6373596703125 0.057046331250000006 0.6952010640624999 0.054200275 0.750853271875 0.05909616875 0.8032364484375 0.05677236249999999 0.853631296875 0.060885546874999995 0.8542212296875 0.044989553125 0.55988004375 0 0.527449390625 0
0 0.519979746875 0.128844578125 0.56554825 0.1298826609375 0.563402971875 0.0911754421875 0.5176789796875 0.09105272656249999 0.519979746875 0.128844578125
0 0.9653859453125 0.06198089062499999 0.9629515453125 0.0930176453125 0.9946379421874999 0.0957738921875 0.9970578218749999 0.0668218828125 0.9653859453125 0.06198089062499999
0 0.8152266421875 0.1330888875 0.850787775 0.1344756296875 0.8542558921875001 0.0640697265625 0.8155983453125 0.06302361875 0.8152266421875 0.1330888875
0 0.13032868125 0.09581242031250001 0.1105810515625 0.08231745625 0.0968582171875 0.08395561562500001 0.10229975625000001 0.12224839843749999 0.1261673828125 0.1225156390625 0.1332216921875 0.118355590625 0.2426659109375 0.1204751875 0.24563288437500003 0.1052138234375 0.24171530156249998 0.092990621875 0.1449809890625 0.0887023890625 0.14535935 0.09737939375 0.13032868125 0.09581242031250001
0 0.482271909375 0.881964721875 0.5705039796875 0.8857047109374999 0.5698344421875 0.8391673624999999 0.4819346078125 0.839965134375 0.482271909375 0.881964721875
0 0.4384251328125 0.8003407109375 0.5544256515625 0.801354590625 0.5545184140625 0.7468989359375 0.43888592343750005 0.7470265328125001 0.4384251328125 0.8003407109375
0 0.9194653421875 0.2763683078125 0.971064746875 0.273757746875 0.9767742593750001 0.2577886140625 0.9761838375 0.2393330625 0.915945553125 0.2398718765625 0.9148710359375001 0.2528137890625 0.91753073125 0.2592099140625 0.9194653421875 0.2763683078125
0 0.21106679687500002 0.40525369375000003 0.2164654609375 0.33892028125 0.18980760000000002 0.3375587265625 0.1896485703125 0.357485821875 0.179406103125 0.363996840625 0.090014890625 0.3551961765625 0.0848723515625 0.39809036249999996 0.10952720625000001 0.3986240171875 0.11063529375 0.404720371875 0.21106679687500002 0.40525369375000003
0 0.2775460265625 0.41330709375 0.3146178796875 0.41033342343749996 0.318178159375 0.36719739218749997 0.3319861375 0.36824356406250003 0.3338391515625 0.41112178593750004 0.3676687875 0.41142995625 0.3671116859375 0.3703567765625 0.3812871640625 0.3660538765625 0.38516471406249997 0.406570228125 0.4220487390625 0.4078878671875 0.4246561546875 0.367298378125 0.437233071875 0.3692207390625 0.439102390625 0.40563185625 0.4654293375 0.4058784765625 0.4657555515625 0.362790734375 0.4789497265625 0.3642648296875 0.47983428593750005 0.4064732828125 0.514984815625 0.40537638749999994 0.5127668671875 0.3424701125 0.2226034421875 0.3422376015625 0.22490307656250003 0.40784854687500005 0.26363541874999996 0.4078417359375 0.2617135109375 0.3672069078125 0.27605236093749996 0.368313353125 0.2775460265625 0.41330709375
0 0.6766355390625 0.23848000625000002 0.655733046875 0.23484683281250002 0.6534283640624999 0.248414634375 0.603678284375 0.24846958749999998 0.598916890625 0.27650021874999997 0.6557379796875 0.27708779375 0.6593756359375 0.27674640781250004 0.6764153312500001 0.279350896875 0.6766355390625 0.23848000625000002
0 0.460784640625 0.2646322 0.5307551015625 0.2659774546875 0.5334839328125 0.21695430937500002 0.46738987343750005 0.21471980937500001 0.460784640625 0.2646322
0 0.9442796625 0.16201794687499999 0.9980400312500001 0.16262144375 0.998718640625 0.10430194374999999 0.959653578125 0.1005483796875 0.9442796625 0.16201794687499999
0 0.9114279421875 0.09334413124999999 0.95912316875 0.096564678125 0.9623495546875 0.070219434375 0.91765869375 0.0640146015625 0.9114279421875 0.09334413124999999
0 0.9177932234374999 0.0547064234375 0.91765869375 0.0640146015625 0.9623495546875 0.070219434375 0.9629432671875 0.06160753125 0.9177932234374999 0.0547064234375
0 0.8967338953124999 0.20888657500000002 0.8420799984375 0.20767024531249997 0.820564446875 0.2127921046875 0.8021072437500001 0.20738311406249998 0.7450549796875 0.20901412812500003 0.750631559375 0.2331570484375 0.757400234375 0.2464838625 0.742694871875 0.253293609375 0.743437621875 0.2793063953125 0.7261965921875 0.2857285671875 0.7306843953125 0.2974128359375 0.797248784375 0.304352290625 0.8937723578125001 0.302284803125 0.8922625171874999 0.2845861140625 0.8421211109375 0.283391684375 0.8346026390624999 0.2744789796875 0.8367483765625 0.2618468890625 0.847466434375 0.255721609375 0.8784211187500001 0.2559242640625 0.8982643609375 0.2492528734375 0.915945553125 0.2398718765625 0.9291746796875 0.22680515625000003 0.9147389031250001 0.21683515625 0.8967338953124999 0.20888657500000002