0 0.080434765625 0.7454905453125 0.047893859375 0.7476987796875 0.0453803484375 0.757171578125 0.040030946875 0.7574766187499999 0.0509610171875 0.8294188437500001 0.0773908375 0.824567025 0.07779087500000001 0.8193537390625 0.10668974687499999 0.8088661484375 0.0959181328125 0.761368278125 0.0852847125 0.7643358734375 0.080434765625 0.7454905453125
0 0.14742759375 0.7747136765625 0.171991465625 0.77217155625 0.1690818671875 0.7612797609374999 0.24422519843749999 0.75109496875 0.23638250468750002 0.6698781234375 0.0917305109375 0.6960876296875 0.1018349859375 0.7650735390625 0.144297334375 0.75686328125 0.14742759375 0.7747136765625
0 0.4189782078125 0.6563735921875 0.42256928125000004 0.5899836796875 0.3487533046875 0.590597040625 0.3494652203125 0.6584666453125 0.3905687109375 0.6586568828125 0.4189782078125 0.6563735921875
0 0.231443740625 0.6525130203125 0.2289998796875 0.553834278125 0.0823624796875 0.5647732640625 0.08463666875 0.669768590625 0.204553275 0.6594260984375 0.20493597187499998 0.65079494375 0.231443740625 0.6525130203125
0 0.020550628125 0.3181554640625 0.06912779062499999 0.3153664328125 0.04615344375 0.206958971875 0.0025140296874999997 0.2160552125 0.0036944140625000004 0.31749722187499996 0.0183291890625 0.314959234375 0.020550628125 0.3181554640625
0 0.112801034375 0.91571605625 0.11137142656250001 0.9012130624999999 0.12334661250000001 0.896477571875 0.1110805234375 0.820972509375 0.053204421875 0.8441850437499999 0.0693374609375 0.95037345625 0.08822793281249999 0.9260437843749999 0.112801034375 0.91571605625
0 0.435549590625 0.0826773109375 0.29518170625 0.0898692859375 0.2995485 0.1294864828125 0.32602466093750004 0.11874518125 0.36285432812499996 0.1453163921875 0.3664370484375 0.1861049203125 0.4464279484375 0.1851139265625 0.435549590625 0.0826773109375
0 0.772730065625 0.2095178578125 0.767302271875 0.292175365625 0.8717568546875001 0.28922170625 0.8588064484375 0.20893712031249997 0.772730065625 0.2095178578125
0 0.169402853125 1 0.13121374531250002 0.9339432562500001 0.08116029999999999 0.9535828109375 0.1023308109375 1 0.169402853125 1
0 0.59610303125 0.581530909375 0.5891037156250001 0.537112959375 0.56498233125 0.5402274140625 0.5608553890625 0.513063690625 0.5303554828125 0.515490990625 0.5358808328125 0.5716814593749999 0.5401908203125 0.6033537140624999 0.5942328609375 0.5923474343749999 0.59610303125 0.581530909375
0 0.3157144515625 1 0.320551990625 0.9850537781250001 0.3057235375 0.9053473921874999 0.28624094843750003 0.8703046656250001 0.2081409609375 0.8921386828125 0.2448793984375 0.96284735625 0.2419237359375 0.9749160968749999 0.2541055765625 1 0.3157144515625 1
0 0.3874630640625 0.5832909453124999 0.3848678546875 0.5254632140625 0.343701271875 0.5298132921875001 0.3429344875 0.568540628125 0.35149280781250003 0.571736975 0.353293990625 0.5867585140625 0.3874630640625 0.5832909453124999
0 0.438705453125 0.8390788296875 0.4394794984375 0.8496798390625001 0.4013244859375 0.8516897234374999 0.4076646765625 0.926596065625 0.41703738437500004 0.92496625625 0.429344225 0.9722449203125001 0.5452595859375 0.9544248124999999 0.518940009375 0.826201396875 0.48120523125 0.837997703125 0.4639695046875 0.8332989656249999 0.438705453125 0.8390788296875
0 0.301668475 0.17510095312500001 0.2828054796875 0.090313228125 0.078669740625 0.10313684999999999 0.09301493125 0.2321090234375 0.2499392984375 0.2291369671875 0.24323726875 0.1751127234375 0.301668475 0.17510095312500001
0 0.2593338453125 0.6289158734375 0.24422083906249997 0.6303426484375 0.2428030328125 0.66189418125 0.336496009375 0.6610643984375 0.342501734375 0.5893689390625 0.32901354375 0.597635959375 0.2992256921875 0.5871301828125 0.29738979374999996 0.5777993171875 0.2634895421875 0.577392425 0.2593338453125 0.6289158734375
0 0.73746001875 0.062852665625 0.708017084375 0.0641153640625 0.7065246125 0.1255972359375 0.7357783 0.125429065625 0.73746001875 0.062852665625
0 0.2171601796875 0.8439948859375 0.17827519687499999 0.8513865515625 0.1709014203125 0.8471769874999999 0.1203357984375 0.8584897703125 0.128370678125 0.9035293734375 0.22546063749999998 0.8647656921875001 0.2171601796875 0.8439948859375
0 0.69348981875 0.9870071906250001 0.704673484375 0.9858149875000001 0.807632159375 0.9725213828125 0.7985560140625 0.91278176875 0.7876741078125 0.8936032046875001 0.6879193890625 0.9053291015625 0.69348981875 0.9870071906250001
0 0.0346767671875 0.7222351609375 0.0395669609375 0.7209724265624999 0.052712029687499995 0.7371520703125001 0.0923558078125 0.7399857046875 0.0673313671875 0.637906815625 0.037040653125 0.644188821875 0.040056228124999996 0.661697328125 0.025896789062499998 0.6644449390625 0.0346767671875 0.7222351609375
0 0.031246621875000002 0.5110701328125 0.10039770781249999 0.515129640625 0.0943842390625 0.40713406093750004 0.0049346046875 0.42407895 0.00516951875 0.44426730625 0.011544703125 0.4726566 0.0352218921875 0.4656548328125 0.03975829375 0.4842259109375 0.0253860234375 0.48956465312499997 0.031246621875000002 0.5110701328125
0 0.4464279484375 0.1851139265625 0.47429198906250003 0.39398255781249997 0.5846260812499999 0.3807228375 0.5507902203125 0.07363097656249999 0.435549590625 0.0826773109375 0.4464279484375 0.1851139265625
0 0.364252315625 0.41675119374999997 0.36735265 0.4470689140625 0.4125081984375 0.4419939734375 0.40614954062499997 0.413355890625 0.364252315625 0.41675119374999997
0 0.7382389390624999 0.8292129218750001 0.729622353125 0.7850247687499999 0.641857034375 0.79541246875 0.651236446875 0.8571482046875 0.6639506171875 0.85645080625 0.670250121875 0.8947483640625 0.7665689234374999 0.8842214578125001 0.7589253406250001 0.8527697968749999 0.7486008640625 0.8536412421874999 0.7458489 0.8291955375000001 0.7382389390624999 0.8292129218750001
0 0.6176297609375 0.5861162359375001 0.596933775 0.5887884171875 0.596723034375 0.59855139375 0.566425353125 0.6018967875000001 0.56295715625 0.6240822046875001 0.5374283921874999 0.6250913078125 0.5396008671875 0.6431073328125 0.6077349875 0.6297360015625 0.6118283812499999 0.649245534375 0.6471513515625 0.6452512953125 0.6176297609375 0.5861162359375001
0 0.2321259 1 0.24266326093749999 0.9956140281250001 0.1842234640625 0.9029273 0.1252707328125 0.9218065078125001 0.16963050468750002 1 0.2321259 1
0 0.2841104578125 0.78566455625 0.1911687328125 0.7896495921875 0.1975213 0.835179178125 0.288525565625 0.8222960359375 0.2841104578125 0.78566455625
0 0.58124609375 0.688297509375 0.5703489984375001 0.643690409375 0.3905687109375 0.6586568828125 0.40245356406250005 0.6962752484375 0.41842097031250003 0.7202945453125 0.5599270203125 0.7102698875 0.58124609375 0.688297509375