0 0.66304028125 0.2524820765625 0.48607090625 0.2886206765625 0.401856484375 0.3193359453125 0.45338094375000004 0.4181249046875 0.68311915625 0.35374837187499997 0.66304028125 0.2524820765625
0 0.3366231984375 0.141337715625 0.3752854875 0.2224698296875 0.42594574375 0.20509617656249998 0.444832275 0.214888884375 0.47708762499999996 0.20524886250000002 0.445932496875 0.10019300625000001 0.3366231984375 0.141337715625
0 0.27076658125 0.6323621796875 0.39066684375 0.6050254703125 0.3691546421875 0.53415765625 0.3593818265625 0.5272068140624999 0.23548908906250002 0.5509478546875 0.25665123125 0.623637015625 0.27076658125 0.6323621796875
0 0.0013319796875 0.22894794062499998 0.001594284375 0.27403429687499997 0.05473081875 0.247803925 0.0401264265625 0.200478684375 0.016667156250000002 0.2163787203125 0.0013319796875 0.22894794062499998
0 0.248822075 0.27786584687500004 0.15746534375000001 0.3171798421875 0.1498597765625 0.3294110421875 0.1964774359375 0.4220442984375 0.36574700781249997 0.36562870625 0.32164500625 0.276724865625 0.268737646875 0.28589733281249996 0.248822075 0.27786584687500004
0 0.000335325 0.0576373671875 0.000569390625 0.0978698765625 0.01130955 0.1206403125 0.2389497015625 0.09125223593750001 0.22786812812499999 0.0270304046875 0.000335325 0.0576373671875
0 0.48218745625 0.18835650937499998 0.47708762499999996 0.20524886250000002 0.5129069578125 0.2841452859375 0.7263306875 0.2299474875 0.7256519484374999 0.2167751234375 0.7531996421875 0.2008444203125 0.734632109375 0.1360284171875 0.48218745625 0.18835650937499998
0 0.03555623125 0.7452067 0.0575684828125 0.840132840625 0.10377357812500002 0.837595825 0.113130634375 0.843672190625 0.144108678125 0.8370601093750001 0.1094057046875 0.72917099375 0.03555623125 0.7452067
0 0.22090243906249998 0.5246084109375 0.4074457171875 0.4597458609375 0.380974553125 0.3888743546875 0.1728746625 0.4607044421875 0.1782197890625 0.47833386562499997 0.2026168859375 0.49342211875 0.22090243906249998 0.5246084109375
0 0.1820759328125 0.1464615 0.1601665921875 0.1281608390625 0.07982759218749999 0.1449180359375 0.0755791015625 0.15143978593750002 0.04634353125 0.162166571875 0.0652679 0.2233644234375 0.0796525 0.235861534375 0.225524584375 0.19330376093749999 0.21598470937499997 0.1589071203125 0.1820759328125 0.1464615
0 0.47708762499999996 0.20524886250000002 0.373602103125 0.2368037953125 0.38846932343749996 0.2700294328125 0.40869529375 0.29022260625 0.5031336343749999 0.27046531093750004 0.47708762499999996 0.20524886250000002
0 0.0645065703125 0.24384917343749998 0.041975478125 0.25367409375 0.0015816703125000001 0.27186600781250003 0.0017571609375000002 0.3020304140625 0.0046463609375 0.3071414046875 0.028782076562499998 0.303050890625 0.0362272609375 0.3147937625 0.05942333281249999 0.30996415625 0.0854494765625 0.3667880046875 0.1473690390625 0.3457144171875 0.1410171296875 0.322789459375 0.1473470953125 0.31259065937499997 0.1317757890625 0.2577575171875 0.14146863437499999 0.2471063515625 0.1366338828125 0.23074978906250002 0.111838359375 0.23492905468749997 0.08821224375 0.2364194515625 0.0645065703125 0.24384917343749998
0 0.248822075 0.27786584687500004 0.2460138921875 0.2639629734375 0.2886204375 0.25416386874999997 0.26676254843749997 0.2112114015625 0.25537199374999997 0.1780806640625 0.23491216874999998 0.177760353125 0.225524584375 0.19330376093749999 0.209936459375 0.20559179218749998 0.1366338828125 0.23074978906250002 0.15556635000000002 0.2985675625 0.16803165 0.30809889375 0.248822075 0.27786584687500004
0 0.20686537343750003 0.5447368765625 0.168015296875 0.49980759375000006 0.1589564 0.4952057328125 0.0653467625 0.5210614609374999 0.00853169375 0.52359763125 0.00306031875 0.5260241234375 0.0030868312500000003 0.5305813140625 0.021233160937500002 0.6714838421875 0.029669825 0.69949995625 0.23117551718749998 0.6479222859375 0.20686537343750003 0.5447368765625
0 0.0362272609375 0.3147937625 0.028782076562499998 0.303050890625 0.0046463609375 0.3071414046875 0.0017571609375000002 0.3020304140625 0.0025242703125 0.433885278125 0.080535875 0.41000953906250004 0.064793371875 0.3827653484375 0.0854494765625 0.3667880046875 0.05942333281249999 0.30996415625 0.0362272609375 0.3147937625
0 0.1782197890625 0.47833386562499997 0.1728746625 0.4607044421875 0.1517804515625 0.384003240625 0.1002919640625 0.40419297031249996 0.0319159890625 0.43582856249999996 0.002578965625 0.44328664218749997 0.0029842125 0.5129424499999999 0.00853169375 0.52359763125 0.0653467625 0.5210614609374999 0.1589564 0.4952057328125 0.1782197890625 0.47833386562499997
0 0.4838803078125 0 0.4929264796875 0.09133996718750001 0.5050719765625 0.1190680140625 0.9169356234375 0.084480559375 0.9121426015624999 0 0.4838803078125 0
0 0.3061880859375 0.016495062499999998 0.3030740640625 0.01769289375 0.334126196875 0.108330521875 0.358716165625 0.10911221093750001 0.3731175578125 0.10206857968750001 0.3849714640625 0.1147546515625 0.44172192343749994 0.09591264375 0.40965383437499997 0.002577190625 0.3061880859375 0.016495062499999998