0 0.0689031640625 0.7993507171875 0.10086277187499999 0.758898359375 0.0425674796875 0.7025716953125001 0.024001340625 0.7398908125 0.0275407046875 0.7555294781249999 0.0689031640625 0.7993507171875
0 0.12251576718749999 0.8555725171875 0.1753399140625 0.7909910124999999 0.1384211625 0.7568681953125 0.0878620328125 0.8194559968749999 0.12251576718749999 0.8555725171875
0 0.9643976640625 0.9763481234375 0.9273647437499999 0.932258775 0.9207972328125 0.9362911468749999 0.9236495828125 0.9435386296875 0.9074411625 0.9511463093750001 0.8860553624999999 0.98045386875 0.9643976640625 0.9763481234375
0 0.37695767343750003 0.6625058687500001 0.20354985625 0.48516545312500003 0.076825490625 0.660762625 0.2471636625 0.8353586953125 0.37695767343750003 0.6625058687500001
0 0.48943891875 1 0.37470473125 0.88175140625 0.35957359218749996 0.9032311828124999 0.3497485078125 0.8985743968750001 0.27798508593750004 1 0.48943891875 1
0 0.7956246265625 0.080372871875 0.7980224125000001 0.11826226875000001 0.826606653125 0.11719692343749999 0.8358203640624999 0.11372642031249999 0.8337883078124999 0.07495247187500001 0.7956246265625 0.080372871875
0 0 0.4681928390625 0.0729094484375 0.4673073890625 0.0695254828125 0.404703221875 0 0.404555021875 0 0.4681928390625
0 0.4248478203125 0.5560676124999999 0.6409499265624999 0.7892748359375 0.6487167546875 0.7853238421875 0.670570496875 0.7965823671875001 0.7732788640625 0.6600734421875 0.5489711796875001 0.405146559375 0.529985471875 0.4132294609375 0.4248478203125 0.5560676124999999
0 0.13898316875 1 0.18925634375 0.9256117859374999 0.0214146 0.7491129046875 0.0125518625 0.7525967515625 0.0255177171875 1 0.13898316875 1
0 0.4486749109375 0.8255396968750001 0.5191534328125 0.719215709375 0.479374621875 0.6784845500000001 0.40521801875 0.785001296875 0.4486749109375 0.8255396968750001
0 0.619883140625 0.42582579374999996 0.6943420671875 0.4280842734375 0.6935667859375 0.3645398203125 0.6226842765625 0.3621145140625 0.619883140625 0.42582579374999996
0 0.6672873765625 0 0.665513703125 0.001456915625 0.6658491234375 0.078231821875 0.7512281125 0.073015540625 0.746265725 0 0.6672873765625 0