0 0.5934467421875 0.0385995921875 0.58585458125 0.0458404953125 0.5724632015625 0.0762454625 0.6093590484375 0.0916372140625 0.604176796875 0.1020050140625 0.6344468203125 0.11274743125 0.6612090296875001 0.051936300000000005 0.6338791578125 0.042230115624999995 0.6284040796875 0.04959425 0.5934467421875 0.0385995921875
0 0.363880290625 0.5699968359375001 0.2964579046875 0.563518246875 0.26473352031249997 0.8931042671875 0.330222628125 0.9030336734375 0.363880290625 0.5699968359375001
0 0.7145497 1 0.7926787765625 0.9585414374999999 0.7632496843750001 0.9235636453125 0.7360214734375 0.8789507984375 0.497621303125 1 0.7145497 1
0 0.8566450328125 0.369636621875 0.7912211359375 0.3640570609375 0.7274635375 0.35146839218750003 0.6920245765625 0.5688295796875 0.7545167125 0.5767307734375 0.8202220625000001 0.5837891328125 0.8566450328125 0.369636621875
0 0.7393249203125001 0.2672151734375 0.7312606703125 0.3164266796875 0.7748553359375 0.3238458140625 0.7725900796875 0.35343599375 0.8025579328125 0.357837421875 0.8018170781249999 0.36444725624999996 0.828269709375 0.3682115265625 0.83822669375 0.3066899640625 0.824948684375 0.30591707968750004 0.827108965625 0.2883084703125 0.7560955093749999 0.27884020625 0.7582958828125 0.2696582625 0.7393249203125001 0.2672151734375
0 1 0.28894673437499996 0.993985290625 0.288361809375 0.992017659375 0.29829880468750003 0.9830751734375 0.29736633437500004 0.981658846875 0.30476074375 0.9556664593749999 0.30217671875 0.95291015625 0.33390104374999996 0.9921475 0.3384094828125 0.9942229140625001 0.332351071875 1 0.332502803125 1 0.28894673437499996
0 0.7313459734375 0.6268137406250001 0.689466759375 0.64361400625 0.7125390281249999 0.6832063484375 0.7250513 0.6760870546875 0.7380478515625 0.6979352859375 0.7688461546875 0.684959659375 0.7313459734375 0.6268137406250001
0 0.88152284375 1 0.87205491875 0.9760763171875 0.8401474765625 0.9841058015625 0.8462864421875 1 0.88152284375 1
0 0.4363332890625 0.537962759375 0.4375993875 0.49531746875 0.32804241875 0.48502688593750004 0.325315515625 0.5055067453125 0.3539875515625 0.5089676562500001 0.3509322828125 0.5440113546875 0.382894059375 0.54587178125 0.385740121875 0.5232773265625 0.407371696875 0.525236765625 0.40362957968749996 0.5595401734375 0.41432643437500005 0.55909175 0.42157030000000006 0.5566709609375 0.4292440015625 0.5450269609375 0.4363332890625 0.537962759375
0 0.457943540625 0.35773702812499997 0.44889571562499997 0.44176266562500005 0.49471789062499993 0.44914668124999996 0.496390459375 0.40397096875000005 0.4778981546875 0.40629314218749996 0.46648640781250006 0.40350735625 0.472960546875 0.36586141875 0.4936302453125 0.36236835156249997 0.5033801453125 0.3548205 0.5064654203125001 0.34389809374999997 0.49708848593750005 0.32708034218750004 0.327531225 0.308930625 0.3192297171875 0.39065160312499997 0.335445571875 0.3911835453125 0.3419241625 0.343712909375 0.37429747343750003 0.3460298375 0.37549868750000004 0.3388288765625 0.40751981875 0.33941571875 0.40539152187500005 0.357664709375 0.414391953125 0.3569115671875 0.4173379640625 0.34853513125 0.43477023125 0.35082686406249997 0.457943540625 0.35773702812499997
0 0.3685592734375 0.42404830625 0.39671762187500004 0.424822253125 0.4026341453125 0.3986989921875 0.4243412375 0.40080700937499997 0.41849831249999997 0.4346379765625 0.4440083796875 0.4373999015625 0.4487117703125 0.3731832421875 0.3661016890625 0.366665103125 0.3655445671875 0.41532490781250003 0.3685592734375 0.42404830625
0 0.207251821875 0.467244084375 0.1650043859375 0.464084640625 0.1606749140625 0.5264693 0.203254540625 0.5300188328125001 0.207251821875 0.467244084375
0 0.2044932875 0.586136440625 0.15201425468750002 0.5809602171875 0.14961136875 0.6174837078125 0.2023694875 0.6237472390625001 0.2044932875 0.586136440625
0 0.151899603125 0.7143216546875 0.1394480390625 0.7139470328125 0.1375439171875 0.747286359375 0.1644320171875 0.7509935875 0.162828615625 0.7685934171875 0.1919945140625 0.7707442437500001 0.19745068593749998 0.7226579656250001 0.1854146015625 0.7208863078125 0.18940657656249998 0.6887395703125 0.1539224296875 0.68595320625 0.151899603125 0.7143216546875
0 0.12448272499999999 0.8541886640625 0.13587340781249999 0.8574263640625001 0.13408304843750002 0.868424146875 0.14298487499999998 0.86978679375 0.1427808484375 0.8834515875 0.14993646562500001 0.8855776843750001 0.1487759125 0.892348465625 0.1789522328125 0.8958145468750001 0.1839636484375 0.8435623031249999 0.1252370984375 0.8380018281250001 0.12448272499999999 0.8541886640625
0 0.6077819 0.49828210625 0.576966990625 0.4943669046875 0.5758630015625 0.5733348359375 0.5989118578125 0.57539736875 0.6024558078125 0.5453460859375 0.6194952375 0.5463379140625 0.619039996875 0.5715844156250001 0.6762055 0.5752620515625 0.678440471875 0.5034248609375 0.6226344187499999 0.4997645609375 0.62294199375 0.5112964046874999 0.6076277109375 0.509993046875 0.6077819 0.49828210625
0 0.6917566328125 0.44588874843750004 0.6933602234375 0.3805235796875 0.6363804390625 0.38037890625 0.6358663546875001 0.3914097828125 0.622351209375 0.3913028078125 0.6220016234375 0.378903428125 0.5892890265624999 0.375021946875 0.5862859640625 0.4009852359375 0.60218291875 0.402610875 0.6007306015625 0.4196221734375 0.591149025 0.418693696875 0.5895751812500001 0.44494615 0.6133941734375 0.44596185000000005 0.6152178765625 0.4218660703125 0.634471021875 0.42179210468750006 0.6328210999999999 0.44923477968750003 0.6896036765625 0.45361103593749996 0.6917566328125 0.44588874843750004
0 0.7326785484375 0.240010496875 0.738019134375 0.138240690625 0.7038248328125001 0.13254278125000002 0.6959513890625 0.14316588125000002 0.6480806625 0.1403794296875 0.6458470015625 0.1617736875 0.6653541734374999 0.16597816875 0.6611557578125 0.1897297515625 0.6414977796875 0.189203421875 0.64241285625 0.208927196875 0.6888995234374999 0.21532001875 0.6823249359375 0.2241649578125 0.684276396875 0.2353599453125 0.7326785484375 0.240010496875
0 0.5715740406250001 0.025009187500000002 0.54005314375 0.0057284328125 0.5117687453124999 0.054978214062499996 0.5448692187499999 0.07043740937500001 0.5715740406250001 0.025009187500000002
0 0.48102156406249996 0.09073753125 0.5080840640625001 0.0955671703125 0.5528972249999999 0.1020479578125 0.5563538828125 0.09155911562499999 0.497266709375 0.0667602828125 0.48102156406249996 0.09073753125
0 0.5254494234375 0.12007959374999999 0.5302803984375 0.10132880468750001 0.5044855015625 0.0976028203125 0.477245165625 0.09305119375000001 0.47091603437499996 0.1280279140625 0.494255915625 0.131363828125 0.505103809375 0.1161764640625 0.5254494234375 0.12007959374999999
0 0.0028327421875 0.486907034375 0.0032518718750000003 0.558949303125 0.026514100000000002 0.5594223234375 0.059630290625000006 0.2844386125 0.012483378125 0.2798303125 0.0028327421875 0.486907034375
0 0.026814634375 0.5764120687500001 0.0033337765625000002 0.573027534375 0.0048855296875 0.8397511062499999 0.0089155375 0.8401908640625001 0.026814634375 0.5764120687500001
0 0.8864355156249999 0.7479939703125 0.8281494921875 0.760399465625 0.8317337328125 0.8028945406249999 0.8953506703125 0.79506300625 0.8864355156249999 0.7479939703125
0 0.72300165625 0.5931456390625 0.72427388125 0.5817675421875 0.725727490625 0.574457690625 0.696685028125 0.570542671875 0.6892834171875 0.6104003375 0.7242077015625 0.6150284781249999 0.7251008890625 0.5958631015625 0.72300165625 0.5931456390625
0 0.8258994749999999 0.5667765984375001 0.8202220625000001 0.5837891328125 0.7545167125 0.5767307734375 0.725727490625 0.574457690625 0.72427388125 0.5817675421875 0.730910859375 0.5839664375 0.727061753125 0.6095097265625 0.770817165625 0.6745079281249999 0.8322393765625 0.6323981671875 0.830987715625 0.621223315625 0.843282115625 0.61258773125 0.8258994749999999 0.5667765984375001