0 0 0.45732614062500004 0.013851706250000002 0.45602090625 0.0840564296875 0.47375916093750003 0.0928771375 0.43073819062499996 0.0916238515625 0.403606659375 0.048991625 0.389614878125 0.0459393328125 0.399090115625 0.03304876875 0.3945954328125 0.0068044578125 0.39527188281250003 0 0.4481827015625 0 0.45732614062500004
0 0.2199841453125 0.83549495625 0.46729241874999994 0.9129822515624999 0.485485109375 0.84232133125 0.49755237656249995 0.7742193187499999 0.2507693515625 0.7042844609375 0.2199841453125 0.83549495625
0 0.3733381375 0.208311353125 0.41469094687499997 0.215206440625 0.4214287078125 0.17412317187499998 0.363841815625 0.1659505171875 0.3614761765625 0.2013908421875 0.3733381375 0.208311353125
0 0.061990856250000004 0.17937835 0.040935112499999995 0.26099315624999997 0.10328456875 0.28031843125 0.12471380624999999 0.1987495171875 0.061990856250000004 0.17937835
0 0.061990856250000004 0.17937835 0.08502962343750001 0.181829509375 0.09323633906249999 0.15423621406250002 0.10992078281249999 0.10087580468749999 0.047488940624999997 0.078913215625 0.0359100171875 0.168949815625 0.040954625 0.1706977953125 0.061990856250000004 0.17937835
0 0.33346418125 0.003073684375 0.30258214843750003 0.018178178125 0.28806719687500004 0.1064604296875 0.30144638125 0.1150227609375 0.30216116249999997 0.1289684765625 0.3417023328125 0.1445420734375 0.372127121875 0.1331569875 0.38817693750000004 0.04523206875 0.3591156078125 0.030608671875 0.350862603125 0.0095565609375 0.33346418125 0.003073684375
0 0.07619383125 0.38886529531249997 0.07795075 0.398804896875 0.0916238515625 0.403606659375 0.10595383437499999 0.322663025 0.027257090625 0.3017931609375 0.01201193125 0.363957325 0.025634909374999997 0.36898494843749996 0.0263998796875 0.37483724375 0.07619383125 0.38886529531249997
0 0.444557209375 0.3317431015625 0.39671383437499996 0.3122175109375 0.399985134375 0.3031699421875 0.2888190828125 0.26221678437499996 0.2836938375 0.26945460312499997 0.2317753640625 0.253098421875 0.20375916875 0.320000090625 0.1956472828125 0.3993031921875 0.27348662031250004 0.42618458124999997 0.39470633906249997 0.47467977031249997 0.4073648140625 0.43738243125 0.41453971093749997 0.43879134375 0.420380521875 0.40959960000000006 0.43328685624999996 0.41118543125 0.44819180468750003 0.360517159375 0.4403980578125 0.3558893984375 0.444557209375 0.3317431015625
0 0.404788353125 0.9097738796874999 0.3965542421875 0.9334827546875 0.44581783750000004 0.9527820890625 0.45364239531250006 0.9232434968750001 0.404788353125 0.9097738796874999
0 0.19061269218750002 0.7134717187499999 0.174361059375 0.7862483874999999 0.2216359265625 0.80298316875 0.23805250781249998 0.7290877609375 0.19061269218750002 0.7134717187499999
0 0.6683492046875 0.5609502328125 0.7980918453125 0.5947996984375 0.84356509375 0.5839137203125 0.8556622624999999 0.53328011875 0.8395312765625 0.5300535984375 0.8448045640625 0.5070777390625001 0.8040809140625 0.49414308125 0.80111679375 0.4829372375 0.7467564578125 0.4680317109375 0.7387402140625 0.47464009999999995 0.6999762140625 0.46941303906250004 0.620805984375 0.45173326874999997 0.6143980828125 0.43206796562500005 0.561244990625 0.42055904999999993 0.5541124 0.429638396875 0.5127036515625 0.41957253437500003 0.505037540625 0.44050368906250004 0.49186816718750004 0.434899021875 0.4858277859375 0.481868465625 0.4502501 0.4938226859375 0.44869604531249996 0.500170465625 0.5249405609375 0.517490746875 0.5277231390625 0.5322389484375 0.5443106578125 0.5376519234375 0.5648720421875 0.531340515625 0.6534569515624999 0.5531722515624999 0.6683492046875 0.5609502328125
0 0.32282910625 0.9183703765625 0.3063230640625 0.96477103125 0.32904558125 0.9742704703125 0.3420006453125 0.9331918015625 0.32282910625 0.9183703765625
0 0.320099884375 0.146000803125 0.30892644687500004 0.188795965625 0.35304648437499997 0.2025276140625 0.3614761765625 0.2013908421875 0.363841815625 0.1659505171875 0.36670415312500004 0.1609024921875 0.320099884375 0.146000803125
0 0.19566422187500002 0.9334773625 0.25042213125 0.9282460468749999 0.24729562187499998 0.9460015875 0.29609467343749996 0.9631767625000001 0.308707915625 0.9126276640625001 0.2651479046875 0.8983109546874999 0.25593607343749997 0.8983180796875001 0.24221887656250002 0.8977927140625 0.1993760390625 0.9046146187499999 0.19566422187500002 0.9334773625
0 0.365851453125 0.5374496843750001 0.37393709375 0.50604483125 0.37239529375 0.47476477812500006 0.3351766875 0.46129053124999997 0.31223573125000004 0.5275713375 0.3430745375 0.541485059375 0.351168003125 0.5336205984375 0.365851453125 0.5374496843750001
0 0.1351660265625 0.1609068859375 0.09323633906249999 0.15423621406250002 0.08502962343750001 0.181829509375 0.125763953125 0.1946811078125 0.1351660265625 0.1609068859375
0 0.3675511 0 0.3591156078125 0.030608671875 0.38817693750000004 0.04523206875 0.39586782343750004 0.064590975 0.4762050390625 0.097453215625 0.4941026 0.09939921874999999 0.6006519499999999 0.12904893906249998 0.6323943937500001 0.1149571515625 0.660791778125 0.0531223796875 0.6009842375 0.021242900000000002 0.600270540625 0.0105666828125 0.5890858203125 0.0071885859375 0.571371821875 0.005012025 0.5651748125 0.0105783875 0.5191637499999999 0 0.3675511 0
0 0.45643416718749996 0.9991194109375 0.4605227453125 0.9728340828125001 0.42302309843749997 0.959578415625 0.41300785937500006 0.9937835203125 0.45643416718749996 0.9991194109375
0 0.0576373671875 0 0.053464546875 0.032447457812500004 0.1520930921875 0.062227029687500005 0.165899734375 0 0.0576373671875 0
0 0.9848338796875 0.26885112968749997 0.9810164562500001 0.2860788296875 0.96259293125 0.28248625 0.919374659375 0.2955054578125 0.8848283171875 0.46628771718750006 0.8984247249999999 0.4900423734375 0.9357982953124999 0.48444678750000003 0.9693537937500001 0.49411720312499996 0.996940778125 0.40252655 0.997657303125 0.40267540625000003 0.9984517984375 0.266113159375 0.9971440671874999 0.2731057578125 0.9848338796875 0.26885112968749997
0 0.9641516921875001 0.6466741359375 0.9957742171874999 0.5394376859375 0.9969131687499999 0.530581309375 0.9969604609375 0.5224523359375 0.9838754015625 0.5003520640625 0.9693537937500001 0.49411720312499996 0.9357982953124999 0.48444678750000003 0.8984247249999999 0.4900423734375 0.8910221875 0.5669436984375 0.8511720859375 0.5542640249999999 0.84356509375 0.5839137203125 0.84359608125 0.60465163125 0.8532751281250001 0.606747903125 0.8512967171874999 0.6291794421875 0.8993100281249999 0.6504976953125 0.9348847390625 0.6557758296875 0.9390805609375 0.637244690625 0.9641516921875001 0.6466741359375
0 0.730952309375 0.13725495625 0.7369719375 0.1687899140625 0.7714724281249999 0.1761929703125 0.8006389890625 0.1932760484375 0.8726838718750001 0.211620078125 0.902582534375 0.212193171875 0.9227133578125001 0.19726523437500001 0.9264515015624999 0.1811457015625 0.997121621875 0.19149542656250002 0.9988907499999999 0.19066399843749998 0.9993794078124999 0.1066706671875 0.9797282515625 0.101549440625 0.9442334499999999 0.10712276406250001 0.9418194328125 0.1258939296875 0.8898327968749999 0.1118706609375 0.8866747078125 0.0990590296875 0.8611882218750001 0.092531525 0.857124396875 0.10544713750000001 0.8434805296875 0.10402379531249999 0.8446554921875 0.0948873875 0.82014118125 0.0893230421875 0.8176443265625 0.094479253125 0.772322109375 0.084523128125 0.7391543453125 0.089538671875 0.730952309375 0.13725495625