0 0.7298576171875 0.297921690625 0.5438226609375 0.1174820078125 0.523616859375 0.14261435312499998 0.4974319578125 0.17234898125 0.5382186046874999 0.21683186718749997 0.5433558953125 0.211996278125 0.5620768843749999 0.22910075000000002 0.55960629375 0.2368898921875 0.6180108484375 0.297048975 0.626164584375 0.2895329328125 0.6472755484375 0.3122435171875 0.64102970625 0.317936546875 0.679802740625 0.3536117828125 0.7298576171875 0.297921690625
0 0.9718219390625 0.31159806093750003 0.7857869828124999 0.131158375 0.7655811828125 0.1562907234375 0.73939628125 0.18602534843750002 0.7801619625 0.23051281875 0.78532021875 0.22567264687500002 0.80404120625 0.2427771171875 0.8015706171874999 0.250566259375 0.8599751703124999 0.3107253421875 0.8681079421875 0.3032138859375 0.8892398703125 0.325919884375 0.8829940281249999 0.33161291406250004 0.9217670625000001 0.36728815 0.9718219390625 0.31159806093750003
0 0.8884673218750001 0.1252706328125 0.9444328078125 0.1755803890625 0.914971246875 0.0408341484375 0.8736212218749999 0.0053282640625 0.8462330328125001 0.026846896874999998 0.8249389078125 0.0666931515625 0.8602458953125 0.100380403125 0.8702646421875 0.0940601453125 0.8948536578124999 0.1166033671875 0.8884673218750001 0.1252706328125
0 0.17570064218749998 0.9034036249999999 0.21557377500000002 0.944110303125 0.333723275 0.8359688828125 0.28762714218749996 0.78880274375 0.202832909375 0.8600183359375 0.17570064218749998 0.9034036249999999
0 0.0857346671875 0.7876065265625 0.130850775 0.8409398781249999 0.237365603125 0.7365504796875 0.1912694703125 0.6893843390625001 0.1064752390625 0.7605999328124999 0.0857346671875 0.7876065265625
0 0.11855589375 0.5626759640625 0.024809825 0.6513204125 0.0357816015625 0.7015012421875 0.0393039328125 0.7061578671875 0.062419787500000004 0.7136246359375 0.1637372015625 0.6125902453125 0.11855589375 0.5626759640625
0 0.4355419234375 0 0.3407026640625 0.020736107812499998 0.42732794687500003 0.1021830578125 0.47686656562499996 0.0402135796875 0.43691039218750005 0 0.4355419234375 0
0 0.5423775140625 0 0.629795465625 0.0787828140625 0.6554845874999999 0.060645090624999995 0.6861479265625 0.0240662078125 0.6614679437500001 0 0.5423775140625 0
0 0.6883962796875001 0.47439404375 0.728931134375 0.5080805093749999 0.8194618140625 0.38262736406250003 0.7841456578125 0.348898184375 0.75166375 0.3849960234375 0.6883962796875001 0.47439404375
0 0.686964365625 0.5052186578125 0.5009294125 0.32477897499999997 0.4807236078125 0.3499113203125 0.45453870781249994 0.3796459453125 0.49532535468749994 0.424128834375 0.5004836078125 0.41928866249999996 0.51918363125 0.4363977171875 0.51671304375 0.4441868578125 0.575117596875 0.504345940625 0.583271334375 0.4968299015625 0.6043822953125 0.51954048125 0.5981364546875 0.5252335140625 0.6369094890625 0.5609087500000001 0.686964365625 0.5052186578125
0 0.4730518390625 0.2550457421875 0.2870378484375 0.074601475 0.26683204374999997 0.09973382187499999 0.2406471453125 0.1294684484375 0.2814128265625 0.17395591875 0.2865710828125 0.1691157453125 0.30529206875 0.18622021718749998 0.30282148124999997 0.194009359375 0.361226034375 0.254168440625 0.36935880781249997 0.2466569859375 0.39046976718750004 0.26936756875 0.384244890625 0.2750560140625 0.423017925 0.3107312515625 0.4730518390625 0.2550457421875