0 0.7626956078125 0.5710074390625001 0.7249765625 0.574076128125 0.72773426875 0.6031417609374999 0.7665770562499999 0.6005485046875 0.7626956078125 0.5710074390625001
0 0.3510975703125 0 0.3406308890625 0.005753653125 0.3287539625 0.00020492187499999997 0.2817866140625 0.0209407078125 0.2875972046875 0.050283384375 0.36191800625 0.023264225 0.3600641359375 0.0089688 0.3534509375 0 0.3510975703125 0
0 0.19465098593750002 0.0029878640625 0.2141480421875 0.056119009374999994 0.276199403125 0.026509642187499998 0.2697949984375 0.0008020640625000001 0.19465098593750002 0.0029878640625
0 0.1625829171875 0.10280110625000001 0.20203793124999997 0.08817805 0.2089377953125 0.06438018437500001 0.186944546875 0.0032120312499999996 0.14327246875 0.004482371875 0.1625829171875 0.10280110625000001
0 0.5300671218749999 0.8207375421875 0.5657844234375 0.8116296203125 0.5667126234375 0.7708512796875 0.5330437625 0.774289953125 0.527227853125 0.78815808125 0.5300671218749999 0.8207375421875
0 0.6547898765625 0.4898996765625 0.6527627 0.465954984375 0.648625078125 0.43711241718749994 0.5954916453125 0.45036509062499996 0.5958783484375 0.45913418124999994 0.576299578125 0.462630471875 0.5764901921875001 0.47900676249999996 0.5787233765625001 0.4944496703125 0.5936514734375 0.493141471875 0.5987569609375 0.5055740515625 0.6547898765625 0.4898996765625
0 0.578951621875 0.3725751765625 0.578305784375 0.37822394843749996 0.5555470125 0.3844956203125 0.5625607484375 0.414148821875 0.5766087578125 0.41233777656250004 0.583792290625 0.4268846671875 0.6418857109375 0.406577265625 0.6444042890625 0.3819109265625 0.6378055921875 0.3582211609375 0.578951621875 0.3725751765625
0 0.363145525 0 0.3732756328125 0.047079784375 0.44809167656250004 0.036407732812499996 0.44000981093749997 0 0.363145525 0
0 0.4596107390625 0.1212541484375 0.46459016249999996 0.12110930625 0.45387854531249994 0.05497892343750001 0.4424563609375 0.05531117343750001 0.43093886875000004 0.047455279687500004 0.40156796874999995 0.0638174921875 0.3799773703125 0.0708885015625 0.3876444796875 0.14968853437500002 0.3993987390625 0.1534319203125 0.460705784375 0.1384781015625 0.4596107390625 0.1212541484375
0 0.47245519375 0.24311423125 0.46696758125000004 0.23278622656249998 0.45074897812500003 0.243745625 0.4346607484375 0.24494529687500002 0.43048606562499997 0.221652490625 0.46725103125 0.21521730312499998 0.46352156093749997 0.188253075 0.44551626562499996 0.192435290625 0.44228042187499994 0.1869197546875 0.3960094234375 0.194119253125 0.405546846875 0.217012165625 0.397563746875 0.222854040625 0.39957179531250003 0.24864885 0.40958264062499994 0.24933324843750002 0.41070026718749997 0.2824709078125 0.47134943125 0.27387758125 0.46764833906250003 0.24935151093750002 0.47245519375 0.24311423125
0 0.344769978125 0.2146337828125 0.3361458515625 0.20732379375 0.3216032609375 0.21555155781250002 0.322400203125 0.2211380375 0.2907228765625 0.22449845625 0.30149144375 0.290281659375 0.3207105125 0.2855763421875 0.380965375 0.264067875 0.3705258359375 0.2055920484375 0.344769978125 0.2146337828125
0 0.2543093453125 0.29082077968750003 0.28407355624999997 0.282048625 0.27611666874999996 0.22726068281249998 0.2515993890625 0.234416825 0.23890970312499998 0.225416184375 0.2158794 0.2328136234375 0.21709936718749998 0.2380625984375 0.1957999140625 0.2439463 0.2079100578125 0.302719053125 0.25374383125 0.292890040625 0.2543093453125 0.29082077968750003
0 0.06821811093749999 0.0066655640625 0.055203206250000005 0.016230981250000002 0.0436227015625 0.018681621875000002 0.040811365625 0.0074627765625 0.018190871875 0.008120765625 0.0281309359375 0.0746191140625 0.11007263593750001 0.05256111718749999 0.10802653749999999 0.0269909859375 0.1233461484375 0.01565124375 0.1179994265625 0.0052175171875 0.06821811093749999 0.0066655640625
0 0.0539675078125 0.0812455 0.025097571875000002 0.09173958125000001 0.0301670609375 0.12378669687499999 0.0599076390625 0.11473067968749999 0.0539675078125 0.0812455
0 0.1654707859375 0.328201090625 0.1625910140625 0.2554608875 0.141819209375 0.2525285765625 0.0811546453125 0.25630535781249997 0.0881352265625 0.33551152968750003 0.1654707859375 0.328201090625
0 0 0.540244728125 0.0130882546875 0.602324175 0.045928275000000005 0.5940519703125 0.051174834375 0.604630884375 0.0638938375 0.586456334375 0.0747951046875 0.5797978796875001 0.0991500546875 0.5761626609375 0.09363389375 0.5424212500000001 0.08897994687500001 0.5198740796875 0.058680821875 0.5158774609375001 0 0.5320598859375 0 0.540244728125
0 0.1275017390625 0.538610940625 0.10618856875 0.5433161984375 0.11929184531249999 0.6123037921875001 0.14701372031249998 0.6044853375 0.14209924375 0.5700353796875001 0.142215040625 0.569503565625 0.131968109375 0.5694967578125001 0.1275017390625 0.538610940625
0 0.1328327359375 0.5284966921875001 0.14209924375 0.5700353796875001 0.2149399859375 0.5503558984375 0.1990565640625 0.453868340625 0.191695209375 0.45548488281250005 0.106586959375 0.4779805125 0.112556121875 0.5069730531250001 0.1219472578125 0.5295247 0.1328327359375 0.5284966921875001
0 0.31577459375 0.5200248953125 0.310003828125 0.4766365828125 0.30167358593750004 0.4561475375 0.2501360375 0.46502459218750003 0.251865475 0.4930835671875 0.2371224234375 0.494569309375 0.244303346875 0.536839384375 0.27757372187499996 0.528859534375 0.2839680875 0.534994565625 0.2975521171875 0.5247622 0.31577459375 0.5200248953125
0 0 0.7564597890625 0.00129850625 0.8680191109375001 0.075929415625 0.8624023765625 0.0727535859375 0.7100786375 0.06909015625 0.695774875 0 0.69778458125 0 0.7564597890625
0 0.14056732656249998 0.738857571875 0.17637091875 0.733669840625 0.17768367812500002 0.6997297875 0.1778280703125 0.6702138921875 0.1611839515625 0.665576175 0.14287233125 0.6644015375000001 0.1320136328125 0.674717228125 0.07908949062500001 0.67625669375 0.08095048125 0.7522988359375 0.13455805 0.7465932171875 0.14056732656249998 0.738857571875
0 0.2050594140625 0.8176306562500001 0.20220896718749998 0.747409884375 0.1965694328125 0.74149679375 0.14706049062499998 0.74649376875 0.1441263109375 0.7546684109374999 0.08300070625 0.7625032515625 0.0836598140625 0.8191294625 0.0927475421875 0.8173610765625 0.0950126828125 0.8390427875 0.180346225 0.82542256875 0.2050594140625 0.8176306562500001
0 0.18938934062499999 0.9752789312499999 0.1917311359375 0.9493982421875 0.1440820703125 0.9517395343749999 0.10758815 0.9552603828124999 0.09221127968750001 0.9581873 0.093470078125 0.9988446812499999 0.1603310359375 0.9980666828125001 0.16030226875 0.9915719140625001 0.1743046625 0.9893353734374999 0.169284965625 0.9772864703125 0.18938934062499999 0.9752789312499999
0 0.10758815 0.9552603828124999 0.1440820703125 0.9517395343749999 0.14061304375 0.9261904703124999 0.10379016875 0.9311436265624999 0.10758815 0.9552603828124999
0 0.090261684375 0.8553189250000001 0.09045135625 0.9013085640625 0.09923139843749999 0.9010531671875001 0.09887171875 0.9312866953125001 0.15499852187500002 0.9236785624999999 0.153488071875 0.8847394187500001 0.1765308671875 0.8731750203124999 0.1688793203125 0.8481134640624999 0.149912846875 0.84831964375 0.090261684375 0.8553189250000001
0 0.34192626718749997 0.8262102140625001 0.3385414625 0.811390225 0.337993271875 0.7642931468749999 0.323390375 0.7673398265625 0.318576284375 0.7554881921875001 0.27475766562500004 0.7637748703125 0.28217816406249996 0.7986803796874999 0.26504213593750003 0.8094225640625 0.244850315625 0.8109042015625001 0.24601372187499998 0.8357479874999999 0.34192626718749997 0.8262102140625001
0 0.35179039843750004 0.71647391875 0.35297775 0.6927202703125 0.34931196875000003 0.6799612640625 0.3180366453125 0.6846717546875001 0.31784573437499997 0.7189246953125 0.35179039843750004 0.71647391875
0 0.4202941953125 0.656067621875 0.42135719531250004 0.6268705296875 0.418319515625 0.606938903125 0.36607487656250004 0.6162023750000001 0.368732053125 0.6628316078125 0.4202941953125 0.656067621875
0 0.42620065625 0.44386688437500005 0.4706394359375 0.43995233437500003 0.4877343015625 0.423926884375 0.4814997140625 0.3913445640625 0.499299875 0.387005715625 0.4962473796875 0.37628168125 0.5032691375 0.3751831375 0.5013647015625 0.3617834765625 0.47971616250000004 0.363876584375 0.407562615625 0.3779670671875 0.41132062812500003 0.39865008281250003 0.4180580984375 0.3993280703125 0.42620065625 0.44386688437500005
0 0.61750570625 0.26482949843750003 0.6216389812500001 0.25312409687500004 0.61774664375 0.2505950859375 0.58808754375 0.25267730781250003 0.5887328859375 0.2731866453125 0.6131171609375 0.2720708515625 0.61750570625 0.26482949843750003
0 0.6202968203125 0.3334463328125 0.6184753953125 0.327178284375 0.6317467984375 0.3215281046875 0.6317569484375001 0.2909592203125 0.6255569750000001 0.27183095 0.5823886984375 0.2766028375 0.5860395796875 0.288081809375 0.57731275 0.2929087515625 0.56825246875 0.2987819578125 0.569391153125 0.3057812390625 0.53326308125 0.3110393828125 0.5347430203125 0.3176628875 0.547713403125 0.3193384140625 0.55573949375 0.3398972796875 0.5683402156249999 0.3360145484375 0.5734057625 0.3485092625 0.6202968203125 0.3334463328125
0 0.5741922390624999 0.113896859375 0.58169799375 0.1124590421875 0.579310978125 0.09952056406250001 0.5700397609375 0.08901807187500001 0.5677779453125 0.0693687515625 0.5293652609375 0.07048610625 0.52471908125 0.0730602375 0.5111279015625 0.0756913140625 0.5141649859374999 0.109545484375 0.5164101046875 0.1102931734375 0.5195203609375 0.13296654375 0.5377790046875 0.1295899546875 0.536507528125 0.12515547031250002 0.55582021875 0.1250001953125 0.557169740625 0.1361396140625 0.5760523015625 0.133964365625 0.5741922390624999 0.113896859375
0 0.7596584187500001 0 0.7228296453125 0.00884326875 0.72617655625 0.0134206328125 0.708218559375 0.02166644375 0.7139123781250001 0.0479637875 0.7253602984375 0.044602384375 0.730583821875 0.0706695109375 0.76552141875 0.0539624484375 0.786229521875 0.0409415984375 0.7769816984375 0 0.7596584187500001 0
0 0.52471908125 0.0730602375 0.5293652609375 0.07048610625 0.55135814375 0.07002929687500001 0.5465682546874999 0.041043103125 0.5227249546875 0.0449683125 0.5233809390624999 0.0663919578125 0.52471908125 0.0730602375
0 0.9639767984375001 0.9805926609375 0.9674188359375 0.968358596875 0.9530087046875 0.961765684375 0.9410898671875 0.975323540625 0.8593118609375001 0.9293494734375001 0.8649638640624999 0.9572943453124999 0.8551203046875001 0.9814623875 0.858350325 0.9836651421875 0.9639767984375001 0.9805926609375
0 0.8240998734374999 0.8281600062500001 0.7621125125 0.8230933046875 0.755571009375 0.8864125968750001 0.8122896781250001 0.8912260609375 0.8240998734374999 0.8281600062500001
0 0.715027075 0.7079201921875 0.71255349375 0.773133315625 0.7369257796875 0.7797209953124999 0.7449157093750001 0.7709724687499999 0.7683901265624999 0.7702896406249999 0.7680167546875001 0.77314598125 0.786614775 0.7709790078125 0.7834741984375 0.7107665046875 0.773221034375 0.69974380625 0.715027075 0.7079201921875
0 0.7787438109375 0.61702358125 0.7621968890625 0.6207365515625 0.7543294281249999 0.6068193 0.696962390625 0.6161707984375 0.6953159640625 0.68257935625 0.7830317203125 0.6727515640624999 0.7860842375 0.6572768546875001 0.7787438109375 0.61702358125
0 0.5958703875 0.7291908171875 0.57324180625 0.732674196875 0.57363273125 0.7662598171874999 0.5882319015624999 0.7698798 0.58643170625 0.7881432390625001 0.6418618546875 0.7853113859375 0.656876965625 0.7897322640625 0.65963905625 0.7475591390625 0.6522877640625 0.7081191734375001 0.6094037640625001 0.709366590625 0.6083302296875 0.7219382546875 0.595766803125 0.720291540625 0.5958703875 0.7291908171875
0 0.9285926718749999 0.748800659375 0.9397596125 0.7475002390625 0.9423196125000001 0.7595800390624999 0.962691025 0.7560606937500001 0.9656709328125 0.76229504375 0.9898282453125 0.7504136796875 0.9850688078125 0.7170567546875 0.9670681859375 0.71465358125 0.9615592749999999 0.700749021875 0.9130159453125 0.7031163265625 0.9162895750000001 0.7345856093750001 0.9274137281250001 0.7313555734375 0.9285926718749999 0.748800659375
0 0.889683440625 0.6600965796875 0.9089518390625001 0.6474021546875 0.9083755046875 0.5978872390625 0.8685772437500001 0.6004879609375 0.8668423687500001 0.6592975937500001 0.889683440625 0.6600965796875
0 0.7469785578125 0.4451456203125 0.742865553125 0.3922173765625 0.6577275593749999 0.38945007187499997 0.66187479375 0.495973971875 0.7457188015625 0.4871327734375 0.7469785578125 0.4451456203125
0 0.8469809937500001 0.5232312968749999 0.9115167468750001 0.5079396625 0.89900331875 0.43547968593749997 0.8455439874999999 0.4486808640625 0.8446161046875 0.4702725296875 0.8469809937500001 0.5232312968749999
0 0.9529647609375 0.2959855515625 0.974939584375 0.5158100906249999 0.995339375 0.5147289015625 0.9969411390625 0.5141373984375 0.9971164703125 0.4840005359375 0.9948266562500001 0.28727436562499997 0.9529647609375 0.2959855515625
0 0.8607454515624999 0.14946325 0.8256697171875 0.15080873749999998 0.792351834375 0.1582005484375 0.8031054093750001 0.24016277656249999 0.8620083328125 0.23001458125 0.858054396875 0.208219396875 0.8741695296875 0.202344225 0.8607454515624999 0.14946325
0 0.7789245640625 0.20635454062499997 0.775747115625 0.1744149890625 0.7706438265625 0.17090496093750002 0.7487892515625 0.178003975 0.7559162109375 0.21039773906249998 0.7789245640625 0.20635454062499997
0 0.711900078125 0.19647509375 0.7404949609375 0.19029788125 0.7383215359374999 0.17125573593750001 0.756223528125 0.1634383734375 0.753503071875 0.12359948437499998 0.7470172828125 0.1218369578125 0.6822161046875 0.1335388125 0.6842104531250001 0.1599031171875 0.672987503125 0.1616319859375 0.6822323109374999 0.20829317343749998 0.7078008140625001 0.20586246875 0.711900078125 0.19647509375
0 0.781300596875 0 0.787774021875 0.053111912500000004 0.855398103125 0.0376491453125 0.8526706718750001 0 0.781300596875 0
0 0.0016378046875 0.897169496875 0.07452066874999999 0.8915892031249999 0.075929415625 0.8624023765625 0.00129850625 0.8680191109375001 0.0016378046875 0.897169496875
0 0.6438797859375 0.022440398437500002 0.6192001796875 0.033117464062500004 0.626618715625 0.059120740625 0.64883340625 0.046279640625 0.6438797859375 0.022440398437500002
0 0.8270407515624999 0.5690341328125 0.8034243296874999 0.5732372921875 0.8052038890625 0.603855740625 0.8564926515625 0.6032987875 0.8524246874999999 0.5961611421875 0.8423098281250001 0.591780646875 0.8356252187500001 0.5816703875 0.8270407515624999 0.5690341328125