0 0.932872659375 0.702984940625 0.9327871453125001 0.6680071984375 0.909086525 0.6683508390624999 0.91003789375 0.7035292984375 0.932872659375 0.702984940625
0 0.0866026828125 0 0.064720053125 0.05270809375 0.12379786875000001 0.06680834375 0.1331299640625 0.06233033125 0.166121496875 0 0.0866026828125 0
0 0.0984822546875 0.16094421406249998 0.017377315625 0.1426924234375 0.0008889671875 0.1800298859375 0.08438796093749999 0.19909076718750002 0.0984822546875 0.16094421406249998
0 0.7758178859375 0.8533997718749999 0.8070752484374999 0.860645653125 0.8101324515625 0.8468217499999999 0.8101385562500001 0.8457723671874999 0.810187996875 0.837274425 0.8102868750000001 0.8202785406249999 0.8118761953125 0.8054138296875 0.8179102781250001 0.7915726078125 0.5769175375 0.7350959625 0.551115309375 0.798618415625 0.6521241359375 0.8233385500000001 0.6385719140624999 0.8626959 0.7621747156249999 0.8885191109375 0.7758178859375 0.8533997718749999
0 0.165732209375 0.6232945046875 0.105264903125 0.604614015625 0.09573614375 0.632960675 0.06468049375 0.625816496875 0.0596269328125 0.6300844359375 0.0460951109375 0.6709025234375 0.1302061203125 0.6940543546875 0.1436812203125 0.6878239046875 0.165732209375 0.6232945046875
0 0.1882749890625 0.5686178749999999 0.24782007187500002 0.5868510703125 0.27282998593749996 0.5601632546875 0.3199473234375 0.5784687515625 0.31235169375 0.602401021875 0.299774671875 0.6281317609375 0.3444167546875 0.644682171875 0.35702466093749996 0.6136427906249999 0.37691935 0.611757559375 0.404373634375 0.5921334734375 0.4307858953125 0.5380104453125 0.3911149109375 0.5214311125 0.3823640140625 0.5303294625 0.37236779375 0.524770525 0.36256197968750004 0.5162887671874999 0.3741809046875 0.5111801890625001 0.398950884375 0.47605784218749997 0.31906665625 0.44668821249999996 0.3132113203125 0.45464382031249995 0.28467898125 0.4459623796875 0.27010062343749996 0.4679600328125 0.251922459375 0.46292193125000003 0.23881133437500002 0.4811045921875 0.22484049218750002 0.47816128437499994 0.1858409140625 0.5597845984375 0.1882749890625 0.5686178749999999
0 0.690622365625 0.26654905 0.624871259375 0.2420353015625 0.5924407859375 0.3023042484375 0.5929984703125 0.30579882812500003 0.645205265625 0.3236014796875 0.6593575390625 0.32516517968750003 0.690622365625 0.26654905
0 0.5924407859375 0.3023042484375 0.6401780921875 0.214045959375 0.5724385125 0.188556159375 0.5079695484375 0.16720356875 0.4580424140625 0.2543223734375 0.5290873265625 0.27798230625000003 0.5924407859375 0.3023042484375
0 0.4142087421875 0.2379112890625 0.4580424140625 0.2543223734375 0.52111299375 0.143465353125 0.4674659 0.1248480625 0.3953623984375 0.09934249843750001 0.34063621093749996 0.216529359375 0.4142087421875 0.2379112890625
0 0.1562248765625 0.41944725156249996 0.15971223750000002 0.41613489374999996 0.2227242640625 0.43953292812500006 0.22760621250000002 0.43495735468749996 0.2456933609375 0.4407367015625 0.2632355125 0.4060679125 0.2467974375 0.3999909171875 0.25235939531249996 0.38781905 0.14074550937500002 0.3479347953125 0.13523981406250002 0.3504358765625 0.11587736875000001 0.3999295703125 0.12507684375 0.408311978125 0.1562248765625 0.41944725156249996
0 0.25841798437499996 0.3896355921875 0.40384804531249996 0.081392503125 0.3646685796875 0.059810479687499994 0.306287159375 0.04523294375 0.2715463375 0.07043421250000001 0.1381551265625 0.346098075 0.1505505515625 0.351581328125 0.209096575 0.3726391703125 0.25841798437499996 0.3896355921875
0 0.853532015625 0.1330954671875 0.9006508249999999 0.16605066562499998 0.9154750328124999 0.1216655078125 0.8553166437499999 0.04491934375 0.8164032656250001 0.06701742187500001 0.7694645609374999 0.0776193734375 0.853532015625 0.1330954671875
0 0.45469139375 0 0.7756025203125 0.21482181718749999 0.821212871875 0.174228609375 0.853532015625 0.1330954671875 0.652910825 0 0.45469139375 0
0 0.9808888437500001 0.139576503125 0.9991330859374999 0.14319202656250002 0.99957298125 0.06758045625 0.9918226875 0.0932593140625 0.9808888437500001 0.139576503125
0 0.9972191453124999 0.472170525 0.997464465625 0.430003625 0.9609018265625 0.4057125859375 0.9391453203125 0.4196247046875 0.9688639015625 0.4578867203125 0.9972191453124999 0.472170525
0 0.926999384375 0.9673723031250001 0.9943279546875001 0.969124025 0.994737959375 0.89865 0.9041472015625001 0.8963965484375 0.926999384375 0.9673723031250001
0 0.9756659453125 0.7839677953125 0.977668471875 0.752722634375 0.9031211515625 0.74986426875 0.9016048078125 0.7819913453125 0.9756659453125 0.7839677953125
0 0.994978534375 0.8572987109374999 0.9955857 0.752935996875 0.9874062015625 0.7530363390625 0.9894483984375 0.7994220640624999 0.9842881796875 0.8567958250000001 0.994978534375 0.8572987109374999
0 0.82878985 0.9951443953125001 0.8260231578124999 0.9867245625000001 0.8400803421875 0.9549566109375001 0.6440877578124999 0.9130942015624999 0.6364380359374999 0.936388946875 0.5755260062499999 0.9246038171875 0.5607971421875 0.99670353125 0.82878985 0.9951443953125001