0 0.46905825468750006 0 0.359517125 0.287329015625 0.47553853281249997 0.3508374328125 0.5066341046875 0.2646023125 0.523381278125 0.27213580625 0.53123095625 0.2558030375 0.5184491203125 0.2486088171875 0.6097378421874999 0 0.46905825468750006 0
0 0.3193041359375 0.0469056421875 0.3081430265625 0.0509540890625 0.29180651874999997 0.0400188296875 0.261869809375 0.0292838390625 0.246084378125 0.0313424265625 0.22506205 0.086337203125 0.21547950624999998 0.10163077499999999 0.2128250546875 0.11996240625000001 0.2507784078125 0.1324476375 0.25848566875 0.1411194015625 0.27337768281249997 0.1306259015625 0.3178737625 0.1506895171875 0.34937914062500003 0.06103156562499999 0.3193041359375 0.0469056421875
0 0.2359416875 0.1582861203125 0.2411925 0.134187696875 0.2210512875 0.126851703125 0.2134229078125 0.1346213578125 0.1871317265625 0.2132722640625 0.259677746875 0.25376537187500003 0.26932947500000004 0.23965002812499997 0.2828111390625 0.236543240625 0.300610221875 0.2004409875 0.2946375390625 0.192850540625 0.3072607578125 0.1547060703125 0.26902737656250003 0.135354725 0.254350034375 0.16458291875 0.2359416875 0.1582861203125
0 0.1983951734375 0.14178710781249998 0.2072217375 0.12142849687499999 0.1820948890625 0.117232696875 0.1677880625 0.11409621406249999 0.161824684375 0.1212411890625 0.14412381875 0.1183022078125 0.11715362031250001 0.1243472859375 0.1028565609375 0.135439515625 0.09315729687499999 0.1898387375 0.17355557500000002 0.21406226093749997 0.1829151 0.20728967968749998 0.1983951734375 0.14178710781249998
0 0.0504204078125 0.045557103125 0.11867561093750001 0.064259284375 0.1502071796875 0.0312002625 0.15414556562499998 0.0165306890625 0.0509157953125 0.0225376421875 0.0504204078125 0.045557103125
0 0.259813103125 0.299569871875 0.24924111718750003 0.29526603281249997 0.235265675 0.32149774531249997 0.24955582187499997 0.329406440625 0.259813103125 0.299569871875
0 0.23396366875000002 0.2988995484375 0.19515207968749998 0.28557756875 0.1566869875 0.2698709171875 0.142155175 0.272616578125 0.1188966625 0.27019099999999996 0.10711689531249999 0.3176177578125 0.1101917125 0.3235823375 0.1073785609375 0.347348909375 0.194250771875 0.3909351484375 0.21174229531250002 0.39133179687499997 0.224208853125 0.37266142812499997 0.22166006249999998 0.356279284375 0.2252831640625 0.34097359374999997 0.225943190625 0.333841659375 0.2326810890625 0.324962678125 0.231040103125 0.308042140625 0.23396366875000002 0.2988995484375
0 0.0745078015625 0.32943778125 0.056727659374999996 0.3219643984375 0.045833157812500004 0.321669434375 0.0336471640625 0.370534315625 0.08234540781250001 0.3941535109375 0.08942861875 0.39374133906250003 0.097369278125 0.36824080000000003 0.078561859375 0.35941270937500003 0.0705557765625 0.3480771484375 0.0745078015625 0.32943778125
0 0.2063643859375 0.4180132453125 0.1500615984375 0.39342207500000004 0.140902571875 0.41236443749999996 0.20246772968750001 0.43852832968750005 0.2063643859375 0.4180132453125
0 0.14652568906250002 0.5968701109375 0.146201284375 0.5599013 0.0952666265625 0.5565739093750001 0.0899088015625 0.5604324468749999 0.0895926578125 0.5718511578125 0.044683903125 0.5717198828125001 0.04130206875 0.575843446875 0.03505171875 0.5769882890625 0.033951425 0.5987129140625 0.0399820875 0.60150763125 0.0397095390625 0.604669134375 0.08982171562499999 0.60648211875 0.138282775 0.6071878171875 0.14652568906250002 0.5968701109375
0 0.092314253125 0.7826197265625 0.094142540625 0.76009271875 0.065723875 0.7586007609375 0.0659841078125 0.7841518796875 0.092314253125 0.7826197265625
0 0 0.659482559375 0.0038528828124999998 0.75395264375 0.10574853437500001 0.755553925 0.1189785140625 0.7462760562499999 0.12694626874999998 0.7333565125 0.12971196875 0.661795828125 0.1050775375 0.6416953796875 0.07951894375 0.6409025734375 0.078035259375 0.6325020078125 0.02286293125 0.6288934140625 0.0067321875 0.6224851953125 0 0.6253772109375 0 0.659482559375
0 0.0123720328125 0.9628364250000001 0.039187040625 0.96127605625 0.03744749375 0.9015256265625 0.0350922640625 0.8608748859375 0.06369729375 0.8612370765625 0.06398237812499999 0.8013899453125 0.056966392187500006 0.7630371359375 0.004215007812499999 0.7628317203125 0.0123720328125 0.9628364250000001
0 0.1835308140625 0.9322083250000001 0.19558763125 0.9283610953125001 0.2249289375 0.8270909703125 0.1640855421875 0.8030806921875 0.129049690625 0.8999531656249999 0.1835308140625 0.9322083250000001
0 0.29722005625 0.8582253171875 0.26750858125 0.8442049078125 0.26294681875000003 0.85825629375 0.290317446875 0.8723918062499999 0.29722005625 0.8582253171875
0 0.212273871875 0.8157514812500001 0.2324044546875 0.8212724859374999 0.276071559375 0.7101329359374999 0.2229436265625 0.6820424843749999 0.21790398125000002 0.6885214687500001 0.179957484375 0.7881178265625 0.212319115625 0.808570871875 0.212273871875 0.8157514812500001
0 0.2462400453125 0.6651908796875 0.2695675359375 0.609724178125 0.2445981734375 0.5928099734375001 0.23330363437499999 0.5977317671875 0.21153237656249999 0.6514612 0.2462400453125 0.6651908796875
0 0.2752396078125 0.62807796875 0.2642557359375 0.632327221875 0.24384475625 0.687286425 0.2727828921875 0.704624146875 0.2837538796875 0.70005896875 0.286584959375 0.6969385921875 0.29635142812500004 0.7032526906250001 0.3094638 0.7024896796875 0.31668287500000003 0.678466728125 0.3136645375 0.676995653125 0.3214774609375 0.6509536437500001 0.2752396078125 0.62807796875
0 0.38683603906249997 0.513661178125 0.39961068593750004 0.50668986875 0.438080771875 0.406978596875 0.44605274687499996 0.407633628125 0.46586751875 0.3515268625 0.3795357515625 0.30668469531250003 0.3624745078125 0.317874440625 0.30544438125 0.464562546875 0.38683603906249997 0.513661178125
0 0.6543577125 0.911651040625 0.6364344421875 0.9022225953125 0.61454170625 0.9581547125000001 0.63501359375 0.967899309375 0.6543577125 0.911651040625
0 0.6837719171875001 0.8448098453125 0.6688274734374999 0.8358836374999999 0.6440603515625 0.899055434375 0.661179325 0.9053428140625 0.6837719171875001 0.8448098453125
0 0.774909271875 0.7593032234375 0.7274522296875 0.73554846875 0.7185364734374999 0.7516477078125 0.7692082421875 0.7801344234375 0.774909271875 0.7593032234375
0 0.9571070453124999 0.9532312078125 0.9312937625 0.9399762140625001 0.9243416515625 0.9544833671875 0.949878234375 0.9687256046874999 0.9571070453124999 0.9532312078125
0 0.9746558406249999 0.969479409375 0.9886608718750001 0.9686644546875 0.9890122781249999 0.938464653125 0.9849379875000001 0.9366857546875 0.9746558406249999 0.969479409375
0 0.9733382296875 0.8760946078125 0.9896128453124999 0.8868521015624999 0.9902405609375 0.8329063031249999 0.986582534375 0.8340083359375001 0.9733382296875 0.8760946078125
0 0.45421676875 0.9269707 0.503480228125 0.9520137140625 0.515654871875 0.93654819375 0.527344653125 0.933545678125 0.5306652859375001 0.9185953765624999 0.505682178125 0.901344184375 0.5182706765625 0.879964421875 0.5047975328125001 0.8718815140625 0.49298663437499995 0.871914328125 0.47950496875 0.887455903125 0.47063252499999997 0.8870010531249999 0.45421676875 0.9269707
0 0.3929326296875 0.9926685484375 0.40172701875000005 0.9975951234375 0.501456909375 0.9970149125000001 0.5101490734375 0.9965091140625001 0.38399305156249997 0.9180311109374999 0.3559188640625 0.9928589953125 0.36746348906250004 0.9977944640624999 0.390638196875 0.9976596375 0.3929326296875 0.9926685484375
0 0.38310887656250003 0.8507573671875001 0.38834515468749997 0.8750055703124999 0.403316834375 0.8944438140625 0.41929722031249994 0.9039008687500001 0.44331196562499997 0.9015534203125 0.48972359374999996 0.8691063453125001 0.5065669796875001 0.841694384375 0.5083730765625 0.81655081875 0.4911798765625 0.7887549421875 0.46952870625000004 0.7796278734375 0.4436368953125 0.7820634359375 0.41861344687499996 0.794392075 0.3836354140625 0.7709245250000001 0.3527718453125 0.836942253125 0.38310887656250003 0.8507573671875001
0 0.5326238875 0.41275076562499996 0.6031028640625 0.45074630468750004 0.613499228125 0.42535620781250005 0.5868970375 0.4103737359375 0.5854602718749999 0.41400410781249997 0.5424318109375 0.3921028203125 0.5326238875 0.41275076562499996
0 0.5464796671875 0.48047305625 0.538733065625 0.4993332296875 0.5545794484375001 0.5055046562500001 0.560912765625 0.48670560937499996 0.600517590625 0.5075605296875 0.6096371046875 0.4876493296875 0.6118666796875 0.47288918437499994 0.53459250625 0.432523428125 0.5212323484375 0.46399726093749993 0.5464796671875 0.48047305625
0 0.5471855265625 0.5754979421875001 0.5665520749999999 0.5866368953125 0.7110197046875 0.6637115546875 0.726644725 0.629741421875 0.7387122515625 0.5893703359375 0.601828940625 0.5132899390625 0.5922297203125 0.5209209343750001 0.5749142203125001 0.5134416234375 0.5471855265625 0.5754979421875001
0 0.7664176921875 0.912223784375 0.6780368484375 0.866360821875 0.6372722296875 0.96835900625 0.6691472 0.98725699375 0.8522519421875 0.97660210625 0.9566774796875 0.714208490625 0.7831258296875 0.6141466609374999 0.7733736390625 0.61906315 0.72809600625 0.72698188125 0.8150811375 0.7738549734375 0.7664176921875 0.912223784375
0 0.907597684375 0 0.9157175984375 0.0026366703125 0.8648049328124999 0.13507730625 0.8513402359375 0.12927396875 0.8288936703124999 0.193387428125 0.8391290046875 0.2008353890625 0.8291579828125 0.22214728906249998 0.8185137703124999 0.217108740625 0.7927794296874999 0.28143462812500003 0.8034614390625 0.28739989062500004 0.79935930625 0.299250025 0.7859267140624999 0.29578821875 0.759863059375 0.3629200125 0.7860023265625 0.3779505328125 0.7632843921875 0.446808803125 0.9206594890625001 0.5310492609375 0.9891362421875 0.35363577031250004 0.974713503125 0 0.907597684375 0
0 0.690397171875 0 0.6467909421875 0.1054135078125 0.633425959375 0.101018853125 0.607705290625 0.16671620625 0.623150275 0.172889875 0.5651515015624999 0.31655204062500003 0.6655267390625 0.3777619359375 0.677133125 0.373750909375 0.8260832546874999 0 0.690397171875 0