0 0.1429332515625 0.41643908749999997 0.13152393125 0.4245265140625 0.1174183046875 0.40895290937500006 0.0266196890625 0.4721522875 0.059359753125000005 0.5023831375000001 0.077560728125 0.4875087296875 0.09191963125 0.502885928125 0.110912371875 0.5161529234375 0.15146678593750001 0.4844818015625 0.1428144296875 0.47708256093749996 0.17816335 0.448613834375 0.165084225 0.43604489218750003 0.171401803125 0.43396387968749994 0.15033560625 0.41705798749999995 0.14682865 0.4223731046875 0.1429332515625 0.41643908749999997
0 0.24672504062499998 0.7739015265625 0.23153998437499998 0.7533805359375 0.20230514843749997 0.7698959578125 0.1814269796875 0.7957085171875 0.196639578125 0.8088848890625 0.24672504062499998 0.7739015265625
0 0.2653143296875 0.9757541171874999 0.23897522656249998 0.955817871875 0.2216721765625 0.967622859375 0.22492595468749998 0.9712886484375 0.26464797500000004 0.9763969937500001 0.2653143296875 0.9757541171874999
0 0.44901856406249996 0.88951039375 0.497879509375 0.9263731984374999 0.505921684375 0.91720744375 0.45612065625 0.8805359875000001 0.44901856406249996 0.88951039375
0 0.8288910749999999 0.524034896875 0.8988918109374999 0.586868159375 0.97772875625 0.51116028125 0.9139378234375 0.45322642812499997 0.8288910749999999 0.524034896875
0 0.6993818265625 0.648826584375 0.7130611109375 0.663970665625 0.7528184234374999 0.6392953984374999 0.738486828125 0.6223396734375 0.6993818265625 0.648826584375
0 0.74531493125 0.6205116640624999 0.769695134375 0.6435057828125 0.8066625640625 0.6098329578125 0.7886600828125 0.587659028125 0.74531493125 0.6205116640624999
0 0.7426450453125 0.6853025703125 0.8001553140625 0.738744225 0.8308240375 0.7146278984375 0.7654771046875 0.65765965625 0.7426450453125 0.6853025703125
0 0.8023964343750001 0.7428834578125 0.8127279921874999 0.7564521156249999 0.8528004125 0.7293818640625 0.837119759375 0.716624075 0.8023964343750001 0.7428834578125
0 0.635608046875 0.68331939375 0.6738287125 0.7213326078125 0.7029530421875 0.70232583125 0.6661939890624999 0.6576728296875001 0.635608046875 0.68331939375
0 0.98441785 0.663214915625 0.9612930093750001 0.647974715625 0.9178509578125 0.69161855625 0.9747148843750001 0.742182771875 0.98441785 0.663214915625
0 0.9716889390624999 0.7668095140625 0.9605197609375 0.757514825 0.925488775 0.78136158125 0.9654984703125 0.817190825 0.9716889390624999 0.7668095140625
0 0.9591008515624999 0.8692580265625001 0.892086890625 0.8072080484375 0.8422211421875 0.8536270125 0.9495993640625 0.9465861562500001 0.9591008515624999 0.8692580265625001
0 0.74027955625 0.78389669375 0.7897744890625 0.8400128625000001 0.8311244796875 0.813564865625 0.7798306796875 0.7575087875000001 0.74027955625 0.78389669375
0 0.7184862921875 0.7685001546875 0.7454640390625 0.7417026296875 0.7133287296875 0.7102797578125 0.6859325843749999 0.73793939375 0.7184862921875 0.7685001546875
0 0.5790401468749999 0.7329148078125 0.6252295 0.7574438421874999 0.6516996265625 0.71528104375 0.6007608421875 0.6880387734375 0.5790401468749999 0.7329148078125
0 0.6284985937500001 0.944961328125 0.6231913921875 0.9367849343750001 0.6011438140625 0.923458140625 0.5590217984375 0.968395821875 0.58526265 0.9867582078125 0.6284985937500001 0.944961328125
0 0.52418789375 0.9075663234375 0.5728347609375 0.9437979249999999 0.5975230546875 0.9235961749999999 0.543584565625 0.8839779343749999 0.52418789375 0.9075663234375
0 0.47764184218750005 0.8593232640625 0.5240911703125 0.89377348125 0.53951760625 0.8804573640625 0.49719514687500005 0.8417501171874999 0.47764184218750005 0.8593232640625
0 0.4572592421875 0.8761860859375 0.505762584375 0.9135857609375 0.52318716875 0.8987572234375 0.47551455000000004 0.861547646875 0.4572592421875 0.8761860859375
0 0.5571919656250001 1 0.5598844296875 0.9961300140624999 0.53050076875 0.9855442671875 0.5150633359375 1 0.5571919656250001 1
0 0.34486239687500003 0.00200635 0.132184378125 0.0007690265624999999 0.22582585625 0.0936010328125 0.34486239687500003 0.00200635
0 0.4393240453125 0.0025559124999999998 0.39421480937500003 0.002293475 0.25528705625 0.112710625 0.47748040625000004 0.327279028125 0.6497986953125 0.199936771875 0.4393240453125 0.0025559124999999998
0 0.465918009375 0.3439022734375 0.60977773125 0.4713972234375 0.6539899484375 0.43894752343750004 0.6482566390625 0.42457551875000005 0.697773609375 0.3709925203125 0.5834612156250001 0.25275130468749996 0.465918009375 0.3439022734375
0 0.691760296875 0.303461259375 0.6641406765625 0.32853175 0.7073500578125 0.3708710140625 0.73841246875 0.3510102125 0.691760296875 0.303461259375
0 0.7268101078125 0.3011618125 0.799003759375 0.3683570875 0.8254506062500001 0.34723659375000004 0.7550233734375 0.27685460625 0.7268101078125 0.3011618125
0 0.793056371875 0.25587105781249997 0.7611560749999999 0.2769563484375 0.8255663015625 0.34036127031249996 0.85608651875 0.3198270671875 0.8999714000000001 0.29004139375000004 0.778459646875 0.17495432187499999 0.744279865625 0.19780728125 0.793056371875 0.25587105781249997
0 0.8483591609375001 0.1996182546875 0.89483035625 0.1653982484375 0.76952893125 0.042329942187500004 0.7119685828125 0.0669430421875 0.8483591609375001 0.1996182546875
0 0.918049590625 0.2705716078125 0.94927566875 0.2493787953125 0.883065565625 0.18909383125 0.857050715625 0.206189884375 0.918049590625 0.2705716078125
0 0.31191005625 0.5534714984375 0.38324165468750004 0.6190363203125 0.552188621875 0.49692254062499996 0.486220990625 0.419745096875 0.31191005625 0.5534714984375
0 0.2377620640625 0.548973440625 0.2476491859375 0.5573433109375 0.264492121875 0.5472485421875 0.2465721640625 0.53118440625 0.2615047171875 0.5217182421875 0.20880688125 0.4728505765625 0.1488947828125 0.51779020625 0.179148471875 0.5489294640625 0.203272934375 0.5745135546875 0.2377620640625 0.548973440625
0 0.07277015625 0.397819625 0.086808259375 0.3859694515625 0.0944047078125 0.3945026984375 0.1093573265625 0.3813129921875 0.07461700624999999 0.338709809375 0.03743848125 0.36019875468749996 0.0100179265625 0.38788750625 0.0061088234375 0.4197018609375 0.0073181375 0.42071008125000003 0.0058056093750000004 0.4221695703125 0.003689940625 0.4393880015625 0.017877821874999998 0.45191868125 0.08302285312499999 0.40813079375 0.07277015625 0.397819625