0 0.5297183125 0.51613878125 0.5392206046875 0.4676243890625 0.52108870625 0.46451628906250003 0.513864328125 0.5111387125 0.5297183125 0.51613878125
0 0.765576640625 0.18501726406250002 0.7603860328125001 0.1582271140625 0.6703712453125 0.1897952 0.6734927484375001 0.1958537484375 0.765576640625 0.18501726406250002
0 0.17679132343749998 0.42377995625000003 0.1425131875 0.4889326578125 0.21612958437500002 0.5054494375 0.23172534687500002 0.4941255078125 0.23327689999999998 0.4575768796875 0.17679132343749998 0.42377995625000003
0 0.9925644359374999 0.7425099765625001 0.9700275125 0.7348326828125 0.9600374593750001 0.770552696875 0.99085479375 0.7791942890625 0.9925644359374999 0.7425099765625001
0 0.9847165921875 0.6824867218749999 0.99516828125 0.686638434375 0.9973862718750001 0.6390463046875 0.9847165921875 0.6824867218749999
0 0.9946304328125001 0.6981792437500001 0.980366146875 0.693959078125 0.9700275125 0.7348326828125 0.9925644359374999 0.7425099765625001 0.9946304328125001 0.6981792437500001
0 0.1314637515625 0.714393659375 0.1732644578125 0.6031982703125001 0.1392437859375 0.5893236984375 0.10722861406249999 0.5747504171875 0.0357861484375 0.7469818328125 0.06502693125 0.7647960125 0.0739745296875 0.75516590625 0.08384899375 0.7540254234375 0.093463978125 0.7579874796875 0.10231268125 0.7644356359375 0.101761165625 0.7762697125 0.10018808906250001 0.7821112375 0.102724621875 0.7839741375 0.1314637515625 0.714393659375
0 0.039464159375 0.849492521875 0.060759810937500006 0.7982059703125 0.0232774953125 0.7827801953125 0.005354865625 0.834263084375 0.039464159375 0.849492521875
0 0.263668446875 0.8237951140625001 0.246668565625 0.8350091953125001 0.2415635171875 0.9110548859375 0.29734311406249997 0.926505303125 0.31572266718750003 0.8349795625 0.263668446875 0.8237951140625001
0 0.5711159078125 0.44569234687500003 0.5507403890625 0.4567661765625 0.544560975 0.50794845 0.568170125 0.5089009046874999 0.5782272625 0.44894629375 0.5711159078125 0.44569234687500003
0 0.5299558906249999 0.96043140625 0.5297693828125001 0.883487209375 0.444718053125 0.8699602843750001 0.436960071875 0.935475675 0.5299558906249999 0.96043140625
0 0.62641865 0.8561013531249999 0.637720346875 0.7987498890625 0.61518006875 0.794401025 0.60586120625 0.8427011421874999 0.62641865 0.8561013531249999
0 0.5498717765625 0.7996538578125 0.5676731453125 0.700530475 0.514045121875 0.6998552484375 0.5034990328125 0.7847228734375 0.5498717765625 0.7996538578125
0 0.494231609375 0.6886353765625 0.48199745624999996 0.7399432390625 0.50481964375 0.7456863375 0.5138643375 0.6897781562499999 0.494231609375 0.6886353765625
0 0.91347031875 0.6941986953125 0.9000201765625 0.6883262671875 0.88700393125 0.67314361875 0.8810256203125 0.660929453125 0.8387075953125 0.6431976421875001 0.812208928125 0.7205287578124999 0.9076262703125 0.749815159375 0.9189175953125 0.703851246875 0.91347031875 0.6941986953125
0 0.5500259640625 0.6228230015625 0.5628771484375 0.5438539265625 0.5113738328124999 0.526431028125 0.5041267546875 0.6116875140625 0.5500259640625 0.6228230015625
0 0.2850890140625 0.35579357031250003 0.2964303484375 0.348299240625 0.308807 0.3520846203125 0.3327665203125 0.30969810781249996 0.2653236609375 0.2579421359375 0.17679132343749998 0.42377995625000003 0.23327689999999998 0.4575768796875 0.23789881875000002 0.4426054609375 0.23547328906249998 0.42719570781250005 0.2393181265625 0.412150940625 0.249859446875 0.40461004375 0.2617413125 0.40226481718749996 0.2648077578125 0.387174740625 0.2639390078125 0.371855603125 0.27311174375 0.360185921875 0.2850890140625 0.35579357031250003
0 0.48258629218750004 0.286756903125 0.48541053125 0.2261563296875 0.44677162968750006 0.2253131859375 0.44399578125000005 0.2378894765625 0.43479718749999996 0.2366229546875 0.42351149218749995 0.23315414843750001 0.42145781875 0.28885064531250004 0.45453761249999997 0.292210215625 0.459753515625 0.28542785625 0.48258629218750004 0.286756903125
0 0.66645659375 0.3752083890625 0.67244539375 0.3402115125 0.6450214187500001 0.3322603484375 0.6405778671875 0.36945608750000003 0.66645659375 0.3752083890625
0 0.8315867203125 0.39033156562500004 0.8518499640625 0.30909451875 0.8264594109375001 0.29844982343750004 0.8081993828125 0.38694567812499997 0.8315867203125 0.39033156562500004
0 0.9379071343750001 0.44944004218750006 0.951663459375 0.37291376249999997 0.87631730625 0.3562962984375 0.8590721546875001 0.42348085312499995 0.9379071343750001 0.44944004218750006
0 0.9745302046875001 0.2683770875 0.9431257890625 0.2546548015625 0.9358253109374999 0.2847669953125 0.9627472171875 0.2965131078125 0.9745302046875001 0.2683770875
0 0.45110763593750003 0.5970163921875 0.449498446875 0.6022372 0.4859510171875 0.609054884375 0.49529770781250004 0.515962959375 0.459568271875 0.51270223125 0.45742773124999997 0.53909376875 0.4632827640625 0.53999695625 0.47484716406249994 0.545394071875 0.4828502125 0.55882273125 0.48550183750000003 0.5693810734375 0.48446110468750003 0.5777561671875 0.48153974374999997 0.5846158499999999 0.47137693281250004 0.59054788125 0.4603593484375 0.593421434375 0.45110763593750003 0.5970163921875
0 0.883010121875 0.25036826875 0.8945412218750001 0.230428309375 0.8746091437500001 0.2194264859375 0.8645468812500001 0.2487874234375 0.883010121875 0.25036826875
0 0.7495933546875 0.15720523125000002 0.7386025421875 0.11205324375 0.7255493390625001 0.0999896421875 0.68754666875 0.12038519218749999 0.7041431265625 0.17365240937499998 0.7495933546875 0.15720523125000002