0 0.3186127296875 0.706848134375 0.4081403640625 0.7321222640625 0.4238776984375 0.628181928125 0.332864803125 0.6064404015625 0.3186127296875 0.706848134375
0 0.60232050625 0.1874009328125 0.5898254890625 0.2415005328125 0.6800900078125001 0.23407803125 0.6860874 0.1948042578125 0.61822405625 0.16672297656249999 0.60232050625 0.1874009328125
0 0.8733122124999999 0.529552759375 0.8703445750000001 0.5423502640625 0.9122541406250001 0.5563510218750001 0.9155011843749999 0.54157635625 0.8733122124999999 0.529552759375
0 0.67491235625 0.2784538671875 0.556316671875 0.255806271875 0.5501461796875 0.2823517203125 0.6660252828125001 0.3087794734375 0.67491235625 0.2784538671875
0 0.5911765265625 0.47243381093750003 0.625858153125 0.4705034125 0.6297200125 0.4202922828125 0.5527710406249999 0.3987675296875 0.54773151875 0.423363125 0.5252832781250001 0.4870462875 0.58653736875 0.494555103125 0.5911765265625 0.47243381093750003
0 0.6244953421874999 0.539151671875 0.5578578750000001 0.5251627484375 0.5536691359375 0.5626203249999999 0.5227222140625 0.5651634046875 0.510452840625 0.64550908125 0.608623634375 0.663142596875 0.6244953421874999 0.539151671875
0 0.876205428125 0.5106066171875 0.8747781937499999 0.5267362796875 0.917782353125 0.5332741703125 0.9204445124999999 0.515841090625 0.876205428125 0.5106066171875
0 0.8857293890625 0.48510582031249994 0.881573346875 0.5022938296875 0.9247010484375 0.5114144515625 0.9276679328125 0.491985884375 0.8857293890625 0.48510582031249994
0 0.888649753125 0.4625901703125 0.8870718296875 0.47970661249999996 0.9271618953124999 0.4852719328125 0.9289403765625 0.47023386718750004 0.888649753125 0.4625901703125
0 0.8804037499999999 0.43621966562500003 0.87678089375 0.45655211875 0.9194524265625 0.46202394375000005 0.921227559375 0.44700780937499995 0.8804037499999999 0.43621966562500003
0 0.8943174031250001 0.3853648125 0.8921850796875 0.4059642671875 0.9239292656250001 0.4105875125 0.9238021890624999 0.3932812765625 0.8943174031250001 0.3853648125
0 0.8883601578125001 0.4109562234375 0.8842286703125 0.43122771249999997 0.92748250625 0.436278075 0.9284230765625001 0.4200910515625 0.8883601578125001 0.4109562234375
0 0.7176366078124999 0.0323858265625 0.7045662546875 0.1099252484375 0.8227966953125 0.1262641109375 0.8283784890625 0.050553154687500004 0.7176366078124999 0.0323858265625
0 0.49363575312499997 0.776133196875 0.5842684359375 0.7941709515625 0.5952306843749999 0.715454015625 0.5090429203125 0.6960325453125 0.49363575312499997 0.776133196875
0 0.42681018281250005 0.9516907671875 0.42535018124999996 0.9612515531250001 0.48388875468750003 0.9720911453125 0.4882792453125 0.9570545078125001 0.42771106875 0.9434318812500001 0.42681018281250005 0.9516907671875
0 0.5516150468750001 0.540974440625 0.5230754765625 0.5348314390625 0.5197218328125001 0.5519263046875 0.5496393562499999 0.5539121984375 0.5516150468750001 0.540974440625
0 0.048777815625 0.318042446875 0.099924028125 0.000581340625 0.0729596578125 0.0004244671875 0.024903084375000002 0.315121709375 0.048777815625 0.318042446875
0 0.051201309375000004 0.5596487734375 0.0503445234375 0.5595082171875 0.0334056328125 0.5487722484375 0.041850895312500004 0.5166208984375 0.072292453125 0.49688934375000005 0.08585579843749999 0.3384659375 0.0492737140625 0.31744946875 0.0045293234375 0.5873047296875 0.0647886859375 0.586580846875 0.051201309375000004 0.5596487734375
0 0.1399389453125 0.3138914421875 0.18695480312499999 0.001087671875 0.106129371875 0.0006174421875 0.0586700125 0.3022225375 0.1399389453125 0.3138914421875
0 0.2699374953125 0.15406965156250002 0.2932045703125 0.0017058140625 0.2334291125 0.0013580515625 0.21061438125 0.1464505375 0.2699374953125 0.15406965156250002
0 0.207066540625 0.145351521875 0.1997682109375 0.1882780484375 0.2535912453125 0.197849540625 0.2622103921875 0.1558589859375 0.207066540625 0.145351521875
0 0.286014909375 0.3561073 0.2423860859375 0.3474664125 0.23330148906249998 0.382772153125 0.27528467968750003 0.392604128125 0.286014909375 0.3561073
0 0.273773728125 0.409282 0.2308493328125 0.396912978125 0.22503515312500003 0.43306992343750006 0.2674371734375 0.4391269109375 0.273773728125 0.409282
0 0.286314178125 0.463420225 0.2738067046875 0.453748403125 0.2243135171875 0.4426619265625 0.11770728906250001 0.9454655671875001 0.1753992359375 0.9549299937500001 0.286314178125 0.463420225
0 0.8504600171875 0.629651040625 0.8473390953125 0.6500883140625 0.8855070125 0.6548213171875 0.8871805734375 0.6372260546875 0.8504600171875 0.629651040625
0 0.856300359375 0.60747955 0.8522179890625001 0.624185134375 0.8921302171875001 0.6343067421875 0.899173203125 0.6216608124999999 0.856300359375 0.60747955
0 0.863198928125 0.572332178125 0.8618487109374999 0.5879574890625 0.9031312828125 0.5957414375 0.9055657359374999 0.5797994859375 0.863198928125 0.572332178125
0 0.8687744281249999 0.5492406062499999 0.8667682390625 0.5657698 0.904986028125 0.5735679593749999 0.9095212187499999 0.5605331 0.8687744281249999 0.5492406062499999
0 0.08845984999999999 0.5896549281250001 0.0327218421875 0.9046626953124999 0.071141521875 0.9033230515625 0.12640198281249998 0.5997005953125 0.08845984999999999 0.5896549281250001
0 0.1803069125 0.4320709328125 0.135930684375 0.429061734375 0.13462460468749998 0.449706825 0.1790515140625 0.45636573125 0.1803069125 0.4320709328125
0 0.00370303125 0.6364969281249999 0.005324615625 0.9152236625000001 0.0090075875 0.9155851859374999 0.0630055015625 0.5897049328125 0.011331754687499999 0.5875889984375 0.00370303125 0.6364969281249999
0 0.459637025 0.10615829531250001 0.46481399375 0.0819898453125 0.51795391875 0.08630186875 0.537007875 0.0031242203125 0.419966290625 0.0024432921875 0.4032862078125 0.093969296875 0.459637025 0.10615829531250001
0 0.5131031109374999 0.1300120375 0.4329154234375 0.1146543390625 0.41255330937499995 0.18045547343749999 0.38999059062499997 0.17380945 0.378387825 0.22560535 0.48950765937499996 0.24603750156249998 0.5131031109374999 0.1300120375
0 0.41422783281250003 0.3352422421875 0.47463341249999996 0.340049396875 0.49325187656249997 0.268117996875 0.466679409375 0.2586787828125 0.439919421875 0.250467559375 0.44181139687500004 0.2380780125 0.4058775484375 0.2398029796875 0.3992506125 0.2831992953125 0.42248873593749997 0.2895515203125 0.41422783281250003 0.3352422421875
0 0.38538791875 0.4024398265625 0.37549370625 0.4070654875 0.37336030625 0.4378471859375 0.3898808859375 0.44055740468750004 0.3950790703125 0.40976149843750004 0.4069802546875 0.4086569265625 0.3980163015625 0.45054596093750005 0.4429348453125 0.458409409375 0.46084162968750003 0.3886315109375 0.3944104671875 0.36503347656249996 0.38538791875 0.4024398265625