0 1 0.930047090625 0.9788001015625 0.9193528171875001 0.9679204468749999 0.940670309375 1 0.9365448015625001 1 0.930047090625
0 0.8086120250000001 0.9527267078125 0.7514907671875 0.9329668296875001 0.7561991234375001 0.920473553125 0.6917059734375 0.8899847203125001 0.64740903125 0.98188884375 0.8491468171875001 0.95594488125 0.8225721234375 0.9456620046875001 0.8086120250000001 0.9527267078125
0 0.6624543546874999 0.35837521875 0.562580596875 0.5454889140625 0.614101728125 0.5773508921875 0.6589622453125 0.606675946875 0.705430309375 0.5235981390625 0.6924745125 0.5163484546875 0.700951271875 0.4785622015625 0.71263465 0.483867759375 0.7498833 0.39957274531250003 0.7182104578125 0.3853927375 0.7313669453125 0.3613163578125 0.750014834375 0.365452253125 0.76555565 0.3224998703125 0.7719090390625001 0.2815088796875 0.7871303281250001 0.28985833906249997 0.8059414531250001 0.2596167359375 0.791131853125 0.24929627031249998 0.8113102890624999 0.196536559375 0.7615607984375 0.1602101453125 0.7309867671875 0.1573761265625 0.6617027828125 0.24496893593750002 0.665450646875 0.275471040625 0.6386994359375 0.3401417703125 0.6624543546874999 0.35837521875
0 0.8594012031249999 0.511363975 0.8231178703124999 0.482664240625 0.7952374765625 0.4761746265625 0.7893419953125 0.48449966250000004 0.77012489375 0.4724696296875 0.7404183062499999 0.5323142609375 0.8484359156249999 0.6015108812500001 0.8380107625000001 0.6141702578125 0.8905514046875 0.6520979421875001 0.9026458703125 0.64976269375 0.937927228125 0.653656471875 0.96658706875 0.600227584375 0.9410741015624999 0.5814192765625 0.9497872859375001 0.56014854375 0.9021094390625001 0.5269492078125 0.8940562296874999 0.5371114734375 0.8796515890625001 0.5326617406249999 0.8677276578124999 0.5329516062499999 0.8506179484375 0.52193629375 0.8594012031249999 0.511363975
0 0.17332881875 0.5952103828124999 0.1660971234375 0.603475403125 0.1302430140625 0.5707157234375 0.108702796875 0.5935095765625 0.1311979625 0.61350693125 0.1032961359375 0.6537069843750001 0.09425829531249999 0.645384346875 0.0772381828125 0.66822923125 0.06841195781250001 0.6616288234375001 0.0450854328125 0.6932309875 0.0231931859375 0.7193397140625 0.045490551562499995 0.9008074687500001 0.060711903125 0.8786013531249999 0.0662610359375 0.8827355718750001 0.133919103125 0.782768525 0.14832595937499998 0.752903621875 0.1808007703125 0.7265747140625 0.3019783359375 0.5489041593749999 0.27259771875 0.52951828125 0.2883110578125 0.5097712359375 0.24335639687500002 0.4546171390625 0.215869815625 0.46386401250000003 0.18929011406250001 0.498687865625 0.1991330421875 0.5066961921875001 0.1792968328125 0.5358049640625 0.18699993125 0.5433929156249999 0.1573277015625 0.5815442640625 0.17332881875 0.5952103828124999
0 0.924892975 0.09249725 0.958688878125 0.1273891140625 0.9496441859375 0.053778628125000005 0.924892975 0.09249725
0 1 0.6091640625 0.9648033484375 0.6732590453125 0.9928361359375 0.6907737296875001 0.9879206109374999 0.6983193328125 1 0.706520703125 1 0.6091640625
0 0.7410005765625 0.8719683203124999 0.763497246875 0.8734382609375 0.783632390625 0.8345742625 0.788495665625 0.8176769187499999 0.762615640625 0.7922763671874999 0.7192790046875001 0.760247103125 0.6097377749999999 0.698391734375 0.5786479531250001 0.7595102859375 0.597502934375 0.7721981375 0.5932081109375 0.7818770671874999 0.6387989890625 0.8130262593750001 0.6639468984375 0.8171904187499999 0.6783670953125001 0.8264016921874999 0.67340089375 0.8357664890625 0.717623859375 0.867112671875 0.72277873125 0.85928335625 0.7410005765625 0.8719683203124999
0 0.563967528125 0 0.56625553125 0.00290014375 0.5554773796875 0.015604915624999998 0.5319346796875 0.004763495312499999 0.5121229390625001 0.030981492187499998 0.53244226875 0.0480337890625 0.52569861875 0.060957431250000006 0.51467505625 0.05175197031249999 0.4852988390625 0.0969473296875 0.49658747812500004 0.11191504375000001 0.4622850140625 0.155298925 0.44876381875 0.13246128906250002 0.40272001562500004 0.18877919999999998 0.42236555156250005 0.1994894765625 0.40831629375 0.2188749734375 0.38685901562499997 0.1977113421875 0.364909390625 0.23451122500000002 0.36279697031249997 0.263153353125 0.3245258203125 0.3118322359375 0.37737214375 0.3642641609375 0.3848129578125 0.3552977609375 0.40730570625 0.36926722968750003 0.47879180625 0.2987380953125 0.46100825 0.28378361875 0.47789657500000005 0.2571195546875 0.4892440140625 0.2653559484375 0.5295830031250001 0.21084664687500002 0.570101746875 0.1655251453125 0.5883349875 0.12422888125 0.610650775 0.10156714062500001 0.6224389984375 0.10995762499999999 0.6450952515624999 0.06088400625 0.6566248406249999 0.0688862 0.6886979531249999 0.0209200875 0.6914094109375 0 0.563967528125 0
0 1 0.4636008546875 0.982459859375 0.320849921875 0.9566398484375 0.3664914546875 0.9654132703125 0.37231878281249997 0.9615791828125 0.38609075000000004 0.9710978921875 0.3940353828125 0.9676293406250001 0.40082580781250005 0.9535667374999999 0.397786440625 0.9064194890625 0.48769642968750004 0.9621371625 0.522812690625 0.9965406265625001 0.5247116078125 1 0.5170597078125 1 0.4636008546875
0 0.5131941453125 0.5984638046875 0.46239416875000006 0.70465175 0.42309177187499997 0.7835620828125001 0.4772886640625 0.8294759609375 0.5076654828125 0.8382581531250001 0.518345309375 0.8075868203125 0.52725564375 0.816073396875 0.557329078125 0.77243243125 0.536836190625 0.7623791421874999 0.558016896875 0.7212096906250001 0.564798759375 0.7264500328125 0.60123249375 0.6422176625 0.54326020625 0.6081501421875 0.5131941453125 0.5984638046875
0 0.8815776 0.95177420625 0.9506580781249999 0.9428902906250001 0.9636110875 0.9176175796875 0.95643101875 0.9141146546875 0.9505850015625 0.9259322109375001 0.93769191875 0.9161029953125001 0.9427295625 0.9049163374999999 0.924709078125 0.8962734546875 0.9367313156250001 0.8818489453125 0.8087834375 0.795676459375 0.799617321875 0.822359153125 0.788495665625 0.8176769187499999 0.783632390625 0.8345742625 0.7912932765625 0.8401020359375 0.77803220625 0.86573053125 0.8810701062499999 0.9290756515625 0.8727315000000001 0.9463566984374999 0.8815776 0.95177420625