0 0.7428441828125 0.6355773203124999 0.7258089078125 0.6375764625 0.72225725625 0.6553652890625 0.72237370625 0.6607441453125 0.7064832921875001 0.6481186 0.6964648234374999 0.6379945515625 0.6629595515625 0.6482046625 0.6757252406250001 0.7064600796875 0.75345709375 0.6951348671875001 0.7428441828125 0.6355773203124999
0 0.844775409375 0.6761209453125 0.8568062734374999 0.7225037421875 0.8580253499999999 0.7384973515625 0.86175096875 0.7470958328124999 0.8918357015625 0.7426388312500001 0.8931967625 0.7291620140624999 0.9175348390625 0.7260793265625 0.9167125437499999 0.70732101875 0.9194768921875 0.6980840234375 0.9161176671875 0.6819096421874999 0.8883369625 0.673025003125 0.8825926890625 0.6681014249999999 0.844775409375 0.6761209453125
0 0.96448016875 0.8565316796875001 0.9951138593750001 0.8456741375 0.9952061859375 0.8298044765625001 0.9941343421875001 0.8213358281250001 0.9871122187499999 0.8239095890625 0.9838005843750001 0.8074343109375001 0.990457875 0.8051377890625 0.98560284375 0.7793610734375 0.951986753125 0.78798641875 0.9379804406250001 0.793335321875 0.93880590625 0.8021464078125 0.9176871421874999 0.8073752624999999 0.9234290296875001 0.8400747781250001 0.9296890328125 0.8445258765625001 0.9477898250000001 0.8432018484375 0.9480373468750001 0.8533729375 0.96448016875 0.8565316796875001
0 0.8834364078125001 0.8510480250000001 0.8871066187500001 0.8749626546875 0.9099005546875001 0.870877953125 0.905273103125 0.8463095203125001 0.8834364078125001 0.8510480250000001
0 0.9067028015625 0.9345589609375 0.906124959375 0.9333123859375 0.8103567203125 0.947742809375 0.8087006625000001 0.9530176125 0.9067028015625 0.9345589609375
0 0.9027831515625 0.527193590625 0.8946354484375 0.52799836875 0.8885668921875001 0.5129390109374999 0.8124451078125 0.5258376890625 0.8259412046874999 0.5859782234375001 0.8312407578125001 0.5950726484375 0.8474480640625 0.5873490593749999 0.849622740625 0.5912559203125001 0.8537501421875 0.6016554484375 0.900760425 0.5949488890625 0.9014422671875 0.577533771875 0.9185351781250001 0.5782762984375001 0.9154316484375 0.556152509375 0.9079084609375 0.5525232 0.907498465625 0.5407145171875001 0.9027831515625 0.527193590625
0 0.7700245812500001 0.5096387109375 0.791805125 0.507037734375 0.9068933093749999 0.4843600171875 0.8993301609375 0.45350491249999997 0.7671125015625 0.47690666249999997 0.7700245812500001 0.5096387109375
0 0.6462846171875001 0.5447267124999999 0.692585571875 0.540343265625 0.6969190859375 0.5334589828125 0.725816303125 0.5284541093749999 0.722904653125 0.5039170000000001 0.7221182921875 0.4629857484375 0.7128013296875 0.45481481874999996 0.6285795109375 0.46677854375 0.6369450171875 0.485951109375 0.6462846171875001 0.5447267124999999
0 0.5985839328125 0.431077753125 0.6012834484375 0.4440816984375 0.6075730921875 0.45090439531250004 0.6096874703124999 0.4687729140625 0.6285795109375 0.46677854375 0.7073200640625 0.45438753906249996 0.700506753125 0.41688523593750004 0.5985839328125 0.431077753125
0 0.718096703125 0.44960524062499996 0.7204428843749999 0.455419078125 0.7435285296874999 0.45399025625 0.7413168625 0.4433550140625 0.759756284375 0.4405075296875 0.7577639875 0.42107293593749995 0.7407991390625 0.410714153125 0.700506753125 0.41688523593750004 0.70763664375 0.4505327640625 0.718096703125 0.44960524062499996
0 0.8033337968750001 0.32645260625 0.8193427328125 0.3224364125 0.813481971875 0.28600584375000004 0.7828511625 0.290774221875 0.777100203125 0.29611131562500004 0.7729249375 0.3071571375 0.7790076484374999 0.3195238609375 0.7825025203125 0.3261222625 0.792609871875 0.32797199374999997 0.8033337968750001 0.32645260625
0 0.7016737484375 0.3279798875 0.75262686875 0.323053846875 0.757322671875 0.3250678890625 0.7729249375 0.3071571375 0.7719002828125 0.3010526859375 0.777100203125 0.29611131562500004 0.7786996359375 0.2893249453125 0.7623147234375 0.246285378125 0.73731745 0.22073667187499998 0.7000663421875 0.22379092968749997 0.676455621875 0.24191721406250002 0.7016737484375 0.3279798875
0 0.6177656125000001 0.3034135671875 0.5474999375 0.3148547578125 0.5556801328125001 0.3659247953125 0.5784244468749999 0.35659461875 0.5840185265625 0.359502946875 0.6250800296875 0.351769034375 0.6177656125000001 0.3034135671875
0 0.6708051171875 0.29450793124999997 0.6177656125000001 0.3034135671875 0.6251959296875 0.34574169375 0.67632693125 0.33821729375 0.6708051171875 0.29450793124999997
0 0.5674869453125 0.20674446875000002 0.58424759375 0.2796782625 0.6011189859375 0.2912015328125 0.611039659375 0.291063734375 0.61335146875 0.3010128359375 0.6177656125000001 0.3034135671875 0.6575744109375 0.296999928125 0.6565244578125 0.2569941296875 0.6582257140625 0.2454342171875 0.649632040625 0.20899707812499999 0.6380316203125 0.211619915625 0.6321999515625001 0.1876327890625 0.5674869453125 0.20674446875000002
0 0.5674869453125 0.20674446875000002 0.622003603125 0.19084611875 0.612093721875 0.1749880421875 0.606390275 0.1492460109375 0.5707989328124999 0.157680375 0.569539659375 0.1509945390625 0.5334173390625 0.1612596703125 0.544490415625 0.20632148906249997 0.55492885 0.2112575828125 0.5674869453125 0.20674446875000002
0 0.5920544421875 0.10125381093750001 0.5835599375 0.0337903734375 0.5557379765625 0.0375292484375 0.565397478125 0.0903642015625 0.5578776921874999 0.10468822656250001 0.5661009421875 0.11004155 0.5885528812499999 0.10491608125 0.5920544421875 0.10125381093750001
0 0.5578609953125 0.095078384375 0.5549748015625 0.09082593125 0.513208465625 0.09869259687500001 0.515035671875 0.11636497500000001 0.5578776921874999 0.10468822656250001 0.5578609953125 0.095078384375
0 0.504319215625 0.061018278125000006 0.513208465625 0.09869259687500001 0.5624052765625 0.08732030625000001 0.5570278281250001 0.050798703125 0.504319215625 0.061018278125000006
0 0.5358814203125 0.0330742 0.5282623140625 0.0276070875 0.5017666109375 0.0352875078125 0.5064760203125 0.055419779687500004 0.5551178015625 0.04265065 0.551837215625 0.0348650015625 0.5441424828125 0.03541764375 0.5358814203125 0.0330742
0 0.8000143046874999 0.004654346875 0.7009027765625 0.0040777328125 0.706539659375 0.0785853984375 0.7122140156250001 0.081144965625 0.80298133125 0.067176859375 0.8000143046874999 0.004654346875
0 0.8353161328125 0.0541844484375 0.8409098984375 0.062848115625 0.862513734375 0.0627410125 0.8662518671875 0.0559063125 0.887908140625 0.052202709375 0.88210138125 0.005131915625 0.8108061015624999 0.00471713125 0.8134047921875001 0.020109718749999998 0.8041848828125 0.03050005625 0.8097529984375 0.0600627265625 0.8353161328125 0.0541844484375
0 0.9164996453124999 0.0283037296875 0.9034665703125 0.029962903125000002 0.9054444 0.04710645 0.9200817156250001 0.0473219453125 0.9164996453124999 0.0283037296875
0 0.913116028125 0.0103391609375 0.9121681921875 0.005306839062500001 0.90040915625 0.005238426562500001 0.9016639218750001 0.011535209375 0.913116028125 0.0103391609375
0 0.9016639218750001 0.011535209375 0.9005983625 0.0169490234375 0.9034665703125 0.029962903125000002 0.9164996453124999 0.0283037296875 0.913116028125 0.0103391609375 0.9016639218750001 0.011535209375
0 0.37501878125 0.01710096875 0.37835077031250003 0.0404328765625 0.412426165625 0.033138990624999996 0.408227321875 0.010846159375 0.37501878125 0.01710096875
0 0.28262112500000003 0.05894311249999999 0.3241865484375 0.0532203859375 0.32467177812500003 0.044725446875000005 0.3479593515625 0.0439258703125 0.346283715625 0.0225132046875 0.27551356562499996 0.035842725 0.27725994374999996 0.0560534765625 0.28262112500000003 0.05894311249999999
0 0.23577271249999998 0.043327895312499996 0.2376833 0.06004620625 0.256461746875 0.0592201171875 0.2533447125 0.040018217187499996 0.23577271249999998 0.043327895312499996
0 0.7574343484375 0.41821567656249997 0.7661062281250001 0.40115150625 0.7449123859375 0.391589253125 0.73504395625 0.40783616875 0.7407991390625 0.410714153125 0.7574343484375 0.41821567656249997
0 0.7843403578125 0.47028370625000004 0.7790688796875 0.427903453125 0.772195740625 0.42794685781249997 0.7694819921875 0.41907438125 0.7577639875 0.42107293593749995 0.7636188828125 0.46876494375 0.768609209375 0.47533190625 0.7792706500000001 0.4743664515625 0.7843403578125 0.47028370625000004
0 0.956897309375 0.8660923687500001 0.8904329546875 0.878673453125 0.8953127015625 0.900817184375 0.9184713109375 0.8993329125 0.92456583125 0.8877379265625001 0.9628031171875 0.8899195640625001 0.956897309375 0.8660923687500001
0 0.4520316953125 0.3190318171875 0.4564668 0.3439075609375 0.4722565625 0.339724125 0.46820118906249997 0.3143181046875 0.4520316953125 0.3190318171875
0 0.0130010859375 0.08528681406250001 0.0202848984375 0.1203233203125 0.0387485265625 0.11782577031250001 0.0458568703125 0.134420040625 0.0726233234375 0.1283985265625 0.073810215625 0.10824001718750001 0.0594904140625 0.1089353078125 0.051192151562499996 0.078093546875 0.0130010859375 0.08528681406250001
0 0.2114788328125 0.20788376249999999 0.2197511140625 0.277599415625 0.24536238593749998 0.2720874140625 0.235391115625 0.20442251875 0.2114788328125 0.20788376249999999
0 0.185068490625 0.2398203765625 0.19130397500000001 0.2818939421875 0.2082400828125 0.27870403593750004 0.1996685828125 0.23707045624999998 0.185068490625 0.2398203765625
0 0.2195053921875 0.27729120625000003 0.2197511140625 0.277599415625 0.21459225312500002 0.2359277890625 0.2009185125 0.23850323125 0.2082400828125 0.27870403593750004 0.2195053921875 0.27729120625000003
0 0.3966584890625 0.25908425468749996 0.4532334109375 0.24636400468750003 0.45744707656249994 0.22688655156249998 0.45835403281250003 0.2184164453125 0.42588175 0.0439085109375 0.41877375937499994 0.036948015625000004 0.343245284375 0.050339665624999995 0.37499079687500003 0.23659931093750003 0.39056177812500004 0.246532496875 0.3966584890625 0.25908425468749996
0 0.3618833828125 0.32798300625 0.35842166875000003 0.3234427515625 0.338613209375 0.3254429109375 0.3360060546875 0.33141816562500004 0.33131412031249996 0.3279854296875 0.2685343671875 0.3467329828125 0.2584537234375 0.363624590625 0.2655972203125 0.4046513296875 0.291789365625 0.4028876265625 0.31821796875 0.3947402390625 0.32245223749999996 0.3988430453125 0.38105958281249996 0.38694943125000003 0.3950850171875 0.37882355 0.39799424375000003 0.3727914 0.40224118437499995 0.3800613953125 0.4097032921875 0.37982364999999996 0.4149213171875 0.36933211250000003 0.42772904531249994 0.368358603125 0.4308988546875 0.346992515625 0.428767153125 0.3202858109375 0.3730488609375 0.33223999531250004 0.373669659375 0.3263469359375 0.3618833828125 0.32798300625
0 0.16146277343749998 0.348424575 0.0963816484375 0.363810440625 0.1078005125 0.44215022812500004 0.13118959531250002 0.44233244843749997 0.13368749687499998 0.448951809375 0.153133825 0.445914678125 0.1580482921875 0.45207887968750005 0.1928492046875 0.445315621875 0.1912424609375 0.42017824062500003 0.18258309687500002 0.4218092265625 0.17905835 0.4064167109375 0.1710527859375 0.4070904546875 0.1701135328125 0.397675228125 0.1798556609375 0.396257353125 0.1795115546875 0.39110904999999996 0.169180534375 0.38054340937500003 0.167059978125 0.3582136265625 0.1607882453125 0.3548073609375 0.16146277343749998 0.348424575
0 0.383620359375 0.47173285 0.37471855625 0.42336357968750005 0.301179446875 0.44034250156250004 0.3089922296875 0.49621525312500003 0.32511088906249996 0.5031884953125 0.3368199 0.505570653125 0.373535296875 0.500115 0.383620359375 0.47173285
0 0.21715883749999998 0.8739677734375 0.1892759171875 0.87705085 0.1770025703125 0.8941469281250001 0.1877101109375 0.9739135453125 0.236017246875 0.964460428125 0.2571138 0.9597779187500001 0.2411190625 0.869100384375 0.21715883749999998 0.8739677734375
0 0.393669903125 0.8495843031250001 0.38221807343749997 0.8461319359375 0.3739688578125 0.845954915625 0.3581069890625 0.8558446578125001 0.3733662015625 0.9368600703125001 0.509814296875 0.9128908953125 0.49982742656249995 0.8369505109375 0.4841938 0.8411879499999999 0.47437049531250003 0.832653634375 0.44866068437499995 0.8362032109375 0.44502437656250005 0.849003390625 0.42967335 0.8570661609375 0.4146434375 0.8529948718749999 0.41679601875000005 0.8391812968749999 0.4014297796875 0.8425134218749999 0.393669903125 0.8495843031250001
0 0.47290392187499997 1 0.47028860312500004 0.983581071875 0.4646818953125 0.971416628125 0.31409365624999996 1 0.47290392187499997 1
0 0.55925804375 1 0.57707809375 0.996643603125 0.5754883375000001 0.99110434375 0.5241980078124999 1 0.55925804375 1
0 0.72206929375 0.9693345859375 0.7125779203125 0.9082103890625 0.6530699578125 0.9194186828124999 0.660332840625 0.9809626140625 0.72206929375 0.9693345859375
0 0.73150851875 0.83047259375 0.7213436484375 0.8290924499999999 0.7143728687500001 0.8159963390625 0.663961403125 0.8321015453125 0.6553434078125 0.8565373390625 0.6704785078125 0.890616371875 0.67429539375 0.9061206828125 0.691509053125 0.9082792875000001 0.7682217640625 0.891432453125 0.7687291640625 0.8670020546874999 0.7606880968749999 0.8658266187500001 0.759121709375 0.860720859375 0.7448143796875 0.862810915625 0.74469793125 0.8574320578125001 0.7560927484375 0.8573710984374999 0.75039555625 0.823912475 0.7389148671875 0.8251782000000001 0.73150851875 0.83047259375
0 0.6185013234375 0.70145285625 0.630679334375 0.773748409375 0.67463649375 0.7679922515625 0.6721701484375 0.73386254375 0.676226109375 0.7323687671875 0.6691803734375 0.69695378125 0.6185013234375 0.70145285625
0 0.66322134375 0.6911114375 0.6538639140625 0.6382195859375 0.6441062609375 0.6406621578125 0.6416548546875 0.6324075484375 0.6569101953125001 0.628929490625 0.6493238578125 0.5790195984375 0.6009827421875 0.5854138015625 0.615188125 0.6815372156249999 0.620479078125 0.6985571984375001 0.66322134375 0.6911114375