0 0.991589740625 0.7553347515625 0.8553387578124999 0.5824245390625 0.7803554859374999 0.6279563328125 0.9407650406249999 0.8220444703125 0.9880271125 0.7909416109375 0.9904306703125 0.7885194375 0.991589740625 0.7553347515625
0 0.72747621875 0.8309474 0.6030463421875 0.67019403125 0.5203096328125 0.7175657484375 0.6527626875 0.8827338250000001 0.706979353125 0.850531328125 0.72747621875 0.8309474
0 1 0.33953725625 0.941429684375 0.369133028125 0.9652900875 0.40408918437499997 1 0.3861376328125 1 0.33953725625
0 0.2565008640625 0.911414725 0.326747471875 0.996155621875 0.3822799125 0.9984179359375001 0.350049334375 0.9627547140624999 0.34751068281249997 0.9632207453125 0.3194187640625 0.9300242734375 0.300951828125 0.935169859375 0.28495532031250004 0.9260780828125 0.2764083328125 0.9133646343749999 0.2797023640625 0.8994252156250001 0.2565008640625 0.911414725
0 0.5566185421875 0.4962872734375 0.33574953281250003 0.1910723453125 0.074439571875 0.32502722500000003 0.3028841640625 0.6474716468749999 0.4312432140625 0.5961419703125 0.5550531609375 0.52479781875 0.5566185421875 0.4962872734375
0 0.8697736218750001 1 0.7396227046875 0.83437084375 0.6657216203125 0.90075208125 0.74774258125 1 0.8697736218750001 1
0 0.923469071875 0.9637233406249999 0.98543421875 0.9315700046875 0.985530415625 0.928815859375 0.8731617171874999 0.784411434375 0.798591471875 0.8320955031249999 0.923469071875 0.9637233406249999
0 0.5423660484374999 1 0.444099709375 0.880334465625 0.369241409375 0.9187938687500001 0.431164434375 1 0.5423660484374999 1
0 0.055265343749999994 0.9590230265624999 0.0719855234375 0.9857769765625 0.1304409140625 0.9881583671874999 0.1451020515625 0.9768581515625 0.11373325781250002 0.9279902640625 0.055265343749999994 0.9590230265624999
0 0.8807674484374999 0.5614145171875 0.9937512640625 0.6934494124999999 0.9980296781250001 0.5709565453125001 0.9572519343750001 0.517164134375 0.8807674484374999 0.5614145171875
0 0.50383258125 0.72456176875 0.3096467609375 0.8434761343750001 0.36104554375000003 0.9024339578125 0.539992940625 0.8028093015625 0.50383258125 0.72456176875
0 0.62029270625 0.6435018875 0.77681625625 0.821304003125 0.8498431796875 0.767720175 0.70195270625 0.5931780328125 0.682289184375 0.6052099890625 0.6666090421875001 0.587060534375 0.644020471875 0.5989733296875001 0.656186690625 0.6181388734375 0.62029270625 0.6435018875