0 0.23857395625 0.5226855515625 0.25110341406250003 0.5276267484375 0.2774604 0.46581449375000006 0.28188434375 0.4455559703125 0.2717587796875 0.43657700781250003 0.27764610312500004 0.4234539625 0.2901803078125 0.42837342187500005 0.29617444531250003 0.4182984375 0.250986453125 0.396557490625 0.23596799062499998 0.3926106203125 0.18041236875 0.5050076109375 0.18274862187500002 0.5164687734375 0.22877361562499998 0.5433239078125001 0.23857395625 0.5226855515625
0 0.8564676625000001 0.4997346953125 0.8248107156250001 0.485422784375 0.8209522703125 0.48915099375000004 0.71411140625 0.43461310937500003 0.6842902828125 0.4949147359375 0.722020759375 0.519595190625 0.7414100671875 0.5555444046875 0.8000358640625 0.5884705109375 0.8012253234375001 0.6106970703125 0.8919329125000001 0.65952679375 0.9506057406249999 0.5190184921875 0.9287257921875 0.50831135625 0.9306960125 0.49585596406250004 0.8732114859375001 0.46467402968749993 0.8564676625000001 0.4997346953125
0 0.26263078125 0.7277497687500001 0.28326116875 0.6851909109375 0.29669014531250004 0.68955015 0.3054238640625 0.6876328890625001 0.33366596406250004 0.610321803125 0.2834196046875 0.5875043359375 0.268960921875 0.58442724375 0.26003364218749997 0.6045007609375 0.2435959125 0.6070531375 0.2255012421875 0.620626290625 0.19542790937500001 0.6960236156249999 0.26263078125 0.7277497687500001
0 0.351691453125 0.5496252859374999 0.3553935109375 0.555872390625 0.34874692343749997 0.58807765 0.40296233593749997 0.6141509703125 0.4098487875 0.5992615875 0.4166869859375 0.597077403125 0.462091125 0.5013088390625 0.4254443640625 0.48623070625000003 0.4123265734375 0.4798222390625 0.407746509375 0.49247284843749994 0.3802722921875 0.48116655937499997 0.351691453125 0.5496252859374999
0 0.9989764875 0.175926784375 0.9918638796874999 0.19151021562499998 0.9827053140625001 0.191835771875 0.9502586203125001 0.2781014046875 0.991381696875 0.30805323281249997 0.9830053718749999 0.32217060468750003 0.9980895359374999 0.3283808125 0.9989764875 0.175926784375
0 0.9392719328125001 0.30073921718749996 0.9502586203125001 0.2781014046875 0.9313335203124999 0.25740035781250004 0.8370766859375 0.20401656875000002 0.781364421875 0.3171308671875 0.8696681156249999 0.36999835625 0.896400934375 0.3688863328125 0.9290789140625 0.3023686578125 0.9392719328125001 0.30073921718749996
0 0.5261809515625 0.3391155859375 0.502315153125 0.3270986953125 0.505151375 0.3113018515625 0.4626078484375 0.28962326875 0.4353271828125 0.273581340625 0.43279247656250003 0.27884234218750004 0.4039959171875 0.266413 0.380448615625 0.32513822812500004 0.3669776296875 0.35509498125 0.49237115468750003 0.4101919625 0.5261809515625 0.3391155859375
0 0.0043234828125 0.4157286921875 0.0486267171875 0.40833390156249993 0.035070315625 0.2903272296875 0.03153586875 0.29111524375000003 0.0043234828125 0.4157286921875
0 0.3009129234375 0 0.2888111328125 0.028488842187500002 0.31726452968749996 0.0420734796875 0.31528989375 0.051115912500000006 0.34061079843750003 0.062191401562500005 0.37916728593750004 0.0703969828125 0.39224429375000003 0.04224436875 0.41394647031250004 0.012151390625 0.4404021328125 0.020943484374999998 0.450252346875 0 0.3009129234375 0
0 0.9457196812499999 0.693493021875 0.9636123874999999 0.704460765625 0.984490603125 0.608853328125 0.9457196812499999 0.693493021875
0 0.46661995 0.13381985000000002 0.4382247640625 0.1189282859375 0.3824773875 0.2471844859375 0.4353271828125 0.273581340625 0.5227647390625 0.314913840625 0.5744406921875 0.190840953125 0.46661995 0.13381985000000002
0 0.9642808359374999 0.10309182812499999 0.9284931562500001 0.0833514546875 0.9187426390625 0.10022444374999999 0.9033257875 0.094668753125 0.8731062734374999 0.1533615578125 0.8519249343749999 0.2018765625 0.9240600703125 0.24222708593750003 0.9344948343749999 0.2429237734375 0.9484451999999999 0.2171179734375 0.947769775 0.206374215625 0.9852202671875 0.1249722078125 0.96133073125 0.1130640015625 0.9642808359374999 0.10309182812499999
0 0.6765972296875 0.0263992484375 0.6463030062499999 0.08835169375 0.7335785875 0.12459993124999999 0.7570685203124999 0.129599053125 0.768015128125 0.1199411390625 0.779216596875 0.094551178125 0.7896363187500001 0.087306028125 0.80636425625 0.054016232812499995 0.6765972296875 0.0263992484375
0 0.7018124421875 0.9211202796875 0.7079422015625 0.9239488515625001 0.7323714390625 0.9124744640625 0.7516452640625 0.865828184375 0.7523481125 0.8591764671875 0.7386821328125001 0.8524693609374999 0.7459934703125 0.8328253312499999 0.7327580515625 0.8103098375 0.669472278125 0.7779160296875001 0.6581675609375 0.8020101953125 0.6415924765625001 0.794683971875 0.6154595859375 0.845170515625 0.62502536875 0.8532797000000001 0.6067877265625 0.8955971406250001 0.6430500765625 0.9131638515624999 0.648800734375 0.9037876921875 0.665918634375 0.9119573359375 0.6600916953125 0.9251159765624999 0.691285121875 0.9378052046875001 0.7018124421875 0.9211202796875
0 0.49110369218749994 0 0.45291149375 0.0892302671875 0.47975182031249997 0.1047917859375 0.46661995 0.13381985000000002 0.5853806671874999 0.1961945203125 0.6645063296875 0.023826065625 0.552552115625 0 0.49110369218749994 0
0 0.267867825 0.7380995218749999 0.3136918796875 0.7569277609375 0.3301229390625 0.7149764890625 0.3054238640625 0.6876328890625001 0.29669014531250004 0.68955015 0.28698500937500004 0.6921705484375 0.267867825 0.7380995218749999
0 0.01231900625 0.48627138593749997 0.01489148125 0.512568246875 0.026654693750000003 0.5211223421875 0.007935903125000001 0.5686601359375001 0.0925113078125 0.6040607609374999 0.140561875 0.6021855687500001 0.14959596875 0.5851601093750001 0.15512900937500002 0.58406296875 0.177581803125 0.536591946875 0.173472778125 0.5311681015625 0.18274862187500002 0.5164687734375 0.1709854109375 0.507914678125 0.1622075828125 0.49619721562499997 0.051952407812500004 0.43638333749999997 0.033101953125 0.436147559375 0.01231900625 0.48627138593749997
0 0.48679201406250006 0.5129347828124999 0.467818071875 0.5125362421874999 0.418979334375 0.623928809375 0.4490851734375 0.6357724140625 0.3821875078125 0.7924093015625 0.42936385625 0.8133678265625001 0.502589359375 0.652618396875 0.54488868125 0.5462032171875 0.48679201406250006 0.5129347828124999
0 0.2467003953125 0.019913540625 0.227901240625 0.0643861609375 0.2491193390625 0.071153725 0.26744382031249997 0.0288547671875 0.2467003953125 0.019913540625
0 0.2493556515625 0.5530041781249999 0.3381750140625 0.5931067171875 0.3553935109375 0.555872390625 0.33320027812499997 0.546599871875 0.34386485625 0.5185707546875 0.3518821515625 0.5165010234375 0.36757456093749996 0.48271788437499996 0.365793153125 0.4770387609375 0.37408436875 0.45987795 0.3102435640625 0.426592628125 0.2974900078125 0.43297714374999996 0.25330966875 0.5348975796875 0.2493556515625 0.5530041781249999
0 0.2037132921875 0.161417153125 0.224210478125 0.11655526406250001 0.18463268125 0.09866965625 0.17420560624999998 0.10022653906250001 0.1254938671875 0.0778721515625 0.1102283296875 0.113133690625 0.0983535015625 0.12132024062499999 0.0967728453125 0.12855853281250001 0.083651271875 0.165550171875 0.091702378125 0.1691515921875 0.09019930781249999 0.1991304578125 0.0811174859375 0.22053589375 0.16972736718749998 0.2621178875 0.1893254 0.22147752187499997 0.19750467031250002 0.22449205156250002 0.224081728125 0.172075571875 0.2037132921875 0.161417153125
0 0.2954844453125 0.0867760765625 0.2760389296875 0.0788617171875 0.261695890625 0.0856586046875 0.23365617656249998 0.1516393546875 0.2752403546875 0.1726133390625 0.31769109218749997 0.17557429687499998 0.3577429609375 0.151547440625 0.3869037078125 0.13578000625 0.38772383593750004 0.11475451875 0.3786520140625 0.0938757640625 0.36189625312499996 0.0978844953125 0.35608618124999997 0.08984670156249999 0.32329271406250004 0.0737688796875 0.3208389921875 0.0815720125 0.30195325624999997 0.07452742968750001 0.2954844453125 0.0867760765625
0 0 0.90601240625 0.0315892953125 0.9127352328124999 0.0580828578125 0.8378726296875 0 0.814987221875 0 0.90601240625