0 0.21840413125000002 0.8822293437500001 0.1690463421875 0.8414658703125 0.08783237187500001 0.9649509171874999 0.11331615312500001 0.9876946578125001 0.1467879140625 0.9890585281250001 0.21840413125000002 0.8822293437500001
0 0.7890179374999999 0.1760824953125 0.8304306671875 0.1177801546875 0.78300330625 0.0690804296875 0.77877871875 0.069416853125 0.7178531296874999 0.1458018625 0.760926809375 0.1980061671875 0.7890179374999999 0.1760824953125
0 0 0.9830773781250001 0.0346841390625 0.9844906484375 0.057164139062499994 0.95127206875 0.0859168984375 0.9016283062499999 0.05172449999999999 0.8760886250000001 0.0314656265625 0.8705437015624999 0.00547985 0.9146857031250001 0 0.923148159375 0 0.961426090625 0.0039763234375 0.9645650671875 0 0.9711930531249999 0 0.9830773781250001
0 0.99777213125 0.38875581718749996 0.9982310671875 0.3098716125 0.9892757234375 0.321187503125 0.9739996859375 0.306182965625 0.9508349515625 0.335508584375 0.99777213125 0.38875581718749996
0 0.947711346875 0.12310822343750001 0.9606939140625 0.140480740625 0.9567573765624999 0.1587098796875 0.9988685875 0.20029112031250002 0.999417640625 0.10591695625 0.9661533921875 0.08337827656249999 0.947711346875 0.12310822343750001
0 0 0.8567022609375 0.0253260828125 0.8090425265625001 0 0.78937708125 0 0.8567022609375
0 0.1475685984375 0.340635221875 0.24840083281249997 0.20696465156250002 0.2532593328125 0.197561003125 0.1757844078125 0.11445845624999999 0.1598529109375 0.12652330625 0.065364884375 0.260757515625 0.1475685984375 0.340635221875
0 0.7422000890625 0.6511026984375 0.7911951687500001 0.595428353125 0.7597042734375 0.5585052890625 0.7077156765625 0.6162546390625 0.7422000890625 0.6511026984375
0 0.7291540875 1 0.6779429343750001 0.90510396875 0.5542210015625 0.9999439359375 0.5542335828125 1 0.7291540875 1
0 0.92779929375 0.9412824390625 0.981445121875 0.8972786890625001 0.9845756984375 0.8204488234375 0.9632138781249999 0.7985384453125 0.8926214171875 0.8755263390625 0.9121543531249999 0.9078733281250001 0.92779929375 0.9412824390625
0 0.2071313359375 0.741020853125 0.1714863609375 0.6872274015625 0.15803986718750002 0.69172441875 0.1277970203125 0.7220228578125 0.059270296874999996 0.8416715937499999 0.11262658750000001 0.8791601265625 0.2071313359375 0.741020853125
0 0.731368609375 0.090187171875 0.76339438125 0.052577085937500004 0.7592972296875 0.0497859671875 0.7655349296875 0.0384856421875 0.72798163125 0.0185455796875 0.723713184375 0.0199583625 0.7265192671875 0.0284741171875 0.7077903796875 0.049782493750000004 0.6876460140625 0.027947959374999998 0.7000241859375 0.0107544328125 0.60837644375 0.0070200718750000005 0.6900204515625 0.09348625625 0.709892521875 0.067586390625 0.731368609375 0.090187171875
0 0.8836169187499999 0.2493047390625 0.9510961375000001 0.1094336453125 0.9009993406250001 0.068334921875 0.8504558624999999 0.0826307328125 0.8059471531250001 0.2074283234375 0.8507871031249999 0.25722282500000004 0.8836169187499999 0.2493047390625
0 0.853577896875 0.8582107515624999 0.861367540625 0.849760575 0.8869717390625 0.87938495625 0.9688425234375 0.7902036390625 0.9116766390625 0.7129125140625 0.9042945124999999 0.7108622687499999 0.8993237453124999 0.7150333437499999 0.8922292171875 0.706424215625 0.876523459375 0.7044619984375 0.8194804453125 0.755455140625 0.8210103234374999 0.762840746875 0.8127148609375 0.7687275125 0.8117315968750001 0.784371446875 0.8205620203124999 0.8008017671875001 0.8155528078125001 0.8064155875000001 0.853577896875 0.8582107515624999
0 0.3446357875 0.9971202109374999 0.28789600625 0.9161237859375 0.23006992343750002 0.988831059375 0.2350837890625 0.9926563093749999 0.3446357875 0.9971202109374999
0 0.1994209296875 0.989657134375 0.2185052734375 0.960124565625 0.18594629375 0.9349362390625 0.15090071562500001 0.9892261109374999 0.2011373078125 0.9912730968749999 0.1994209296875 0.989657134375
0 0.8200254843750001 1 0.84452155 0.9846156562499999 0.81033263125 0.931532490625 0.79680359375 0.94105071875 0.7986046906250001 0.9507664124999999 0.766018546875 0.976168559375 0.7805443999999999 1 0.8200254843750001 1
0 0.1542961953125 0.6223466421875 0.366036396875 0.32140354375 0.29126914843749996 0.2382485875 0.2593108140625 0.24424931249999998 0.04679605625 0.540237984375 0.12952551875 0.623188475 0.1542961953125 0.6223466421875
0 0.943799315625 0.3274511046875 0.990663775 0.2736428125 0.9233523703125 0.191727409375 0.8836169187499999 0.2493047390625 0.943799315625 0.3274511046875
0 0.2317828 0.861923509375 0.1909047859375 0.9330633546874999 0.23178636562500002 0.9671753015625001 0.24946802968749998 0.9416133765625 0.240626953125 0.9329330828125 0.2648854578125 0.8857507078125 0.24227401406250001 0.8550684078125 0.2317828 0.861923509375