0 0.89057303125 0 0.9049532421875 0.030814679687500002 0.918034034375 0.025766196875 0.9131699953125001 0 0.89057303125 0
0 0.6649890828125 0.1715510015625 0.659413615625 0.12933236875 0.5192761109374999 0.144371359375 0.5229313609374999 0.16890173749999998 0.51256873125 0.1695582765625 0.5355224640625 0.3418859359375 0.5483527640625 0.3409128921875 0.5496181671875 0.3694604140625 0.6914525031250001 0.3521355234375 0.687515165625 0.310960765625 0.703296459375 0.30953032812500003 0.683454546875 0.16836719218750001 0.6654377234375 0.1714612875 0.6346158859375 0.18599730625 0.6649890828125 0.1715510015625
0 0 0.5650376234375 0.0253941171875 0.69955749375 0.0488346578125 0.695716290625 0 0.35603174375 0 0.5650376234375
0 0.28088369062499996 0.03156075 0.299788025 0.168907609375 0.37532613125 0.1564786546875 0.35751496562499996 0.0162366421875 0.28088369062499996 0.03156075
0 0.9269622999999999 0.8470084140624999 0.9258132578125 0.8365762296874999 0.9510572015625 0.821618275 0.94432269375 0.7990972375000001 0.9527667671875 0.7957938796875 0.9296585890625 0.747724434375 0.9201303093750001 0.7496298218749999 0.9135881593749999 0.73693595 0.7830824296875 0.811100746875 0.8262574484374999 0.906631209375 0.8826592265625001 0.8789170890625 0.9022704156250001 0.8560825859375001 0.9269622999999999 0.8470084140624999
0 0.054155718750000005 0.42301555312500005 0.0946934359375 0.6832056625 0.1706983953125 0.6717230015625 0.1316841078125 0.40950286875 0.054155718750000005 0.42301555312500005
0 0.2785882234375 0.60095261875 0.2816367 0.618393134375 0.276510784375 0.6276469062500001 0.2842356625 0.6576456234375 0.2919811171875 0.6622683 0.2948501375 0.677466315625 0.3023453234375 0.6781795125000001 0.3093444125 0.6748554296875 0.32032958125 0.6874792703125 0.333613128125 0.687145559375 0.39257188906249996 0.67356371875 0.3776276046875 0.6046171015625 0.36013060937499997 0.6081160109375 0.3553222921875 0.5845240625 0.30867023125 0.5921277890625001 0.304318475 0.5992580484375 0.2785882234375 0.60095261875
0 0.3553222921875 0.5845240625 0.38001513125 0.5749851734375 0.3657513390625 0.484158271875 0.344188740625 0.48221015781250004 0.3409297359375 0.458839275 0.3496483875 0.4565206625 0.33418431875 0.39210203906249996 0.30187939375 0.3870374703125 0.243154225 0.40373579531250003 0.2785882234375 0.60095261875 0.304318475 0.5992580484375 0.30867023125 0.5921277890625001 0.3553222921875 0.5845240625
0 0.6872364234375 0.830576946875 0.676910009375 0.80864146875 0.6608905625 0.8111591812500001 0.628512665625 0.8327198656249999 0.6781153703125 0.96965705625 0.7369422390625 0.957893328125 0.6912101015625 0.829782321875 0.6872364234375 0.830576946875
0 0.035767748437500003 0.31069403906250004 0.062190689062500006 0.324765409375 0.2261741140625 0.30803261875 0.239554896875 0.2846080421875 0.2094067578125 0.0458541359375 0.031237709375 0.08148295625 0.008228585937500001 0.1211226140625 0.035767748437500003 0.31069403906250004
0 0.8074121406250001 0.38506591874999996 0.8148029937500001 0.4311464921875 0.8661993656250001 0.42283736093749996 0.859011946875 0.37078787812499997 0.8074121406250001 0.38506591874999996
0 0.6834433328125 0.5566904296875 0.7141265125 0.595326040625 0.7922642093750001 0.5138708249999999 0.7612349765624999 0.4734020734375 0.6834433328125 0.5566904296875
0 0.40234213125 0.9079426968750001 0.35364345625000004 0.8593720906250001 0.29445956406249996 0.919208153125 0.3396903265625 0.9827619296875 0.3754287765625 0.950464515625 0.40234213125 0.9079426968750001
0 0.489371746875 0 0.5012624437500001 0.10085745625 0.5947514953125 0.0896831484375 0.5843593890625 0 0.489371746875 0