0 0.352762284375 0.27245989375 0.337163134375 0.16357796093750002 0.34332331875 0.1631109796875 0.32423028125000003 0.0462261546875 0.2991285890625 0.0424449421875 0.24714414375 0.0510363015625 0.2857597203125 0.29639991875 0.3343078828125 0.2836768078125 0.352762284375 0.27245989375
0 0.9403428437500001 0.887443028125 0.9495403453125 0.8867457999999999 0.9461968546874999 0.8088431640625 0.883691403125 0.8103518828125 0.8860703531249999 0.8368694937500001 0.9081146609375 0.837997371875 0.9142476109375 0.8894212109374999 0.9403428437500001 0.887443028125
0 0.8832857640625 0 0.8749282562499999 0.1543327671875 0.881449878125 0.155130225 0.8792890203124999 0.1787623890625 0.8974133703125 0.1793262015625 0.9110589250000001 0 0.8832857640625 0
0 0.5838128109375 0.027064890624999997 0.5402933921875 0.03283995625 0.5221148921875 0.037942796875000004 0.524981590625 0.14903870624999999 0.5412756171875001 0.14748055468750002 0.6902432359375 0.14238868124999998 0.686711178125 0.0611200390625 0.6703695734374999 0.0623588359375 0.6696411265625 0.030484170312499996 0.644628903125 0.03175586875 0.6443268437499999 0.028053971875 0.6211266234374999 0.028585450000000002 0.618581734375 0.0200800046875 0.5844780796875 0.0236126234375 0.5838128109375 0.027064890624999997
0 0.009935646874999999 0.15660470312500002 0.006661749999999999 0.1534079859375 0.0038987124999999997 0.11163276562499999 0.0013034000000000001 0.112013890625 0.0023639234374999997 0.20315507031250002 0.0160249625 0.202218584375 0.009935646874999999 0.15660470312500002
0 1 0.9077356265625 0.999365246875 0.8999564031249999 0.9421565421875 0.90149420625 0.9254993078125 0.9102065187499999 0.9300681984375 0.9622441265624999 0.938131896875 0.9659820296875001 0.9412380375 0.9657465640625 0.943364228125 0.9513751859375 0.9822289906250001 0.9558139890625 0.9887939796874999 0.9109848078124999 1 0.9107463375 1 0.9077356265625
0 0.0456795328125 0.347519809375 0.0462380734375 0.40922724062500004 0.086089384375 0.4099310546875 0.0903236953125 0.3932468078125 0.1422146875 0.395643140625 0.147960653125 0.384033175 0.17842152656250002 0.3835972125 0.1784504125 0.36126778437499996 0.1663142953125 0.3491617640625 0.1647757125 0.303138315625 0.058972190625 0.30073807812500003 0.054402240625 0.3040772640625 0.055253751562499995 0.3464280046875 0.0456795328125 0.347519809375
0 0.7024473640625 0.962963721875 0.7086503296875 0.9624934984375001 0.713028621875 0.9660371046874999 0.7110163703125 0.9334631265625 0.736295315625 0.9293937624999999 0.7340561171875 0.8834880171874999 0.6837775859375 0.8950504640625001 0.669791390625 0.9135504953125 0.6394357109375 0.9160669546875001 0.642949603125 0.9459434234374999 0.6515228796875 0.945508821875 0.6577956859375 0.9458945265625 0.6626061437499999 0.9468217015624999 0.6673773078125 0.9499049140625001 0.6746584625 0.9547356062500001 0.6787181 0.9570115328125001 0.6851436734374999 0.961907084375 0.688775521875 0.9642154406250001 0.6966896499999999 0.9636154984375 0.7024473640625 0.962963721875
0 0.8637189218750001 0.5191573625 0.8587539218750001 0.5221389453125 0.8527574187500001 0.5259307609375 0.8510781156249999 0.5282972453125 0.8502046109375 0.535791521875 0.850236040625 0.536176690625 0.8522868078125001 0.5386264328125 0.8530096578125 0.54748530625 0.8520767875 0.5542520390625 0.8527717015625 0.5627685421875 0.8529488921875 0.5739079640625 0.8505720265625 0.576693346875 0.8483156328125 0.5809552109375 0.8476555937500001 0.5865816734375 0.8500703296875001 0.61617544375 0.8813156171875001 0.62086889375 0.8837243625 0.6139902765625 0.8873278640625 0.6077746625 0.8879350859375 0.6017646546875 0.8854561406249999 0.58483574375 0.8840999375 0.5637309078125 0.89304035625 0.5548715375 0.9071862703125 0.5504619453124999 0.9104133765625001 0.4486359203125 0.8753847484374999 0.44795406875 0.874238415625 0.45658861718750005 0.8715590359375 0.4601505046875 0.86800660625 0.46672826875 0.8655171062499999 0.4728809671875 0.8627766171875001 0.47569391562499996 0.857447996875 0.4787030625 0.8541387125 0.48377678125 0.853237725 0.48645028593750006 0.8543848546874999 0.5005089328125 0.8625717921874999 0.505098715625 0.8637189218750001 0.5191573625
0 0.376664328125 0.3026855046875 0.3678378859375 0.2989623625 0.27521507343749996 0.3096008984375 0.2696887 0.31467044375 0.26690714375 0.3280580328125 0.2659589625 0.34492378125 0.2662103453125 0.360665128125 0.2701913828125 0.37147313125000003 0.2811497796875 0.37916853437500003 0.3917031046875 0.37621360625 0.376664328125 0.3026855046875
0 1 0.9107463375 0.9887939796874999 0.9109848078124999 0.9822289906250001 0.9558139890625 1 0.9581289796875 1 0.9107463375
0 0.80493861875 0.8184749015625 0.7663850734375 0.8207515859375001 0.7666512421875 0.8530273140625001 0.8072127734375 0.8542586140624999 0.80493861875 0.8184749015625
0 0.0034730046874999997 0.298469334375 0.0046265203125 0.3976022359375 0.00942061875 0.397700384375 0.0240668078125 0.387288890625 0.020777909375 0.30135120312499997 0.0034730046874999997 0.298469334375
0 1 0.7979053875 0.955066984375 0.8014962656250001 0.9570921125 0.9001682203125 0.9781066718750001 0.900017734375 0.97827961875 0.8747061640625 0.9892982874999999 0.8731173078125 0.9900198890624999 0.8637613843749999 1 0.8638706078125 1 0.7979053875
0 0.3677240953125 0.6483696265625001 0.3777117109375 0.64416760625 0.374001628125 0.5406713437499999 0.34038513593749997 0.5427890750000001 0.29735725 0.5456202484375 0.2978635921875 0.5518257390625 0.2753652859375 0.5556843140625001 0.26830674062500004 0.5562193953125 0.25799171875 0.5643217453125 0.265953575 0.6513477437499999 0.3677240953125 0.6483696265625001
0 0.50544468125 0.9240282000000001 0.5231539078125 0.9224058296875001 0.5212393578125 0.9131851531249999 0.554801303125 0.905387478125 0.535422715625 0.8076865359375001 0.45762501093749997 0.8243493953125001 0.47717384375 0.9214991671874999 0.502446684375 0.9157724093749999 0.50544468125 0.9240282000000001
0 0.3645353046875 0.1273985 0.36890968125 0.1279927109375 0.37110448125 0.1359003078125 0.3719102546875 0.149468096875 0.4569040015625 0.13527401562500002 0.4406117046875 0.0115669828125 0.395926771875 0.018356217187500003 0.3932556671875 0.027558498437500002 0.3261221828125 0.04039865625 0.3428816515625 0.13554222656249998 0.3645353046875 0.1273985
0 0.8144545624999999 0.8823453453125 0.8150882921875 0.9122679046875 0.8309331109375 0.9181288046875 0.852501621875 0.9160631625000001 0.8790769921875 0.925244496875 0.8793388234374999 0.9495542312499999 0.9061761296874999 0.9513953015625001 0.9036008484375 0.8934578953125 0.8911774593749999 0.8941843578125 0.8889424921875 0.8878946031250001 0.83309400625 0.8839466421875001 0.83245669375 0.8814112828124999 0.8144545624999999 0.8823453453125
0 0.6598827359375 0.541542290625 0.6705246390624999 0.554063009375 0.712105896875 0.5509108875 0.70709295 0.4021699390625 0.663150559375 0.4030250296875 0.6595549046875 0.41197443749999996 0.6614762765625 0.46981070156250004 0.6543701515625 0.47002643125 0.6598827359375 0.541542290625
0 0.825886746875 0.9723378609375001 0.8263287171875 0.9744574171875 0.90617041875 0.9684049124999999 0.9061761296874999 0.9513953015625001 0.8793388234374999 0.9495542312499999 0.8790769921875 0.925244496875 0.852501621875 0.9160631625000001 0.8309331109375 0.9181288046875 0.820993503125 0.9255567765625001 0.825886746875 0.9723378609375001
0 0.8660646359375 0.042012078125000005 0.801313728125 0.0413226484375 0.7946672265625 0.0511277171875 0.7390753937500001 0.053490296874999996 0.744065359375 0.1557914765625 0.8605767453125001 0.1570139671875 0.8579757296875 0.0932221875 0.8667637921875 0.0869795703125 0.8660646359375 0.042012078125000005
0 0.27045204843750004 0.4828096546875 0.255924590625 0.49467622968749997 0.25799171875 0.5643217453125 0.26830674062500004 0.5562193953125 0.2753652859375 0.5556843140625001 0.2978635921875 0.5518257390625 0.29735725 0.5456202484375 0.34038513593749997 0.5427890750000001 0.374001628125 0.5406713437499999 0.3683157015625 0.4820654578125 0.345978909375 0.4852658703125 0.3413561734375 0.47872650781250004 0.27045204843750004 0.4828096546875
0 0.0439442015625 0.9822255312499999 0.0453785109375 0.9998036921875 0.08858001875 0.9995523531250001 0.0863406703125 0.9764037218749999 0.0439442015625 0.9822255312499999
0 0.673669796875 0.2858546921875 0.6757039546875 0.29495865 0.695150971875 0.2932691375 0.6938720796875 0.259132425 0.6997738484375 0.257608503125 0.7048156984375 0.24818344531249997 0.7040344734375 0.204320234375 0.70118399375 0.2036750953125 0.6981632859375 0.1983061265625 0.70170349375 0.1915785765625 0.7012669890625001 0.1862290140625 0.698102228125 0.1817321921875 0.6902432359375 0.14238868124999998 0.5412756171875001 0.14748055468750002 0.524981590625 0.14903870624999999 0.5278369390625001 0.260523025 0.53737489375 0.2692734546875 0.5425607609374999 0.26952625 0.5435865015625 0.2952852171875 0.5571535843750001 0.292749603125 0.5579480359375 0.29721080624999996 0.5611870140625 0.29997955468750004 0.5695070984374999 0.3017172078125 0.5748719421875 0.3015258234375 0.5818999421875 0.297978771875 0.5825198296874999 0.2897501515625 0.673669796875 0.2858546921875
0 0.883691403125 0.8103518828125 0.8107094546875 0.8100711125 0.8077192578125001 0.8182641109375 0.8105739 0.8796252375 0.8266509718749999 0.8788371078124999 0.83245669375 0.8814112828124999 0.83309400625 0.8839466421875001 0.8889424921875 0.8878946031250001 0.8911774593749999 0.8941843578125 0.9036008484375 0.8934578953125 0.9012350890624999 0.8380882749999999 0.8860703531249999 0.8368694937500001 0.883691403125 0.8103518828125
0 0.3334273640625 0.9533883968750001 0.340721165625 0.961275478125 0.46466224062499994 0.9322225187500001 0.454098184375 0.8758165265625 0.4474377484375 0.8759554109375 0.4387678359375 0.7955499203125 0.34778628125 0.824192809375 0.3213422515625 0.831127940625 0.3219536625 0.877393921875 0.3334273640625 0.9533883968750001
0 0.1388167859375 0.141408984375 0.134095375 0.14051812187499998 0.1276593203125 0.1376041796875 0.12420652968749998 0.11058664843749999 0.11334285625 0.10273334999999999 0.0975334 0.0949320140625 0.042241021875 0.09727189375 0.048906500000000006 0.1562772 0.0423075765625 0.1664016171875 0.050173028125 0.2324641171875 0.05561991875 0.23855345 0.06430784375000001 0.284099528125 0.1461040515625 0.2763486546875 0.13863488125 0.2341335546875 0.1452870453125 0.2283542796875 0.1448851015625 0.2004810875 0.1388167859375 0.141408984375
0 1 0.8638706078125 0.9900198890624999 0.8637613843749999 0.9892982874999999 0.8731173078125 0.97827961875 0.8747061640625 0.9781066718750001 0.900017734375 0.999365246875 0.8999564031249999 1 0.8999424250000001 1 0.8638706078125
0 0.43956899062500004 0.7539351234375 0.448049490625 0.8230514046874999 0.528000990625 0.80588078125 0.52281535625 0.735997996875 0.43956899062500004 0.7539351234375
0 0.9110795765624999 0 0.8972251921875 0.190471790625 0.9025511875 0.190068046875 0.908304971875 0.18963187343750001 0.9172898828125 0.1902856578125 0.9223116140625001 0.19169201875 0.9278191953125001 0.19351369062499998 0.92963119375 0.19382847187500002 0.94881343125 0 0.9110795765624999 0
0 0.8011231390625 0.9035947171875 0.8101504109375 0.8981736625 0.8072127734375 0.8542586140624999 0.7666512421875 0.8530273140625001 0.7697896578125001 0.904678159375 0.8011231390625 0.9035947171875
0 0.5239500078125 0.5657986828125 0.5810273375 0.5586944109374999 0.6428217234375 0.5487350078125 0.6598827359375 0.541542290625 0.6543701515625 0.47002643125 0.6614762765625 0.46981070156250004 0.6595549046875 0.41197443749999996 0.5715526765625001 0.41989433906249995 0.568360440625 0.4074117421875 0.5305057625 0.410604325 0.511830934375 0.41727346406250004 0.5239500078125 0.5657986828125