0 0.021216959375 0.9851214703125001 0.26281109062499997 0.9710502140624999 0.25597019374999996 0.8682970781250001 0.015155182812500001 0.88104478125 0.021216959375 0.9851214703125001
0 0.2613694234375 0.9187342968750001 0.3785805453125 0.9186715624999999 0.36714024218749997 0.6799851390625 0.2859185296875 0.6871559546875 0.24656812499999997 0.6962118937499999 0.2613694234375 0.9187342968750001
0 0 0.6208403453125 0.003817028125 0.686376184375 0.0966024 0.6785538125 0.100630675 0.6672313062499999 0.1333338796875 0.6653265625 0.13646287968749998 0.6749478921875001 0.2430629578125 0.66873914375 0.23522519218750002 0.6146552390625 0.21430144687500002 0.613733390625 0.20858414218750002 0.6034066046875 0.20614119843749998 0.5835136390625 0.20109905 0.5774285671875 0.13818154375 0.5802368875 0.133345471875 0.4825042265625 0 0.489494590625 0 0.6208403453125
0 0 0.0984013140625 0.0029535015625 0.1008026484375 0.0038388484374999995 0.10828570781249999 0.003484596875 0.11763900000000001 0.05565261875000001 0.118068196875 0.0704754890625 0.107957825 0.09950967968749999 0.103698153125 0.109913903125 0.1007804171875 0.10698176875000001 0.0274886109375 0 0.0337195890625 0 0.0984013140625
0 0 0.47339277031250004 0.286562246875 0.45711978281250004 0.28183206875 0.37590575625 0.3941697921875 0.375227846875 0.3873808828125 0.34098967343750003 0 0.3613712015625 0 0.47339277031250004
0 0.0292918796875 0.21233078437500003 0.13805689062499998 0.2098488765625 0.1425406890625 0.1898093375 0.14178533124999998 0.168020046875 0.14369332031249998 0.1625576234375 0.141912425 0.130510765625 0.140391371875 0.1308562171875 0.14072720156250001 0.09693085 0.09950967968749999 0.103698153125 0.0704754890625 0.107957825 0.05565261875000001 0.118068196875 0.058378853125 0.1428250453125 0.042566879687499996 0.144773434375 0.0448483375 0.1574836671875 0.012593121874999998 0.15936231875 0.014208445312500002 0.1782760375 0.022099523437499997 0.1770458484375 0.0274107015625 0.184442375 0.0292918796875 0.21233078437500003
0 0.209267865625 0.7599456890625 0.2137363828125 0.757651934375 0.2092321 0.7067772984375 0.0655214125 0.7156612203125 0.0621961484375 0.7199432828125001 0.06486090312500001 0.8097968703125 0.071732725 0.8134850218749999 0.07168154374999999 0.8390671953125001 0.20359105624999999 0.8293294421875 0.21562108906250002 0.8076516953124999 0.209267865625 0.7599456890625
0 0.5954403984375001 0.49499720312499995 0.5951672484375 0.46825663593750005 0.5946095171875 0.419356871875 0.5712709968749999 0.42144396406249995 0.5598689718750001 0.41605038906249997 0.5187136125 0.4194748625 0.5249856765625001 0.5098889359375 0.5862377890625 0.5053153625 0.5954403984375001 0.49499720312499995
0 0.963829190625 0.4193858890625 0.9538942625000001 0.40279757656250004 0.5946095171875 0.419356871875 0.5951672484375 0.46825663593750005 0.5954403984375001 0.49499720312499995 0.5912399703125 0.511081684375 0.6003398062499999 0.574339121875 0.9701515484375 0.5595426734375 0.963829190625 0.4193858890625
0 0.609204296875 1 0.6213310296875 0.9992936984374999 0.6173078953125 0.9623258124999999 0.5446164421875 0.965275296875 0.522361096875 0.9712592578124999 0.5253430703124999 1 0.609204296875 1
0 0.567088621875 0.938023359375 0.6114221296875 0.9373462890625 0.62044148125 0.922779171875 0.6150111500000001 0.8762181046874999 0.5623561421875001 0.8824956859374999 0.567088621875 0.938023359375
0 0.44588445312499997 0.74089866875 0.3998981703125 0.741864646875 0.40690881875 0.8765658343749999 0.45076409531249995 0.8761306687499999 0.44588445312499997 0.74089866875