0 0.4363872296875 0.0834324875 0.4384611453125 0.0503119484375 0.422542971875 0.0497251546875 0.42007009531249995 0.08238598750000001 0.4363872296875 0.0834324875
0 0.41021526875000003 0.595816496875 0.443559953125 0.1133041046875 0.43260998749999996 0.0903532046875 0.2601331484375 0.0824821671875 0.224094890625 0.558461959375 0.234708265625 0.586144878125 0.41021526875000003 0.595816496875
0 0.36265513125000004 0.6785699328125 0.05363247812500001 0.6079153546875 0.0250860625 0.71253061875 0.3308149109375 0.7845801906250001 0.36265513125000004 0.6785699328125
0 0.812856721875 0.10314936718750001 0.8304660859374999 0.1134820765625 0.848253434375 0.1008395765625 0.8790546031250001 0.1288621796875 0.910271759375 0.1009751703125 0.8996404374999999 0.0895705796875 0.9129897843749999 0.075102325 0.8720417218750001 0.029563409375 0.861847040625 0.032729825000000004 0.846279684375 0.0180783546875 0.7385374796875 0.0111682984375 0.740036271875 0.0233980640625 0.728131071875 0.018792565625 0.705535778125 0.0342089546875 0.6921506625 0.018785790625 0.664114484375 0.045335690625 0.7109710078125 0.0835913359375 0.7174258671875 0.079403653125 0.71548310625 0.07469909218750001 0.7381945187500001 0.057749024999999995 0.7664041687500001 0.059558253125 0.7594697140625 0.11046984374999999 0.7727928609375 0.1166857 0.7827895 0.10582267187500001 0.7915536875 0.0711342625 0.8178363937500001 0.09810736406250001 0.812856721875 0.10314936718750001
0 0.967203746875 0.12761313125 0.935216984375 0.125561659375 0.930429696875 0.19881616875000002 0.9611362203124999 0.19772499062499999 0.967203746875 0.12761313125
0 0.9559617078124999 0.2357041640625 0.927888128125 0.23238424531250002 0.9228297359375001 0.26882974375 0.9541183203125 0.270076728125 0.9559617078124999 0.2357041640625
0 0.28918790156249996 0.9806069125000001 0.2760739578125 0.961315771875 0.14643961249999998 0.926411846875 0.1349176296875 0.9752710312499999 0.2874709515625 0.98505505 0.28918790156249996 0.9806069125000001
0 0.8895591171874999 0.9631971796875 0.8797037953125001 0.9948481859375 0.9604397140625001 0.994378478125 0.96159063125 0.9791775875000001 0.8895591171874999 0.9631971796875
0 0.648507403125 0.9953819203125001 0.6516147359375 0.99617516875 0.727315534375 0.9957347546875001 0.7506149875 0.9329490171874999 0.7064307453125 0.9218452812500001 0.6972902578125 0.9322856906249999 0.68555276875 0.9306212546875001 0.67583623125 0.9134364265625001 0.648507403125 0.9953819203125001
0 0.6033263437499999 0.9501792890624999 0.6584357859375001 0.9610720609375001 0.6723329828125 0.923326728125 0.6121894828125 0.9047310640624999 0.6033263437499999 0.9501792890624999
0 0.5641756171875 0.9404836765625 0.6033263437499999 0.9501792890624999 0.6121894828125 0.9047310640624999 0.5753031453124999 0.8906224249999999 0.5641756171875 0.9404836765625
0 0.514745696875 0.9602784046874999 0.5031456328125 0.97284019375 0.49236854531249996 0.9748188390625 0.476287271875 0.9695113890625 0.47276882656249997 0.9879094578125001 0.5133154390625 0.9969797703125 0.6022809 0.9964621843750001 0.61306850625 0.960723734375 0.5719416125000001 0.949056371875 0.5654694234375001 0.9715193734375 0.514745696875 0.9602784046874999
0 0.8242092015625 0.9560756515625 0.8088877046875 0.9952601812499999 0.8404133140625 0.9950767718750001 0.851995553125 0.96519435 0.8242092015625 0.9560756515625
0 0.4386634765625 0.9012641703125001 0.5102792015625 0.90583554375 0.5208945968750001 0.8567228625000001 0.46643327812499996 0.8478686062499999 0.45502505781249997 0.8670630218750001 0.44442168281249994 0.865601559375 0.4386634765625 0.9012641703125001