0 0.4691534296875 1 0.6352666203124999 0.9559290578124999 0.616362984375 0.8891163656250001 0.6291350921875 0.8885688359374999 0.6233691609374999 0.8589056906250001 0.4112402046875 0.9149752781249999 0.3044298453125 0.9463246468750001 0.3220884046875 1 0.4691534296875 1
0 0.3876066609375 0.8359587796874999 0.3338338109375 0.6837056484375 0.22133910937499998 0.7138466953125 0.3044298453125 0.9463246468750001 0.4112402046875 0.9149752781249999 0.3876066609375 0.8359587796874999
0 0.7536858875 0.9221674500000001 0.7469633625000001 0.8999413765625001 0.7535112390625 0.896666753125 0.745042253125 0.8695753578125001 0.7353544796875 0.8730599484375 0.729169146875 0.867100096875 0.727251825 0.8621567750000001 0.7249140796875 0.8589411390624999 0.7220823703125 0.8528409937499999 0.7229941921874999 0.8473477421875 0.7198179984374999 0.837644509375 0.7097078859375 0.835294628125 0.679780871875 0.8431359374999999 0.6913052421875 0.8888066515625 0.7215685578125 0.8821233203125001 0.7241101484375 0.8911936562499999 0.7133185546874999 0.8952931749999999 0.72078014375 0.9233811234375 0.7436490078125 0.9197366062500001 0.7466236687500001 0.9247413124999999 0.7536858875 0.9221674500000001
0 0.2701919625 0.394287109375 0.34724897499999996 0.36400575 0.30795829218750004 0.20775870468750002 0.29760077812499997 0.21077292500000003 0.29580938125 0.1912583859375 0.26746007031249996 0.1987485359375 0.26072965937500003 0.1692728671875 0.23106651406249998 0.1750387984375 0.2181937765625 0.18548165781249998 0.2701919625 0.394287109375
0 0.6327283125000001 0.8552180671875 0.6462934296875 0.9028053421875001 0.6893255359375 0.8914379828125 0.67704639375 0.8436007375000001 0.6327283125000001 0.8552180671875
0 0.9049392296875001 0.9004405171875 0.9130919234375 0.9290614109374999 0.9733404875 0.9173502765625001 0.971704009375 0.9054348781250001 0.9562002859375 0.8505062062500001 0.9413423140624999 0.7988996328125 0.94680549375 0.7950796 0.9446099406249999 0.7837844578125 0.9329460171875 0.7805354984374999 0.9060708078124999 0.787828084375 0.9136574984375001 0.8339528062499999 0.9057949359374999 0.8396182812499999 0.9031159546874999 0.8187415234375001 0.88545358125 0.8201061671875 0.8856372046875001 0.8352400109375001 0.8705993375000001 0.8430119906250001 0.8781647250000001 0.8677433546875 0.890691196875 0.8825243234375 0.9049392296875001 0.9004405171875
0 0.6427586828125 0.3078990453125 0.714318009375 0.5411282125 0.8862319578125 0.4981026703125 0.8010259968750001 0.2743101703125 0.6427586828125 0.3078990453125
0 0.7985003015625 0 0.8086016859375 0.02641048125 0.8048794953125 0.036898557812499996 0.8215943921875001 0.0784908390625 0.9155760125000001 0.0175317109375 0.91216819375 0 0.7985003015625 0
0 0.558271803125 0.42296810625000003 0.6022405734375 0.5725004734375 0.7084744078125 0.54482200625 0.663332046875 0.39771979218750003 0.558271803125 0.42296810625000003
0 0.23072291875 0.0992356609375 0.213205615625 0.1133616703125 0.1418602171875 0.10814555625 0.117586796875 0.14266907812500002 0.0912825796875 0.1298989515625 0.0636381546875 0.1471945828125 0.1542379171875 0.41086524375 0.20144569531249998 0.42075099531250004 0.2701919625 0.394287109375 0.2120473734375 0.1564930234375 0.2398717515625 0.1463023265625 0.23072291875 0.0992356609375
0 0.45665346875 0.4452118953125 0.5028290296875 0.59762946875 0.6022405734375 0.5725004734375 0.558271803125 0.42296810625000003 0.45665346875 0.4452118953125
0 0.548144525 1 0.9130919234375 0.9290614109374999 0.9049392296875001 0.9004405171875 0.890691196875 0.8825243234375 0.7536858875 0.9221674500000001 0.7466236687500001 0.9247413124999999 0.49348599687499994 1 0.548144525 1