0 0.6758488500000001 0.15874630781250001 0.6557376374999999 0.22105130625 0.8142110562499999 0.2884679984375 0.8316372546874999 0.23011339999999997 0.6758488500000001 0.15874630781250001
0 0.73712665 0.56658783125 0.8084413046875 0.5949067859375 0.8552296140625 0.46710161875 0.8263607000000001 0.4444767578125 0.7844238234375001 0.4291752515625 0.73712665 0.56658783125
0 0.8570544453125001 0.6421482578125 0.9959640703125 0.6995351375000001 0.9964474781250001 0.6164444828125 0.88528245 0.5662596328125 0.8570544453125001 0.6421482578125
0 0.8694452578125 0.7299406921875 0.7586083421875001 0.6922916953125 0.648006528125 0.9860328046875001 0.6686591468749999 0.9954685062499999 0.7560394046875001 0.9913987046875 0.8694452578125 0.7299406921875
0 0.8796491765625 0.9856414875 0.8446945578125 0.95650398125 0.7885211156249999 0.9343572953124999 0.76338876875 0.9910564031250001 0.8796491765625 0.9856414875
0 0.9652004156249999 0.4730487296875 0.95803326875 0.47338254375 0.9433817343750001 0.4676758125 0.9307912546875 0.4546700375 0.9293105359375 0.4403532640625 0.8746294859375 0.41573605156250004 0.8583380015625 0.46044561718750004 0.9969796859375 0.5249657890625 0.9971672578125 0.49272486718749997 0.9965986640625 0.480516946875 0.9640369375000001 0.4651063203125 0.9652004156249999 0.4730487296875
0 0.9075746625000001 0.253272584375 0.86457971875 0.2392819078125 0.850089271875 0.21999583281250001 0.8199389984375 0.3100952125 0.9449676515625001 0.36979112187499996 0.9510411234375 0.34553879374999996 0.9680681718749999 0.3511348875 0.9884032546875 0.30455821250000004 0.9875817874999999 0.28692098593750004 0.9700865375 0.2743305 0.95320795625 0.27192206093750004 0.9296039 0.280204134375 0.9075746625000001 0.253272584375
0 0.7153254734375001 0.524893665625 0.6880282796875 0.514607625 0.6698891703125 0.551976375 0.6996527718750001 0.5658508 0.7153254734375001 0.524893665625
0 0.41611364375 0.5458495937500001 0.6587295578125001 0.6596872015625 0.6996527718750001 0.5658508 0.6698891703125 0.551976375 0.45487144218750003 0.45182918125000004 0.41611364375 0.5458495937500001
0 0.5700370140625 0.6182395406250001 0.48725906406249997 0.799892153125 0.571085771875 0.855260365625 0.6587295578125001 0.6596872015625 0.5700370140625 0.6182395406250001
0 0.48877437968750004 0.808835553125 0.4794120609375 0.8162101359375 0.484364234375 0.82336565625 0.465838353125 0.8524302609375001 0.53550644375 0.9384502578125 0.5549386921874999 0.8987016531249999 0.5462917765624999 0.8921658656250001 0.5634302265625 0.8529717421875 0.51235313125 0.8183587937500001 0.5028418984374999 0.8229730406250001 0.48877437968750004 0.808835553125
0 0.465838353125 0.8524302609375001 0.484364234375 0.82336565625 0.4713012703125 0.820311509375 0.4405790859375 0.85706581875 0.5186687515624999 0.9478415124999999 0.52450309375 0.9350560109374999 0.53550644375 0.9384502578125 0.465838353125 0.8524302609375001
0 0.3781996984375 0.7960390875 0.3988498453125 0.8103990187500001 0.4473428390625 0.7362320687499999 0.433363153125 0.7222329234375 0.4049104078125 0.7688315015625 0.39943579375 0.7657494812500001 0.3781996984375 0.7960390875
0 0.404391928125 0.6576561171875001 0.365949790625 0.71869874375 0.40777587187500003 0.758707378125 0.45285726562499995 0.6973555203124999 0.404391928125 0.6576561171875001
0 0.3872848265625 0.6407301484375 0.4174817578125 0.6599765 0.4514682859375 0.5744801265625 0.41332422031249993 0.5562957359375 0.3872848265625 0.6407301484375
0 0.48522592343750004 0.37266729062500004 0.30981550625 0.2828025140625 0.2753145375 0.3424000296875 0.2510355390625 0.413953821875 0.4276786296875 0.5010142609375 0.45487144218750003 0.45182918125000004 0.48522592343750004 0.37266729062500004
0 0.28597388437500004 0.3196229609375 0.248839371875 0.2947175453125 0.21953215625000003 0.3513669296875 0.228748409375 0.3635735234375 0.26020265781249996 0.38141837343749996 0.2753145375 0.3424000296875 0.28597388437500004 0.3196229609375
0 0.29910882656250004 0.5915873921875 0.25063884999999997 0.64178381875 0.31326934687499997 0.730919215625 0.3600478921875 0.6645031546875 0.29910882656250004 0.5915873921875
0 0.310551734375 0.7346066171875 0.328088659375 0.7537711453125 0.3923227828125 0.6602123093750001 0.37161116562499996 0.644532646875 0.3600478921875 0.6645031546875 0.31326934687499997 0.730919215625 0.310551734375 0.7346066171875
0 0.23413815468750002 0.6859333953125 0.313807715625 0.7765541140625001 0.32966276875 0.7591713296875 0.249766753125 0.6641253875 0.23413815468750002 0.6859333953125
0 0.271525725 0.607054359375 0.22271522500000002 0.5599441656249999 0.19531775468749998 0.5911922125 0.24152729218750002 0.642309934375 0.271525725 0.607054359375
0 0.20652753906250002 0.6108142109375 0.19721906875 0.6258980203125 0.20857097656249998 0.638086534375 0.2218988265625 0.6262949578125 0.20652753906250002 0.6108142109375
0 0.20857097656249998 0.638086534375 0.2232160640625 0.6537028406250001 0.23745590156250002 0.6379010109375 0.22196018125 0.6258648 0.20857097656249998 0.638086534375
0 0.2224922015625 0.6534516906250001 0.22779059375 0.6623613234375 0.244580221875 0.647132553125 0.235141021875 0.6410609625 0.2224922015625 0.6534516906250001
0 0.31069612812499997 0.570822209375 0.2998760171875 0.582720809375 0.32953405 0.6218514984375 0.34070249218750004 0.6078205265625 0.31069612812499997 0.570822209375
0 0.26838482343750003 0.5335017093750001 0.2523151609375 0.5471505328124999 0.2856587609375 0.5898331734375 0.301199246875 0.5709389734375 0.26838482343750003 0.5335017093750001
0 0.13908390937499998 0.45154105468749994 0.11151333125 0.4856254765625 0.122992234375 0.4974825140625 0.12297338124999999 0.5128051218749999 0.171732325 0.5732250359375 0.20692990781249998 0.530768434375 0.13908390937499998 0.45154105468749994
0 0.2020510484375 0.5256239078125 0.21424623281250002 0.5004353359375 0.21027697031249998 0.490792325 0.19586896874999998 0.4907512234375 0.188966440625 0.5089989328125 0.2020510484375 0.5256239078125
0 0.22070430000000002 0.45779122812499995 0.214957559375 0.45236156562499996 0.2051701484375 0.46502597031250004 0.21028886562500002 0.470077934375 0.22070430000000002 0.45779122812499995
0 0.11387006562499999 0.39861118906250004 0.078188559375 0.36820529375 0.04351253125 0.42229676875 0.083459565625 0.46564853125 0.11387006562499999 0.39861118906250004
0 0.55540045625 0.10127877968750001 0.5303092031250001 0.1636936421875 0.6145312406250001 0.2061430765625 0.64021090625 0.1375761859375 0.55540045625 0.10127877968750001
0 0.44090668125 0.06593659843750001 0.4555261234375 0.0792548203125 0.4478528421875 0.10236080781250001 0.4108378140625 0.077836428125 0.37961606875 0.1589106921875 0.41734149531250003 0.179902196875 0.42235736562500004 0.19366771562500001 0.4727121546875 0.222820459375 0.5436434171875 0.074275746875 0.4541627078125 0.0311962953125 0.44090668125 0.06593659843750001
0 0.303233103125 0.153271178125 0.28020844375 0.1473440015625 0.27101390937500003 0.19414438125 0.2791966828125 0.20076283125 0.27318817812499996 0.22204138593749997 0.3080098078125 0.237043515625 0.31663746875 0.2156429734375 0.32998340000000004 0.21341391718749997 0.3538294609375 0.15003966875000002 0.3195555796875 0.12801245781249998 0.303233103125 0.153271178125
0 0.2396422578125 0.42665232656249996 0.21516591406250002 0.3952362 0.192163446875 0.38192181718749996 0.1675210296875 0.4190237328125 0.2047095625 0.46169007031250003 0.2164050078125 0.44848915156249997 0.22200689375 0.45561441093750005 0.2396422578125 0.42665232656249996
0 0.27435180937500003 0.055238759375 0.3281988046875 0.08422885 0.353595059375 0.0287993484375 0.30274811874999996 0.0114100828125 0.2844946515625 0.01226025 0.27435180937500003 0.055238759375
0 0.19652931406250002 0.016357301562500003 0.1653419203125 0.1162311296875 0.21052275156250003 0.1404565703125 0.2546050265625 0.013652382812499999 0.19652931406250002 0.016357301562500003
0 0.150014403125 0.21658712656249998 0.10051136406250001 0.18649941718750002 0.0933951203125 0.20758539531250003 0.144468209375 0.23861735624999997 0.150014403125 0.21658712656249998
0 0.049909184375 0.02318624375 0.029097221875000003 0.09400882499999999 0.08956372812499999 0.1240132 0.1129351265625 0.020250764062500003 0.049909184375 0.02318624375
0 0.052070785937499996 0.1648064703125 0.079491525 0.1799294796875 0.0868249203125 0.1285561890625 0.03399521875 0.10305919375000001 0.015843931250000002 0.15676761875 0.052070785937499996 0.1648064703125
0 0.675793621875 0.45419576250000004 0.66771326875 0.4764254109375 0.70915958125 0.49211602499999996 0.7469753015625 0.404080984375 0.712422675 0.3795640046875 0.675793621875 0.45419576250000004
0 0.7806135734375 0.0045414765625 0.7506933609375 0.00436740625 0.77838315625 0.0142031578125 0.7806135734375 0.0045414765625
0 0.9744822828125 0.005669371875 0.8011060625 0.0046606984375 0.7982875796875 0.018668204687500002 0.7848334578125 0.0273117859375 0.9794349468749999 0.1120050453125 0.9744822828125 0.005669371875
0 0.289677778125 1 0.21994663593750002 0.92557671875 0.192956796875 0.9590236640625 0.22878637968749999 1 0.289677778125 1
0 0.1471256890625 0.9186521859375001 0.11108584531250001 0.8962799265625 0.08962803124999999 0.9519532906249999 0.11732974062499998 0.967429471875 0.1471256890625 0.9186521859375001
0 0.0192569515625 0.990638453125 0.0679299078125 0.9932928046875 0.07223117812499999 0.9449704406249999 0.016811453125 0.9381326375000001 0.0192569515625 0.990638453125
0 0.1167120703125 0.9738270328124999 0.10094433750000001 0.961193065625 0.087701265625 0.9769891671875 0.10354604062499999 0.9908404000000001 0.1167120703125 0.9738270328124999
0 0.032597709375 0.8948079796874999 0.04813523125 0.836968646875 0.031878992187499997 0.8273892234375 0.01403519375 0.8785252234375 0.014355165625 0.8853951546875001 0.032597709375 0.8948079796874999
0 0.057582604687500004 0.8305464406249999 0.035710825 0.8956803640625 0.095428103125 0.927510221875 0.1284179875 0.8660500671875001 0.057582604687500004 0.8305464406249999
0 0.046865715625 0.7952948875 0.06303671875 0.7641627718749999 0.01980669375 0.7363873828124999 0.00911535625 0.772894328125 0.0091754234375 0.77418399375 0.046865715625 0.7952948875
0 0.06812244843750001 0.7628271296875 0.07542347968749999 0.7369712125000001 0.03112520625 0.698929353125 0.023162325 0.69746895 0.0045302078125 0.6744493687500001 0.0069788328124999995 0.7270223312499999 0.030544596875000003 0.7384510515625 0.06812244843750001 0.7628271296875
0 0.18288527968749999 0.6418670078125001 0.2173189828125 0.6821792515625 0.22864056093750001 0.6631356390625001 0.22227970937500002 0.6532581093750001 0.197606728125 0.625920659375 0.206605359375 0.6094269515625 0.1915089796875 0.59547981875 0.1766506921875 0.6128568703124999 0.1912987265625 0.630283975 0.18288527968749999 0.6418670078125001