0 0.025502165625 0 0.02116115 0.0828820015625 0.065506671875 0.0703597140625 0.064920125 0.061777815624999996 0.09604668125 0.055856428125 0.0825022296875 0 0.025502165625 0
0 1 0.15593778125 0.9448722953124999 0.16724374375 0.94729895625 0.1886714734375 0.9305547671875001 0.1965026546875 0.940788015625 0.2452239671875 0.9591443203125 0.26090474375 0.9850472031249999 0.254130734375 0.989386634375 0.266394709375 1 0.2646807375 1 0.15593778125
0 0.32746375156249996 0.0409852625 0.1980002421875 0.059153040625 0.1888025765625 0.0857753875 0.2169439203125 0.185670425 0.339731103125 0.17292105625 0.35501141875000003 0.15221527343750002 0.32746375156249996 0.0409852625
0 0.34691325625 0.8207091859375 0.5328111828125001 0.7847928328125 0.5066581609374999 0.68228795 0.3545333796875 0.7076265859374999 0.3270682984375 0.72781351875 0.34691325625 0.8207091859375
0 0.6384019765625 0.7922961671875 0.665143759375 0.9029198468749999 0.6986686828125 0.8953978812500001 0.7055136562500001 0.8779213531250001 0.710045284375 0.85915944375 0.6943870609375 0.773867571875 0.6422463328125 0.7752928265625 0.6384019765625 0.7922961671875
0 0.161446753125 0.0664191859375 0.06768258906249999 0.083528028125 0.06247876249999999 0.07303745625 0.034240040625 0.0814807625 0.0334898 0.0915962375 0.0205899 0.0937887671875 0.0123457625 0.25119220625 0.0475103125 0.240984159375 0.0425342 0.2029982171875 0.1762888125 0.1672938953125 0.1839682734375 0.1540862703125 0.161446753125 0.0664191859375
0 0.191207378125 0 0.195538775 0.0114544109375 0.200153625 0.018038996874999998 0.233198184375 0.0108503546875 0.2346332421875 0 0.191207378125 0
0 0.782263296875 0.30058545625 0.775577896875 0.26535307656249996 0.7291806515625 0.2728575171875 0.667207728125 0.284822 0.6667733203124999 0.3095298046875 0.6476315421875001 0.31726323125 0.667053053125 0.38541611875 0.7299287875 0.3726282359375 0.7378844515625 0.3831868921875 0.770643059375 0.3759865890625 0.7531377453125 0.3036548921875 0.782263296875 0.30058545625
0 1 0.013881664062499998 0.8546161203124999 0.0079541109375 0.8578750968750001 0.0248500453125 0.9034790156250001 0.0211290640625 0.92183161875 0.07728365937500001 0.9678333374999999 0.066388421875 0.9810709359375 0.08468375312500001 1 0.0802837125 1 0.013881664062499998
0 0.8172497609375 0.11911809375 0.82892643125 0.09945644218750001 0.8284910484375001 0.062736409375 0.7984384999999999 0.01532446875 0.7558946171875001 0.0254343078125 0.704771203125 0.041105529687499996 0.7066570875 0.0619156796875 0.6939733859375 0.0667142 0.720342034375 0.1394293234375 0.8172497609375 0.11911809375
0 0.394266759375 0 0.3777959859375 0.007592342187499999 0.3772080703125 0.018817268749999998 0.4081473953125 0.1284210296875 0.45561205156250006 0.12620959375000002 0.5222213203125 0.108214165625 0.5161950578125001 0.054084045312499995 0.5020005390625 0 0.394266759375 0
0 0.458946021875 0.42113278125000003 0.368161228125 0.44112018124999997 0.3898254796875 0.4794997921875 0.47602138125 0.481051103125 0.4763314765625 0.47513050625000003 0.458946021875 0.42113278125000003