0 0.4248426671875 0.39948024375 0.3988964046875 0.318656659375 0.3202992296875 0.34436758125 0.3419368046875 0.42922495156249996 0.4248426671875 0.39948024375
0 0.4163239328125 0.896901465625 0.4330506890625 0.8872837828125 0.43018705625000003 0.8711357734374999 0.41279052031249996 0.8692537640625 0.411152365625 0.8741464015625 0.4163239328125 0.896901465625
0 0.3590488859375 0.2974140421875 0.35428498125 0.28310962968750003 0.32508150156250004 0.29476425625 0.3287485546875 0.309829946875 0.3590488859375 0.2974140421875
0 0.37630478749999996 0.2939786875 0.37476632187500003 0.28715775 0.38368180625 0.2820314546875 0.375949921875 0.258495653125 0.35749732968750003 0.26823498749999997 0.3660640765625 0.2963080609375 0.37630478749999996 0.2939786875
0 0.0264703125 0.916318709375 0.031335546874999995 0.9998515421875 0.0646224875 0.9996578843749999 0.0346316046875 0.9142084875 0.0264703125 0.916318709375
0 0.5695448546875 0.565358584375 0.5593947218750001 0.5460211937499999 0.5275470921875 0.5561814359375 0.522058465625 0.5461247328125001 0.462775915625 0.5689143890625 0.4681029171875 0.5885326921875 0.48634863125 0.6173311531250001 0.49104878437500005 0.6261869250000001 0.49713326718750006 0.659899190625 0.49331328281250003 0.6650668390625001 0.500222346875 0.68681198125 0.529030334375 0.6778009015625 0.5187057109375 0.6431310031249999 0.5243128828125 0.6367180734375 0.5131974328125 0.5899215359375 0.5377257953125001 0.5818148437499999 0.5454971921875 0.5777273078125 0.552672853125 0.5819164015625 0.5695448546875 0.565358584375
0 0.638955184375 0.636993728125 0.6263110546874999 0.60930606875 0.611528978125 0.6131256671875 0.613185940625 0.6314150078125 0.6173317140625 0.6434519078125 0.638955184375 0.636993728125
0 0.5368306125 0.645181921875 0.5446861171874999 0.65632649375 0.613185940625 0.6314150078125 0.611528978125 0.6131256671875 0.6263110546874999 0.60930606875 0.61236969375 0.5582572921875 0.6051621359375 0.55352059375 0.5695448546875 0.565358584375 0.552672853125 0.5819164015625 0.5454971921875 0.5777273078125 0.5377257953125001 0.5818148437499999 0.5131974328125 0.5899215359375 0.5243128828125 0.6367180734375 0.5368306125 0.645181921875
0 0.441040821875 0.708433428125 0.500222346875 0.68681198125 0.49331328281250003 0.6650668390625001 0.49713326718750006 0.659899190625 0.49104878437500005 0.6261869250000001 0.48634863125 0.6173311531250001 0.4681029171875 0.5885326921875 0.462775915625 0.5689143890625 0.43774388125 0.5803471874999999 0.40399565312499996 0.6057706031250001 0.41129740937500003 0.640426365625 0.428301703125 0.6929028671874999 0.441040821875 0.708433428125
0 0.3789479953125 0.6035100265625 0.35451003281250004 0.60954040625 0.34058072500000003 0.6276386171875 0.32043296718750003 0.6380261468749999 0.310715040625 0.64896853125 0.3390918890625 0.7406820578125 0.38101316875 0.7278640421875 0.38367690625 0.73404884375 0.40642093125 0.728687721875 0.408416115625 0.7233938921874999 0.42584524999999995 0.7160388125 0.4154578953125 0.6763006109374999 0.410297778125 0.6766011546875 0.4094611640625 0.6622370671875 0.394047403125 0.625095134375 0.3789479953125 0.6035100265625
0 0.2355643109375 0.8677414453125 0.2511691828125 0.9364663203125 0.263126309375 0.9353049656250001 0.3499466140625 0.9020143609375 0.34128476874999997 0.8755740812499999 0.3537697015625 0.8700496890625 0.34740577031250003 0.8504072453125 0.3343798 0.8531735734374999 0.32951298281249997 0.845447565625 0.3041493421875 0.849735540625 0.2926848640625 0.8452045125 0.27641191875 0.847737290625 0.273649909375 0.855104565625 0.2355643109375 0.8677414453125
0 0.47087828125 0.8687657796874999 0.44600064375 0.8788581984375 0.44575931874999997 0.882697353125 0.42938551562500005 0.8903924968749999 0.42877140156250004 0.8961764828125001 0.408949575 0.908531546875 0.42180903281250004 0.95805835 0.431890540625 0.9910940234375 0.4535861984375 0.9840610421875 0.4663019796875 0.9799602609375 0.47901183593749996 0.9753948953125 0.479679925 0.9705376234375 0.50879895 0.9592471796875 0.5005506421875 0.9246676812500001 0.4898517296875 0.9223955796875 0.4752852734375 0.8704110859374999 0.47087828125 0.8687657796874999
0 0.6313884468750001 0.8935049093749999 0.6206794109375 0.8573146796875 0.6148837609375 0.8575888375 0.608953971875 0.8348779343749999 0.588103840625 0.84300285625 0.5835788078124999 0.8248171640624999 0.5632852796875001 0.8323390765625 0.5691488265625 0.853912646875 0.5448114515625 0.8616700843749999 0.5562686671875 0.9001836515624999 0.5819324953125 0.8952441999999999 0.5884966671875 0.909253559375 0.6313884468750001 0.8935049093749999
0 0.18107794375 0.0476305015625 0.1591765 0.10845935468750001 0.1951495359375 0.12413714843749998 0.2835529015625 0.0955304328125 0.27192527499999997 0.0881982 0.2634259390625 0.06781366875 0.25467185625 0.0659143578125 0.243879840625 0.07038915625 0.1974041640625 0.055809132812499995 0.18107794375 0.0476305015625
0 0.247806615625 0.036939121875 0.25549376874999996 0.010645545312500001 0.1850374875 0.014749156250000001 0.1860138328125 0.015178354687500001 0.2001560234375 0.04028505 0.22236520624999997 0.025741021875 0.247806615625 0.036939121875
0 0.1605555046875 0.92676055625 0.1513725984375 0.9272954 0.143126021875 0.904719434375 0.0917085328125 0.922126975 0.10592937499999999 0.978337096875 0.1364304890625 0.9679171468750001 0.141411015625 0.9739670125 0.1723301203125 0.9605640765624999 0.1605555046875 0.92676055625
0 0.21281056718750002 0.772065509375 0.2000069125 0.7245853703125 0.185998403125 0.727535721875 0.16901253125 0.67319843125 0.18124719843749998 0.6655541671874999 0.177881784375 0.6473220671875 0.1691664296875 0.636290975 0.090073490625 0.6730834125 0.125165728125 0.7893852046875 0.1926840484375 0.7628613640624999 0.1979697953125 0.7766915859375 0.21281056718750002 0.772065509375
0 0.158340296875 0.6376400515625 0.13562331562500002 0.5919418890625 0.12944936406250002 0.59297774375 0.1226274171875 0.570551265625 0.076588025 0.5877723687499999 0.082062021875 0.6102773531250001 0.07275535 0.6170325546875 0.08602685 0.665288503125 0.158340296875 0.6376400515625
0 0.311811703125 0.7599594015625 0.296331175 0.71187438125 0.2678704234375 0.7181390578125 0.281223284375 0.76924324375 0.311811703125 0.7599594015625
0 0.6434374265625 0.7291902296874999 0.659506928125 0.72497865 0.6507459859375 0.6899429453125 0.6421599609374999 0.6909290875 0.6327929890624999 0.6948348234374999 0.6434374265625 0.7291902296874999
0 0.79488018125 0.9809415250000001 0.7886078359375001 0.968056359375 0.744321134375 0.9772715765625 0.739635584375 0.98415915625 0.79488018125 0.9809415250000001
0 0.7442596140625 0.8608314625 0.7435849265625001 0.849247521875 0.763410434375 0.83695564375 0.7474877203125 0.7994206890625 0.7358422171875 0.8015782843749999 0.7264486625 0.782894221875 0.6938980140625 0.7940464046875 0.690383875 0.8059165828125 0.7080786328124999 0.8662566703125 0.7227556078124999 0.8620839281249999 0.728208265625 0.870071678125 0.7442596140625 0.8608314625
0 0.48651722499999994 0.49286816875 0.5014007406250001 0.48716180937500003 0.5275470921875 0.5561814359375 0.608850625 0.527227446875 0.5799306843750001 0.43417189843750004 0.4897106703125 0.46569512968750004 0.478344459375 0.4711966296875 0.48651722499999994 0.49286816875
0 0.570642734375 0.38283095624999997 0.5465029953125 0.3337498234375 0.49661008124999995 0.35628845937500003 0.48813826562499996 0.367580928125 0.4586521515625 0.3838167796875 0.4724596140625 0.4307523875 0.4897106703125 0.46569512968750004 0.5871788015625 0.43089676718750003 0.570642734375 0.38283095624999997
0 0.49299821406250005 0.275770165625 0.46267721718750005 0.2896454609375 0.481390675 0.3536879171875 0.49661008124999995 0.35628845937500003 0.5465029953125 0.3337498234375 0.5413972359375 0.3150273609375 0.5514500531250001 0.309834821875 0.535100315625 0.2566228015625 0.49492592812499997 0.2693179421875 0.49299821406250005 0.275770165625
0 0.382416103125 0.07343637812500001 0.3704406078125 0.0935129765625 0.3969142796875 0.1685153546875 0.502067690625 0.132867846875 0.4884743953125 0.0776355640625 0.4760297953125 0.07768412031250001 0.46618604062499996 0.051270412499999994 0.43663317656249995 0.0543864578125 0.4104716640625 0.056586453125000005 0.382416103125 0.07343637812500001
0 0.43983280156250004 0.15794277031249998 0.450159671875 0.19301406875 0.46797180312500003 0.18534081875 0.47982115 0.23131268437500002 0.5149081875 0.2216188953125 0.4967442234375 0.1521343453125 0.4773403125 0.14662868281250002 0.43983280156250004 0.15794277031249998
0 0.053588917187499994 0.022405165625 0.0746923296875 0.082441053125 0.091560159375 0.075245465625 0.07377415468750001 0.021229509375 0.053588917187499994 0.022405165625
0 0.0097834953125 0.0997045171875 0.000594446875 0.102176815625 0.0009815499999999999 0.16871414375 0.02427300625 0.1583504375 0.0097834953125 0.0997045171875
0 0.38811625312500003 0.300476021875 0.326049065625 0.32262480312499997 0.332242071875 0.34005821875 0.3944857140625 0.319124884375 0.38811625312500003 0.300476021875
0 0.10141849218750001 0.389280596875 0.0890202765625 0.347672996875 0.0382629796875 0.37387574687499997 0.0351719125 0.3632567390625 0.0062579359375000004 0.3798819265625 0.010287153125 0.39209468125 0.00231036875 0.3971187 0.002792 0.47990403437499995 0.0053769515625 0.47868848281250004 0.0185787078125 0.5061534671875 0.029436925000000003 0.507169434375 0.0433135546875 0.50304330625 0.0465481453125 0.5161265359375 0.11381210312500001 0.48813819062499997 0.12870273125 0.487270909375 0.111794428125 0.425194365625 0.1067001765625 0.42299735937499994 0.0913733265625 0.43052585781249997 0.08985616874999999 0.41899098593749995 0.0977482375 0.4118955125 0.093526425 0.3963760703125 0.10141849218750001 0.389280596875
0 0.3181512359375 0.0847027828125 0.3154769125 0.073256440625 0.32826879062500003 0.066108053125 0.3210142125 0.03770495625 0.3036899203125 0.028717998437499996 0.25813741874999996 0.04377629375 0.27192527499999997 0.0881982 0.2835529015625 0.0955304328125 0.3181512359375 0.0847027828125
0 0.2084153453125 0.2593775046875 0.36551605 0.207073521875 0.3299597234375 0.081352240625 0.171967478125 0.13286282031250002 0.1890006984375 0.1974469375 0.2084153453125 0.2593775046875
0 0.3419368046875 0.42922495156249996 0.2580424921875 0.45651238593750004 0.2927117078125 0.567365328125 0.3200044890625 0.5798715203125 0.44340949687500003 0.532847996875 0.4565903765625 0.5171391546875 0.4248426671875 0.39948024375 0.3419368046875 0.42922495156249996
0 0.1513725984375 0.9272954 0.1605555046875 0.92676055625 0.1723301203125 0.9605640765624999 0.24137243125 0.9358957234374999 0.20896061875 0.8119144109375 0.076789428125 0.8608221640625 0.093844390625 0.917797075 0.143126021875 0.904719434375 0.1513725984375 0.9272954