0 0.9175494515624999 0.8873407078125 0.8557422156250001 0.8566990437499999 0.8606984000000001 0.841288328125 0.8231440765625001 0.82254685625 0.7967931046875 0.86393248125 0.8759376890624999 0.9006745593750001 0.875084478125 0.9098013890625 0.9038355078125001 0.9238920734375 0.9175494515624999 0.8873407078125
0 0.48419545781249995 0.5640187578125 0.4724017265625 0.5701417234374999 0.46361678125 0.5599828703124999 0.43132367812499994 0.5794166374999999 0.4881061984375 0.6556932515625 0.5307732984375 0.6255296328125 0.48419545781249995 0.5640187578125
0 0.7967931046875 0.86393248125 0.780311203125 0.8936379859375 0.85971805625 0.9320671624999999 0.8759376890624999 0.9006745593750001 0.7967931046875 0.86393248125
0 0.37946395 0.5877678562499999 0.2866148234375 0.6798208515625 0.329215065625 0.7103553625 0.41575389375 0.623714221875 0.37946395 0.5877678562499999
0 0.403206109375 0.53480865625 0.3752751109375 0.5567556109375 0.419888428125 0.617932784375 0.4439327171875 0.6024145125 0.403206109375 0.53480865625
0 0.4316972671875 0.420152815625 0.46306516562500005 0.4410853078125 0.4936391765625 0.467069946875 0.5228374625 0.4850404046875 0.551606921875 0.5100701390625 0.70003871875 0.35780158125 0.6692715140625001 0.333080875 0.6398800375 0.3163743515625 0.608038590625 0.29017442031249996 0.5746220203125 0.2656304453125 0.4316972671875 0.420152815625
0 0.2730153890625 0.706406696875 0.24122808906249998 0.6841062124999999 0.133022746875 0.79055976875 0.1710717453125 0.8145722671875 0.2000343921875 0.83833806875 0.30721641875 0.7343257984375 0.2730153890625 0.706406696875
0 0.25417721718749997 0.5775517484375 0.071860503125 0.75527291875 0.1258572984375 0.7943351046875 0.133022746875 0.79055976875 0.24122808906249998 0.6841062124999999 0.3082460640625 0.620538034375 0.25417721718749997 0.5775517484375
0 0.12376646718749999 0.5929189453125 0.1122212875 0.606064965625 0.12760708437499999 0.6188363296875 0.11205084843749999 0.6342619265625 0.1208922921875 0.6406481937499999 0.14607436406250002 0.609178659375 0.12376646718749999 0.5929189453125
0 0.5941992296875 0.688259840625 0.58547505 0.6961361265625 0.5604049015625 0.6759708171875001 0.493056878125 0.755735525 0.5397411953125 0.7932962328125 0.6174563203125001 0.717734734375 0.5941992296875 0.688259840625
0 0.7325818671875 0.85341433125 0.7015745671875 0.8898161890624999 0.6634520265625 0.96851536875 0.7257154515625001 0.9965977984375 0.753794484375 0.957234709375 0.786743309375 0.8952276546875 0.780311203125 0.8936379859375 0.7967931046875 0.86393248125 0.8129286765625 0.8363510078124999 0.7796601078125 0.8224655171874999 0.7402341781249999 0.85864765625 0.7325818671875 0.85341433125
0 0.618237578125 0.087755275 0.6211148750000001 0.0832515390625 0.63519186875 0.09409319375 0.6454434109375 0.08643312812500001 0.6603576078125 0.0953421984375 0.67957296875 0.07455149531250001 0.70309728125 0.0390397953125 0.702777059375 0.0340361390625 0.598274834375 0.0162849765625 0.5797555953125 0.037366828125 0.583366165625 0.04267004375 0.5733422953125 0.05635544375 0.618237578125 0.087755275
0 0.080273709375 0.6415290546875 0.128190296875 0.5872298703125 0.027477365625 0.52045686875 0.0031918546875 0.5486331328125 0.00354208125 0.6088320546875 0.014172240624999999 0.5975794875 0.080273709375 0.6415290546875
0 0.0363429625 0.440051475 0.0250530640625 0.42175145937499997 0.0103284578125 0.41060947187499997 0.0026799781250000003 0.4606491484375 0.0028796828125 0.49497551250000005 0.034492715624999996 0.46236546250000005 0.0363429625 0.440051475
0 0.0922473140625 0.4664918046875 0.07115240625 0.49433309999999997 0.0470499046875 0.5205828921875 0.139431109375 0.5736647375 0.1615468375 0.549779028125 0.18696814687500002 0.52213231875 0.0922473140625 0.4664918046875
0 0.36981604375 0.49775555000000005 0.326805859375 0.470328440625 0.2879548515625 0.5122490953125001 0.2685552484375 0.518506521875 0.32267254843750004 0.5530937781249999 0.36981604375 0.49775555000000005
0 0.326805859375 0.470328440625 0.325711571875 0.4625998 0.28171725312499996 0.42955917499999996 0.23897695625 0.477216475 0.2879548515625 0.5122490953125001 0.326805859375 0.470328440625
0 0.1913896015625 0.37892256406249997 0.17983966406250002 0.37224912187500003 0.161430421875 0.3979747296875 0.167126209375 0.40395633750000004 0.151812675 0.42218956093750004 0.2164625015625 0.4642932234375 0.2291314921875 0.45088423593750004 0.23853323125 0.45714955 0.2720562796875 0.41676607812500005 0.2594606421875 0.40459833749999996 0.2047055796875 0.3658179875 0.1913896015625 0.37892256406249997
0 0.19526334218750002 0.160602815625 0.1996522765625 0.1660598609375 0.2183620578125 0.16374840625 0.2345146203125 0.1659734453125 0.2454270734375 0.1803623234375 0.255783009375 0.1776908609375 0.2621908484375 0.195745128125 0.274661403125 0.2067461578125 0.288563 0.18952662343749999 0.21565788593750002 0.138477925 0.1965240125 0.1454072515625 0.19526334218750002 0.160602815625
0 0.8496701968749999 0.400443734375 0.8660834671875 0.40323175625 0.8789042796875 0.3868444203125 0.8755984796874999 0.372883140625 0.8129962703125001 0.3628976546875 0.807583046875 0.3954775046875 0.8233837218750001 0.39816146875 0.83017003125 0.378717515625 0.8499933734375 0.38046385 0.8496701968749999 0.400443734375
0 0.1965179625 0.104753128125 0.177177809375 0.12692744843749998 0.196110615625 0.14017164531249998 0.2134158015625 0.1184080953125 0.1965179625 0.104753128125
0 0.0785222390625 0.0173437734375 0.0935890171875 0.00108900625 0.07295965625 0.0008489625 0.07138033125 0.0111816 0.0785222390625 0.0173437734375
0 0.114452684375 0.001331778125 0.11004789687500001 0.0056249796875 0.1371197890625 0.026022250000000004 0.143945303125 0.020784359375 0.17712345937500001 0.045612026562500005 0.20535518281249998 0.010921559375 0.1942957359375 0.0022608359375 0.114452684375 0.001331778125
0 0.72966276875 0.5655371921875 0.7018220265624999 0.543647734375 0.6717678453125 0.57735864375 0.6736255234375 0.5826450703125 0.6678793640625 0.5965600109375 0.6841254375 0.6088075171875 0.70010093125 0.593474746875 0.7157211625000001 0.586705015625 0.72966276875 0.5655371921875
0 0.35211075 0.2908774328125 0.3326495125 0.31242603281250003 0.349687753125 0.326580325 0.36970518750000003 0.306639075 0.35211075 0.2908774328125
0 0.43432431562499996 0.27393669374999996 0.446913346875 0.2626105359375 0.463798840625 0.277905953125 0.476001790625 0.2622997796875 0.4868053625 0.273147325 0.5066404906249999 0.24943614687500001 0.463567815625 0.22029103593750002 0.472654421875 0.21018539062500002 0.45160044531250004 0.1949383328125 0.4025274578125 0.24943011093749998 0.43432431562499996 0.27393669374999996
0 0.40033848125000004 0.1201181640625 0.37935554374999997 0.14084635625 0.40361200625000004 0.1588202640625 0.4233063890625 0.137873190625 0.40033848125000004 0.1201181640625
0 0.2752629890625 0.150915221875 0.29994178437499996 0.167685728125 0.340711465625 0.11647342812499999 0.25667464687499997 0.05927619375 0.21952350312500002 0.10397103125 0.2435293109375 0.121599784375 0.2535583484375 0.10929846406249999 0.27439567187499997 0.12411969375000001 0.2860969859375 0.1333475109375 0.2752629890625 0.150915221875
0 0.45437915 0.0631851171875 0.48275096562500003 0.0861373453125 0.5573394656249999 0.0093315328125 0.5393508515625001 0.0062759156250000005 0.49945551874999994 0.005811690625 0.5060706234375 0.0108455125 0.45437915 0.0631851171875
0 0.7594898234375 0.067248821875 0.7428804109375 0.08701253437499999 0.7773401078125 0.1070005640625 0.7900361265625 0.09199684218750001 0.7594898234375 0.067248821875
0 0.6398800375 0.3163743515625 0.6692715140625001 0.333080875 0.7079874859374999 0.2875063828125 0.6519208937500001 0.244829128125 0.6424990890625 0.2510308125 0.6293334953125 0.23904721874999998 0.6103932921874999 0.252082553125 0.5910751859375 0.2760976796875 0.608038590625 0.29017442031249996 0.6398800375 0.3163743515625
0 0.82773665 0.203221384375 0.8341027640625001 0.1912055875 0.7643780328124999 0.14685668125 0.720011475 0.206146225 0.7918243515625 0.24860213125000002 0.82773665 0.203221384375
0 0.8114492437499999 0.0792302796875 0.8742543703125 0.11369396093749999 0.8629729718749999 0.0851294546875 0.86110053125 0.06335019374999999 0.86191108125 0.061067276562499995 0.8024576859374999 0.0509682875 0.7972629296875 0.0610218046875 0.8114492437499999 0.0792302796875
0 0.9163445843750001 0.0857448875 0.9222195281250001 0.071311509375 0.86191108125 0.061067276562499995 0.86110053125 0.06335019374999999 0.8629729718749999 0.0851294546875 0.8742543703125 0.11369396093749999 0.8763326453125 0.125760953125 0.90588245 0.1242750421875 0.9027425765625001 0.10228048593750001 0.9163445843750001 0.0857448875
0 0.899843478125 0.39079026093749997 0.8986975515625 0.40438437812499994 0.9154003609375 0.40627063437500005 0.916570240625 0.3923780109375 0.899843478125 0.39079026093749997
0 0.91368665 0.316244475 0.91309640625 0.311173340625 0.931978053125 0.312132953125 0.9324977390625 0.2885987765625 0.9259195265625 0.283569515625 0.8762434828125001 0.27692518125 0.8726270046875 0.31419756875 0.91368665 0.316244475
0 0.9324977390625 0.2885987765625 0.9318347656249999 0.317749475 0.8726270046875 0.31419756875 0.8718945328125001 0.32721354375 0.88281031875 0.32995385312500003 0.887726259375 0.35110463593749996 0.8756820609375 0.36170206718750003 0.8789042796875 0.3868444203125 0.9523485218750001 0.393246840625 0.9544027875 0.3294715265625 0.9877711828125 0.3333457796875 0.9879732515624999 0.2904793078125 0.9324977390625 0.2885987765625
0 0.5188480109375 0.8225117703124999 0.5397411953125 0.7932962328125 0.493056878125 0.755735525 0.40998353749999994 0.8438082140625 0.46292598749999997 0.8863654265625 0.5188480109375 0.8225117703124999
0 0.8606984000000001 0.841288328125 0.8557422156250001 0.8566990437499999 0.9175494515624999 0.8873407078125 0.9241387156249999 0.86989485625 0.8606984000000001 0.841288328125
0 0.7796601078125 0.8224655171874999 0.731583284375 0.7741646015625 0.7082186140625 0.7936021140625 0.7034738703125 0.8045101234375001 0.7551336671875 0.8452501359375001 0.7796601078125 0.8224655171874999
0 0.143945303125 0.020784359375 0.1371197890625 0.026022250000000004 0.11004789687500001 0.0056249796875 0.0938714578125 0.0201455640625 0.159322665625 0.06962553906249999 0.17712345937500001 0.045612026562500005 0.143945303125 0.020784359375
0 0.7814540859375 0.115674390625 0.7709665171875 0.128848775 0.8112573796874999 0.15520881875 0.8153357296875001 0.137033878125 0.7814540859375 0.115674390625
0 0.1334853 0.6485794390625 0.1521272390625 0.6289880796875 0.15917017656250002 0.6340962828125 0.18583463125 0.600868590625 0.1633410109375 0.5853986015625 0.14607436406250002 0.609178659375 0.1208922921875 0.6406481937499999 0.1334853 0.6485794390625
0 0.08611518124999999 0.6377665625 0.080273709375 0.6415290546875 0.014172240624999999 0.5975794875 0.00354208125 0.6088320546875 0.004103759375 0.7053763828124999 0.02035784375 0.7142137984375 0.08611518124999999 0.6377665625
0 0.8580177390625 1 0.8871380359375 0.9469259265625001 0.786743309375 0.8952276546875 0.753794484375 0.957234709375 0.8064070734375001 0.9798307875000001 0.7960638906249999 1 0.8580177390625 1
0 0.6175802312500001 0.7180583578124999 0.5397411953125 0.7932962328125 0.5186012078125 0.8214324484375 0.6255251375 0.90371923125 0.6495816921875 0.8701133890625 0.7082186140625 0.7936021140625 0.6175802312500001 0.7180583578124999