0 0.5896073953125 0.240775625 0.5938759203124999 0.24599369062499998 0.6159391984375 0.249785740625 0.6251130921875 0.17191323281249998 0.561434509375 0.1654555375 0.54637613125 0.2369497328125 0.5896073953125 0.240775625
0 0.0222260859375 0.30896997656249997 0.06453718593749999 0.32428424843750003 0.07590643281250001 0.24736949375 0.053784234375 0.2522513734375 0.0363738859375 0.241102378125 0.03326213125 0.241759903125 0.0222260859375 0.30896997656249997
0 0.2197004890625 0.38597024375 0.39927611875 0.472193790625 0.44299148125 0.41985489062500003 0.2720908765625 0.305361528125 0.2724809921875 0.30592796875 0.22390658125 0.3755779546875 0.2197004890625 0.38597024375
0 0.5821505765625 0.5086488046875 0.44299148125 0.41985489062500003 0.39927611875 0.472193790625 0.5633741671875 0.545219959375 0.583742771875 0.5219786875 0.5821505765625 0.5086488046875
0 0.12884253437499998 0.62882684375 0.1497176609375 0.597255921875 0.0804994296875 0.5709345625 0.06996985156249999 0.590542475 0.06377311718749999 0.6090922125 0.12884253437499998 0.62882684375
0 0.2162016859375 0.8983804531249999 0.3071383734375 0.9328964734375 0.3521666484375 0.8471048859374999 0.34976825 0.8362542796874999 0.2544063140625 0.798114265625 0.2079478 0.8849406078125 0.2162016859375 0.8983804531249999
0 0.1897751125 0.83212560625 0.181963390625 0.8635808890625001 0.20086505 0.8811265921875 0.21135954375 0.870175365625 0.2188145 0.8469052734375 0.1897751125 0.83212560625
0 0.386224453125 0.9244512046875 0.3572956859375 0.9845376265624999 0.4507953578125 0.999360178125 0.47064242656250005 0.9572189640625 0.386224453125 0.9244512046875
0 0.4488252265625 0.9384962140625 0.4502327359375 0.927365915625 0.40097204062499997 0.9088339062499999 0.3923626375 0.917771240625 0.39504395937500003 0.9270267593750001 0.4420161875 0.9441447343749999 0.4488252265625 0.9384962140625
0 0.46967434375000006 0.9287029390624999 0.47838268125 0.92735024375 0.4869703109375 0.9026828515625 0.48390147343749995 0.8955314609375 0.4700442921875 0.8915265343750001 0.4502327359375 0.927365915625 0.45114389218750006 0.93665618125 0.4666313890625 0.9436527953124999 0.466401421875 0.933923871875 0.46967434375000006 0.9287029390624999
0 0.5411010625 0.8194065515625001 0.56087945625 0.8294381890625001 0.58903168125 0.7728659671875 0.5693282109375 0.7642969234375 0.5411010625 0.8194065515625001
0 0.8105090703125001 1 0.61148561875 0.9213921078125 0.604305878125 0.909341990625 0.58319951875 0.8972916890624999 0.554983540625 0.9603925421874999 0.540221503125 0.9998918078125 0.5404698031249999 1 0.8105090703125001 1
0 0.9212225125 1 0.9327942124999999 0.9295277734375 0.65888446875 0.8250013453125 0.604305878125 0.909341990625 0.61148561875 0.9213921078125 0.8105090703125001 1 0.9212225125 1
0 0.7218191984375 0.788912921875 0.6856365875 0.7737577296875 0.6654246046875001 0.7726349765625 0.64615969375 0.8103901796875 0.6568003046875 0.8188891015624999 0.6579997359374999 0.8274471468750001 0.9327680218750001 0.9296872703125001 0.937437378125 0.9012506640625 0.9314601874999999 0.9032403546875001 0.924977275 0.8886095234375 0.926392996875 0.8705212921875001 0.8944497640625 0.861273365625 0.88403346875 0.8705970484375 0.8827470171874999 0.868837265625 0.88400496875 0.854907975 0.8607216359375001 0.8470329046874999 0.8531770484375001 0.8547303796874999 0.8377676718749999 0.8627368859375 0.8246060328124999 0.8601247437499999 0.8239611281249999 0.8448635718749999 0.8295454781249999 0.8300432796875 0.7654832109374999 0.8031516562500001 0.7515930046875 0.820839165625 0.7365903890625 0.823170365625 0.721448040625 0.813432159375 0.7218191984375 0.788912921875
0 0.8377628546875 0.5136601390625 0.8273464796875001 0.5396144859375 0.8203889249999999 0.5686821953125001 0.8415632531250001 0.5745619578125 0.8627849796874999 0.5227149296875 0.8377628546875 0.5136601390625
0 0.8485143234375 0.332027675 0.857127925 0.33253117187500003 0.8742267625 0.3265165375 0.8782882078125 0.2700568421875 0.8435492625000001 0.271950415625 0.8392947562499999 0.32446887812499997 0.8485143234375 0.332027675
0 0.834479178125 0.36108768750000003 0.8570059828125001 0.36320815624999997 0.8604179828125 0.3379515421875 0.8366130109375 0.339265746875 0.834479178125 0.36108768750000003
0 0.22390658125 0.3755779546875 0.2724809921875 0.30592796875 0.14084531875 0.22427678750000002 0.1275699359375 0.2256833890625 0.1207511734375 0.3406386859375 0.21237130624999997 0.3848083453125 0.22390658125 0.3755779546875
0 0.2993241390625 0.781434953125 0.32673690624999996 0.7948634593749999 0.3614223484375 0.766175715625 0.39858631093749997 0.783925365625 0.4380133953125 0.7221392703125 0.4465827078125 0.6847909750000001 0.3286424203125 0.6367851671875 0.30937305312499996 0.6755909078125 0.2841681921875 0.7186908859375001 0.2732206953125 0.755683190625 0.29170765625 0.7662880171875 0.2993241390625 0.781434953125
0 0.5693282109375 0.7642969234375 0.46602704375000004 0.7221860906249999 0.41421230781249996 0.8282000140625 0.41898362499999997 0.8416133875 0.50989300625 0.8821802421875 0.5693282109375 0.7642969234375
0 0.9970321140625 0.5101361468750001 0.9439468218749999 0.5015002375 0.9201233046875 0.5112424765625 0.9039128171874999 0.5330824984375 0.9060469687499999 0.5704876796875 0.940119465625 0.593760353125 0.985695090625 0.607358796875 0.9968621484375 0.53935085625 0.9970321140625 0.5101361468750001
0 0.9864278750000001 0.46601683437499997 0.9972929734375 0.4652984703125 0.9982500953125 0.3007831453125 0.92527383125 0.2946407703125 0.91788996875 0.41917792499999995 0.93195693125 0.43303472187500003 0.929281959375 0.44932543281250004 0.9176874937499999 0.45802081875 0.9264725484375 0.46195752656250005 0.9864278750000001 0.46601683437499997
0 0.99860206875 0.24028386406250002 0.94150874375 0.23517009687499998 0.9345587656250001 0.29335845781250003 0.9982529359375001 0.300294725 0.99860206875 0.24028386406250002
0 0.6877491 0.46218862187500004 0.7183239890625 0.46966378437499995 0.71627975 0.476740465625 0.726607165625 0.50671920625 0.7603498625 0.5107649109375 0.7672189734375 0.516647546875 0.7890875734375 0.5188108437500001 0.7915539593750001 0.5144081703125 0.8103740453125001 0.5139016 0.8147389390625 0.5058682453125 0.82457501875 0.5069860421875 0.8283813625 0.5023542703125 0.8352244046875 0.43151300781249996 0.8374316484375001 0.40745304375 0.7649301296875 0.40598820625 0.692829071875 0.42332001406249997 0.6877491 0.46218862187500004
0 0.7143820484375001 0.40194849374999997 0.761814275 0.40219334218749997 0.76542155 0.38943543593749996 0.7693113484375 0.3324859828125 0.7018092828125 0.3200187546875 0.68965185 0.3922671859375 0.7143820484375001 0.40194849374999997
0 0.8224624984375 0.32617362499999997 0.7693113484375 0.3324859828125 0.76542155 0.38943543593749996 0.7723562312500001 0.40323381875 0.819170109375 0.4045580328125 0.8276442015625 0.400666240625 0.8374591312499999 0.3302750890625 0.8224624984375 0.32617362499999997
0 0.769557334375 0.23721922499999998 0.702848134375 0.23604189999999997 0.7018092828125 0.3200187546875 0.7523481671875001 0.32603334687499996 0.7668385062499999 0.317355525 0.769557334375 0.23721922499999998
0 0.57067618125 0.3449382328125 0.5575558968750001 0.404629346875 0.5876273609375 0.4112047296875 0.6602975171875001 0.42545840156250003 0.6688503515625001 0.3807908375 0.6545413953125 0.37761836249999997 0.65626999375 0.356089603125 0.57067618125 0.3449382328125
0 0.5409460484374999 0.271810159375 0.52384869375 0.270907846875 0.5141602749999999 0.352041740625 0.5269303765625 0.3534564703125 0.5435254109375001 0.37212926875 0.5624482343749999 0.374834765625 0.5664336 0.35427349375 0.5645317171875 0.33822435781250004 0.58959015 0.342196884375 0.595117796875 0.31582494687499996 0.635274046875 0.32187556562499997 0.648961465625 0.255020778125 0.5916307562500001 0.24866534375 0.5896073953125 0.240775625 0.54637613125 0.2369497328125 0.5409460484374999 0.271810159375
0 0.41748658125000004 0.33877644687499997 0.4476766625 0.3450132125 0.44507893125000003 0.36531089375 0.5027316078124999 0.372264015625 0.510634071875 0.34626856093749997 0.52434219375 0.1522586171875 0.47536206718749996 0.147752628125 0.47480089062499997 0.137866071875 0.429128453125 0.13752175625000002 0.40885997031250004 0.24765367968750002 0.3538389671875 0.2400244640625 0.333180171875 0.275266984375 0.342949775 0.295338678125 0.416232265625 0.3331111328125 0.41748658125000004 0.33877644687499997