0 0.34724373750000004 0.46386266093749995 0.36725646562500003 0.4591153078125 0.502517815625 0.4905889015625 0.628197134375 0.505695059375 0.6388460234375 0.45174949062499997 0.5709912890625 0.42999781875 0.5633799125000001 0.44393293125 0.5003137671875 0.4344336453125 0.49836439062500004 0.42477795 0.3860224484375 0.40054965 0.384088428125 0.41036358125000005 0.32032429375000004 0.402827146875 0.3070623296875 0.399351528125 0.3054687 0.3870740890625 0.24728327343749998 0.3771236140625 0.23437929531249999 0.43145543750000004 0.34724373750000004 0.46386266093749995
0 0.258208503125 0.3536968171875 0.31181322031250003 0.362172871875 0.32206836562499996 0.352230140625 0.3943960734375 0.3661039671875 0.3931726578125 0.3773607765625 0.503808278125 0.3958343515625 0.511319009375 0.387685540625 0.583623625 0.40099260000000003 0.5823095453125 0.410024328125 0.6479884515625 0.42585116875000006 0.6557146984375 0.367777396875 0.268727453125 0.2955302796875 0.258208503125 0.3536968171875
0 0.2204124046875 0.3384369640625 0.231137171875 0.2713889859375 0.21119190781250002 0.26076344375 0.2052684265625 0.2805171140625 0.1403325578125 0.2555766828125 0.10896800468750001 0.24541644218749997 0.056396853125 0.22670057031250002 0.051029234374999996 0.24306739843749997 0.030713323437500002 0.23985817968749998 0.025807126562499998 0.2185272703125 0.0035034171875 0.2160718875 0.0012646171875000001 0.2173692515625 0.0016964640625 0.2915974671875 0.2204124046875 0.3384369640625
0 0.21569341406250003 0.34182522656250003 0.0017125265625 0.2943583703125 0.002227078125 0.38280214218749997 0.014886259374999999 0.382934509375 0.06462995625 0.41482285625 0.11941924374999999 0.40386449375 0.1680189671875 0.4319306375 0.203454240625 0.421760890625 0.21569341406250003 0.34182522656250003
0 0.0029536015625 0.5076809484375 0.5201442515625 0.592920046875 0.54862430625 0.5307415640625 0.49482022499999995 0.5184048140625 0.45122563125 0.518225721875 0.3926538796875 0.5070504421875001 0.35173922812499997 0.5019471531249999 0.3229848703125 0.48566706562500006 0.256135365625 0.485489359375 0.21565561875 0.4668064546875 0.15134795625 0.45779930625 0.1045208046875 0.450014290625 0.047111378125 0.4436276765625 0.0025006625 0.42982728437500006 0.0029536015625 0.5076809484375
0 0.25047983125 0.66301265625 0.4707964109375 0.6966555359375 0.507552246875 0.69515785 0.5106858437499999 0.653377278125 0.5242067687499999 0.604381996875 0.3609839953125 0.5693799281249999 0.1472106890625 0.5296461765625 0.0029497078124999998 0.507011675 0.0029596906249999997 0.5087275531250001 0.007368825 0.6169354765625 0.12941358125 0.6398547359375 0.25047983125 0.66301265625
0 0.214959978125 0.7252887546875 0.0102067296875 0.6865826125 0.0134306640625 0.765703615625 0.072764778125 0.77855990625 0.18671770625 0.7933028296875 0.32355098125000004 0.822588728125 0.529816659375 0.8442304734375 0.5460362765625 0.767034234375 0.4259749765625 0.7448025703125001 0.214959978125 0.7252887546875
0 0.20104488125 0.8120841656250001 0.01369955625 0.772302740625 0.0171749609375 0.8575952296875 0.10281937031249999 0.8742239671875 0.49769152187500004 0.9356367062500001 0.5315896265625 0.8402683859375 0.386302009375 0.8171302031250001 0.3022657609375 0.8234560343749999 0.21525402031250002 0.8279686953125 0.20104488125 0.8120841656250001
0 0.5006199734375001 0.93629535 0.2439212671875 0.8895848031250001 0.2229333125 0.8972314578124999 0.16560132656249998 0.9169982718749999 0.12573221875 0.8895646140625001 0.036040003125 0.8757675515625 0.0177144765625 0.8708359421875 0.020946659375000003 0.9501593828124999 0.24013782187500002 0.9866276609375 0.25052436093749997 0.9985763390625 0.47874634531250004 0.9972485828125001 0.477679103125 0.9914776937499999 0.5006199734375001 0.93629535
0 0.5803038093749999 0.9598989281250001 0.5689098 0.994825128125 0.652493175 0.9914193671874999 0.6672346874999999 0.953917728125 0.6808177640624999 0.9105759609374999 0.6769940640625001 0.896202665625 0.6811401296875 0.839536346875 0.7097859 0.809289896875 0.735043090625 0.735615253125 0.7233529859375001 0.7062133687500001 0.71282235625 0.6856583203125 0.6678642546875 0.6721411015625 0.646309809375 0.737611840625 0.6561086281249999 0.7598157249999999 0.64262145625 0.7853864546875 0.6210411078125 0.8104879593750001 0.5961790812500001 0.8938606046875 0.6033477765625 0.931499753125 0.5803038093749999 0.9598989281250001
0 1 0.5087338156250001 0.9496767640625 0.48891618281250004 0.802629675 0.9853017734374999 0.8364992140625 0.9839216953125 0.838388765625 0.9761280890625 0.8926014515625 0.971143634375 0.8936128906249999 0.9278515437499999 0.9122292234374999 0.8712894734375001 0.945281865625 0.7918093515625 0.933965253125 0.7880862546875 0.9537968031249999 0.72729045625 0.975477234375 0.6427227984375 0.9868969265624999 0.580861003125 1 0.5433735953125 1 0.5087338156250001
0 1 0.6531479375 0.9914049515625001 0.685303646875 0.9858353234375 0.7483148015625 0.9765571515625 0.7486928578125001 0.9490002109375 0.8428145656250001 0.946868103125 0.9045292125 0.9252313031250001 0.9158608609375 0.925306746875 0.9460934515625 0.909673578125 0.9618272609374999 0.9093278578125 0.9809541562499999 1 0.97725955 1 0.9612263390625 0.99709553125 0.9106197359375001 1 0.9056683296875001 1 0.6531479375
0 0.7626175765625 0.8024062796875 0.7928152125000001 0.7441948390625 0.8042538953125 0.711180203125 0.7497647984375 0.6866761734375 0.695542465625 0.8679025640625 0.6565799359375 0.9912528453125 0.7297449171875 0.9882716 0.7316116625 0.9826866734375 0.7191053546874999 0.961118765625 0.7323605859375 0.9443043828125001 0.7691217484374999 0.8474737250000001 0.7626175765625 0.8024062796875