0 0.115233865625 0.58377151875 0.11001409375 0.5690616312500001 0.109818234375 0.559208859375 0.1088341015625 0.5503365703124999 0.1132685 0.541791996875 0.116112578125 0.5354603250000001 0.12275695 0.5351790249999999 0.10164993124999999 0.48556884531250005 0.0841178625 0.44881676875 0.038206021875 0.4635186203125 0.0921790484375 0.594274371875 0.115233865625 0.58377151875
0 0.39641043125 0.7397698421875 0.458864471875 0.896581903125 0.57601355 0.8562695640625 0.5099302140625 0.700402784375 0.39641043125 0.7397698421875
0 0.1872265671875 0.9078243031250001 0.190012390625 0.909618715625 0.19327484687500002 0.910820278125 0.1960034546875 0.9120988593750001 0.19913314531249998 0.9122915624999999 0.2027417515625 0.91191205 0.2057570078125 0.9110730921875 0.2086006109375 0.9086866406249999 0.21043609375 0.9064270875 0.21213652187499998 0.9031380406249999 0.21179321875 0.9000430546875 0.21093668906250002 0.8970229203125 0.20861145312499998 0.89467909375 0.2057477890625 0.8923710203124999 0.20296425468749998 0.8905972406249999 0.2002356453125 0.889318659375 0.19264082031250002 0.8864853328125 0.1867761578125 0.8616359140625001 0.1730380109375 0.82673921875 0.1623712765625 0.8195323265625 0.13478936875 0.82815253125 0.1096499859375 0.8354721656249999 0.09977915000000001 0.8401423296875 0.045216675 0.8676938453125 0.0631721953125 0.9078873359375 0.056050585937499994 0.9138339140625 0.07776345625 0.95517691875 0.1611076671875 0.9251203203125 0.15603890468749998 0.9121479593749999 0.18398244375 0.9065999375 0.1872265671875 0.9078243031250001
0 0.5320217171875 1 0.6104342296875 0.9917534703124999 0.6280163765625 0.9854373593749999 0.57601355 0.8562695640625 0.458864471875 0.896581903125 0.504116928125 1 0.5320217171875 1
0 0.2546287359375 1 0.2513529390625 0.9898153093750001 0.27254337500000003 0.974164803125 0.264932440625 0.971938515625 0.25823563125 0.970054440625 0.2522881453125 0.96721485625 0.24541465625 0.9674993781250001 0.23914354218749997 0.9694530875 0.2322974984375 0.9701730749999999 0.2278257875 0.9650282703125 0.22665353281249997 0.9582214109375 0.2244110921875 0.9532387609375 0.21942756718749998 0.9555162812500001 0.21291842968750002 0.9553241328125001 0.20697322968749998 0.9525051828125 0.202095953125 0.9476535171875 0.1987525828125 0.9524930296875 0.19257759218749998 0.955313334375 0.18611651875 0.9555544828125001 0.179513546875 0.954516371875 0.17320170937499998 0.9521534578124999 0.16659873593750002 0.9511153468750001 0.1595096171875 0.9535934359375 0.1532865671875 0.9559804421875 0.14677238125 0.9596922484375 0.140184978125 0.962555925 0.13396192812500002 0.9649429296875001 0.1276221296875 0.966465509375 0.12269817812499999 0.9687158890625 0.134145865625 0.9978209015624999 0.1455972875 0.9957398671875 0.1478956828125 1 0.2546287359375 1
0 0.327779878125 0.5793699453125 0.39641043125 0.7397698421875 0.5099302140625 0.700402784375 0.44640700000000005 0.5369608859375 0.327779878125 0.5793699453125
0 0.9047885078125001 0.7848294171875 0.915740321875 0.78388636875 0.908159615625 0.758799946875 0.8963598640624999 0.7615020828125 0.9047885078125001 0.7848294171875
0 0.49446048125 0.6419962875 0.5176937953125 0.63329069375 0.49198963906250004 0.5736435296875 0.470547896875 0.5832670234374999 0.49446048125 0.6419962875
0 0.794768534375 0.8905414875 0.85669245625 0.8631551078124999 0.927195653125 0.844844196875 0.7783008453125 0.4985284 0.72405831875 0.513730646875 0.6475071078125 0.5459743109375 0.794768534375 0.8905414875
0 0.6309371390625 0.51074921875 0.56874380625 0.5302527125000001 0.4924249203125 0.5548112125 0.538926603125 0.6656040265625001 0.6065373000000001 0.8284699328125 0.657461240625 0.9364389109375001 0.7332422640625 0.9072194703124999 0.7951900109375 0.8913321203125 0.660338103125 0.5796513515624999 0.6309371390625 0.51074921875
0 0.0014497078125 0.24918359375 0.00216111875 0.371464890625 0.0472207140625 0.356906715625 0.0014497078125 0.24918359375
0 0.0350164734375 0.771974165625 0.0303423953125 0.7721516234375 0.040790878125 0.866348234375 0.09004087499999999 0.847512165625 0.09494275156250001 0.8382922125000001 0.148244290625 0.8174277234374999 0.14775718437500002 0.8098390921874999 0.1332989328125 0.7806749671875 0.14704918125 0.7718603749999999 0.1433588125 0.76623679375 0.140969896875 0.7599336171875 0.1373001453125 0.75430786875 0.13309614375 0.75214075625 0.11708563593750002 0.7516745421875 0.0606176546875 0.773143403125 0.0521782375 0.763260015625 0.046876134375 0.766426871875 0.0417938359375 0.7708230453125 0.0350164734375 0.771974165625
0 0.1449569875 1 0.144190215625 0.9982883499999999 0.134145865625 0.9978209015624999 0.10520545625 0.9669235109375001 0.053332303125 0.9794134359375001 0.055615807812499994 1 0.1449569875 1
0 0.038206021875 0.4635186203125 0.0841178625 0.44881676875 0.0472207140625 0.356906715625 0.00216111875 0.371464890625 0.00251150625 0.4316911359375 0.0196150421875 0.46837528281249996 0.038206021875 0.4635186203125