0 0.0149552203125 0.480047534375 0.0028100812499999997 0.48301186874999996 0.0031634124999999997 0.5437443328125 0.01389058125 0.60257755 0.038687171874999995 0.60446304375 0.061556481249999996 0.561203653125 0.0694657921875 0.5446448578124999 0.048014759375 0.54124858125 0.0732144359375 0.5022759828125001 0.0149552203125 0.480047534375
0 0.5304907375 0.292447753125 0.36247137500000004 0.279936159375 0.33522976875 0.3774573625 0.35289534375 0.3955044171875 0.5169026359375 0.4031196859375 0.5304907375 0.292447753125
0 0.0014197453125 0.24403360312500003 0.01144895625 0.2378166078125 0.0416161828125 0.1489235890625 0.0008369 0.143850834375 0.0014197453125 0.24403360312500003
0 0.28647672343749997 0.9983671749999999 0.29192792343749996 0.9563616546875 0.19160826250000002 0.94463790625 0.1793304421875 0.9989905328124999 0.28647672343749997 0.9983671749999999
0 0.7995391374999999 0.31507044375 0.794386121875 0.30080607187499997 0.7969416359375 0.28694670312500004 0.8019549046875 0.278790578125 0.809376634375 0.269846303125 0.817185675 0.22534102968749997 0.756843575 0.2178891921875 0.7337404828125 0.331408496875 0.743744228125 0.3426070875 0.7971522125 0.3437321765625 0.7995391374999999 0.31507044375
0 0.191774315625 0.8037804156250001 0.17490889999999998 0.80842608125 0.15124442031250002 0.8158601843750001 0.15108915 0.866451921875 0.2657846578125 0.8810514671874999 0.2704509890625 0.8468261671875 0.27576168437500004 0.838506746875 0.281623596875 0.8077281046874999 0.2764417828125 0.8050300796875 0.28126923125 0.77444005 0.24408216718750003 0.7733894296875 0.24311841093750003 0.765232440625 0.2114664203125 0.763194415625 0.20798357968749998 0.7726856828125 0.18019925 0.7746323359375 0.177589759375 0.780299715625 0.19035347656249998 0.7873740515625001 0.191774315625 0.8037804156250001
0 0.0006408421875 0.1101514484375 0.12460906093749999 0.1175403703125 0.1426792140625 0.054520559375 0.0004680453125 0.080450184375 0.0006408421875 0.1101514484375
0 0.10655644687500002 0.5293748296875 0.0737237625 0.5731420578125 0.0939392984375 0.581606178125 0.061870621875 0.6487053046875 0.175467875 0.6857547515625 0.18199300000000002 0.6763195515625 0.2021330140625 0.6795840421875 0.220002346875 0.6441947796874999 0.197943915625 0.6351941421875 0.20187593124999997 0.6257736703125001 0.22225075312499998 0.6303259640625 0.2296179515625 0.615938284375 0.20671505781250002 0.6070916203125 0.21874829375 0.5849165171874999 0.122510521875 0.5525110765625 0.1233794125 0.53586173125 0.10655644687500002 0.5293748296875
0 0.8058642953125 0.9033148343749999 0.8203868406250001 0.8923996375 0.83689835 0.9171575031250001 0.8587087562500001 0.9214480437500001 0.8634326671875 0.939607996875 0.8946420187499999 0.9339175390625 0.900241540625 0.922884221875 0.9225002874999999 0.9255660812500001 0.937986834375 0.8499511234374999 0.982488725 0.8470940359375 0.9736717875 0.7946698890625 0.324895528125 0.7515870453125 0.314479659375 0.7685156125 0.28549227187500004 0.9141264421875 0.4187523234375 0.9288530375 0.6195179546875 0.9515576609374999 0.6261160515624999 0.9383354421875 0.6395026828125 0.90886785 0.64851065 0.9169978046875 0.6656837078125 0.928874221875 0.668066959375 0.958454896875 0.7262863984375 0.96461413125 0.804281296875 0.950393175 0.8058642953125 0.9033148343749999
0 0.40005316406249997 0.7158737078125 0.454654746875 0.7203149343749999 0.4756285546875 0.7289898109374999 0.51733840625 0.73139711875 0.521200940625 0.725065003125 0.768466465625 0.7331398421875 0.7811508796875 0.603873165625 0.33081544375 0.5865364390625001 0.310715996875 0.6339806718750001 0.3390416046875 0.6281834234375 0.3410896296875 0.635946396875 0.334238925 0.7047297375 0.40005316406249997 0.7158737078125
0 0.427454040625 0.043060867187500004 0.42185036406250004 0.0102936609375 0.41073227812499996 0.005645946875 0.31341235 0.02339046875 0.29272040625 0.1258906515625 0.2953379328125 0.14024649375 0.4034934625 0.1498434875 0.427454040625 0.043060867187500004
0 0.27365786718749996 0.0352197890625 0.2743556171875 0.03051175625 0.1498472234375 0.053213601562500004 0.135057828125 0.101151140625 0.14947388281250001 0.111545225 0.15552608437499998 0.1276306640625 0.2433038984375 0.134573653125 0.25819516249999996 0.1047444640625 0.266265590625 0.091820940625 0.27893206406250004 0.038424490625 0.27365786718749996 0.0352197890625
0 1 0.43775505625 0.932130675 0.4406218578125 0.9587272046875001 0.5589744624999999 1 0.56227886875 1 0.43775505625
0 0.33081544375 0.5865364390625001 0.3778155703125 0.51638763125 0.3181067609375 0.49326738125 0.27453735 0.5764894671875 0.33081544375 0.5865364390625001
0 0.6489959984375 0.9787066328125 0.6384188625 0.9603487328125 0.525622546875 0.9745892109375 0.5165038984375 0.9970289156250001 0.549562159375 0.9968365875 0.6489959984375 0.9787066328125
0 0.42624252343749996 0.13882439062500002 0.47222378281250005 0.15042160468750002 0.4708198390625 0.164136446875 0.538497565625 0.17090516718749998 0.5444121109375 0.1533358375 0.5720527140625 0.15957359375 0.5755467015625 0.145477671875 0.5890913828125 0.14822144375 0.591688890625 0.1030085828125 0.5785517140625 0.097594715625 0.585463771875 0.0711399671875 0.578181809375 0.040772853125 0.45373717343750003 0.025224209375 0.42624252343749996 0.13882439062500002
0 0.0025871124999999997 0.4446868359375 0.0104972796875 0.44698417343749997 0.055114868750000004 0.34869424375 0.0275419140625 0.3318210328125 0.0128373890625 0.351189375 0.0168677203125 0.361928359375 0.0036650750000000003 0.36381209999999997 0.0021314046875 0.3663573390625 0.0025871124999999997 0.4446868359375
0 0.2095297296875 0.3809843859375 0.215101203125 0.39144236875 0.3234711015625 0.399822353125 0.332522428125 0.3523202703125 0.33927384374999997 0.28071929375 0.2146174625 0.27166601875 0.198709021875 0.3673389625 0.2095297296875 0.3809843859375