0 0.0410931 0.6773548125 0.055739928125000004 0.698729128125 0.07462099375 0.7162410593749999 0.116287128125 0.6703503265624999 0.09966275625 0.6479526875 0.0828708671875 0.630044871875 0.0410931 0.6773548125
0 0.2353377390625 0.3188235828125 0.2762971046875 0.366234471875 0.283495771875 0.3694056 0.382982103125 0.24323818125000002 0.35208007812500003 0.20328880312500003 0.3388112890625 0.1975222984375 0.2353377390625 0.3188235828125
0 0.343178296875 0.40502956875 0.3457132515625 0.41482637499999997 0.348099828125 0.42371955312500004 0.355173828125 0.42167095625 0.36208691875 0.424283628125 0.363125565625 0.4306090375 0.36861332812500003 0.44172735156250004 0.4231071625 0.378451121875 0.3861485890625 0.34386047343750004 0.334150325 0.40646077812500003 0.338664309375 0.40574517343750005 0.343178296875 0.40502956875
0 0.4290460171875 0.2762128625 0.47043490468750004 0.31928644687499996 0.5807328046875 0.176311890625 0.5676442609375 0.1635092640625 0.5818840890625 0.1465898765625 0.5668743765625 0.1325824953125 0.5544551109375 0.14878203750000002 0.5411627796875 0.1317209453125 0.4290460171875 0.2762128625
0 0.47059721562499995 0.3652733390625 0.51234496875 0.4105324453125 0.6101773953125 0.29029794531249997 0.568909865625 0.2477010390625 0.47059721562499995 0.3652733390625
0 0.533756909375 0.4396530125 0.5755046625 0.48491211874999995 0.673337090625 0.3646776171875 0.632069559375 0.3220807140625 0.533756909375 0.4396530125
0 0.4043664484375 0.5984619609374999 0.4461142015625 0.6437210671875 0.5439676234374999 0.5234832375 0.50270009375 0.4808863328125 0.4043664484375 0.5984619609374999
0 0.4424302921875 0.3953754921875 0.4821628359375 0.4392507 0.5043002328124999 0.414934225 0.4649142125 0.3725134015625 0.4424302921875 0.3953754921875
0 0.3414039765625 0.5265952984375 0.3777124796875 0.5640488984375 0.4266901984375 0.5053557484375 0.3889226703125 0.4680687640625 0.3414039765625 0.5265952984375
0 0.049533376562499995 0.61068488125 0.020333365625 0.6440723921875 0.0242699171875 0.6680461796875 0.03923511875 0.6791586749999999 0.075250225 0.638734878125 0.0620636984375 0.6228429046875 0.049533376562499995 0.61068488125
0 0.3718233984375 0.72497015625 0.4138311 0.6827338828125 0.3043242296875 0.564471103125 0.26427094375000004 0.6117879609375 0.3718233984375 0.72497015625
0 0.22165178437500002 0.6443968515625 0.2763074359375 0.703457496875 0.2555603 0.7286316562499999 0.266846990625 0.741612121875 0.3056355140625 0.6998430625000001 0.239256103125 0.624615428125 0.22165178437500002 0.6443968515625
0 0.7684698234375 0.35132111093749996 0.8031748625 0.390947896875 0.8198380437499999 0.37435586875000004 0.7862307875 0.3349862828125 0.7684698234375 0.35132111093749996
0 0.6874276078125 0.9034910593750001 0.6981690031250001 0.9162992296875 0.7094863046875 0.92500563125 0.7188190078125001 0.9280540640625 0.9603656703125001 0.6926877984375001 0.94446745625 0.6817967859375 0.9268959656250001 0.6605842546875 0.9185725671875 0.6442663125 0.9140305609375 0.6294619515625001 0.672573859375 0.8668191921874999 0.67806085625 0.8844923796874999 0.6874276078125 0.9034910593750001
0 0.7013504296875 0.9481373953125001 0.6119453203125 0.8241220312499999 0.589652490625 0.8429002328124999 0.57311815 0.8597521390624999 0.6614630265625 0.981563796875 0.670205084375 0.9801779140625 0.6777152203125001 0.9712035625000001 0.7013504296875 0.9481373953125001
0 0.5335254078125 0.8842915390625 0.5112325765625 0.9030697406250001 0.49469823437500005 0.919921646875 0.5519997359375 0.9989170703125 0.6095715015625001 0.9897901875 0.5335254078125 0.8842915390625
0 0.12163589374999999 0.763403496875 0.178005846875 0.8363152734374999 0.1963795515625 0.8150534921875 0.1414881640625 0.742618853125 0.12163589374999999 0.763403496875
0 0.073585965625 0.80308309375 0.08138029531249999 0.81512945 0.0894870203125 0.82514260625 0.130770884375 0.7905676703125 0.12414763124999999 0.780405584375 0.1155111625 0.7695276953125 0.073585965625 0.80308309375
0 0.09332704375 0.8379020859375 0.09764130625 0.85131948125 0.1532691390625 0.927583159375 0.1700780328125 0.9146335156250001 0.19412935781250001 0.89318319375 0.13427036875 0.8038770546875 0.09332704375 0.8379020859375
0 0.1364471 0.6309738578124999 0.16570046875 0.5952874875 0.0504291578125 0.46605806093749996 0.002394725 0.4116183453125 0.0028633484375 0.49216768593750004 0.13103740156250002 0.6255785734375 0.1364471 0.6309738578124999
0 0.34929981718750003 0.1828147296875 0.38818284375 0.23424182968750001 0.39594181875 0.235577634375 0.5042992765625 0.1015138078125 0.4707273984375 0.0619661203125 0.454385140625 0.0603092171875 0.34929981718750003 0.1828147296875
0 0.21242668281250002 0.3729315765625 0.2347746078125 0.39804421875 0.2490144359375 0.3811248296875 0.2267171046875 0.356845071875 0.21242668281250002 0.3729315765625
0 0.170449590625 0.3316546125 0.19474400625 0.357601446875 0.2126618875 0.3352691578125 0.1889918421875 0.310107371875 0.170449590625 0.3316546125
0 0.12163992187499999 0.27841600624999996 0.150359296875 0.3090086453125 0.1692990453125 0.2864712359375 0.140792246875 0.254680565625 0.12163992187499999 0.27841600624999996
0 0.1504855484375 0.5170588375 0.1933689953125 0.564380315625 0.231396871875 0.5202091265625 0.190091521875 0.47265903125 0.1504855484375 0.5170588375
0 0.0020403265625 0.35070230625 0.1390912125 0.5068337703125 0.14523135781250002 0.5047391625000001 0.1812168203125 0.46505316093750004 0.0804202765625 0.3497218640625 0.00808504375 0.2677408859375 0.0015987890625000002 0.274808503125 0.0020403265625 0.35070230625
0 0.225404315625 0.30293337343750004 0.2616667953125 0.26139227656249997 0.160870253125 0.14606097812500002 0.1511347890625 0.1370175625 0.1280054625 0.16067194375 0.11206259375000001 0.18204428125 0.2195377375 0.30315186875 0.225404315625 0.30293337343750004
0 0.2159381625 0.14164336875 0.2435100234375 0.11172179687499999 0.2394109734375 0.1052562671875 0.2382722578125 0.098321434375 0.2427298515625 0.08847261875 0.2499928984375 0.08324604687500001 0.257594003125 0.0739122859375 0.26436026562500003 0.071826228125 0.278293065625 0.07009181249999999 0.3152463203125 0.023050785937500002 0.2253636265625 0.0372999359375 0.17414982968749998 0.097317846875 0.1938736359375 0.1227171234375 0.2159381625 0.14164336875
0 0.40133814687499997 0.077559071875 0.4144011671875 0.058195717187499996 0.4357209125 0.0334913859375 0.4120392671875 0.00770615 0.34424273906249997 0.01845396875 0.40133814687499997 0.077559071875
0 0.567037415625 0 0.60980473125 0.050310846875 0.6196263531249999 0.053713007812500005 0.6710236593750001 0 0.567037415625 0
0 0.0915095796875 0.93978884375 0.0619020578125 0.897227796875 0.0734747078125 0.9677058015625001 0.0915095796875 0.93978884375
0 0.38437715 0.6334990359375 0.426395021875 0.6768610171875 0.44323203749999995 0.6560800265625 0.40555125 0.6128929515625 0.38437715 0.6334990359375
0 0.1480314203125 0.9918479578125 0.1666057359375 0.9653795703125001 0.1409977609375 0.9417971421875 0.12119652968750001 0.9678778687499999 0.1480314203125 0.9918479578125
0 0.1401333296875 1 0.1472747609375 0.9907820203125001 0.1022472359375 0.9527054140625 0.0768890453125 0.9884992984375 0.077072825 0.989618521875 0.0881047703125 1 0.1401333296875 1