0 1 0.0255177171875 0.95343320625 0.0230772546875 0.9036581796875 0.0364461078125 0.9157473921875001 0.1127611734375 0.9337826171874999 0.193660378125 0.9413321984374999 0.2712507171875 0.9494143828125001 0.3488689671875 0.965773246875 0.423115765625 0.98174931875 0.4987221703125 0.9918221609375 0.5782694703125 0.9954607828125001 0.5997063734375 1 0.5130929515625 1 0.0255177171875
0 0.417703428125 0.0449359484375 0.330794625 0.077009225 0.3518296703125 0.1809191859375 0.4234062265625 0.15818961874999998 0.4455451859375 0.15823723750000002 0.5120888625 0.13515489687499999 0.48792361250000005 0.015392721875000001 0.417703428125 0.0449359484375
0 0.7013545828125001 0.5180294609375 0.7568020625 0.49819306093750004 0.7312262796875 0.353967984375 0.6815288859375 0.35877360937499997 0.667892575 0.32641559375 0.5097103546875 0.3631206125 0.5373098015625 0.5158632734374999 0.6119204390624999 0.5074231921875 0.622524746875 0.5505038859375 0.64772035625 0.550822959375 0.653510146875 0.5723999890625 0.7044131874999999 0.5636965640625 0.7013545828125001 0.5180294609375
0 0 0.7624170265625 0.06648251093749999 0.7435340921875 0.025059031250000002 0.5284714187499999 0.0038263484374999996 0.5124048343750001 0 0.5131511125 0 0.7624170265625
0 0.6587648109375001 1 0.63537449375 0.8997661515625 0.41144863281250005 0.964669059375 0.41200428593750005 0.9960745125000001 0.48690705 1 0.6587648109375001 1
0 0.825968465625 1 0.8028972765625 0.8538262140624999 0.6837843546875 0.8825872968749999 0.70172225625 1 0.825968465625 1
0 0.9639012796875001 0.8273940671875 0.9402545640625 0.8068616875 0.8014101453125001 0.8524798718750001 0.8160356656250001 0.9368720796875 0.9735993421875 0.8971082750000001 0.9639012796875001 0.8273940671875
0 0.32004295 0 0.32681053437499996 0.018854348437499998 0.37539661562500004 0 0.32004295 0
0 0.4047595015625 0.88552161875 0.919867425 0.7381449765625 0.88395068125 0.5585524484375 0.3595528640625 0.7171694093750001 0.4047595015625 0.88552161875
0 0.050689467187500004 0.6245222234375001 0.062377864062499996 0.6214408359375 0.0696357734375 0.6638343390625 0.178469665625 0.6312189 0.1471486703125 0.5133959906250001 0.0429070296875 0.5450059484375 0.056679575 0.5964194296875001 0.0443974078125 0.602763103125 0.050689467187500004 0.6245222234375001
0 0.40920389375 0.3005302890625 0.543377953125 0.2565588203125 0.5190022 0.1722341953125 0.3859671515625 0.2067856984375 0.40920389375 0.3005302890625
0 0.24217096875 0.17067716718749998 0.265197346875 0.16440701562499999 0.25764924843750003 0.13009829374999998 0.231820296875 0.13889189375 0.24217096875 0.17067716718749998
0 0.28272858749999996 0.35258241875 0.33097339375 0.33897759843749997 0.314930684375 0.2735594484375 0.2641395171875 0.29159262343750003 0.28272858749999996 0.35258241875
0 0.536055265625 0.001203403125 0.5254074234375 0.0050069078125 0.5323975875 0.061850646875000005 0.5465556015625 0.134357653125 0.6464269093749999 0.10376480937499999 0.6324248046875 0.0338027828125 0.6224442296875 0.0327456578125 0.6162938078125 0.0054085265625 0.536055265625 0.001203403125
0 0 0.51265896875 0.0040130921875 0.5118137968750001 0.01763208125 0.524121203125 0.11370476562500001 0.50231938125 0.08064726250000001 0.4851435234375 0.08278166249999999 0.4664963421875 0.10017324999999999 0.46329104374999996 0.1007139265625 0.441934515625 0.0847156390625 0.41855407656250004 0.0021237859375 0.4463827765625 0 0.486907028125 0 0.51265896875
0 0.2029174140625 0.6037718921875 0.2200568578125 0.6953944671875 0.2659664984375 0.6800650734375 0.2447817703125 0.585804946875 0.2029174140625 0.6037718921875
0 0.063727275 0.94769190625 0.1460649828125 0.927684821875 0.11733951093749999 0.7849636296875 0.027075726562500003 0.8092951562499999 0.063727275 0.94769190625
0 0.36474375000000003 0.6614313593750001 0.4270814265625 0.643024190625 0.4141135046875 0.5911188125 0.34835716250000004 0.604273196875 0.3557255578125 0.6288480625 0.343324259375 0.6404371328125 0.36474375000000003 0.6614313593750001
0 0 0.9744822828125 0.0550673078125 0.9773682390625 0.014927153125 0.83856613125 0 0.8389910359374999 0 0.9744822828125