0 0.5309370421875 0.985879103125 0.5692479578125 0.9903229124999999 0.617286771875 0.9830005421875001 0.6323472515625 0.882197521875 0.59039335625 0.8766787015625 0.59231441875 0.8892819281250001 0.506497328125 0.8809389546874999 0.4874445984375 0.9864471375000001 0.527923534375 0.9929850281249999 0.5309370421875 0.985879103125
0 0.2569787515625 0.0875428171875 0.3056502703125 0.091745078125 0.319390353125 0.08452993125 0.34920219375 0.0856709578125 0.3489718984375 0.0954042234375 0.388862134375 0.0971200609375 0.3887481390625 0.079643121875 0.411869665625 0.0794002875 0.4252307578125 0.0011369875 0.42402714374999995 0.0008397234375 0.2631269765625 0.0253651171875 0.2622129015625 0.031105971875 0.2670924625 0.0332256640625 0.2569787515625 0.0875428171875
0 0.42055005312500005 0.8849057390624999 0.40414966406249997 0.995432690625 0.4780124203125 0.9945732203125001 0.4976436046875 0.8944320984375 0.42055005312500005 0.8849057390624999
0 0.9348905421874999 0.2564914109375 0.9756256656250001 0.25799100468749997 0.9550964562500001 0.12330801250000001 0.9348905421874999 0.2564914109375
0 0.494828696875 0.500246290625 0.47770394375 0.6031823640625 0.64983015 0.6162401078124999 0.660820771875 0.50734163125 0.494828696875 0.500246290625
0 0.7853889671875 0.9115619140625 0.7385665515625 0.9072868140624999 0.7045349109375 0.9233009531249999 0.653178540625 0.9191735140624999 0.641301284375 0.9793401015625 0.7946968296875 0.9559586093749999 0.7983038609374999 0.9363677984375001 0.7853889671875 0.9115619140625
0 0.6043192203125 0.23963992968749998 0.609722171875 0.2302468828125 0.6347447421875 0.22986058437499998 0.6436317578125 0.2433249328125 0.70101241875 0.24199854843750002 0.707446678125 0.17204380156250001 0.6161995984375 0.1642776875 0.6127209203125 0.14886030156250002 0.5411971578125 0.154620696875 0.5327113921875 0.24484880625 0.6043192203125 0.23963992968749998
0 0.0007604937499999999 0.06535663124999999 0.0010017046875 0.0860862875 0.0182668453125 0.0854914265625 0.025506715625 0.0644272234375 0.0254218125 0.061597599999999995 0.0007604937499999999 0.06535663124999999
0 0.5610694578125 0 0.5595535515625001 0.0165709625 0.6922564437500001 0.019732025 0.6953489859374999 0 0.5610694578125 0
0 0.330035575 0.6604914046875 0.3342632828125 0.628578778125 0.2796958703125 0.6210740625 0.27462748124999997 0.6293710531250001 0.22701772656250002 0.6287064671875 0.22560106093750001 0.6194123515625 0.173154109375 0.6155347515625 0.16261756875 0.707392228125 0.29138973749999997 0.71863506875 0.303659759375 0.6692772437500001 0.3164264015625 0.667331275 0.330035575 0.6604914046875
0 0.0027532453125 0.2366133421875 0.004017765625 0.34528590000000003 0.0173821109375 0.3461180828125 0.015307764062500001 0.36020816718750004 0.0819629765625 0.3681695203125 0.0847549484375 0.35769046718749997 0.0889870625 0.3418502015625 0.0967056875 0.3425756921875 0.111639975 0.27627890312500003 0.10753978281250001 0.2706335171875 0.1123716046875 0.23582804531249998 0.05899950625 0.2295833171875 0.05087164843750001 0.23508606250000003 0.0298098609375 0.2340325828125 0.0290096453125 0.24126096718749998 0.0027532453125 0.2366133421875