0 0 0.10336809531249999 0.0324896015625 0.1013246796875 0.0937292890625 0.12294580468750001 0.0847066984375 0.014690398437499998 0 0.0171556125 0 0.10336809531249999
0 0.7543397984375 0.32697325 0.763338559375 0.298179334375 0.76183724375 0.24978347812499999 0.64940010625 0.25163436250000004 0.6456330484375 0.20464207812500002 0.6558794421874999 0.201392290625 0.65022465 0.1563200984375 0.6376523828125 0.1397091203125 0.63472104375 0.110299475 0.7492488953125 0.10742691093750001 0.7568129906250001 0.11007462812499999 0.755353559375 0.07666576093750001 0.5705341578125 0.0839913421875 0.5701160015625 0.0840035125 0.5601622515625 0.1052264484375 0.565925853125 0.3248578796875 0.7543397984375 0.32697325
0 0.45385811093750006 1 0.4349139390625 0.9130224968749999 0.3343158984375 0.92583069375 0.35035818124999996 1 0.45385811093750006 1
0 0.5714176109375 0.7141403109375 0.7527827859375 0.711583375 0.7619725078124999 0.6990490406250001 0.75285145 0.458184334375 0.6576850421875 0.45752090624999997 0.55793970625 0.4599841890625 0.575021509375 0.7004706781250001 0.5714176109375 0.7141403109375
0 0.1663365609375 0.153048996875 0.1468370578125 0.15083236718749998 0.133368875 0.1397319734375 0.1092133796875 0.1408327015625 0.11299715937499999 0.19226025468750002 0.188962278125 0.18845851875 0.1919871921875 0.1384237390625 0.181624178125 0.13713440625 0.1663365609375 0.153048996875
0 0.5992667125 0.9621006109374999 0.671488278125 0.9427916171874999 0.7244981390625 0.9396998140624999 0.7306728265625 0.922333909375 0.744831628125 0.9250409015625 0.7248320515625 0.8443600578125 0.6521164640625 0.85011868125 0.575676840625 0.8685037718749999 0.5992667125 0.9621006109374999
0 0.59514874375 0.0034624734375 0.4916378609375 0.002860265625 0.5174353468749999 0.0287866234375 0.5483701359375 0.0426233390625 0.5891737109374999 0.0124223453125 0.59514874375 0.0034624734375
0 0.4087529703125 0.026444153124999998 0.407289484375 0.005302290625 0.3173209546875 0.0079206390625 0.3007544453125 0.023307249999999998 0.3458953609375 0.0573916515625 0.38346945468750004 0.054581606250000005 0.4087529703125 0.026444153124999998
0 0.3281369265625 0.6829126390625 0.352523534375 0.679439728125 0.3490251640625 0.6343885125 0.3187716390625 0.6352689796875 0.3281369265625 0.6829126390625
0 0.8210287781250001 0.8385669953124999 0.8174030328124999 0.7742818265625 0.7634046671875 0.7772349296875001 0.769819971875 0.843490375 0.8210287781250001 0.8385669953124999
0 0.973136853125 0.0056615453125 0.943806978125 0.0054909078125 0.9472340109375 0.07736145312500001 0.9591293953125 0.07278674375000001 0.9731280359375001 0.076900925 0.973136853125 0.0056615453125
0 0.9517485078125001 0.19227923281249998 0.9791483578125 0.19118875 0.9779165859375001 0.1475159640625 0.9525025749999999 0.14434106875 0.9517485078125001 0.19227923281249998
0 0.4973150515625 0.0561458125 0.5109272609375 0.037202793750000004 0.4952629671875 0.024345123437499998 0.49795675 0.019975407812500002 0.48229566406249996 0.003119390625 0.4713421609375 0.0034381703125 0.471544878125 0.0397724 0.4973150515625 0.0561458125
0 0.3158681 1 0.2964934328125 0.9311180890624999 0.201860675 0.9505350484375 0.21467130625 1 0.3158681 1
0 0.2741092734375 0.5777254093749999 0.37146389218750003 0.570328653125 0.3586623625 0.5141814265625 0.2705629796875 0.5253070796875 0.2741092734375 0.5777254093749999
0 0.076870140625 0.6369501109375 0.1382909265625 0.8747646093749999 0.3164325859375 0.8440206609375001 0.3230477984375 0.8266838046875 0.27095718281250003 0.5875511062500001 0.09334472031249999 0.61666779375 0.076870140625 0.6369501109375
0 0.1497279375 0.4140676375 0.1597458828125 0.47201239843750004 0.14385313125000002 0.4741914484375 0.12367276875 0.5010290609375 0.12417070781249999 0.515291046875 0.0685434609375 0.5243412671875001 0.08120553750000001 0.5764943 0.0817830578125 0.5930356953125 0.2366644734375 0.566255209375 0.24631323593749999 0.5482858 0.21810566250000002 0.39556130624999997 0.17331002812500002 0.4025379015625 0.1497279375 0.4140676375
0 0.8222423687499999 0.9230810875 0.7323100046875 0.9302618328125 0.726110559375 0.9487169859375 0.731761825 0.9964687359375001 0.8280769921875001 0.9936656828125001 0.8222423687499999 0.9230810875
0 0.6827480359375 0.20546685 0.6456330484375 0.20464207812500002 0.6491784125 0.2516387203125 0.76183724375 0.24978347812499999 0.7624624171875001 0.22692710312500003 0.7548191359375 0.2262075484375 0.7492488953125 0.10742691093750001 0.63472104375 0.110299475 0.6376523828125 0.1397091203125 0.6804583953125001 0.13988679843750002 0.6827480359375 0.20546685
0 0.2941754703125 0.0147067515625 0.246396 0.0189441984375 0.250839265625 0.048498240625 0.293031121875 0.047270332812499996 0.3016903171875 0.0333279765625 0.2941754703125 0.0147067515625
0 0.363060709375 0.643755865625 0.3763301046875 0.6833312703125001 0.3763461671875 0.6837913328125 0.44315693906250003 0.6761530984374999 0.44126547968749996 0.6357650984375 0.363060709375 0.643755865625
0 0.463936 0.6796512828125 0.489324521875 0.6773005421875 0.4840097671875 0.6563544984374999 0.45978723437499996 0.6591318375 0.463936 0.6796512828125