0 0.7304715546875 0.1354868625 0.7364090140624999 0.097116125 0.7175537078125 0.0928778875 0.70972781875 0.1312261375 0.7304715546875 0.1354868625
0 0.7856171921875 0.242423103125 0.8034184359375001 0.1609898515625 0.7830788453124999 0.1559657765625 0.7916523359375 0.106709040625 0.7994532796875 0.042687589062499996 0.804286178125 0.0268727484375 0.7660139203125 0.011170823437500001 0.7660638546875 0.009025446874999999 0.6975046828125 0.0074297140624999996 0.695080765625 0.03379720625 0.7566149125 0.049782971875 0.722318965625 0.2201498453125 0.7856171921875 0.242423103125
0 0.8979706609375 0.06427800312500001 0.872417246875 0.061923078124999996 0.86658764375 0.121482678125 0.89125540625 0.1268436125 0.8979706609375 0.06427800312500001
0 0.24671542500000002 0.52610258125 0.32981270937499996 0.5378893109375 0.3507590359375 0.3868096359375 0.3401182 0.3229170484375 0.3367514421875 0.27205154375 0.3557551796875 0.23763404531250001 0.3623230921875 0.183243328125 0.38222938281249996 0.174605321875 0.4070574359375 0.019065328125 0.33195844218750004 0.0019312781250000002 0.32908767499999997 0.0019145765624999998 0.322317071875 0.013315064062500001 0.24671542500000002 0.52610258125
0 0.8245086374999999 0.05168519687499999 0.8179460109375001 0.039447428125 0.812016153125 0.0461354078125 0.7994532796875 0.042687589062499996 0.7916523359375 0.106709040625 0.8152913875 0.10831104843749999 0.8245086374999999 0.05168519687499999
0 0.7108909171875 0.5110191093750001 0.6657877046875 0.5038302156250001 0.6584475828125 0.551741875 0.9233969312499999 0.6014619406249999 0.9346217765624999 0.5489612421875 0.865921103125 0.531005578125 0.8784455 0.46048272656250006 0.833387746875 0.450418525 0.83603728125 0.43803025937499995 0.6735528078125 0.4099924875 0.6682136125 0.4457154390625 0.730246709375 0.4605536859375 0.729315934375 0.5005435328125001 0.7138482390625 0.501085065625 0.7108909171875 0.5110191093750001
0 0.7083399796875 0.2507990578125 0.6735528078125 0.4099924875 0.83603728125 0.43803025937499995 0.9291983859374999 0.4499653671875 0.947973490625 0.31931314843749997 0.9101441453125 0.3104046015625 0.8475447453125 0.29684109687500004 0.7083399796875 0.2507990578125
0 0.9118010828124999 0.1303913703125 0.9189554 0.0674066734375 0.8979706609375 0.06427800312500001 0.89125540625 0.1268436125 0.9118010828124999 0.1303913703125
0 0.375387746875 1 0.3935342703125 0.8813592421875001 0.3655533703125 0.8643298765624999 0.286141125 0.8537665828125001 0.26538947031250004 0.9976598796875 0.3659305671875 1 0.375387746875 1
0 0.2251624015625 0.996723584375 0.2387450625 0.9128094859375 0.13561256875 0.893988015625 0.12208511875000001 0.9943244343750001 0.2251624015625 0.996723584375
0 0 0.991482871875 0.0009768625 0.991505609375 0.013368964062499999 0.889296740625 0.0049496140625 0.8885856078125001 0 0.887474884375 0 0.991482871875
0 0.8152913875 0.10831104843749999 0.83967529375 0.1120340046875 0.8488555921875 0.0569957328125 0.83944369375 0.06572774218750001 0.83181785 0.0539803953125 0.8245086374999999 0.05168519687499999 0.8152913875 0.10831104843749999
0 0.7080031734375 0.894238125 0.7023094796875 0.9433472374999999 0.780666315625 0.9632878109374999 0.8220840296875 0.9416058218750001 0.8315051328124999 0.8955886218750001 0.76290919375 0.8795887484374999 0.7080031734375 0.894238125
0 0.89634786875 0.28432500625 0.8906993921874999 0.2660123390625 0.8567895796875 0.25839708125 0.8475447453125 0.29684109687500004 0.9101441453125 0.3104046015625 0.89634786875 0.28432500625
0 0.6421403 0.5726774625 0.6360617609375 0.605120465625 0.636826978125 0.6377227546875 0.8254655171874999 0.670898471875 0.834438821875 0.6127643625 0.6421403 0.5726774625
0 0.7950923265625 1 0.8002717374999999 0.9555872796875 0.780666315625 0.9632878109374999 0.7023094796875 0.9433472374999999 0.703279290625 0.922891815625 0.676860128125 0.9263767953125001 0.6653799031250001 1 0.7950923265625 1
0 0.0076928874999999996 0.1860224359375 0.003974065625 0.228673496875 0.0346138453125 0.24029106875 0.0117164640625 0.48165174843749997 0.09045654374999999 0.49803798749999995 0.1130281 0.30941021874999997 0.12388417656249999 0.3114874546875 0.1342586484375 0.21805390781249998 0.12612672187500001 0.215138528125 0.159153615625 0.000925928125 0.07756907187499999 0.00045128437500000006 0.0439087578125 0.1923175828125 0.0076928874999999996 0.1860224359375
0 0.511288259375 0.053410382812500004 0.46863486875 0.3236973703125 0.48748619687500006 0.3271842265625 0.501751225 0.365402684375 0.472523309375 0.38442763750000003 0.4781432125 0.43532411875 0.47039012031249994 0.4760781859375 0.44210882968750004 0.486710734375 0.431389065625 0.556245253125 0.5106201218749999 0.5709042203125 0.5421877109375 0.3868003828125 0.548184746875 0.3892152984375 0.561688440625 0.2978294015625 0.5533958515624999 0.29536105625000003 0.5649070734375 0.1918222953125 0.5439399375 0.1814816609375 0.571775090625 0.1245378546875 0.5562833046875 0.106747375 0.5603767515625 0.093190653125 0.5557847375 0.0626887625 0.511288259375 0.053410382812500004
0 0.8488555921875 0.0569957328125 0.83967529375 0.1120340046875 0.86658764375 0.121482678125 0.872417246875 0.061923078124999996 0.8611066812500001 0.0581609625 0.8488555921875 0.0569957328125
0 0.5917064187500001 1 0.604574640625 0.9102695796875 0.584969896875 0.9087185390625001 0.501282946875 0.893676809375 0.485471846875 1 0.5917064187500001 1