0 0.7729315296875 0.799778640625 0.7939598796875 0.7750357 0.7814917375 0.768845653125 0.7866682765624999 0.7613940328125001 0.780974003125 0.75796183125 0.77611489375 0.75935285 0.7675080921874999 0.7504685015625 0.760846803125 0.7555303062500001 0.7543117671874999 0.74779710625 0.70504876875 0.80236610625 0.746657146875 0.8328846609375 0.75455058125 0.8246512875 0.8003582421875001 0.8564077328125 0.8335840703124999 0.8230844484375 0.8275087140625 0.8169591234375 0.8449839906250001 0.7989938515625 0.8322621031249999 0.7872641390624999 0.8277339218750001 0.791890459375 0.8143522046875 0.7827896609375 0.7892542171875 0.81378851875 0.7729315296875 0.799778640625
0 0.33003506250000003 0 0.1364949578125 0.1649956359375 0.2433191796875 0.253814625 0.41861129531249996 0.10000186562499999 0.534821515625 0.1923818046875 0.4392303671875 0.28411544843750003 0.546304890625 0.36815547187500003 0.6935074625000001 0.23392150625000002 0.74835093125 0.189942059375 0.509389565625 0 0.33003506250000003 0
0 0.61321406875 0.063070321875 0.7798055484375 0.196666759375 0.8444462921874999 0.1355192109375 0.6776943906249999 0.0049856546875 0.61321406875 0.063070321875
0 1 0.1346585515625 0.9835049937499999 0.14680526562500001 0.9913520609375001 0.15607225 0.9671900015625001 0.1775091515625 0.9967718359375001 0.19922161875 1 0.1955008 1 0.1346585515625
0 0.922200978125 0.061170121875000004 0.955608784375 0.03434140625 0.9384894031250001 0.0189276 0.9458363500000001 0.01167331875 0.880872784375 0.009024640625 0.8719474234375 0.0187615375 0.8899626078124999 0.0291179296875 0.8764726859374999 0.0420211421875 0.8943434703124999 0.0555499171875 0.9029709328125 0.049501596875 0.922200978125 0.061170121875000004
0 0.012597153125 0.24639245468749998 0.0289973125 0.258507803125 0.0446485421875 0.23840010625 0.0334634359375 0.2318052234375 0.051135971875 0.21713510625 0.037872764062499994 0.20660238749999998 0.0436764125 0.1983926546875 0.0160754484375 0.17998215312500002 0.012597153125 0.24639245468749998
0 0.0802506515625 0.2037369546875 0.093900965625 0.1927559515625 0.08057622656249999 0.1829826390625 0.09590547656250001 0.16902243125 0.0729369953125 0.15271707968749998 0.0762211015625 0.1489978703125 0.06355730000000001 0.1415590140625 0.0692403484375 0.135651875 0.034488490625 0.109636053125 0.018994304687499998 0.12425308906250002 0.016435504687499998 0.17310767968750002 0.0536808203125 0.1980386375 0.060244295312499994 0.1898598828125 0.0802506515625 0.2037369546875
0 0.12551789062500002 0.0717687578125 0.11801393281250001 0.0742274640625 0.086063134375 0.0508075078125 0.05160295 0.092744515625 0.0846578171875 0.1125305328125 0.077509390625 0.1260623703125 0.10627143593749999 0.1401658140625 0.12169225937499999 0.1269494859375 0.12610122343750002 0.130829971875 0.1417360328125 0.1139434125 0.1328691828125 0.1071165140625 0.1436604125 0.0946474953125 0.13292105468749998 0.08868031562499999 0.14157800625 0.08165359531250001 0.12551789062500002 0.0717687578125
0 1 0.411005653125 0.9937765031250001 0.4063618 0.980907725 0.41737466875000007 0.9682041031249999 0.410696103125 0.95259269375 0.430043509375 0.9804011593749999 0.4565381515625 0.9616479546875001 0.47730305624999997 0.9269178078125 0.45128811874999997 0.903442759375 0.474146246875 0.932131653125 0.49836927500000006 0.9401966703125 0.49101365625 0.9644026468750001 0.5127681671875 1 0.47955770312499996 1 0.411005653125
0 0.9105598125000001 0.3968300640625 0.9431105078125 0.4204268640625 0.9607819078125001 0.40577846875 0.9372947984375 0.3848369484375 0.9325935281250001 0.38695278125 0.9222888484375 0.3780862828125 0.9105598125000001 0.3968300640625
0 0.7523107687499999 0.4237933390625 0.7469919796875 0.4082075921875 0.7664206359375 0.40362279843750004 0.7613828671875 0.3826715765625 0.7209624812500001 0.39177743593750003 0.74497668125 0.47576159687499997 0.7878996359375 0.462904665625 0.767877625 0.4198347734375 0.7523107687499999 0.4237933390625
0 0.843299565625 0.7057104703125 0.8617453093749999 0.7203075953125 0.856901728125 0.7247251328125001 0.8796290109375 0.745635671875 0.8898746171875 0.740676471875 0.9077811640625001 0.750614821875 0.9202037656250001 0.7626588640625 0.9712568625 0.711711190625 0.9644774890625 0.6945203 0.9047188703125 0.6475009984375 0.843299565625 0.7057104703125
0 0.930516871875 0.7888102625 0.9829651921875 0.8266986093750001 0.9877844437500001 0.7346857328125 0.930516871875 0.7888102625
0 0.757630790625 0.64455161875 0.7431965078125 0.63436299375 0.7393944218749999 0.6363413359375001 0.7122940015625 0.613358596875 0.6849265250000001 0.637843078125 0.6903599781249999 0.6450089109375 0.6737496000000001 0.6576760515625 0.67980998125 0.6632565406250001 0.6317748187500001 0.7055979046874999 0.6578238140625 0.727471096875 0.661836565625 0.72230130625 0.6808295015625 0.73642005625 0.7410211531249999 0.6758965609375001 0.7329638203125 0.6664903921875001 0.757630790625 0.64455161875
0 0.55408770625 0.6885201000000001 0.5651361921875 0.6973080781250001 0.532608753125 0.7318353625 0.557257278125 0.750124884375 0.6183581984375001 0.6834560734374999 0.565274434375 0.646069571875 0.54970684375 0.6620881125 0.565083053125 0.674230809375 0.55408770625 0.6885201000000001
0 0.5014959328125 0.8128752921875 0.536035053125 0.7764925890625001 0.4955161375 0.7434497171875 0.4667477015625 0.7672675484375 0.45257507031250005 0.757067825 0.42634662656250005 0.7809892171875 0.46545157656249997 0.8165214093750001 0.4797713109375 0.7998206890625 0.5014959328125 0.8128752921875
0 0.4947040359375 0.7344477921875 0.4793495359375 0.72230598125 0.45370638281250003 0.7475138375 0.4690814546875 0.7596782578125 0.4947040359375 0.7344477921875
0 0.47981798593749997 0.9833567296875 0.5215911734375 0.9434376359375 0.5265803234375 0.9462097890625 0.5360057406250001 0.936972196875 0.4697122734375 0.8830469265625001 0.45437905624999997 0.8945906140625001 0.4487479125 0.89244535625 0.41889471875 0.9245129343749999 0.42562704374999993 0.9305562000000001 0.408349271875 0.9426736734375 0.430403103125 0.9614887031249999 0.440311415625 0.95549260625 0.4590055875 0.9773924640624999 0.467688890625 0.9706933531249999 0.47981798593749997 0.9833567296875
0 0.5200133953125 0.8979632484375 0.5659419203125 0.8518134984374999 0.53373768125 0.8191096296874999 0.5270206421875 0.8252358390625 0.5092045625 0.811077996875 0.4703058609375 0.8447142124999999 0.48641176249999996 0.8549709921875 0.478830778125 0.8655463828125001 0.5200133953125 0.8979632484375
0 0.4059353625 0.5962310359375 0.4525900265625 0.6346615484375 0.488887140625 0.596282471875 0.4666845734375 0.57656885 0.474818134375 0.56915071875 0.4959704109375 0.5877330703125 0.5075198390625 0.5782337734375 0.47063397656249994 0.5435322046875 0.46360759375000005 0.550995478125 0.4444375703125 0.5369348140625 0.4257468484375 0.5560913656250001 0.43421382968750005 0.5630761109375 0.4059353625 0.5962310359375
0 0.3862453921875 0.5920975921875 0.3462109390625 0.5539587640625 0.30886580937499997 0.591163125 0.35128755312500004 0.62609040625 0.3862453921875 0.5920975921875
0 0.4047094828125 0.53531503125 0.3685295546875 0.571456684375 0.3862453921875 0.5920975921875 0.4257468484375 0.5560913656250001 0.4047094828125 0.53531503125
0 0.2367468578125 0.72406105 0.281611196875 0.6861836546875 0.2612345515625 0.6718996421875 0.256528053125 0.6761921578125001 0.23749825000000002 0.6607004609375 0.200464553125 0.6956970859375 0.2367468578125 0.72406105
0 0.6226557125000001 0.6026507453125001 0.6244816937500001 0.5827412828125 0.6016519265625 0.5787410515625 0.5949823656250001 0.6030680515625 0.584977959375 0.6034220671875 0.579433625 0.6216343281250001 0.59992124375 0.62632275 0.598558415625 0.6378047359375 0.647958015625 0.6475032875 0.6538424421875 0.6377512515625 0.6735713718749999 0.6423869718749999 0.6971670203125 0.6172262500000001 0.6980136796874999 0.5865229921874999 0.6757434984375 0.5863769125 0.67295990625 0.5954934609375 0.6471100812499999 0.5905864125 0.6385626624999999 0.607152403125 0.6226557125000001 0.6026507453125001
0 0.203112046875 0.8856521640624999 0.1749138265625 0.86369134375 0.1638587015625 0.871229815625 0.140749540625 0.854287428125 0.11262752499999999 0.881962953125 0.1009136453125 0.8713410218750001 0.08128355000000001 0.88974089375 0.0929689859375 0.900905890625 0.0862017921875 0.9075742796874999 0.14154120625 0.9509085984375 0.1788832625 0.9204089515625 0.18454909218749999 0.9243842203125 0.2124537046875 0.9004440921875 0.19959301093749998 0.8913645375 0.203112046875 0.8856521640624999
0 0 0.8430738625 0.02034180625 0.8607415953125 0.044366875 0.83984333125 0.0192143890625 0.8212067281250001 0 0.8401255546874999 0 0.8430738625
0 0.1358002671875 0.8254159109374999 0.11907365156250001 0.80873375 0.10744734843749999 0.816793159375 0.0983195234375 0.80788756875 0.0726879640625 0.828720334375 0.091374846875 0.8486824578125001 0.1018532 0.842187146875 0.10847242812499999 0.8483128765625001 0.1358002671875 0.8254159109374999
0 0 0.9744822828125 0.0317768734375 0.97577788125 0.0426845421875 0.965838809375 0.054039932812500004 0.9766855859374999 0.0546979234375 0.9767124125000001 0.0904877625 0.9491100593749999 0.07534033125 0.9330147375 0.08760029531249999 0.9228260374999999 0.075045653125 0.9079031078125 0.057876428125000004 0.920025009375 0.045585775 0.9104462390625001 0 0.94892100625 0 0.9744822828125
0 0.8466937 0.9901478265625 0.8729045 0.969146453125 0.8117456921875 0.919784325 0.7742041921875 0.9474458734375 0.8034913546875 0.9747844859375 0.814537746875 0.9690742515625 0.8350292156249999 0.9902835546875 0.8466937 0.9901478265625
0 0.81428808125 0.9152729609374999 0.8452166343749999 0.94034921875 0.8714933859375 0.9229822546875001 0.8367813500000001 0.8962061421874999 0.81428808125 0.9152729609374999
0 0.8583795249999999 0.875121853125 0.9068569125 0.9148892796875 0.9418800656249999 0.8817263499999999 0.9473645328125 0.8870874375 0.9663247765625 0.867354115625 0.9134753859375 0.8254927640625 0.8583795249999999 0.875121853125
0 0.6533656515625 0.928064484375 0.6137259640625 0.9027419046875 0.6058281953125 0.9069043062500001 0.621765709375 0.920376025 0.5907989125 0.9491981640624999 0.6558839421875 0.9896427156250001 0.69137470625 0.9475518062500001 0.6605450140625 0.9251571625 0.6533656515625 0.928064484375
0 0.6872136703125 0.8924155203125 0.693675796875 0.90112535 0.6751239703125 0.9180453578125001 0.70783395 0.9386009968750001 0.7323473875000001 0.924993478125 0.7488537421875 0.9325889999999999 0.7651851578125 0.9140328640625001 0.7547417656250001 0.908230134375 0.76372703125 0.8978426109375001 0.7399806109375 0.8822674546875 0.744122296875 0.87629746875 0.731418675 0.8696189046875 0.72251305 0.8784858468750001 0.7021641421875 0.8707336578125 0.6872136703125 0.8924155203125
0 0.3072851171875 0.7783553078125001 0.3038515640625 0.7728819203125 0.3285376 0.7493330203124999 0.304504621875 0.7296753812500001 0.28343528125 0.7448165375 0.2635868265625 0.73706298125 0.252126634375 0.7419508953125 0.2167540078125 0.765586540625 0.271466496875 0.8105062000000001 0.3072851171875 0.7783553078125001
0 0.33158093593750004 0.757272159375 0.3095648109375 0.7742903828125 0.3131058625 0.78020353125 0.30452268125000004 0.7849910578125 0.308197984375 0.78834094375 0.2763880296875 0.817477009375 0.32677676093749997 0.8614584687500001 0.39056721250000004 0.8044994296875 0.33158093593750004 0.757272159375
0 0.43129723125 0.6827300375 0.40841362031250006 0.6627274187500001 0.41311670468750006 0.658500071875 0.37502865 0.62805974375 0.30962171562499996 0.6913747171875 0.3722283171875 0.7413401015625001 0.38361907500000003 0.7273934671875 0.35239683125 0.702109315625 0.3613472890625 0.6944632625 0.394479646875 0.72356955625 0.3973455859375 0.7199421421875 0.40641606093749993 0.712496903125 0.412457959375 0.7171841125 0.42760907656249997 0.7037173265625001 0.4176416921875 0.695887725 0.43129723125 0.6827300375
0 1 0.23739805625 0.9827188250000001 0.223291121875 0.96271210625 0.2384973703125 0.90470631875 0.197057084375 0.8857347890625 0.2174212453125 1 0.311851146875 1 0.23739805625
0 0.9097143171875001 0.1870080859375 0.9644617046875 0.229599890625 0.9845127046875 0.213132846875 0.9279767234375 0.1685524484375 0.9097143171875001 0.1870080859375
0 0.8792108359374999 0.08527886875 0.8851804109374999 0.0730704125 0.8625271453125001 0.056146609375 0.8565670093750001 0.059451946874999995 0.818138953125 0.020965003125 0.7638609390625 0.038779443749999996 0.7829972921875 0.055559853125 0.8602109875 0.11698350625000001 0.8846601281250001 0.09172696875 0.8792108359374999 0.08527886875
0 0.8679219281250001 0.3456760953125 0.7799979140625 0.36745212656250004 0.7866542296875 0.40153071718750005 0.77476836875 0.408730553125 0.7898250625000001 0.45854229843749994 0.8954180171875 0.43670298125 0.8679219281250001 0.3456760953125
0 0.7558088749999999 0.30383658750000003 0.7800887734375 0.32916422343749996 0.8006579390624999 0.3152652734375 0.8130431187499999 0.323454684375 0.8365197640625001 0.30264290312500003 0.797831721875 0.271612115625 0.7558088749999999 0.30383658750000003
0 0.657562828125 0.443767315625 0.73899568125 0.3702212625 0.719569478125 0.3448520625 0.619688428125 0.433754984375 0.634970665625 0.44976872500000004 0.64679859375 0.4440903546875 0.657562828125 0.443767315625
0 0.583478159375 0.7383938031249999 0.5442108328125 0.779068134375 0.5888343828125 0.8193097343750001 0.611748584375 0.797190653125 0.6148614453125 0.7992332390625 0.6317882984375001 0.78135445 0.583478159375 0.7383938031249999