0 0.663484553125 0.6263507359375 0.6952860671875001 0.616411284375 0.6692659109375 0.5314507109375 0.636644321875 0.538013490625 0.663484553125 0.6263507359375
0 0.3616830890625 0 0.319228203125 0.0205001953125 0.46445265312500006 0.5283858078125 0.6143778328125 0.49832142187499995 0.47469909218749995 0 0.3616830890625 0
0 0.47469909218749995 0 0.6143778328125 0.49832142187499995 0.7640586625 0.4690049328125 0.639363265625 0.014050414062499999 0.5650184953124999 0 0.47469909218749995 0
0 0.836047409375 0.14104326250000002 0.7644743515625 0.135593578125 0.7621633984375 0.254064284375 0.83012505 0.2550879390625 0.8267079687500001 0.375527640625 0.9214193859375 0.3786346140625 0.9249237953125 0.111193615625 0.8360660125000001 0.10656112031250001 0.836047409375 0.14104326250000002
0 0.8966827796875 0.1050395828125 0.8998187796874999 0.063273884375 0.781707471875 0.0409520359375 0.7709432515625 0.06185520625 0.7761599765625 0.11012276562500001 0.829115190625 0.102320740625 0.8966827796875 0.1050395828125
0 0 0.5887131671875 0.0159128203125 0.5762045687499999 0.0589094015625 0.5432880203125 0 0.47628253281250005 0 0.5887131671875
0 0.05172023906249999 0.4072537734375 0.113894040625 0.384541028125 0.186676434375 0.35115064687499997 0.0551237796875 0.158432771875 0.015591865625000001 0.3505370234375 0.05172023906249999 0.4072537734375
0 0.18889064375 0.0851447203125 0.200248928125 0.1066441296875 0.1946792765625 0.1108551203125 0.25047706718749996 0.19175561875 0.2595965421875 0.189962478125 0.3094825375 0.2733304015625 0.3872158046875 0.257415184375 0.319228203125 0.0205001953125 0.18889064375 0.0851447203125
0 0.192068075 0.10607360937500002 0.13827011718749999 0.130936503125 0.178703865625 0.1925526671875 0.18999303437499998 0.1873580046875 0.2148504296875 0.2203930296875 0.2572212390625 0.1990878796875 0.25047706718749996 0.19175561875 0.1946792765625 0.1108551203125 0.192068075 0.10607360937500002
0 0 0.8825970062499999 0.040688126562499996 0.9114727125 0.0465349953125 0.9061343390625 0.05904051406250001 0.91766368125 0.0794295703125 0.89912401875 0.0823838640625 0.8928986578125 0 0.835035534375 0 0.8825970062499999
0 0.186676434375 0.35115064687499997 0.16147249375 0.3639705015625 0.23638414375 0.4883460265625 0.26708431250000003 0.475407815625 0.1955540890625 0.3545980921875 0.186676434375 0.35115064687499997
0 0.57015078125 0.6966500171875001 0.5472962703124999 0.7429928953125 0.6458166828125 0.874167096875 0.864761015625 0.74318515 0.86159583125 0.5922113484375 0.7760845390625 0.631749446875 0.57015078125 0.6966500171875001
0 0.6036500515625 0.5680332203125 0.591809190625 0.572942115625 0.6083375265625001 0.6215097328125 0.5673569671875 0.6344108390625001 0.578252028125 0.65541431875 0.6550959046875 0.6297567109375 0.627595603125 0.5403418249999999 0.595847603125 0.5451866046875 0.6036500515625 0.5680332203125