0 0.8254612765625 0.0764127328125 0.75756105 0.0840059734375 0.782751996875 0.186919009375 0.78867366875 0.2144490046875 0.7950589546875 0.21358064843750002 0.80965289375 0.2634150625 0.8827394859375 0.2533578359375 0.88823294375 0.24408712656249998 0.86164686875 0.1596039 0.8520196390624999 0.1585141046875 0.8500008125 0.15654171875 0.8254612765625 0.0764127328125
0 0.9210263875000001 0.1113767453125 0.9265926484375001 0.095452265625 0.9272176906249999 0.066172128125 0.926129228125 0.055625960937499996 0.8375142296875 0.072023196875 0.8342504046875 0.07925062499999999 0.8418353859375 0.11324250312499999 0.850483015625 0.1131418796875 0.8574730718750001 0.13658184375 0.8613700078125 0.1413437734375 0.865406521875 0.1581008015625 0.8736165437500001 0.16281254218750002 0.9056424671875 0.150421703125 0.9112871296874999 0.141235078125 0.9188240750000001 0.1286785109375 0.9210263875000001 0.1113767453125
0 0.962384421875 0.22963945468750002 0.9761654359374999 0.21698876875 0.988470565625 0.2029173703125 0.9743988515625001 0.1518535984375 0.9609786250000001 0.1328021234375 0.9405859187500001 0.13424123125 0.9178485609375 0.1389053203125 0.908016609375 0.1534200859375 0.892504934375 0.16119778906249999 0.8800809968750001 0.1705920640625 0.8904956593750001 0.1987779953125 0.902529959375 0.20200734687500002 0.935151059375 0.20018987500000002 0.937643759375 0.207843925 0.9601730249999999 0.20374024687499998 0.9621889171875001 0.21283773125 0.907526346875 0.21825960156250002 0.902376234375 0.229371965625 0.9231585375 0.241126865625 0.962384421875 0.22963945468750002
0 0.9946569468750001 0.2900833671875 0.9621616890625001 0.30087125000000003 0.9879630828125 0.3898489625 0.9958000546875001 0.38832184375 0.9946569468750001 0.2900833671875
0 0.809923434375 0.4249921109375 0.7374860937500001 0.437359575 0.74064288125 0.46150943906249997 0.8498114703124999 0.437211446875 0.8372531515625001 0.39816971093750003 0.8085367296875001 0.40541431406250006 0.809923434375 0.4249921109375
0 0.9963816453125001 0.62776018125 0.9961922109374999 0.6267475109375 0.9741310015625 0.5659475484375001 0.9017940375 0.586941184375 0.9141105359375 0.6513097640625001 0.9217562750000001 0.670235284375 0.9962473015625 0.650851784375 0.9963816453125001 0.62776018125
0 0.905812125 0.731219946875 0.9262018937500001 0.7977694578125 0.9505580984374999 0.793902053125 0.9336986406250001 0.7208946125 0.905812125 0.731219946875
0 0.8639999515625 0.8856250765624999 0.8829184 0.9290137828124999 0.927198934375 0.9184976859375 0.932466209375 0.9248317859374999 0.972755528125 0.9143621312500001 0.9619388437499999 0.8792918828125 0.964684690625 0.8736586000000001 0.95883268125 0.8521154234375 0.952396459375 0.8486063234375001 0.8686158140625 0.8691751312499999 0.8639999515625 0.8856250765624999
0 0.8820330999999999 0.9562152265625 0.8817652203125 0.9682365265625 0.888344 0.982152575 0.90191301875 0.98079286875 0.90977406875 0.998149225 0.994232503125 0.9971664609375 0.994528859375 0.9462271453125 0.990987121875 0.9337653796875 0.9754382421875001 0.9383458234375001 0.968542878125 0.9304210875000001 0.8820330999999999 0.9562152265625
0 0.750718840625 1 0.7980759374999999 0.99944895 0.8192693765625 0.9976356859375001 0.823479825 0.9869205531249999 0.8246356968749999 0.9719058359374999 0.8179332625000001 0.939985409375 0.8085407953124999 0.9350942765625 0.7939216046875 0.9402648109375 0.7857239625 0.9237064281249999 0.7700437921875001 0.9225368390625001 0.7652205828125 0.9082569859375 0.7425687796875 0.909207315625 0.7384589781249999 0.9009067921874999 0.7154790765625 0.9031700640625001 0.70491525625 0.911963246875 0.7117750046875 0.9278933640625 0.715933009375 0.942180959375 0.7272648890625 0.9403751390625 0.73071499375 0.95100113125 0.714734440625 0.9535263359374999 0.7224531468750001 0.986100228125 0.7281453109375 0.988373246875 0.737186996875 1 0.750718840625 1
0 0.6894038203124999 1 0.6876493421875 0.9921494624999999 0.6959306390625 0.9863873859375 0.6821647015625001 0.9505359359375 0.6741490812500001 0.9496205359375001 0.670656528125 0.9353466609375 0.6639013984375 0.9284075015625 0.6561517046875001 0.9208360843750001 0.63914911875 0.9203686359375001 0.6311839359375 0.9237877796875 0.6320081890625 0.9374488734374999 0.59046655625 0.9472678078125 0.59641090625 0.9712135484375001 0.6114798078125 0.9770258359374999 0.6274661218750001 0.97683981875 0.6312905203125 0.9901226265625 0.6243186359374999 0.9922210890625 0.61457884375 0.986990621875 0.5963195125 0.9928688031249999 0.5985091515625001 1 0.6894038203124999 1
0 0.4574847359375 1 0.45057712499999997 0.968854340625 0.40589162031250003 0.9777655703124999 0.3476316328125 0.9912557312500001 0.35032438906249996 1 0.4574847359375 1
0 0.12982125625000002 1 0.1269866875 0.9761607296875001 0.1413448984375 0.9725384281249999 0.11268660625 0.8870277249999999 0.07365958593750001 0.8990064234374999 0.0725677640625 0.9047706890624999 0.0478722375 0.9108310671875 0.0437040265625 0.8993549890624999 0.026470425 0.9030107468749999 0.048408045312499995 1 0.12982125625000002 1
0 0 0.7565366421874999 0.0008394203125 0.828676275 0.0081146328125 0.8600232562500001 0.030815759375 0.8799110234375 0.0888347140625 0.8659944484375 0.083280046875 0.8349620312500001 0.099942253125 0.8301540265625 0.0775204796875 0.7365228609375001 0.0315637140625 0.7468438515625 0.0346333625 0.7635048249999999 0.004034353125 0.7694192875 0.001430540625 0.7522163671875 0 0.7524809718750001 0 0.7565366421874999
0 0.24361409687500002 0.690981346875 0.2332940640625 0.67092805 0.1040296359375 0.6594697078125 0.09630575625 0.6965369625 0.113263784375 0.7097742499999999 0.2344188140625 0.72516848125 0.2443373609375 0.7125627421875 0.24361409687500002 0.690981346875
0 0.6152684234375 0.0281675640625 0.715652790625 0.38876829375 0.7920371171875 0.368864996875 0.6963263046875 0.0040511078125 0.694205590625 0.0040387703125 0.6496484859375 0.013367154687499999 0.6152684234375 0.0281675640625
0 0.5533940359375 0.415293625 0.46161705937499997 0.07695514375 0.417989715625 0.0827422109375 0.3831385875 0.09947959375 0.47441526874999995 0.43539879687500005 0.5533940359375 0.415293625
0 0.583852734375 1 0.5844818609375 0.99362891875 0.5704861390625 0.9601623171875 0.5155698296875 0.9677547046875 0.5109402609375 0.9553611703125 0.47557510625 0.9684990796875 0.475963925 0.9779374140625 0.48260270937499994 1 0.583852734375 1
0 0.6695622921875 0.9206156546875001 0.701449259375 0.9110378296875 0.7144775046875 0.900091328125 0.758076915625 0.8955922484375 0.7625213078125 0.9031377421875 0.8622797453125 0.877962040625 0.8641497593749999 0.8671453781249999 0.9287381343750001 0.8515857015625 0.924490990625 0.8296375546875 0.6623540984375 0.8894951750000001 0.6695622921875 0.9206156546875001
0 0.16587617500000001 0.100269325 0.10444816875 0.1199985921875 0.0976794703125 0.13218138125 0.2091695203125 0.5047354515625 0.338399909375 0.47269265625 0.33308118124999997 0.460092528125 0.2332080359375 0.095472634375 0.16587617500000001 0.100269325
0 0.452627284375 0.43681121875000006 0.35464630625 0.0854107703125 0.313760578125 0.0870454171875 0.273681934375 0.1082431421875 0.3728081703125 0.4584713671875 0.452627284375 0.43681121875000006
0 0.7075972484374999 0.38811089062500004 0.6067059375 0.035585412500000003 0.554419021875 0.0459800609375 0.5021912984375 0.063305940625 0.600691221875 0.4095067765625 0.7075972484374999 0.38811089062500004
0 0.7330373078125 0.0042646859375 0.6994151515625 0.004069078125 0.756799096875 0.2140258421875 0.7778527296875 0.208522903125 0.7844852312499999 0.20123481718749997 0.7330373078125 0.0042646859375
0 0.7598380625 0.23173876249999997 0.79902448125 0.3680969375 0.8305084875000001 0.3589315609375 0.7945288203125 0.223351590625 0.7598380625 0.23173876249999997