0 0.7457750078125 0.831130621875 0.7669100546875 0.97441736875 0.8400991859375001 0.9690060656249999 0.8135164406250001 0.8339226421875001 0.7457750078125 0.831130621875
0 0.7360611125000001 0.9300423406249999 0.7393248156250001 0.8760248421875 0.67985620625 0.8784214828125 0.6879600406249999 0.935945153125 0.7360611125000001 0.9300423406249999
0 0.9558587953125001 0.768718034375 0.8748390109375 0.778051184375 0.8776346625 0.8175370687499999 0.948693790625 0.8080548859375 0.9558587953125001 0.768718034375
0 0.96325603125 0.723879378125 0.8688006250000001 0.7393468328125 0.8731721578125 0.772237209375 0.9567795671875 0.7636628734375 0.9634725921875 0.7269172421875 0.96325603125 0.723879378125
0 0.8564646296875 0.6856377671875 0.653439771875 0.711123675 0.6626259640625001 0.7519666640625 0.8598377109375 0.732349190625 0.8564646296875 0.6856377671875
0 0.7157912859375 0.6943846046875 0.8509835609374999 0.6798587484375 0.8375102734375 0.6353637796875 0.644176971875 0.6584777859375001 0.6525467265625 0.7009471578124999 0.6924321531250001 0.6965103171875 0.6999597984375 0.685341434375 0.7107578640625001 0.68774728125 0.7157912859375 0.6943846046875
0 0.7573630078125 0.5792461234374999 0.6292269546875 0.5981001953125 0.6382663749999999 0.6466032859374999 0.8383313046875 0.6208032203125 0.8192802406249999 0.573344946875 0.77749550625 0.5823830875 0.7573630078125 0.5792461234374999
0 0.7190791640625 0.5290804765625 0.61602788125 0.5439888390625 0.6260889796875 0.5835698640625 0.7669654421875001 0.5681101875000001 0.7685339718749999 0.5615550390624999 0.7952006765624999 0.5572636734375 0.80601628125 0.564942428125 0.826331403125 0.562050303125 0.81264405 0.516788525 0.8037632859375 0.5141378750000001 0.7619115109375 0.5326831656250001 0.7418342906250001 0.5363254796875 0.7190791640625 0.5290804765625
0 0.7761547249999999 0.5105769875 0.8100373812500001 0.5100796390625 0.8033253140625 0.46604905625 0.6047275421875 0.48642169218750003 0.6148381656249999 0.5296149265625 0.717817671875 0.51898473125 0.7297916515625 0.5045389484375 0.74242589375 0.5002910859374999 0.7761547249999999 0.5105769875
0 0.792566328125 0.414534640625 0.59309380625 0.43217004374999995 0.6034947015625 0.47399812187499996 0.80105704375 0.45702536250000003 0.792566328125 0.414534640625
0 0.5809786828125 0.3581705765625 0.599018996875 0.36308366875 0.6076611765625 0.3663587421875 0.6473356328125 0.373361603125 0.6621821812500001 0.37273276875 0.6709435187499999 0.3575324671875 0.6828897921875 0.350892778125 0.690341021875 0.36070633124999996 0.701906215625 0.36849656406250003 0.767788671875 0.3648158203125 0.73836908125 0.22885674374999998 0.557460046875 0.24978958125 0.5809786828125 0.3581705765625
0 0.5278501734375001 0.168452975 0.547637878125 0.16834219687500002 0.55095135 0.1764255953125 0.5717626984375 0.170809103125 0.5707739296875001 0.165156475 0.5825602062499999 0.16327928125 0.562735490625 0.07562972968750001 0.506511496875 0.0882013734375 0.522739725 0.14715906406249998 0.53109894375 0.1555290296875 0.5240762453125 0.1611839609375 0.5278501734375001 0.168452975
0 0.5387451750000001 0.5104141875 0.4785140125 0.516654628125 0.47838893281250006 0.5470433140625001 0.5447593546875 0.5425113796875001 0.5387451750000001 0.5104141875
0 0.21933961875 0.71092416875 0.22326419843749998 0.7727716828125 0.28156384375 0.77325144375 0.2784661984375 0.707092421875 0.21933961875 0.71092416875
0 0.21416359375 0.7883495171875 0.21741365468749999 0.80968998125 0.26355978593749996 0.8133776781250001 0.2628607390625 0.785343040625 0.21416359375 0.7883495171875
0 0 0.8212200453125 0.16116348593750002 0.8122381187500001 0.131543765625 0.5332089828125001 0.0414605375 0.54340766875 0.052271771875 0.7552543515625 0 0.7558020515625 0 0.8212200453125
0 0 0.5493002171875 0.07960085312500001 0.5394126578125 0.0710129484375 0.3716790890625 0.011643906249999999 0.3777559015625 0.003866225 0.42045644531250004 0.0074334859375000005 0.48780708125 0 0.48778612343749994 0 0.5493002171875
0 0.9137319859374999 1 0.9141973921875 0.9974448593749999 0.8854324312499999 0.8344729187500001 0.83378858125 0.840062840625 0.8604991249999999 1 0.9137319859374999 1
0 0.90166376875 0.8540013125 0.9204294421875 0.9632300453125 0.9423447671874999 0.8429119046875 0.90166376875 0.8540013125
0 0.9849868078125 0.608801253125 0.9968365875 0.5437443281250001 0.99698844375 0.517642503125 0.9697747765625 0.5226734375000001 0.9849868078125 0.608801253125
0 0.952426190625 0.5125918015625001 0.9970536890625 0.5064277890625 0.9973715406249999 0.4517936734375 0.941728140625 0.460171653125 0.952426190625 0.5125918015625001
0 0.941360490625 0.45864870937499996 0.9973784859375 0.45060008125 0.997679615625 0.39884032343750003 0.932978465625 0.407678821875 0.941360490625 0.45864870937499996
0 0.8518273203125 0.33205439062500003 0.9981143765624999 0.324111090625 0.9988474937499999 0.1980989125 0.8318661390625 0.216594478125 0.8518273203125 0.33205439062500003
0 0.8145622015624999 0.157259453125 0.8236367 0.21630835624999997 0.8974572671875001 0.209029721875 0.887796396875 0.146003071875 0.8145622015624999 0.157259453125
0 0.8933823953125 0.15086329375000002 0.902477053125 0.20991575468749998 0.9810000062500001 0.20046771406250002 0.962215615625 0.140121521875 0.8933823953125 0.15086329375000002
0 0.983243428125 0.20048876875000002 0.998845296875 0.1984766796875 0.9992089765625 0.1359653875 0.9730968265625 0.13750135624999998 0.983243428125 0.20048876875000002
0 0.4315204140625 0.7023430562499999 0.4196744375 0.643658965625 0.39595886875 0.6475130828125 0.407780025 0.7045056203125 0.4315204140625 0.7023430562499999