0 0.163872384375 0.4259007828125 0.13882724531249999 0.3958550453125 0.12412450156249999 0.40942486406249995 0.149673740625 0.44177903125 0.163872384375 0.4259007828125
0 0.3033086109375 1 0.3132011015625 0.9891226156249999 0.3689760984375 0.8518403390625 0.32411374843749996 0.814097315625 0.2648958203125 0.9444147968750001 0.2223868625 0.9042465453125 0.18953425 0.9479038109375001 0.243208753125 1 0.3033086109375 1
0 0.9595520125 0.284386075 0.8800818375 0.23376134531249998 0.8225405406249999 0.3762509484375 0.9008663140625 0.4348372203125 0.9595520125 0.284386075
0 0.28763515 0.43010603906249995 0.2128677828125 0.3230214640625 0.1648116671875 0.3750528390625 0.2472737578125 0.47327316406250003 0.28763515 0.43010603906249995
0 0.1855909265625 0.6463287531249999 0.0628481953125 0.8085904796875001 0.13382565625 0.8921402609375001 0.159547090625 0.85749345 0.1788094984375 0.8631182890625 0.193599103125 0.8418938812500001 0.1668008015625 0.80175999375 0.20216023437500003 0.753945659375 0.2177826046875 0.6603183546875 0.1855909265625 0.6463287531249999
0 0.8697672203125 0.770790846875 0.8484755875 0.7558736046875 0.853941503125 0.7491624031249999 0.8220873750000001 0.7239845984375 0.8243620703125 0.702659871875 0.7900794078125 0.6803122578125 0.7547992531250001 0.7716539359375 0.68664795 0.7264202078124999 0.6597854937500001 0.7718529968750001 0.6962065265625 0.798843084375 0.6753229593750001 0.836636615625 0.7262881250000001 0.873019421875 0.7121072734375 0.9002149703125 0.7946835515624999 0.9497078015625 0.81172135 0.9460818203124999 0.8697672203125 0.770790846875
0 0.56118505625 0 0.5029417578125 0.1425701265625 0.6398618265625 0.24344931875000003 0.745458146875 0 0.56118505625 0
0 0.2128677828125 0.3230214640625 0.28763515 0.43010603906249995 0.30354077031250004 0.44039639062499997 0.3503307703125 0.3862187578125 0.39313628437500003 0.32484355625 0.274937453125 0.15866609062499998 0.2543208625 0.1341061203125 0.220554690625 0.16702569218750002 0.267641675 0.25025519687500003 0.2128677828125 0.3230214640625
0 0.6417609046874999 0.259729940625 0.49672820624999997 0.1522246484375 0.4185957875 0.3205512390625 0.556912815625 0.4278275171875 0.6417609046874999 0.259729940625
0 0.1356952390625 0.332730446875 0.140840928125 0.34103205000000003 0.1463647046875 0.3478815546875 0.169468046875 0.318848540625 0.14172040156250001 0.28991022499999997 0.11733762968749999 0.260931378125 0.093034140625 0.28755843125 0.1356952390625 0.332730446875
0 0.9008663140625 0.4348372203125 0.8225405406249999 0.3762509484375 0.76803535 0.4910711984375 0.850235196875 0.54979518125 0.9008663140625 0.4348372203125
0 0.2160027359375 0.48447306718750005 0.1958947546875 0.4659874359375 0.1716065328125 0.49259076718749994 0.18879211406250002 0.513049503125 0.2160027359375 0.48447306718750005
0 0.6753229593750001 0.836636615625 0.6962065265625 0.798843084375 0.6597854937500001 0.7718529968750001 0.6168093109375 0.8546374218749999 0.5848998140624999 0.9308903234375 0.6551273890625 0.9728979703125 0.673402984375 0.9676369296875 0.7262881250000001 0.873019421875 0.6753229593750001 0.836636615625
0 1 0.7215424374999999 0.9718002046875001 0.73335361875 0.98524836875 0.7791128890625 1 0.77419441875 1 0.7215424374999999
0 0.0317747390625 0.21442845312499997 0.07413619375 0.1547650546875 0.059028115625 0.137078309375 0.0794684953125 0.11663710000000001 0.0956760765625 0.1357071484375 0.12126368750000001 0.1021328953125 0.093178784375 0.07539545625 0.0056256 0.094028503125 0.000555121875 0.09541746875 0.0006598015625 0.1134102484375 0.024125853125 0.131649703125 0.00094903125 0.16312452500000002 0.0010659093749999999 0.1832142125 0.0317747390625 0.21442845312499997
0 0.21374247343750002 0.14931355468750002 0.2435126734375 0.120192390625 0.21349444687500002 0.07767294687500001 0.1951462484375 0.064156025 0.16659023125 0.089661359375 0.21374247343750002 0.14931355468750002
0 0.18879211406250002 0.513049503125 0.033916178125 0.69314334375 0.03917506875 0.7172253375000001 0.058676457812500006 0.7386447453125 0.24270744687499998 0.5202458359375 0.2160027359375 0.48447306718750005 0.18879211406250002 0.513049503125
0 0.460699821875 0.598937459375 0.4996632390625 0.5655669171875 0.5442978671875001 0.487568046875 0.434015140625 0.35764073281250003 0.34016130312500004 0.4750415390625 0.40921419062500003 0.5529616296875 0.460699821875 0.598937459375
0 0.7900794078125 0.6803122578125 0.8464567609375001 0.5457883578125 0.77128176875 0.4971360984375 0.726756775 0.6021348468750001 0.7418652765625 0.6095240203125 0.725516946875 0.6361572453125001 0.7900794078125 0.6803122578125
0 0.4977706765625 0.6363938124999999 0.40921419062500003 0.5529616296875 0.362235984375 0.6025321421875 0.45349257187500003 0.702729584375 0.4977706765625 0.6363938124999999
0 0.923695865625 0.08610830625 0.8958829749999999 0.1475069046875 0.9288809796875 0.1699641421875 0.93875910625 0.155087275 0.923695865625 0.08610830625