0 0.061390889062499995 0.7058324296875 0.0608001390625 0.7389443 0.08401419843749999 0.738223378125 0.08622540468749999 0.7072452874999999 0.061390889062499995 0.7058324296875
0 0.0700801125 0.5630925953125 0.056569075 0.5677094828125 0.0458053453125 0.5710667671875 0.0510159109375 0.585930225 0.0986769171875 0.5849602453125 0.0994658109375 0.5618997875 0.0700801125 0.5630925953125
0 0.125211734375 0.8312497562500001 0.1049356484375 0.8275989734375001 0.0734756234375 0.84047245 0.073730484375 0.8956222640625 0.1253965265625 0.8900780718749999 0.125211734375 0.8312497562500001
0 0.191854171875 0.550252715625 0.19597585312500002 0.778849903125 0.3374606875 0.7618419359375 0.333991359375 0.534208846875 0.191854171875 0.550252715625
0 0.449359853125 0.535542328125 0.447659440625 0.5599672890625 0.463487403125 0.5596767515625001 0.4654756390625 0.5369002546874999 0.449359853125 0.535542328125
0 0.98697856875 0.29463721718749997 0.9982847390625 0.289010440625 0.9986991062499999 0.217786821875 0.9679089359375 0.2346073765625 0.98697856875 0.29463721718749997
0 0.5529109359375 0.4297582453125 0.557688040625 0.48403040468749997 0.5845709828125 0.4818685078125 0.5788788765625 0.42592444531250007 0.5529109359375 0.4297582453125
0 0.5253514218750001 0.43376458281249997 0.5299160578125 0.4868466953125 0.5534632312500001 0.48384789375 0.5477548296875 0.43330111406249994 0.5253514218750001 0.43376458281249997
0 0.5328009875 0.49340942656250003 0.5367874859375 0.5109400203125001 0.5731164718749999 0.5023294875000001 0.5710606765625 0.484672084375 0.5328009875 0.49340942656250003
0 0.4603653859375 0.9278059890625 0.4610755328125 0.991248853125 0.51111251875 0.9859943921875001 0.5058341078125 0.9219355765625 0.4603653859375 0.9278059890625
0 0.498472903125 0.9217784312499999 0.5058341078125 0.9219355765625 0.52973760625 0.9213687390624999 0.5309598078125 0.8999356109375001 0.49422217812499997 0.9007687703125 0.49553913906249997 0.9129066984374999 0.5032566671875001 0.9154958093750001 0.498472903125 0.9217784312499999
0 0.5160799296875 0.8620278578124999 0.5160407171875 0.8859432875 0.536085565625 0.88324651875 0.532926009375 0.8600611875 0.5160799296875 0.8620278578124999
0 0.47778688437500005 0.7893406140625 0.478280690625 0.8623307453125 0.536732565625 0.8551749578125 0.5352452578125 0.78897850625 0.47778688437500005 0.7893406140625
0 0.557985546875 0.7835684890625 0.558763634375 0.8519717328124999 0.5876267859375 0.846979771875 0.581414996875 0.7840176296875 0.557985546875 0.7835684890625
0 0.6149511421875 0.8730973171875 0.6190468296875 0.900035690625 0.666803590625 0.8961853140624999 0.665314340625 0.8843909125 0.6714830578125001 0.8839390109374999 0.671417528125 0.8646346734374999 0.663436846875 0.8687135874999999 0.662944409375 0.8435650765625 0.6526640031250001 0.8457038796875 0.64944595625 0.8414190296875 0.6507323406250001 0.834848221875 0.658536346875 0.827526171875 0.6549945640625 0.8100147890624999 0.6337172203125 0.812932509375 0.63389450625 0.8007311749999999 0.6156681984375 0.7979476562500001 0.60638174375 0.8044178093750001 0.6059205859375 0.8580651781249999 0.6152138421875 0.862537528125 0.6149511421875 0.8730973171875
0 0.6444743546875 0.7607956328125 0.6390195203125 0.756922328125 0.6322523984374999 0.7604924828125 0.6339854171875 0.775905821875 0.643646178125 0.775639509375 0.6444743546875 0.7607956328125
0 0.687856853125 0.8117561656250001 0.687103584375 0.830399965625 0.67539096875 0.834403575 0.67754049375 0.8425175546875 0.6921461265625 0.8355624578124999 0.68737575625 0.7601007921875 0.6573756390625001 0.7641040609374999 0.66481053125 0.8061833328124999 0.6726902906250001 0.8072457859375 0.6745239484375001 0.8159895640625001 0.687856853125 0.8117561656250001
0 0.6216782765625 0.920990025 0.6209533953124999 0.95654923125 0.6346747671874999 0.954528003125 0.6343387125 0.9206595312499999 0.6216782765625 0.920990025
0 0.6357311890624999 0.9139196484375001 0.6387701671875 0.9654716531249999 0.6732050890625 0.95951941875 0.6746616078125001 0.9106110968750001 0.6357311890624999 0.9139196484375001
0 0.6231365249999999 0.9680500578125001 0.62349898125 0.9864367875 0.63789130625 0.9881735968750001 0.6394119015624999 0.9694295046875 0.6231365249999999 0.9680500578125001
0 0.650311225 0.9672315234375001 0.6548145953125 0.9837315375 0.6730567453125 0.9772260125000001 0.6720705421875001 0.9658865703125 0.650311225 0.9672315234375001
0 0.6871644 0.8630903046875 0.687176603125 0.88456761875 0.6967087375000001 0.8819815421874999 0.6979191546875 0.8976300484375 0.6892779203125 0.9038611921875 0.6952977296875 0.9180594984375 0.7353417359375001 0.908666221875 0.7308848796875 0.8573509250000001 0.6871644 0.8630903046875
0 0.6959497015625 0.8202639953125 0.6968724078124999 0.8334286625 0.7095379015625001 0.8316725734375 0.7101818765625 0.8189229015624999 0.6959497015625 0.8202639953125
0 0.7205490218749999 0.75776826875 0.7231682187499999 0.7829794078125001 0.7378578078125 0.7812924812500001 0.7353706625 0.7510052968750001 0.7205490218749999 0.75776826875
0 0.72696693125 0.8293362468750001 0.73774431875 0.8293631171875001 0.7375229062499999 0.8114029140625 0.7276794609375 0.8133357531250001 0.72696693125 0.8293362468750001
0 0.7589570812499999 0.7964237296875 0.7546669625 0.7680328624999999 0.7390589984375 0.7641761046875 0.742940209375 0.8266610062499999 0.79834689375 0.817933228125 0.79582755 0.7919001609375 0.7589570812499999 0.7964237296875
0 0.7812507234375 0.7473297640625 0.7783902031250001 0.790954928125 0.8017510937500001 0.787421621875 0.8012816328125 0.7469539109375 0.7812507234375 0.7473297640625
0 0.8531378453125 0.7673732390625 0.8561524281249999 0.8049036796875001 0.84183691875 0.8072319312499999 0.8445604718749999 0.8343724296874999 0.903350125 0.82282035 0.900438309375 0.7555149328125 0.8531378453125 0.7673732390625
0 0.9536488437499999 0.6473239828125 0.9692245484375 0.6377693765625 0.9679465890625 0.6323198375 0.9777701999999999 0.6295489328125 0.9746994796875 0.5933760734375 0.9488537062500001 0.6005475359375 0.9536488437499999 0.6473239828125
0 0.9080728484374999 0.390052046875 0.9148955750000001 0.44716732343750004 0.94882334375 0.4314683953125 0.9403400984375001 0.3770836578125 0.9080728484374999 0.390052046875
0 0 0.7427067796875 0.007297912500000001 0.7436907796875001 0.030525967187500003 0.7510811515625 0.049886825 0.74749751875 0.0386506140625 0.7401755156250001 0.0390167515625 0.6948284984375 0.016560298437500003 0.6989931359375 0.0158186484375 0.6854249984375 0 0.6865794609375 0 0.7427067796875