0 0.9856831078124999 0.84096328125 0.922269203125 0.76591003125 0.680533859375 0.9411651265625001 0.7128823640624999 0.97162000625 0.827705459375 0.95345055625 0.9856831078124999 0.84096328125
0 0.4796706765625 0.6444349593750001 0.3837490453125 0.7158640546874999 0.53496284375 0.8792823109375 0.6331813281249999 0.8078510265625001 0.4796706765625 0.6444349593750001
0 0.7772253171875 0.6993961546875 0.8535621499999999 0.6412452140625 0.6777374125 0.467780903125 0.6000790828125 0.5171306625 0.7772253171875 0.6993961546875
0 0.6794767625 0.46091795625 0.858834278125 0.6403897093750001 0.92862580625 0.5889696734375 0.753216915625 0.40819307499999996 0.6794767625 0.46091795625
0 0.9968609015625001 0.5395652156249999 0.9969829125 0.51859321875 0.8306570390625 0.349187528125 0.7569014953125001 0.40724876875 0.932544025 0.5888596765624999 0.9968609015625001 0.5395652156249999
0 0.369851765625 1 0.44842192187499996 0.9380279 0.40897166093750004 0.906699228125 0.38241585 0.9123464296874999 0.3725591015625 0.8951417859375 0.2352454109375 1 0.369851765625 1
0 0.0819493765625 1 0.163225459375 0.946223290625 0.1052857328125 0.885859321875 0.08131385937499999 0.9021692578125 0.0776707515625 0.9284803296874999 0.058692140625 0.94461640625 0.067141828125 1 0.0819493765625 1
0 0.8789263578125001 0.6701701921875001 0.9918600734374999 0.7796763765625 0.9947652078125 0.7672100296875 0.9955370390624999 0.7671178078125 0.996330475 0.6307377609375 0.9879895046874999 0.6360816390624999 0.9825104859374999 0.6237307000000001 0.9638750203124999 0.6435101000000001 0.945564475 0.6259643671874999 0.8789263578125001 0.6701701921875001
0 0.364084625 0.0417161 0.38060431562499997 0.073315665625 0.4314949484375 0.0510885890625 0.4160252171875 0.020236659375 0.364084625 0.0417161
0 0.4992823515625 0 0.43636433124999996 0.0227771640625 0.44843976718749995 0.0525724 0.517731909375 0.0249259109375 0.5070711328125 0 0.4992823515625 0
0 0.1058895859375 0.258400775 0.09585371875000001 0.2655352671875 0.06687346875 0.23535492656249998 0.028942240624999997 0.26500913593750003 0.0392143671875 0.2821480515625 0.014891296875000001 0.300617378125 0.0309988078125 0.3196167515625 0.022835260937499997 0.3299613359375 0.0759793390625 0.3862177515625 0.125522953125 0.3505608796875 0.11592296875000001 0.338245765625 0.15164828125000002 0.307516821875 0.1058895859375 0.258400775
0 0 0.5542881125 0.007762709375 0.6080104015625001 0.072739515625 0.5685301078125 0.07394840312499999 0.5491281859375 0.01639656875 0.488936596875 0 0.5002985546875001 0 0.5542881125
0 0.5188041 0.6140167484375 0.6679454671875 0.7757016265625001 0.7659490765625 0.7117845875000001 0.6071522 0.5524776140625 0.5188041 0.6140167484375
0 0.2318741078125 0.1160611578125 0.2269575375 0.1104639421875 0.20531542812499998 0.1283815328125 0.2381521796875 0.1718495796875 0.2846771546875 0.131463953125 0.25140259062500003 0.0996255625 0.2318741078125 0.1160611578125
0 0.343880684375 0.206524675 0.357076028125 0.2131281953125 0.37622103125 0.1979433203125 0.371044871875 0.190644621875 0.3697500921875 0.1821579734375 0.3668377390625 0.1745010546875 0.3719085546875 0.17023479218749998 0.34975805625 0.14243758281250002 0.3346878609375 0.1425059453125 0.32899483281249997 0.1393479203125 0.3254362484375 0.131219490625 0.2735273359375 0.1713095296875 0.31802416718750004 0.2227503203125 0.343880684375 0.206524675
0 0.3453769625 0.09280919843749999 0.327276340625 0.05865470625 0.294369340625 0.0727234046875 0.305573140625 0.090671175 0.29778515156249996 0.095112390625 0.3034147328125 0.108310784375 0.3453769625 0.09280919843749999
0 0.6176367921875 0.14941418281250002 0.5150876015625 0.23275111874999999 0.649780415625 0.3666525828125 0.9104376609375 0.1631787375 0.779465740625 0.0309410578125 0.749954921875 0.0573715203125 0.762272803125 0.0724441609375 0.7413896875 0.086692784375 0.7209124109375 0.064007234375 0.6106667296875 0.13649165624999998 0.6176367921875 0.14941418281250002
0 0.29858029531249997 0.47981539062499995 0.29354173906250003 0.46658722499999994 0.4630149140625 0.33562037031249997 0.4344781859375 0.29315069843749997 0.3103758453125 0.379791921875 0.30415289218749997 0.3717663390625 0.2489872546875 0.417556884375 0.250546859375 0.4343319 0.2460800828125 0.451061740625 0.23732186249999998 0.45946035937499996 0.20681489375 0.4762943828125 0.188229915625 0.47925649375 0.22662683437500003 0.527242384375 0.29858029531249997 0.47981539062499995