0 0.648824953125 0.27492358906250003 0.6674296 0.25416598125 0.666892890625 0.24560463437500002 0.6576288906250001 0.237838809375 0.6327983374999999 0.2657434765625 0.648824953125 0.27492358906250003
0 0.2420518671875 0.79201139375 0.22479688125 0.782098471875 0.20986043125 0.80172025 0.1991440578125 0.7966753125 0.1921638859375 0.8071917281250001 0.1804972828125 0.8007523328125 0.16494493906250002 0.8205087734375001 0.24108159687500003 0.8580036015625 0.2791488953125 0.8110490640625001 0.2420518671875 0.79201139375
0 0.44637565312499994 0.598108003125 0.36450143437500004 0.54902764375 0.32696723906249997 0.5876319890625 0.4063394296875 0.6367698359375 0.42025398281250004 0.6222449078125 0.42635808593749996 0.6252273749999999 0.44904243906249997 0.602976925 0.44637565312499994 0.598108003125
0 0.48617058750000003 0.54999686875 0.4805802234375 0.5464125109375 0.48633760312499996 0.5390563484374999 0.48324347031250003 0.533657778125 0.4854983796875 0.529314975 0.46071034843750003 0.5171103171875 0.4470336953125 0.535165975 0.399020225 0.5075221125 0.36450143437500004 0.54902764375 0.44637565312499994 0.598108003125 0.48617058750000003 0.54999686875
0 0.45010256249999997 0.600497575 0.49537635625 0.628740453125 0.5347629546875 0.5890412453125 0.49400363125 0.565263303125 0.499312425 0.5573821375 0.49081072031249995 0.5521867687500001 0.45010256249999997 0.600497575
0 0.42635808593749996 0.6252273749999999 0.4548607890625 0.642717175 0.4749803703125 0.6174892625 0.44904243906249997 0.602976925 0.42635808593749996 0.6252273749999999
0 0.549030890625 0.4723197328125 0.5590431640625 0.45704579843750004 0.5451356828125 0.4473800953125 0.59842336875 0.3818988546875 0.559060809375 0.36064165625 0.5581765984375 0.3627042421875 0.5416841203125 0.3532254328125 0.44122313281250003 0.46411395625 0.5047239953125 0.5041712578124999 0.5096383437500001 0.4985571359375 0.524410775 0.5062757296875 0.5513720859375 0.4744782109375 0.549030890625 0.4723197328125
0 0.5440901031250001 0.344688275 0.5446473265625 0.3472368078125 0.5600966328125 0.3556085171875 0.6299488828124999 0.275712784375 0.6159172500000001 0.266497034375 0.5440901031250001 0.344688275
0 0.6447738734375 0.28876062187499996 0.6446949328125 0.28839957968749996 0.6442909453125 0.2865518921875 0.6312454671875 0.2778771296875 0.5599444078125 0.3580673859375 0.6678402859375 0.420618134375 0.7321324078125 0.34002432968749996 0.6948264234375 0.32003095937500003 0.6447738734375 0.28876062187499996
0 0.71284401875 0.2633072328125 0.7747172375 0.300093159375 0.7921869218750001 0.280251296875 0.7275532218749999 0.2397963453125 0.71284401875 0.2633072328125
0 0.8777249406250001 0 0.8783453375000001 0.003188628125 0.8847835375 0.029886571875 0.8918278671875 0.0413421578125 0.911214775 0.0236534375 0.906043075 0 0.8777249406250001 0
0 0.3821497515625 0.9841329171875 0.4063673125 0.9935248984375 0.424734884375 0.9676119078125 0.3994102234375 0.9592631 0.3821497515625 0.9841329171875
0 0.426767375 0.964185603125 0.40420515156250003 0.9976822500000001 0.5516545374999999 0.996824415625 0.553168865625 0.9942285265624999 0.426767375 0.964185603125
0 0.1179418015625 0.8830804703125 0.11872345625 0.8779026249999999 0.09901345781250001 0.8756919640625 0.08760219375 0.897391375 0.0803142734375 0.9051771531249999 0.083297634375 0.9188219343749999 0.0947245734375 0.9246740765625001 0.1179418015625 0.8830804703125
0 0.2230192046875 0.7792604562500001 0.236293890625 0.7656765421875 0.2110094703125 0.7531353609375 0.196326275 0.7489799984375 0.18944699843749999 0.7527316765625 0.1936137859375 0.7630361734375 0.1977770453125 0.7688463265625 0.199314053125 0.7758760328125 0.200920715625 0.78322430625 0.19853903125 0.79431525625 0.2115056703125 0.7949961515624999 0.2230192046875 0.7792604562500001
0 0.2264087 0.7513038609375 0.2300784796875 0.7476308359375 0.2447053640625 0.7309696406249999 0.22295980312500002 0.7164975421875 0.2002789828125 0.7432423390625 0.21851418437499998 0.75336375 0.22263690625 0.7530854234375 0.2264087 0.7513038609375
0 0.2893840578125 0.7967945421875 0.29511754218749997 0.8026619265624999 0.329625321875 0.76507534375 0.2711137546875 0.72646400625 0.2542430359375 0.729707640625 0.22578226093749998 0.7572933828124999 0.236293890625 0.7656765421875 0.2230192046875 0.7792604562500001 0.2420518671875 0.79201139375 0.2791488953125 0.8110490640625001 0.2893840578125 0.7967945421875
0 0.30153075625 0.6618219984375 0.29820945625 0.664951515625 0.2964328296875 0.6714818109375 0.29537324531250003 0.6751849609375 0.28153168281249996 0.6766091265624999 0.2968039015625 0.70371213125 0.3508574375 0.6846836140625 0.3377363484375 0.649099171875 0.30153075625 0.6618219984375
0 0.538710359375 0.5634327578125 0.59328800625 0.499983790625 0.5605104171875 0.47138976093749996 0.5513720859375 0.4744782109375 0.536797434375 0.4931085109375 0.5420759265624999 0.496182478125 0.530589928125 0.5086854562500001 0.524410775 0.5062757296875 0.5188667031249999 0.5043279765625 0.49671740781249996 0.5383890796874999 0.538710359375 0.5634327578125
0 0.5451356828125 0.4473800953125 0.613230928125 0.48921449375000003 0.6584690328125 0.43668654062499995 0.6227010578125001 0.413753284375 0.6320754421875 0.399531196875 0.59842336875 0.3818988546875 0.5451356828125 0.4473800953125
0 0.6447691578125 0.2894514984375 0.6948264234375 0.32003095937500003 0.729890159375 0.2777609390625 0.6765583859375 0.2469628015625 0.6575944640625 0.2700465234375 0.6586531890625 0.2748887375 0.6447691578125 0.2894514984375
0 0.7382397765625 0.22455300781249998 0.743569021875 0.22450045 0.7461182703125 0.21682208906249997 0.7356591984375 0.213768175 0.7324468953125 0.21536065 0.73214776875 0.22009919687499999 0.7290618109375 0.21921621249999998 0.7256043703125 0.216634203125 0.7127407625 0.23413378749999997 0.7275532218749999 0.2397963453125 0.7382397765625 0.22455300781249998
0 0.7861011234374999 0.2470229125 0.795326240625 0.2454509515625 0.8034772234374999 0.23387743125 0.7952484765625 0.2267753796875 0.7834283890625 0.22869218593750001 0.7771492109375 0.23763113749999998 0.7817279359375 0.24330594374999998 0.7861011234374999 0.2470229125
0 0.8101773968750001 0.2556669296875 0.8220849484375 0.241936871875 0.8077109203124999 0.2321729 0.7957036625 0.24748247031249998 0.8101773968750001 0.2556669296875
0 0.6601891203125 0.2331622109375 0.6611364015625 0.23749471875 0.6959093625 0.25557183125 0.7394218390625 0.1973905984375 0.761950103125 0.2160531640625 0.76396769375 0.21561202812500002 0.7712926765625 0.214611290625 0.7763567390625 0.21833297499999998 0.7874034375 0.20534746718750002 0.733550103125 0.1539457609375 0.6601891203125 0.2331622109375
0 0.5629461625000001 0.2391805265625 0.6049841078125 0.2655495484375 0.611017396875 0.25334865156249997 0.6176936515625 0.24897377187499997 0.6362134203124999 0.2275226234375 0.5962567765625 0.200698534375 0.5785744984375001 0.222723175 0.5726506687499999 0.22219363749999999 0.5629461625000001 0.2391805265625
0 0.9158721015625 0.044954321874999995 0.9000630296875001 0.06384193125 0.8889799609375 0.05569498125 0.8239303609374999 0.12539462968749998 0.8778140609375 0.1519997796875 0.8964363843750001 0.13366388906249999 0.9285071453124999 0.1558700625 0.937466378125 0.143718528125 0.9158721015625 0.044954321874999995
0 0.795277078125 0.1534230171875 0.8396578859374999 0.191830515625 0.8742965796875 0.15250182031249998 0.8239303609374999 0.12539462968749998 0.795277078125 0.1534230171875
0 0.9260366234375 0.16604580468750002 0.9008129265625 0.1502201453125 0.89519416875 0.15841386562499998 0.887699171875 0.15395526875 0.84530231875 0.1989190375 0.87242621875 0.21346135937500002 0.9260366234375 0.16604580468750002
0 0.18020575 0.42589641250000004 0.08347680468749999 0.6268282125 0.21666111875 0.675171084375 0.327496115625 0.4561119953125 0.2691581640625 0.426742228125 0.22474803593749998 0.40937029062499997 0.18020575 0.42589641250000004
0 0.728241075 0 0.747897696875 0.0899020921875 0.8307227656249999 0.0482713328125 0.8456563203125 0 0.728241075 0
0 0.6085693921875001 0.02607925625 0.54465989375 0.030461660937500003 0.54125311875 0.058644567187499996 0.5432498359375 0.0677768109375 0.5490037015625 0.08218491875 0.55534048125 0.0812444765625 0.5633402828125 0.1278067671875 0.6203760765624999 0.11793979843749999 0.6085693921875001 0.02607925625
0 0.1710506328125 0.057829637499999996 0.17100761250000002 0.0795135296875 0.2976193546875 0.051385473437499996 0.2979749109375 0.0300783078125 0.1710506328125 0.057829637499999996
0 0.135375353125 0.3374955625 0.14050661874999998 0.3394890671875 0.15308464375 0.337273021875 0.1592919421875 0.336961721875 0.168202309375 0.3371053046875 0.176709771875 0.33784880156249997 0.18542313125 0.3369895671875 0.18241165312500002 0.1297376109375 0.1648657859375 0.1283667046875 0.14758834375000002 0.13056436093749998 0.132345484375 0.134943025 0.135375353125 0.3374955625
0 0.12120010781249999 0.3441108890625 0.12547639531250002 0.136400409375 0.10043113906250001 0.134621925 0.07884746875000001 0.14043148125 0.0794104078125 0.343812690625 0.12120010781249999 0.3441108890625
0 0.14889678281250002 0.999167590625 0.2256614125 0.903299921875 0.210431034375 0.8957259625 0.1726749578125 0.93647060625 0.17277791250000002 0.9422338953124999 0.17337807968750002 0.9467090562499999 0.1736772140625 0.9550998156249999 0.17329724062500002 0.9586543750000001 0.16833494531249998 0.9658811999999999 0.16510730625 0.9616022203125001 0.16273605156249998 0.9613418250000001 0.157857340625 0.96895093125 0.1480201046875 0.9660948515625 0.12034229375000001 0.999333715625 0.14889678281250002 0.999167590625