0 0.70417381875 0.4062162171875 0.6471049453125 0.4734470125 0.6941167312500001 0.53323376875 0.7516608125 0.46643032656249994 0.7501477640624999 0.46416059218749994 0.70417381875 0.4062162171875
0 0.9003424156250001 0.190392465625 0.8501780328124999 0.24191631249999998 0.906996859375 0.31008774843750003 0.9538079156249999 0.25588422187500004 0.9003424156250001 0.190392465625
0 0.900425359375 0.3165095515625 0.8411698718749999 0.24401252968749998 0.8136744859375 0.2721693125 0.8742660328125 0.3413620953125 0.900425359375 0.3165095515625
0 0.361603 0.9647496421874999 0.350319334375 0.975747690625 0.3634910671875 0.9919406468749999 0.3741747828125 0.9813911687499999 0.361603 0.9647496421874999
0 0.7660069859374999 0.3239821546875 0.7352202578125 0.357894115625 0.7865681265625 0.41658049531249997 0.8177671859375 0.3830788671875 0.7660069859374999 0.3239821546875
0 0.4280695578125 0.8544899593749999 0.4644397109375 0.8173781328124999 0.497112121875 0.7808538281249999 0.44619394375 0.7238384015625 0.37969881562499996 0.8001804375000001 0.4280695578125 0.8544899593749999
0 0.6754637671875 0.549521159375 0.6287273609375 0.49519923749999994 0.5694216062499999 0.5672758499999999 0.6172982515625 0.6185324375000001 0.6754637671875 0.549521159375
0 0.10315168593749999 0.680765884375 0.0840689234375 0.7011527453124999 0.12102944375 0.7464263359375 0.140649503125 0.72158214375 0.10315168593749999 0.680765884375
0 0 0.068007471875 0.016577396875 0.0580497984375 0.0684190265625 0.02152655 0 0.025509075 0 0.068007471875
0 0.8936174765624999 0.536781534375 0.9224737453125 0.5107378828125 0.826844846875 0.3944635984375 0.798404815625 0.42943854843749996 0.8628317375 0.5036614375 0.8936174765624999 0.536781534375
0 0.936058359375 0.35594521874999996 0.9091457625 0.31800815781249997 0.877176040625 0.34696312812499996 0.9074101812500001 0.386009846875 0.936058359375 0.35594521874999996
0 0.9156443375000001 0.78472358125 0.8630116953125 0.7206724859375 0.8280171265625 0.7571044515625001 0.8791625671875 0.8252131546875001 0.9156443375000001 0.78472358125
0 0.993427203125 0.7010233796875001 0.9959018265624999 0.6985984671875001 0.9966805687500001 0.564743915625 0.9398018453124999 0.63521000625 0.993427203125 0.7010233796875001
0 0.5224965484374999 0.7526958234375 0.47329645156250005 0.69924119375 0.44939804375000003 0.7273127015624999 0.497112121875 0.7808538281249999 0.5224965484374999 0.7526958234375
0 0.41907534843749994 0.954579071875 0.414529646875 0.9502935156250001 0.42167587187500005 0.939329471875 0.4157852359375 0.934605140625 0.3962460921875 0.9563008828124999 0.406303971875 0.9691797453125 0.41907534843749994 0.954579071875
0 0.44215667812500004 0.939171453125 0.46630784687500004 0.9156353859375 0.45266565312499996 0.8982288625000001 0.429378503125 0.9225419390624999 0.44215667812500004 0.939171453125
0 0.0604045296875 0.10323393593750001 0.10864149375000001 0.039660965625 0.0843927109375 0.022913196875 0.0365929515625 0.07810498593750001 0.0604045296875 0.10323393593750001
0 0.4280695578125 0.8544899593749999 0.37765361875000003 0.8002581203125001 0.29158287656250004 0.8984014328125 0.3403371703125 0.9609409484375 0.4280695578125 0.8544899593749999
0 0.9357506953125 0.35600449218749997 0.9077955937500001 0.3858426359375 0.9724047078125 0.464418928125 0.9952783140625 0.4405575578125 0.994816146875 0.43064067812499995 0.9357506953125 0.35600449218749997
0 0.3646506796875 0.2339420734375 0.3898721078125 0.2613467640625 0.5378247109375 0.09178350625000001 0.511919196875 0.0701270078125 0.49480042968750004 0.0891379140625 0.3646506796875 0.2339420734375
0 0.3312349078125 0.52006475 0.342824721875 0.537838928125 0.3671937234375 0.565603475 0.386603565625 0.5859834734375 0.45684591250000006 0.5096715109375001 0.6900657453125 0.2415980609375 0.636298228125 0.16696153281249998 0.33416690781249997 0.5168123921875 0.3312349078125 0.52006475
0 0.7155131453125 0.867561971875 0.8153979093749999 0.7567635 0.7338724 0.686886446875 0.728479709375 0.6928466671875 0.7219805328125 0.6968237265624999 0.7168413874999999 0.697122865625 0.711750309375 0.6984533328125 0.704027878125 0.698385775 0.7008128109375 0.6960082875 0.68578538125 0.7159315890625 0.6798699328125 0.7435354546874999 0.6533924125 0.7389132671875001 0.6393488828125 0.7803925171875 0.7155131453125 0.867561971875
0 0.6924821015625 0.64869593125 0.6742223984375 0.6299035828124999 0.6558677171875 0.6570319265625 0.672831396875 0.6746587625 0.6924821015625 0.64869593125
0 0.68821856875 0.23837569687500001 0.7987332140625 0.10832354375 0.7519810828125 0.040786415625 0.6397328078125 0.171828828125 0.68821856875 0.23837569687500001
0 0.6131241203125 0 0.628090578125 0.0174911234375 0.638783815625 0 0.6131241203125 0
0 0.6957518406250001 0.9053616343750001 0.76464173125 0.982034153125 0.7805587140625 0.981107659375 0.782783984375 0.979716496875 0.7198568187500001 0.902593490625 0.7062887671875 0.9036521296875 0.6957518406250001 0.9053616343750001
0 0.95140083125 0.26373890625 0.9120448515625 0.3104971203125 0.9638181109374999 0.37120630625 0.9908375484375 0.3452706765625 0.988904315625 0.30378869218750004 0.95140083125 0.26373890625
0 0.6980059062499999 0 0.6781493578125 0.02586995625 0.696745225 0.047434873437500004 0.735012421875 0.0052901859375 0.7305718546875 0 0.6980059062499999 0
0 0.7818999265625 0.5006990953125 0.76898401875 0.514418834375 0.7798782078125 0.5301445671875 0.7362002796875 0.573865834375 0.782877821875 0.6309212734375 0.8380221671875001 0.5668014625 0.837229396875 0.56178039375 0.797082925 0.5116457171875 0.7818999265625 0.5006990953125
0 0.0339071578125 0.6510426125000001 0.0135237875 0.6661690921875 0.037900992187499996 0.7021027515625 0.056248667187500004 0.6854815265624999 0.0339071578125 0.6510426125000001
0 0.7044282359375 0.0391076265625 0.706084459375 0.0435613734375 0.708686121875 0.0460986609375 0.7107884859375 0.0468035875 0.7123293546875 0.048782146875 0.7119505015625001 0.0539748265625 0.71210430625 0.05727507187500001 0.7121093953125001 0.061824928125 0.721939846875 0.06849159375 0.7565536359375 0.029661942187500002 0.7355288515625 0.0048257921875 0.7044282359375 0.0391076265625
0 0.6887386890625 0.9706922390624999 0.6611218203125 0.9380702109374999 0.6566276375 0.94377130625 0.663026 0.9545053781249999 0.656450884375 0.9644020515625 0.674180303125 0.9846937234375 0.6887386890625 0.9706922390624999