0 0.797385334375 0.29202631874999996 0.8380170124999999 0.291222578125 0.8410266109375 0.29860068125 0.8621125296875001 0.2973589296875 0.8603903921875 0.2357605359375 0.8030559390625 0.23562853437500003 0.802951296875 0.24809678281249997 0.7608979359375 0.24606146875 0.7665117203125 0.29703589531249996 0.797065134375 0.301561409375 0.797385334375 0.29202631874999996
0 0.22203401562499997 0.0815504890625 0.216732784375 0.0251510296875 0.1303089 0.032156687499999996 0.137847884375 0.087297084375 0.22203401562499997 0.0815504890625
0 0.5272134484375 0.51708865 0.5310707703124999 0.5772075890624999 0.5753388609375001 0.5768169828125 0.5748689203125 0.5151450609375 0.5272134484375 0.51708865
0 0.6111398953125 0.29326667500000003 0.612084609375 0.3148997515625 0.6322429765625001 0.3169971 0.632959934375 0.2907598140625 0.6111398953125 0.29326667500000003
0 0.3442417140625 0.10996083593749999 0.34291322343749997 0.0871306984375 0.24287924374999997 0.0935236359375 0.24436401874999997 0.11248468593750001 0.3442417140625 0.10996083593749999
0 0.0029850874999999997 0.5130929671875 0.0095167515625 0.6253399125 0.026802523437499996 0.622027978125 0.038022403125 0.637088603125 0.097117365625 0.6370140546874999 0.1097315875 0.6020046875 0.09757358125 0.437796340625 0.0395731390625 0.40308430624999997 0.0261987625 0.3864721453125 0.025720348437500002 0.3485607328125 0.0590779203125 0.3445951890625 0.10503084375 0.34963798437500004 0.07193660625000001 0.23975510312499998 0.02775809375 0.23551578593750003 0.011618001562499999 0.25427489062499997 0.0014762249999999998 0.253741565625 0.0029850874999999997 0.5130929671875
0 0.11161708125 0.6475167625 0.11323298749999999 0.6810699203125 0.1471779359375 0.6814147390625 0.1469680890625 0.64811864375 0.11161708125 0.6475167625
0 0.10848501875000001 0.8450919140625001 0.1412037421875 0.7368367703125001 0.14171865625 0.727563228125 0.11948618124999999 0.7260669953125001 0.1141239328125 0.7364814515625 0.0832859609375 0.7413323734375 0.0559889203125 0.8274702171874999 0.10848501875000001 0.8450919140625001
0 0.15549741875 1 0.2188270703125 0.7501773203125001 0.1808634046875 0.729739625 0.1420339765625 0.7287406234375 0.109523978125 0.8745139421875001 0.1067026421875 0.9081582359375 0.09346755625 0.9170747125 0.074507646875 1 0.15549741875 1
0 0.5843856421875 0.724960271875 0.5856998921875001 0.6881660015625 0.5458431453125 0.6922618640625 0.5400306875 0.71845993125 0.5843856421875 0.724960271875
0 0.5888228984375 0.7954309828125 0.584097796875 0.737750396875 0.5481115515625 0.7381850171875 0.5464688203125 0.7874566640625 0.5888228984375 0.7954309828125
0 0.5715547296875 0.4015099125 0.5682492796874999 0.35473075 0.512423659375 0.3570075515625 0.5207013796875 0.405178415625 0.5715547296875 0.4015099125
0 0.572028484375 0.40193974218750006 0.522299346875 0.4037208703125 0.5249210671875 0.430652921875 0.570336 0.4256791046875 0.572028484375 0.40193974218750006
0 0.5080590078125 0.3568037796875 0.5717414 0.3542065484375 0.5684990609375 0.22561169374999998 0.086688 0.2476424609375 0.09647739375 0.36844699687500004 0.5080590078125 0.3568037796875
0 0.418938975 0.08304191718750001 0.40380684999999994 0.0254264546875 0.24165370468749997 0.0292774453125 0.24957253281249997 0.08786082656250001 0.418938975 0.08304191718750001
0 0.7194780656249999 0.0083718859375 0.716435946875 0.035290965625 0.743626371875 0.0356193125 0.7465183609375 0.023239504687500002 0.7546244062499999 0.0221902625 0.752563440625 0.0114497421875 0.7495911671875 0.010111220312499999 0.7475885765625 0.00869898125 0.7194780656249999 0.0083718859375
0 0.8413564953125 0.010455934375 0.7679553703125 0.009137675000000001 0.7697010484375 0.039137234375 0.8026584921875 0.039477415625 0.8035856171875 0.059651462499999995 0.8109053749999999 0.0612842890625 0.8133332296875 0.0659912015625 0.8034712796875001 0.086605271875 0.8410326843749999 0.08316446250000001 0.8413564953125 0.010455934375
0 0.8990884703124999 0.10186195625000001 0.898955646875 0.058322046875 0.873414434375 0.061272620312500005 0.86576671875 0.062101050000000005 0.8664291953125 0.0526642875 0.8409866640624999 0.053454907812499994 0.8390890437499999 0.09950305312499999 0.8990884703124999 0.10186195625000001
0 0.901179921875 0.9001002093749999 0.892094246875 0.990750403125 0.9425308421875 0.9886933890625 0.9506187796875001 0.98818386875 0.9490989671875001 0.9023005328125 0.901179921875 0.9001002093749999
0 1 0.8561958546874999 0.9832784015625 0.8546213937499999 0.959809109375 0.858475603125 0.9161669703124999 0.8511152578125 0.8800816250000001 0.8521602749999999 0.8820599937500001 0.864566025 0.8963150421874999 0.8951558265624999 0.9577683640625001 0.8947380624999999 0.9675767593750001 0.8847710875000001 0.997752253125 0.889356928125 1 0.8893674921875 1 0.8561958546874999
0 1 0.9109682765624999 0.9810553687500001 0.9101150125 0.9830492359375 0.9870408796874999 1 0.9863495562500001 1 0.9109682765624999