0 0.21457674531249998 0.13818518125 0.2959420453125 0.1729381765625 0.3429182359375 0.112304134375 0.31916920000000004 0.0765134453125 0.261287015625 0.0300557359375 0.247754471875 0.032277809375 0.1898475875 0.0809022890625 0.21457674531249998 0.13818518125
0 0.7951006031250001 0.4938767734375 0.8015119 0.4783176953125 0.773230965625 0.4575860484375 0.7409833375 0.457627425 0.7383717640625 0.4641182796875 0.7951006031250001 0.4938767734375
0 0.8828749140625 0.4602782421875 0.8981261875 0.4444800265625 0.79574829375 0.3887803390625 0.7764312234374999 0.4145200078125 0.784749546875 0.428851584375 0.834153725 0.452963775 0.8456927234375 0.44181647343749997 0.8828749140625 0.4602782421875
0 0.6602737624999999 0.4511838453125 0.6181070531249999 0.435391059375 0.5908995171875 0.4896523140625 0.633573759375 0.5024690046875 0.6602737624999999 0.4511838453125
0 1 0.730087103125 0.8914116703125 0.8083683890625 0.943916825 0.8582189109374999 1 0.819737040625 1 0.730087103125
0 0.82266498125 0.8893381734375 0.8605321375000001 0.860148403125 0.7975161546875 0.7834790734375 0.771215771875 0.79337046875 0.7594919140624999 0.776492628125 0.75336270625 0.7378299953125 0.6906587328125 0.6764240296875 0.6497512859375 0.7040285359375 0.6993891703124999 0.757816925 0.6830590437499999 0.7694956953125 0.7519429578125 0.8431595515625 0.7737764015625 0.8402763703125 0.82266498125 0.8893381734375
0 0.890111103125 0.5573587171875001 0.8355147984375 0.506001053125 0.7656353375 0.5522948609375 0.7788912625 0.566347428125 0.7097495109375 0.613668696875 0.757809384375 0.6678438203125 0.8253836921875 0.617887171875 0.8215295953125 0.6045879953125 0.890111103125 0.5573587171875001
0 0.43286718437499994 0.9293509875 0.407632728125 0.9094378593749999 0.39649748906250004 0.8581331437499999 0.388614009375 0.84641021875 0.3347213578125 0.8482403234375001 0.342197215625 0.9211822218749999 0.3594214421875 0.9223953171874999 0.36019876093750003 0.9583207984375001 0.37592383281249997 0.98781428125 0.3855193703125 0.9977571140625001 0.436360725 0.9974613281250001 0.44242498281250003 0.9959528093750001 0.43286718437499994 0.9293509875
0 0.1664720890625 0.8886932109375 0.2485996203125 0.8752076843750001 0.25069072812500004 0.8377689593750001 0.23199476562500002 0.8147827921875 0.149249384375 0.8243709593749999 0.144354259375 0.8061165828125001 0.055513021875 0.8217042187500001 0.0686646625 0.8666583484375 0.08364184999999999 0.8852566359375 0.1480398734375 0.87368263125 0.1664720890625 0.8886932109375
0 0.40481047343750004 0.4498039453125 0.37111470625 0.5094697187499999 0.3969859484375 0.5523352625 0.43662162968749996 0.580901678125 0.4619949046875 0.5827548171875 0.516321465625 0.5267206125 0.49716393124999997 0.48175295937499996 0.45267648281249995 0.447963725 0.40481047343750004 0.4498039453125
0 0 0.467358428125 0.055435246875 0.5103201515625 0.086634603125 0.5473122921875 0.16195572656249999 0.4904895171875 0.1371579359375 0.44042851875 0.1075596453125 0.42844256718749996 0.0936557109375 0.40909375312499996 0.06210481718750001 0.399831965625 0 0.46359431406249996 0 0.467358428125
0 0.48335644999999994 0.38538991093749997 0.527647115625 0.39134739375 0.57945219375 0.338343465625 0.5485948953124999 0.288065046875 0.48793905625 0.2775841375 0.443257528125 0.3222077390625 0.48335644999999994 0.38538991093749997
0 0.2104418359375 0.2983699421875 0.2123503734375 0.27884949375 0.1715849328125 0.23791912656249997 0.1480792078125 0.2267620046875 0.1448149984375 0.21140909843750003 0.11834154374999999 0.19737858125000002 0.098804984375 0.23234305000000002 0.07199859374999999 0.2826885171875 0.10788939374999999 0.3139543359375 0.1293524828125 0.34284595156250003 0.1520884703125 0.352236409375 0.2104418359375 0.2983699421875
0 0.483788315625 0.20345813906250002 0.5445289953125 0.1537727765625 0.513862309375 0.104696734375 0.439849196875 0.055485110937500005 0.386258090625 0.1123982546875 0.4132623796875 0.1607994546875 0.483788315625 0.20345813906250002