0 0 0.71105996875 0.0145390734375 0.7148862171875 0.0068434296874999995 0.746213303125 0.0681245609375 0.7605134265625 0.10513158125 0.6072061453125001 0.042914153125 0.5920688328125 0.034859896875000004 0.6150200781249999 0 0.606515575 0 0.71105996875
0 0.6873468875000001 1 0.68784669375 0.997134271875 0.6721465984375 0.98765738125 0.6840026078125 0.967981346875 0.613024678125 0.953550578125 0.6111127703125 0.9656698453124999 0.6228146578125 0.969402790625 0.6168671625 1 0.6873468875000001 1
0 0.6808508828125001 0.10477775 0.7379575703125 0.1176112515625 0.746017728125 0.10778611406250001 0.775194490625 0.11436631718750001 0.7930662015625 0.0484110890625 0.6674991078125 0.02320018125 0.6512288796875 0.10690324531249999 0.6688447890625 0.11250435781250001 0.6808508828125001 0.10477775
0 0.0444359453125 0.5469450921875 0.0352634265625 0.5813033296875 0.0546635984375 0.5872935375 0.0589739796875 0.582298075 0.0907192515625 0.5920828499999999 0.09791868125 0.5592855218749999 0.0444359453125 0.5469450921875
0 0.50698340625 0.58748338125 0.4827164953125 0.5821745859375 0.48754418906249997 0.5629922828125 0.41511671093749997 0.554387825 0.41153058906249995 0.5984973796874999 0.40002931718749996 0.6371161015625 0.8004393593750001 0.739739521875 0.8178789468750001 0.6841622218750001 0.8278390171875 0.6329220984374999 0.708165484375 0.6080536453125001 0.7008055390625 0.6156900171874999 0.684154259375 0.6116501984375 0.676576984375 0.599419509375 0.5289979 0.569042225 0.509803909375 0.567319134375 0.50698340625 0.58748338125
0 0.7357884265625 0.580874790625 0.7608259265624999 0.60603138125 0.7815378515625 0.610057371875 0.7925149171875 0.5106364546875 0.3125670328125 0.408805415625 0.2919831796875 0.499912725 0.3994436671875 0.5341161046875 0.42639835000000004 0.5135283484375 0.7357884265625 0.580874790625
0 0.450821028125 0.14671879999999998 0.3557900890625 0.1371868484375 0.3284295734375 0.2640269140625 0.4187147109375 0.2905801625 0.450821028125 0.14671879999999998
0 0.42454800312499996 0.994691965625 0.43274763125 0.9493868000000001 0.42945635156249995 0.9494656375 0.4376703015625 0.9109053843750001 0.3658950125 0.891986909375 0.3557193140625 0.941726790625 0.3743743046875 0.945352953125 0.3660641046875 0.9833238468750001 0.42454800312499996 0.994691965625
0 0.701241965625 0.7572961578124999 0.7110807109375 0.74756311875 0.7172563109375 0.7255782187500001 0.667910103125 0.714464553125 0.5804800671875 0.6967090078125 0.5386028515625 0.8771371671875 0.66163219375 0.9025733828125 0.701241965625 0.7572961578124999
0 0.8594412421875001 0.708029109375 0.8320589640625 0.8488987203124999 0.821454575 0.8547420015625 0.8662052812500001 0.8707957078125 0.8867837249999999 0.856915371875 0.914163903125 0.7186661171875001 0.8594412421875001 0.708029109375
0 0 0.5054632156250001 0.076706125 0.52815143125 0.09184933906250001 0.47906010937500004 0.0009898015625 0.446763390625 0 0.451855478125 0 0.5054632156250001
0 0.153161803125 0.1215558640625 0.091202353125 0.1067223203125 0.032725225000000004 0.3911426578125 0.0918859875 0.4038470515625 0.153161803125 0.1215558640625
0 0.12763275000000002 0 0.1553334015625 0.009263953125 0.1647546421875 0.0359291171875 0.18635865468749999 0.0393887796875 0.1935393296875 0 0.12763275000000002 0
0 0.08783180625 0 0.08317535000000001 0.023955390625 0.0938900796875 0.025155640624999996 0.1061856953125 0 0.08783180625 0
0 0.7930662015625 0.0484110890625 0.775194490625 0.11436631718750001 0.853626034375 0.1264415828125 0.8698007593750001 0.0626927203125 0.7930662015625 0.0484110890625
0 0.7993029265625 1 0.8019168750000001 0.9850471078125 0.7966335703125 0.9824349984375 0.7217573015625 0.9671830640625 0.7138102421875 1 0.7993029265625 1
0 0.5848708874999999 1 0.5863929453125001 0.9638871328124999 0.5616320140625 0.9560094906250001 0.5650640609375001 0.936069790625 0.5443724984375 0.9320477593750001 0.5401010687500001 0.9540223593749999 0.4826205484375 0.9427858734375001 0.4697413828125 1 0.5848708874999999 1
0 0.14266105625 0.3398703328125 0.12207010781250001 0.416879084375 0.15368322343750002 0.42103734218750005 0.16864426875 0.34428690156249997 0.14266105625 0.3398703328125
0 0.5486598390624999 0.06906432812499999 0.559858534375 0.086585290625 0.6512288796875 0.10690324531249999 0.6674991078125 0.02320018125 0.6611857390625 0.0219729859375 0.553644109375 0.0021046359375 0.5517281015625 0.0119616390625 0.5466650046875 0.0116960703125 0.5409842796875 0.0409208625 0.5530102078125 0.04287803125 0.5486598390624999 0.06906432812499999
0 0.721066271875 0.83417173125 0.8005483359375001 0.855412525 0.809265353125 0.837641421875 0.8224337687500001 0.7807689171875001 0.81038996875 0.7642249828125001 0.7574673140625 0.75237385625 0.7110807109375 0.74756311875 0.70156095625 0.801974571875 0.72739898125 0.8096388749999999 0.721066271875 0.83417173125
0 0.2003005 0.7257380171875 0.2353527390625 0.7421045921875 0.2149927890625 0.8038986296875 0.5078161453125001 0.8715544062499999 0.550353265625 0.6957774531250001 0.2521569984375 0.6127053515625 0.24037367187499997 0.6917008890624999 0.21066172343749998 0.6847207656250001 0.2003005 0.7257380171875
0 0.8444651765625 1 0.8719149234374999 0.8792606 0.8253159390624999 0.8705408374999999 0.7966335703125 0.9824349984375 0.8019168750000001 0.9850471078125 0.7993029265625 1 0.8444651765625 1
0 0.8160615578125 0.8709611640625001 0.79672786875 0.8697393 0.7892205484375 0.87269728125 0.761003740625 0.8653103218749999 0.7487673828125 0.9184751234374999 0.8059550546875001 0.9327404265625001 0.8160615578125 0.8709611640625001
0 0.159483325 0.126546709375 0.14974204062500002 0.1663318125 0.2036885609375 0.1771561171875 0.21112298749999997 0.1389093140625 0.159483325 0.126546709375
0 0.29241738125 0.9442379171875 0.2875414703125 0.9680605921875 0.342573946875 0.9787578218749999 0.35750374375 0.9173243296875 0.3142670140625 0.903593890625 0.3014643671875 0.9107429578125 0.30191307031250003 0.9214823203125 0.288865471875 0.9194533671875 0.2828793625 0.941115803125 0.29241738125 0.9442379171875