0 0.9326948046875 0.2582635328125 0.90077908125 0.3043467390625 0.9178111921875001 0.323478328125 0.9493542703125 0.2712141171875 0.9326948046875 0.2582635328125
0 0.025231539062500002 0 0.0079752359375 0.0289575625 0.007693471875000001 0.041067004687500006 0.0245542921875 0.053354578124999996 0.0486008125 0.07023317343749999 0.07591221875000001 0.0719833203125 0.10678173906249999 0.023806857812500002 0.0803620390625 0 0.025231539062500002 0
0 0.4259544671875 0.1012362359375 0.397002840625 0.1610995859375 0.5038651609375 0.178191490625 0.5672962375 0.196456528125 0.5807998203125 0.127514 0.4259544671875 0.1012362359375
0 0.72167294375 0.237548371875 0.683323225 0.22986512499999998 0.682396440625 0.21287309687499997 0.5852303265625001 0.1990200328125 0.552090490625 0.42467499843749995 0.6544536359375 0.443352590625 0.6649675203125 0.3679451828125 0.7027806640625001 0.3756046421875 0.72167294375 0.237548371875
0 0.7636125812500001 0.115806925 0.7360719734375001 0.19138388906249998 0.750820671875 0.1967806265625 0.780139540625 0.12468573281249999 0.7636125812500001 0.115806925
0 0.970399765625 0 0.943673028125 0.04392800625 0.999324428125 0.10448484531249999 0.999932303125 0 0.970399765625 0
0 0.686007965625 0.034575796874999995 0.6383984234375 0.0377497828125 0.6377081 0.08872633125 0.68085261875 0.08478241875 0.686007965625 0.034575796874999995
0 0.420401259375 0.3549908328125 0.45389726875 0.36529095312500004 0.463839290625 0.32600264375 0.4332634421875 0.3162774734375 0.420401259375 0.3549908328125
0 0.47630820781249994 0.25447096875 0.377370925 0.2181860671875 0.3685472953125 0.2280539203125 0.3637551234375 0.22802603124999998 0.3698767953125 0.2117569671875 0.3600624046875 0.20915805625 0.34608410156249997 0.2345773234375 0.44781949687499994 0.27313099531249996 0.4442132234375 0.3047068 0.4590849140625 0.3092569859375 0.47630820781249994 0.25447096875
0 0.3504006421875 0.33672889375000004 0.3331304734375 0.40595947656250003 0.413143659375 0.4378359265625 0.43778036875000004 0.3654244734375 0.41693685625 0.3538340953125 0.4280583734375 0.3295554421875 0.37663993906250004 0.3099757609375 0.36579159687499996 0.34204670937500004 0.3504006421875 0.33672889375000004
0 0.53612878125 0.5220176015625 0.4382638359375 0.50268424375 0.42988060156249996 0.56731691875 0.5290869125000001 0.5778341265625 0.53612878125 0.5220176015625
0 0.41437554218750006 0.6246134015625 0.50765535625 0.6438994109375 0.5149731890625 0.57622278125 0.4280043125 0.5653841546875 0.41437554218750006 0.6246134015625
0 0.35449766562499996 0.5619599484375 0.36000134375 0.5331849640625 0.33268808125 0.527963084375 0.305001734375 0.7367664828125 0.34180344375 0.757707653125 0.367125553125 0.5661664390625 0.35449766562499996 0.5619599484375
0 0.43878964218750005 0.8094799515625001 0.4081953703125 0.7836773015625 0.3943766328125 0.8049025015625 0.3059278859375 0.736916525 0.2923808984375 0.7899674125 0.3108440875 0.806193565625 0.304889209375 0.8170700312499999 0.39471887968749997 0.8922967937499999 0.43878964218750005 0.8094799515625001
0 0.4529535078125 0.77697366875 0.4253470453125 0.7559413562499999 0.4079474828125 0.784564453125 0.436980628125 0.8064316687499999 0.4529535078125 0.77697366875
0 0.8318402578124999 0.4499851265625 0.8554404328125 0.4709527953125 0.8655495890625 0.4582199875 0.8443181125000001 0.437555415625 0.8318402578124999 0.4499851265625
0 0.3870961578125 0.9277962390625 0.345612975 0.8958547078124999 0.3272613875 0.92100054375 0.397632415625 0.9863808468749999 0.42204616718750004 0.9173364921875 0.413930303125 0.893235196875 0.40870770468749995 0.89394874375 0.3870961578125 0.9277962390625
0 0.209914303125 0.815587390625 0.23629138749999998 0.81753875 0.2649460328125 0.8130558828125001 0.2738091015625 0.800605134375 0.2908665078125 0.8035561734375 0.3051765125 0.7407971734375 0.2909777953125 0.7375114671875 0.292326425 0.7257195984375 0.24441021875 0.71366169375 0.24262774999999998 0.72900541875 0.20503515625 0.718082171875 0.20235134531250001 0.7419759625 0.219391921875 0.745650178125 0.205679875 0.81378555625 0.209914303125 0.815587390625
0 0.287973684375 0.6570864546874999 0.2838562328125 0.69198635 0.306750640625 0.6935661359374999 0.31131005625 0.6574289125 0.287973684375 0.6570864546874999
0 0.1550263640625 0.9087151125 0.21911673125000003 0.9155149093749999 0.22488547187500002 0.867357690625 0.16840571875000002 0.854877978125 0.1550263640625 0.9087151125
0 0.140123175 0.5228540875000001 0.0869870171875 0.5238260875 0.087260946875 0.5671001999999999 0.14312392499999999 0.5785637375 0.140123175 0.5228540875000001
0 0.5812330703125 0.673568584375 0.630304215625 0.5800557078125 0.5902087218750001 0.5532885015625 0.54117265625 0.646181634375 0.5812330703125 0.673568584375
0 0.67238371875 0.62721015 0.75066815 0.6295049203125 0.7674409296875 0.57099658125 0.6764499546875 0.5581093781249999 0.67238371875 0.62721015
0 0.5903490265625 0.79852091875 0.552017365625 0.85043565 0.575839503125 0.869854734375 0.6119354312499999 0.82257661875 0.5903490265625 0.79852091875
0 0.502047996875 0.8911028859375 0.537167509375 0.908872521875 0.56452535 0.869561575 0.5347644765624999 0.8461195828125 0.502047996875 0.8911028859375
0 0.5215711749999999 0.9416804421875 0.541107446875 0.91178855 0.5188396546875 0.8992599578125 0.5002085328125 0.9222136765625001 0.5215711749999999 0.9416804421875
0 0.44922331406250005 0.9939964984375 0.4898187625 0.994232746875 0.4901966265625 0.99422835 0.52401526875 0.943182546875 0.4897812828125 0.9148789125000001 0.43912343125 0.9860230234375 0.44922331406250005 0.9939964984375
0 0.49137991875000003 0.9908941 0.49402346875 0.9941838203125 0.542895103125 0.993615146875 0.565065415625 0.9617719656249999 0.5938332484375 0.993022428125 0.6552744265625 0.9923074953125001 0.559067859375 0.8945757999999999 0.49137991875000003 0.9908941
0 0.7812830734375 0.8532990953124999 0.8008006406250001 0.8712672453125 0.8281524375 0.8464217656249999 0.8015850390624999 0.824238259375 0.7812830734375 0.8532990953124999
0 0.8909281109375 0.947900959375 0.8872197500000001 0.9430231015625001 0.891628303125 0.9329022406249999 0.8498845796875001 0.8855224359375 0.8209334859374999 0.9178393390625 0.845254059375 0.9469118796875 0.8378412484375 0.9582964875 0.864628021875 0.9898714453125 0.8947043156250001 0.9895214765624999 0.8993636703125001 0.9840104828125 0.887157709375 0.9714371203125 0.8768233343749999 0.9556715765625 0.8909281109375 0.947900959375
0 0.9421686796875001 0.9742370625 0.8954998203125 0.9218896609374999 0.8869661109375 0.94326960625 0.9291071953125 0.9891211625 0.9295180125 0.9891163828125 0.9421686796875001 0.9742370625
0 0.9306573437500001 0.989103125 0.91009784375 0.9683882140625 0.8998310796875 0.9834552484374999 0.904500871875 0.9894074828124999 0.9306573437500001 0.989103125
0 0.82655126875 0.851310053125 0.8509708984375 0.8752375859375 0.8599579390625 0.86101036875 0.8356751906250001 0.8383028687499999 0.82655126875 0.851310053125
0 0.784495240625 0.7578661359375001 0.8227009453124999 0.809916309375 0.835653903125 0.7966007671875001 0.797932403125 0.7450493734375 0.784495240625 0.7578661359375001
0 0.7088476140625 0.678650903125 0.6893118921875 0.70496775 0.7149604375 0.7222483046875 0.7329959015624999 0.6991464640625 0.7088476140625 0.678650903125
0 0.8868973015625 0.5537958765625 0.9402522187500001 0.6171139765625 0.972592103125 0.5714465390625 0.9256385953124999 0.5082483515625 0.8868973015625 0.5537958765625
0 0.9484093578125 0.5195813 0.985320265625 0.5819977703125 0.9953039265625 0.568443378125 0.9970656999999999 0.492727375 0.9971729046875 0.4743004 0.9484093578125 0.5195813
0 0.99537305625 0.5654723453125 0.9675409125 0.6011954140625 0.9938581328125 0.6305795046875 0.99537305625 0.5654723453125
0 0.9325792546875 0.6672026234375 0.9694470515625 0.6986213359375 0.9791652890625 0.6804926890624999 0.9456936140625001 0.654053340625 0.9325792546875 0.6672026234375
0 0.834669303125 0.664896965625 0.8888874765624999 0.7266288875 0.9046338609375001 0.7095685703125 0.8457142765624999 0.649235175 0.834669303125 0.664896965625
0 0.8352891781249999 0.72881743125 0.8816391343750001 0.778001234375 0.8926460765625001 0.76663754375 0.8433047734375 0.7217139875 0.8352891781249999 0.72881743125
0 0.8224433124999999 0.743745465625 0.8694123609375 0.798285109375 0.8821750890625 0.78515444375 0.8333882156250001 0.73593579375 0.8224433124999999 0.743745465625
0 0.8741519734375001 0.8085625328124999 0.832195871875 0.76409525625 0.8202551546875 0.77208511875 0.8617149828124999 0.8192359578125 0.8741519734375001 0.8085625328124999
0 0.82580111875 0.8169604515625 0.8515163171875001 0.8402549078125 0.8631463 0.8287501875000001 0.8409632625000001 0.8054762875 0.82580111875 0.8169604515625
0 0.7887480484375 0.6789712359375 0.7548522578125 0.7240303328125 0.7694841296875 0.7344479890625 0.8033751125 0.6895955109374999 0.7887480484375 0.6789712359375
0 0.6689322921875 0.47722413281250003 0.676920025 0.4207105015625 0.642175559375 0.4338785609375 0.6406067531249999 0.47910512499999997 0.6689322921875 0.47722413281250003
0 0.5480669609375 0.4715198140625 0.58545409375 0.475291771875 0.597391103125 0.43549844687499994 0.5567754328125 0.4301991546875 0.5480669609375 0.4715198140625
0 0.7901627375 0.160039890625 0.751892028125 0.23952209062500002 0.766679084375 0.248597421875 0.808950928125 0.1622983890625 0.7901627375 0.160039890625
0 0.8251216906250001 0.18382210625 0.8041441375 0.2223849125 0.8203305421874999 0.22991851406250002 0.8410467453124999 0.1928214015625 0.8251216906250001 0.18382210625