0 0.217156478125 0.6469695093750001 0.1766674875 0.7444842703125001 0.20770538906249997 0.7583702999999999 0.2471761984375 0.6572993828125 0.217156478125 0.6469695093750001
0 0.967407209375 0.188159146875 0.994457228125 0.1536530859375 0.9199689281250001 0.0781292796875 0.9195305640625 0.07770835468750001 0.84274795 0.062301771875 0.7361516296875 0.259627159375 0.7554641515625 0.2701615703125 0.7641510640625 0.27190461875 0.8078076843750001 0.29631379999999996 0.895243684375 0.12135936249999998 0.967407209375 0.188159146875
0 0 0.9142979203125 0.0217926046875 0.9186706499999999 0.0230393453125 0.9118397375 0.032766265625 0.8814493828125001 0.0383797953125 0.8508996015625 0.051823765625 0.8357057953125 0.059736278125 0.81733770625 0.0648723640625 0.7991006484375001 0.057152420312499994 0.78654155625 0.0440667125 0.7832277546874999 0.0214757453125 0.8027793593749999 0.009088559375 0.8077966765625 0 0.8276638203125 0 0.9142979203125
0 0.24970994218749998 0.646842109375 0.2912027953125 0.52231436875 0.2659851765625 0.5179425328125 0.26700336875 0.5030079890625 0.23785943281250002 0.49445207968749993 0.2010802140625 0.6295594312499999 0.2137970640625 0.6339091078125 0.238353059375 0.64525145625 0.24970994218749998 0.646842109375
0 0.1577077046875 0.62183335 0.149812928125 0.644200590625 0.14075370781250002 0.6440476671875001 0.11967896250000001 0.654957825 0.1052383015625 0.67820919375 0.10624641406249999 0.710087621875 0.12017924687499999 0.722517084375 0.122681796875 0.7259715234375 0.11340642187500001 0.7509474453125 0.1248780890625 0.7587542921875 0.1437600234375 0.7405228515625 0.1664309953125 0.7505768609375 0.177737178125 0.7390828828125 0.2099074671875 0.6464250875 0.2137970640625 0.6339091078125 0.1577077046875 0.62183335
0 0.477057146875 0.8387871562500001 0.49536053437499994 0.7833694328125 0.501732275 0.785802215625 0.5145768875 0.7401882609375 0.35728282031249997 0.684187203125 0.34257015625 0.7305806140625 0.46326881875000003 0.7723352375 0.442232384375 0.8243410640625 0.477057146875 0.8387871562500001
0 0.5954890500000001 0.4105607453125 0.5502973203125 0.52313645 0.5989812609375 0.541983846875 0.6477008296875 0.428428984375 0.5954890500000001 0.4105607453125
0 0.1464148390625 0.8003234609375 0.110126534375 0.7922208265624999 0.0959939890625 0.7926925640625 0.07393673437500001 0.8196543109375 0.05829719375 0.859468796875 0.044451509374999996 0.8946709343749999 0.04520581875 0.9159545171874999 0.039818301562500005 0.9222875421875001 0.129227984375 0.940227771875 0.1459611515625 0.8985239390625 0.17171744687499998 0.8376093734375001 0.1771161421875 0.8114338312499999 0.1464148390625 0.8003234609375
0 0.24950717500000003 0.41303721875 0.3347120671875 0.441654365625 0.3745534140625 0.3159961296875 0.0438456453125 0.2137776390625 0.0106600375 0.37467786875 0.0135570296875 0.37568233125 0.02387603125 0.335111034375 0.2060091515625 0.39054666562499996 0.1927047703125 0.43193959218750005 0.24071275625 0.4456790703125 0.24950717500000003 0.41303721875
0 0.051496571874999994 0.43426094375 0.034671015625 0.487888609375 0.0030366734375 0.57321770625 0.1577077046875 0.62183335 0.2010802140625 0.6295594312499999 0.23785943281250002 0.49445207968749993 0.051496571874999994 0.43426094375
0 0.453622315625 0.3590980640625 0.4039654296875 0.4841852515625 0.4548894703125 0.500019284375 0.4684600328125 0.4597008609375 0.4788419359375 0.455590846875 0.507364603125 0.372878253125 0.453622315625 0.3590980640625