0 0.1591733171875 0.3665838265625 0.2186461703125 0.3589683671875 0.2034585359375 0.24613623125 0.11566077500000001 0.25541660624999996 0.126474915625 0.287908528125 0.0773108109375 0.2962110875 0.073760746875 0.262413828125 0.0228461640625 0.2703269359375 0.0409482328125 0.37775871875 0.1102920078125 0.3720211890625 0.11304656718749999 0.38196967187499997 0.1628870453125 0.37474732187500004 0.1591733171875 0.3665838265625
0 0.06893388125 1 0.0445494171875 0.9503224578125 0.049767546875 1 0.06893388125 1
0 0.40945635625000004 0.1430732234375 0.40107282031249997 0.14344665 0.40215415 0.17279525625 0.3728244078125 0.17660433281250001 0.37391416875 0.20067422656249997 0.30405003750000004 0.207610784375 0.30589385 0.256722659375 0.317860753125 0.2579126796875 0.3205255921875 0.265220703125 0.35129798437500004 0.26502340156250004 0.3717100671875 0.2743660953125 0.3862087875 0.272467625 0.392602803125 0.2656578796875 0.42560699218750003 0.2642793796875 0.42040985937500003 0.2354437203125 0.40945635625000004 0.1430732234375
0 0.9502020218749999 0.005528114062500001 0.901140071875 0.0052426796875 0.969504075 0.189287178125 0.9502020218749999 0.005528114062500001
0 0.6229049578125 0.0944691046875 0.622529353125 0.0867251828125 0.6460512406250001 0.08438977812500001 0.6557922281249999 0.0907866234375 0.699044446875 0.08257036718750001 0.685151090625 0.0039860921875 0.5327011640625 0.0030991640625 0.547585046875 0.09452077187499999 0.5680014171875001 0.0904075890625 0.5703584921875 0.1005415640625 0.6229049578125 0.0944691046875
0 0 0.526203890625 0.00608741875 0.584157228125 0.08254627812500001 0.564779478125 0.0816884375 0.5437114265625 0.1268655546875 0.5385375328124999 0.1293204 0.5553582359375 0.2319501078125 0.5451685015625001 0.2318143109375 0.5178747140625 0.2493762453125 0.49670930625 0.24036805781249998 0.443302078125 0.21535128593750003 0.44271931093749994 0.06624084218750001 0.4681005640625 0.0422957125 0.44794792812499995 0 0.45214731874999997 0 0.526203890625
0 0.64959175 0.420779221875 0.695591840625 0.41669184374999996 0.69458739375 0.40256425625 0.70733315625 0.402237528125 0.705665153125 0.3952894796875 0.759777140625 0.3918152625 0.7466522624999999 0.289292353125 0.6167384203124999 0.2983525765625 0.6182865859375 0.3077324171875 0.596150534375 0.30897061406250004 0.5952476375 0.298191590625 0.5779930515625 0.298465315625 0.5892038078125 0.40539222812500003 0.607501465625 0.39460521718749997 0.633669984375 0.3910682859375 0.6490058000000001 0.3971391125 0.64959175 0.420779221875
0 0.35036839531249997 1 0.15408614062499998 0.584712615625 0.0366537109375 0.6171289203125 0.17804129375 0.9072468796875001 0.1651865328125 0.9170554 0.2053019828125 1 0.35036839531249997 1
0 0.5327011640625 0.0030991640625 0.473796109375 0.002756465625 0.382630625 0.0118079578125 0.399383025 0.11624457031249999 0.547585046875 0.09452077187499999 0.5327011640625 0.0030991640625
0 0.797763584375 0.19731006874999998 0.8039794312499999 0.2255230546875 0.8902822421875 0.2137208765625 0.8796949671875 0.1542120796875 0.8039761375 0.16356571250000002 0.797763584375 0.19731006874999998
0 0.8779452578125 0.26636855000000004 0.7581056328125 0.2828147296875 0.7802036578125 0.40605889843750004 0.7853916859375001 0.43063978125 0.793264209375 0.448028225 0.7975593812499999 0.46013933281249997 0.8962125765625 0.4486129359375 0.8961643921875 0.42354259531249994 0.90180866875 0.41951924218750003 0.8928394093750001 0.34643606718750003 0.8779452578125 0.26636855000000004
0 0.705194046875 0.19371306875 0.7144576265625 0.1906028984375 0.709151875 0.16192405468749999 0.7218372937499999 0.1516942625 0.7087193046875 0.10897963749999999 0.6763025234375 0.097094696875 0.5960658203125 0.10869095312499999 0.5645760281250001 0.12012020781249999 0.5765749625 0.193862190625 0.5886787953125 0.2013178296875 0.6678816671875001 0.18980335625 0.674290715625 0.21171794687499998 0.68994979375 0.2061787296875 0.691843959375 0.21131026249999998 0.7079512046875001 0.2078543875 0.705194046875 0.19371306875
0 0.1587944734375 0.2343616390625 0.17342101875 0.2344740078125 0.1758289015625 0.24608408124999998 0.201334184375 0.2407980796875 0.20087253125 0.21397473125 0.192468359375 0.14527888125 0.18199604687499998 0.1281485609375 0.095127525 0.1395270984375 0.11125314687500001 0.24025007031249998 0.1587944734375 0.2343616390625