0 0.025509937500000003 0 0.015217190624999998 0.1964572140625 0.046438815625000004 0.20886287656250002 0.0788074265625 0.1030229578125 0.0891687703125 0.088164153125 0.0879049125 0.051045934375000004 0.048201584375 0.0408941828125 0.0495307453125 0.0032762640625 0.0360739890625 0 0.025509937500000003 0
0 0 0.9744822828125 0.05955724375 0.977257053125 0.0649814984375 0.963409246875 0.011536339062500001 0.9224049187500001 0 0.9371860453125 0 0.9744822828125
0 0.1314729953125 0.8174566609375 0.13023147968749998 0.81502376875 0.145728475 0.7797134859375 0.0769577765625 0.7421675265625 0.044195551562500004 0.8053024015625001 0.08516343125 0.8305122578124999 0.049503892187499995 0.9044459359375001 0.090643746875 0.9353553625 0.12731271093750002 0.860527253125 0.11835312812500001 0.8510803593749999 0.1314729953125 0.8174566609375
0 0.07569827500000001 0.73966960625 0.111100078125 0.758842990625 0.13616950781249998 0.7163828062500001 0.1002496359375 0.6956661093750001 0.07569827500000001 0.73966960625
0 0.1822888203125 0.7465613703125 0.1384840734375 0.7211979484375 0.118233003125 0.7606944890625 0.1631512078125 0.7933847140625 0.1822888203125 0.7465613703125
0 0.261014103125 0.556951475 0.18454329375 0.5173564171875 0.159025853125 0.575308440625 0.23502099531249998 0.6121425406250001 0.261014103125 0.556951475
0 0.0147447484375 0.49902524843749996 0.0569663546875 0.526026659375 0.07946398437499999 0.48856050156249997 0.037611412500000004 0.454515325 0.0147447484375 0.49902524843749996
0 0.008432476562500001 0.3259567375 0.1215181859375 0.369328075 0.16519182968749999 0.25511376874999997 0.015281540625000001 0.1952289640625 0.008432476562500001 0.3259567375
0 0.050024940625 0.2098216375 0.1629705078125 0.25545961250000004 0.1996291890625 0.139591875 0.090983309375 0.09680743124999999 0.050024940625 0.2098216375
0 0.19417410625 0 0.17719513125 0.0492790359375 0.27155358125 0.09734614999999999 0.3083719859375 0 0.19417410625 0
0 0.1818377125 0.2701395984375 0.21313165937499998 0.2754490140625 0.23955866406249998 0.2119761890625 0.20477165312499998 0.19494973437500002 0.1818377125 0.2701395984375
0 0.2110162234375 0.3476717921875 0.22764208749999998 0.29816380468750003 0.20194549843749998 0.2880869109375 0.1808962421875 0.3440432328125 0.20114743906250002 0.3453718765625 0.2110162234375 0.3476717921875
0 0.20247820781249998 0.3501839765625 0.1761701546875 0.3427959953125 0.1430475390625 0.41648412031250004 0.1694506171875 0.42695767656249994 0.20247820781249998 0.3501839765625
0 0.3909432640625 0.334358184375 0.4075403640625 0.34214960781250003 0.42781283437499995 0.30796048125 0.40439124531250004 0.29651319531250003 0.3909432640625 0.334358184375
0 0.5489838109375 0 0.5329736125 0.0375681078125 0.568097353125 0.058782634375 0.5755742296874999 0.0569271078125 0.5849328265625 0.047734543750000004 0.59455171875 0.0474551953125 0.5982864234374999 0.0398621390625 0.5978683609375001 0.033551987500000005 0.5920941921875 0.0310790953125 0.5972850625 0.016514321874999998 0.6078200781249999 0.0199793078125 0.61166704375 0.0016074734375 0.5771644515625 0 0.5489838109375 0
0 0.742820759375 0.012917353125 0.7358073375 0.0073911640624999995 0.6581105593750001 0.003771275 0.6541110859375 0.0093192953125 0.6356921062499999 0.005273025 0.6016736453125 0.0654394015625 0.598526709375 0.074878571875 0.6448559578124999 0.10472456562500002 0.6815586359375 0.1256061171875 0.742820759375 0.012917353125
0 0.5705411125000001 0.9966806890625 0.8476313843750001 0.995068625 0.8059793875000001 0.8900280125 0.5705411125000001 0.9966806890625
0 0.358027653125 0.9911627734374999 0.4627104828125 0.8307707125 0.2402903109375 0.6773274640625 0.07781910625 0.9781078703125001 0.358027653125 0.9911627734374999
0 0 0.5844910671875 0.0984510109375 0.5973066031250001 0.12405443593750001 0.5119920203125 0.08014837968750001 0.4906036921875 0.056789090625000004 0.5318597390625001 0.0123473390625 0.495383075 0.0289567359375 0.472727359375 0.020769409375 0.466504575 0.025568121875 0.4459518078125 0.0025723765625 0.43780821562499994 0 0.486907046875 0 0.5844910671875