0 0.4753116765625 0.94950854375 0.49573413125 0.9470831984375 0.49569651718749996 0.9452997203125 0.493622153125 0.9250206593750001 0.4714484453125 0.9276923296874999 0.4753116765625 0.94950854375
0 0.0993363296875 0.6451747015625 0.1016088921875 0.6384154875 0.10109646875 0.6315560859375 0.08188060781249999 0.5895620671875 0.01511595 0.616978525 0.049077253125 0.849020159375 0.1522271421875 0.807042190625 0.1566402453125 0.792469071875 0.12710927656249998 0.6977039046875 0.126598453125 0.7027619453125 0.12263463593749999 0.707277128125 0.1166147 0.70812386875 0.11074565781250001 0.70740656875 0.1091580625 0.7017493 0.10796184687499999 0.6961711375 0.10310581875 0.6926058421875 0.101149290625 0.687022825 0.096723553125 0.6830392515625 0.09304351718750001 0.67758685625 0.0897728703125 0.6711154171875 0.0887115125 0.663863675 0.090369475 0.65672135625 0.09455891875 0.6505421874999999 0.0993363296875 0.6451747015625
0 0.10931278281250001 0.402243053125 0.1145672078125 0.43432788125000005 0.08601085625 0.4405580984375 0.07592241875 0.4058216234375 0.026303104687500002 0.4200230203125 0.011707940625 0.4343289765625 0.030439109375000002 0.509036184375 0.0520600015625 0.5048771000000001 0.072375875 0.567667340625 0.18951083124999998 0.5400341828124999 0.1579236859375 0.4371733796875 0.1426786109375 0.39086443437499996 0.10931278281250001 0.402243053125
0 0.7070185999999999 0.8773411187500001 0.679076015625 0.8219737468750001 0.6363547921875 0.8341539859375 0.6637379640625001 0.8905838656249999 0.7070185999999999 0.8773411187500001
0 1 0.7817099078124999 0.891340103125 0.83082203125 0.8847279468749999 0.8349494921874999 0.9428862921875 0.9434415749999999 1 0.9354081984375 1 0.7817099078124999
0 0.4225251890625 0.6697465671875 0.46520737343749996 0.6650846453125 0.4760123671875 0.6522061828125 0.5062337703125 0.639950628125 0.555526025 0.6076392390625001 0.5453370953125 0.5242847671875001 0.527119246875 0.522844846875 0.516828115625 0.4935926234375 0.5063374921875 0.485721878125 0.42458563125 0.510569434375 0.41563406093750005 0.5405382515625 0.359515009375 0.5491025125 0.26584945000000004 0.56093554375 0.2862962890625 0.6368324484375 0.3089396640625 0.7004132921874999 0.346568928125 0.6931305109375 0.3587347875 0.6713851109375 0.3800085109375 0.6663804734375 0.4225251890625 0.6697465671875
0 0.9587272875 0.42481848125 0.98327980625 0.41535029375 0.9946835374999999 0.41022627187499994 0.9891974953125 0.37274271875 0.968684071875 0.32188305625 0.9240139015625 0.33326416718749996 0.916114821875 0.33623106406250003 0.9146313734374999 0.3387651203125 0.9113951296874999 0.34199290625 0.9094065312499999 0.3441284609375 0.907396040625 0.3462670953125 0.905254084375 0.34750747656250003 0.903437159375 0.3477630375 0.9025396421874999 0.347889278125 0.901115084375 0.3476201 0.899032015625 0.3460572484375 0.8980452718749999 0.3457264890625 0.8591541156250001 0.355378003125 0.87835585625 0.39162758750000004 0.913767753125 0.376674315625 0.93156786875 0.43235030625000004 0.9587272875 0.42481848125
0 0.0022241015624999997 0.382290478125 0.0791137859375 0.3625988234375 0.0681555890625 0.3040599125 0.0018878421875 0.32449240625 0.0022241015624999997 0.382290478125
0 0.063321475 0.2528655875 0.07018719062499999 0.25230235625 0.07350668125000001 0.24872746562499998 0.066708315625 0.21800014375 0.01076969375 0.226270709375 0.017881554687500002 0.26158237500000003 0.063321475 0.2528655875
0 0.5134955703124999 0.4555581328125 0.45730900312499995 0.3110133484375 0.4214570828125 0.30158946875 0.2945332296875 0.338358271875 0.2800496125 0.360295521875 0.31955881875 0.508125178125 0.5134955703124999 0.4555581328125
0 0.1703679375 0.7435383125 0.184007971875 0.7695692625 0.21295114062499998 0.7612499109375 0.2023912203125 0.7303138062500001 0.1703679375 0.7435383125
0 0.7069073953125 0.3626164046875 0.689316746875 0.32806313593750003 0.6770315765625 0.3320494359375 0.6642142453125001 0.341253296875 0.6681213875 0.3481047625 0.5960891671875 0.376929140625 0.6066294234375 0.400556421875 0.7069073953125 0.3626164046875
0 0.7154358625 0.8246406640625 0.791486775 0.9647368015625 0.9428862921875 0.9434415749999999 0.8847279468749999 0.8349494921874999 0.8525844578124999 0.7640070125 0.7154358625 0.8246406640625
0 0.5213833390625 0.0895176390625 0.5258856578125 0.10715215468749999 0.5427203031250001 0.14997301406250002 0.5335830734375 0.1531811453125 0.544308565625 0.1805164265625 0.5573064359375001 0.20368623281249998 0.6444998890625 0.1693083203125 0.6677501328125001 0.151705534375 0.6067180578125 0.0621314078125 0.5213833390625 0.0895176390625
0 0.7847210265625 0 0.7078471140625 0.0242058375 0.7269444 0.0539411140625 0.7951723890625 0.033164650000000004 0.7999224140625001 0.0386007 0.829844315625 0.026588509375000003 0.8631006578125 0.0866642125 0.886918328125 0.079960178125 0.854367671875 0 0.7847210265625 0
0 0.8476682984374999 0.212483453125 0.84555840625 0.2139429203125 0.841136059375 0.2153251765625 0.8373489734374999 0.21585785156249998 0.83382500625 0.21559329218749998 0.8315157578125 0.2155379875 0.8267892234374999 0.2140786421875 0.8226267281249999 0.2102145609375 0.8209723500000001 0.20425365 0.81788108125 0.20160282812500002 0.8110185703124999 0.20218796718749998 0.801728540625 0.204657365625 0.814272990625 0.2349565796875 0.8339524984375 0.2824082046875 0.9420783078125 0.2455779453125 0.9047431546875 0.16465545312500002 0.8529535828125001 0.18005649375 0.8509685593749999 0.18496413750000001 0.8519689906250001 0.191799615625 0.8531297484374999 0.1997305234375 0.8508461468749999 0.20778814687499997 0.8476682984374999 0.212483453125
0 0.009908400000000001 0.3054106828125 0.016468940625 0.302609696875 0.02382420625 0.30157513593749996 0.0305386625 0.2998257640625 0.0370992046875 0.297024778125 0.0436982265625 0.2944866953125 0.0507908046875 0.29348908281249997 0.0729268984375 0.2890339375 0.070797284375 0.2708197296875 0.01769273125 0.2789152640625 0.014979524999999999 0.2725890125 0.00161096875 0.2769018859375 0.00179439375 0.3084301703125 0.0030851671875 0.308248615625 0.009908400000000001 0.3054106828125
0 0.6765780921875 0.21125958281249999 0.577599809375 0.246020603125 0.6102402484375 0.315931721875 0.677767303125 0.296014075 0.730181040625 0.2766346703125 0.7173810546875 0.24397892031250001 0.714349353125 0.23959803124999998 0.707146459375 0.23419395625 0.7020801 0.2269018328125 0.7012920359375 0.227012678125 0.6981616703125 0.22745298281249998 0.6950094124999999 0.227896365625 0.690500246875 0.218915978125 0.6857602109375 0.20835817343750002 0.6765780921875 0.21125958281249999
0 0.263976215625 0.5832455921874999 0.2535969515625 0.5855998796875 0.24879765156250003 0.5909704453125 0.2580385859375 0.6205269015625 0.2674836390625 0.619421996875 0.27014690468749997 0.611668725 0.263976215625 0.5832455921874999
0 0.651887121875 0.3986849421875 0.5974868234375 0.4154817390625 0.59567365625 0.42385330625 0.6392170515625 0.5305552140625001 0.70198705 0.508511725 0.7601375 0.48253428125 0.706047121875 0.3697136046875 0.651887121875 0.3986849421875
0 0.3863273828125 0.2629070859375 0.40832714374999995 0.24912480312500002 0.3749944140625 0.148991440625 0.35569085 0.15371896406250002 0.3577975265625 0.1681129046875 0.325317378125 0.1786738 0.24643221093749998 0.1957841921875 0.2447166546875 0.211386540625 0.2620722859375 0.28905981718749996 0.277386321875 0.284245015625 0.2812085578125 0.2830366078125 0.2839585140625 0.2926669109375 0.32454425625 0.2782604046875 0.363355434375 0.2654674359375 0.3863273828125 0.2629070859375
0 0.878409690625 0.39092686875 0.884426784375 0.400746059375 0.9055702531250001 0.45163638281249996 0.9327989859375 0.435419284375 0.913767753125 0.376674315625 0.878409690625 0.39092686875
0 0.1898259109375 0.1622467796875 0.1791509734375 0.1615123125 0.156048603125 0.16699775625 0.0972497015625 0.18304930625 0.0900876265625 0.187388275 0.088980690625 0.20256962343749998 0.09191255625 0.21496928906249999 0.0945205640625 0.2251561890625 0.0968726046875 0.23374684218750003 0.10895095156250001 0.2323162671875 0.11299856562499999 0.23554807812499998 0.1141911421875 0.24186461874999998 0.11577731875 0.248886025 0.11320131250000001 0.2503663359375 0.1057404765625 0.252511365625 0.1147023828125 0.2757345828125 0.10756219843749999 0.280070471875 0.1240521453125 0.32450498906249997 0.1651160890625 0.312602575 0.1746024578125 0.3090323015625 0.2126933453125 0.28811231406250004 0.21507647031250002 0.2816505828125 0.2153030875 0.2793827484375 0.21839380468749997 0.2739394703125 0.2172886046875 0.270204353125 0.2203793234375 0.264761075 0.22885452968750003 0.2619143765625 0.1898259109375 0.1622467796875
0 0.2964768875 0.16830844218750002 0.3045969109375 0.160592590625 0.354891871875 0.1481072859375 0.3666763375 0.137036340625 0.335132965625 0.0500446953125 0.197690365625 0.0921835921875 0.19610634531249999 0.089298409375 0.1824358375 0.0908411328125 0.19327422968750002 0.1279540390625 0.204241459375 0.126411434375 0.221701678125 0.1877027734375 0.2964768875 0.16830844218750002
0 0.47941272812499997 0 0.48891166875 0.031902921875000004 0.536427746875 0.0210382609375 0.5421286265624999 0.037855764062500005 0.5853153453125 0.029008709375000004 0.577373790625 0.005887928125 0.576222734375 0 0.47941272812499997 0
0 0.014065860937499999 0.10850862187500002 0.028448284375 0.1003814796875 0.034971703124999996 0.099463921875 0.021800003125000002 0.0740378859375 0.0073192953125 0.0738610828125 0.0073855843749999995 0.07049781875 0.006360546875 0.067310415625 0.008779437499999999 0.06475658437500001 0.00982679375 0.0640279171875 0.00038023437500000004 0.06535663124999999 0.0008482296875 0.145798175 0.0084802109375 0.14269951875 0.0110423453125 0.13730822812500001 0.014065860937499999 0.10850862187500002
0 1 0.6864960499999999 0.8480150453125 0.7556835265624999 0.8525844578124999 0.7640070125 0.8847279468749999 0.8349494921874999 0.891340103125 0.83082203125 1 0.78074765 1 0.6864960499999999
0 0.23725697656250003 0.3893896625 0.22933144374999997 0.3901914 0.22109944218750002 0.3910362453125 0.212957221875 0.39249453125 0.199575484375 0.3934152890625 0.1937153203125 0.3952010171875 0.17931668437499998 0.3978746984375 0.1673424859375 0.3995589390625 0.1595067359375 0.4009741171875 0.1575535171875 0.4360180265625 0.18951083124999998 0.5400341828124999 0.208147625 0.53609359375 0.20519331406250002 0.5235405671875 0.256123353125 0.5127994234375 0.25471772812500004 0.50640105 0.297815034375 0.49969073281250004 0.30250370625 0.505470809375 0.3179136296875 0.5029902796875 0.2799534171875 0.3596382640625 0.26075584531249996 0.3783703484375 0.26099189375 0.38669963749999997 0.2524534203125 0.3875875890625 0.24203345937499998 0.38905321718749997 0.23725697656250003 0.3893896625
0 0.817130596875 0.42224112500000005 0.8357798875 0.467691134375 0.9054570375000001 0.45147343125 0.884426784375 0.400746059375 0.817130596875 0.42224112500000005
0 0.8699410625 0.0128097734375 0.8664983640624999 0.021343465625 0.8734780921875 0.030870739062500003 0.9037513515625 0.02705981875 0.910106425 0.03689855 0.9212996421874999 0.0523174546875 0.9256025484375 0.0481346890625 0.934657271875 0.0428363609375 0.9216936953125 0.0046360796875 0.8699410625 0.0128097734375
0 0.4872553578125 1 0.4854852078125 0.9897111515624999 0.47577304531250003 0.9499131999999999 0.373469975 0.97264285625 0.3768599953125 1 0.4872553578125 1
0 0.4650365984375 0 0.4074682546875 0.0080973234375 0.43687061250000003 0.083137053125 0.4981369390625 0.0641000140625 0.4955283125 0.057267140625000004 0.48980288437499997 0.0564625640625 0.48809455156250003 0.0502856453125 0.48808098749999995 0.0446976546875 0.49054384375 0.039543925 0.48891166875 0.031902921875000004 0.47941272812499997 0 0.4650365984375 0
0 0.159869684375 0.694705853125 0.1653423515625 0.6939360890625 0.165010603125 0.6886164484374999 0.21345349374999997 0.6770624375 0.21766655 0.68371435625 0.17573363749999998 0.697617203125 0.181388446875 0.72526323125 0.2673253125 0.7009226484375 0.23719064374999999 0.635309875 0.22834372812499998 0.6374486296875 0.204304096875 0.5815770046875001 0.1677466734375 0.58671901875 0.1320196796875 0.593108165625 0.1384168609375 0.6183467359375 0.127071325 0.6217313203125 0.1511966046875 0.6911631781249999 0.1590039265625 0.688790534375 0.159869684375 0.694705853125
0 0.5407812375 1 0.7613874140625 0.9689704515625 0.7171302359375 0.885980678125 0.674784671875 0.8964534687500001 0.480231271875 0.9692308890625 0.4854852078125 0.9897111515624999 0.490261840625 1 0.5407812375 1
0 0.19338470624999998 0.047958209375 0.187870790625 0.038984989062499996 0.1580608828125 0.0431779265625 0.16562930468749998 0.058592409375 0.19338470624999998 0.047958209375
0 0.0176952609375 0.1384966203125 0.0084802109375 0.14269951875 0.0008482296875 0.145798175 0.0014182218749999999 0.243771578125 0.0136960671875 0.2415331765625 0.01076969375 0.226270709375 0.037904628125 0.2233036875 0.039621846875 0.21610831406250003 0.03954403125 0.2091654234375 0.0389391734375 0.20182711250000002 0.041774603125 0.1958607546875 0.0442902421875 0.19412061875 0.051955553125 0.1958150390625 0.060919195312499994 0.2001217890625 0.0367986671875 0.130264434375 0.036919043750000005 0.112158584375 0.033812231250000005 0.1130651296875 0.028257118749999997 0.11617188593750001 0.02232215 0.12950568906249998 0.0176952609375 0.1384966203125
0 0.8568208671875001 0.100694946875 0.8685545749999999 0.0973675625 0.8469774203125 0.057405003125 0.829844315625 0.026588509375000003 0.7999224140625001 0.0386007 0.7951723890625 0.033164650000000004 0.7269444 0.0539411140625 0.732531140625 0.0676890453125 0.7195305453125 0.0719772125 0.7152954765625 0.0644116453125 0.6956444937499999 0.0743978203125 0.7329641078125 0.1509400171875 0.765224734375 0.1358262796875 0.759741959375 0.12492575312500001 0.8066110640625 0.10719825937500001 0.8127907671875001 0.11522816875 0.8337954546875 0.106706196875 0.8298630921875001 0.098919175 0.85102810625 0.0914926328125 0.8568208671875001 0.100694946875
0 0.1185432609375 0.0830806578125 0.123133765625 0.0814735125 0.127134334375 0.08026238125 0.13262124687500002 0.0782161171875 0.1379844609375 0.07746175 0.143019315625 0.07675356875 0.147272640625 0.077116775 0.1706214203125 0.0696513890625 0.15783203437499999 0.043210115625000003 0.059832678125000004 0.056994296874999996 0.06033462187500001 0.0573708890625 0.05925118593749999 0.060653623437500005 0.056539209374999996 0.0634946359375 0.050292657812499995 0.066609209375 0.0403411578125 0.069596478125 0.021800003125000002 0.0740378859375 0.034971703124999996 0.099463921875 0.04131814375 0.108633078125 0.0468826234375 0.119633909375 0.08911374375 0.0998309046875 0.087939665625 0.096083115625 0.0909136546875 0.09213199062500001 0.0955939421875 0.0911382875 0.10062879531249999 0.0904301046875 0.10526739843749999 0.08915158906250001 0.10976491562499999 0.08690909531249999 0.1139078640625 0.08438108125 0.1185432609375 0.0830806578125
0 0.187870790625 0.038984989062499996 0.19338470624999998 0.047958209375 0.20381051718749998 0.062255276562499996 0.2547829234375 0.03699679375 0.25140473281250003 0.0328435203125 0.2501885703125 0.0302196296875 0.187870790625 0.038984989062499996
0 0.5081017828125 0.1407334046875 0.5102326374999999 0.14430189843750002 0.5118229484375 0.146314171875 0.5165513328125 0.145649096875 0.5176208328125 0.1419658484375 0.5126394515625 0.12334781406249999 0.5221314312499999 0.1178314671875 0.5130839953125 0.0978400609375 0.5018281328125 0.069170725 0.48575587656249997 0.07368970312499999 0.48932157812500005 0.102479240625 0.4793051453125 0.11097610468750001 0.47960346875 0.12186798750000001 0.48311459843750004 0.1458578890625 0.4932991859375 0.145073796875 0.5035638796875 0.140410225 0.5081017828125 0.1407334046875