0 0.0519659625 0.837264515625 0.1183655484375 0.7761803375 0.0969797859375 0.754860428125 0.0457063328125 0.7990728015624999 0.0519659625 0.837264515625
0 0.11995524531249999 0.8901126187499999 0.11487809375 0.873664978125 0.153869496875 0.8190778109375 0.1349748890625 0.803102359375 0.0579714203125 0.8739054546875 0.058853575000000005 0.8792877296875 0.091731265625 0.9162691265625 0.11995524531249999 0.8901126187499999
0 0.8032427 0.8552207421875 0.675362146875 0.7664625578125001 0.5196342828125 0.9151306109374999 0.6288823046875 0.9939797453124999 0.6721661125 0.9876220578125 0.8032427 0.8552207421875
0 0.8018268546874999 0.8496145171875 0.9472888265625 0.6951658546874999 0.8179246171875001 0.6084736765625001 0.678979334375 0.7609891906249999 0.8018268546874999 0.8496145171875
0 0.637064040625 0.7076542390625 0.7368598734375 0.5961272906249999 0.49684454999999994 0.44152755624999995 0.39610117031250003 0.5414614796875 0.637064040625 0.7076542390625
0 1 0.8558550796875 0.9456105156250001 0.913859809375 0.9592587296874999 0.9227151859375 1 0.8837722984375 1 0.8558550796875
0 1 0.5971165093749999 0.9325325953125001 0.6681792921875 0.954555071875 0.68352919375 1 0.6308953203125001 1 0.5971165093749999
0 1 0.5551848984375 0.9793964328125 0.5407136015625 0.9202740859375 0.6017254265624999 0.9590243890625001 0.6272849109374999 1 0.58272661875 1 0.5551848984375
0 1 0.5222964765625 0.9846889953125 0.531817109375 1 0.544154015625 1 0.5222964765625
0 0.8611668609375001 0.5333277640625 0.877717471875 0.5414453515625001 0.8970073296875001 0.5105585171875 0.8210430359374999 0.4564313828125 0.806507915625 0.4748876203125 0.814796609375 0.4804810546875 0.8008157812500001 0.49814986406250006 0.786563465625 0.48826191249999995 0.772064665625 0.505549975 0.7873083640625 0.5150431296875 0.7798190390624999 0.5299934203125 0.8485091640625001 0.5633650328125 0.8611668609375001 0.5333277640625
0 0.8059179453124999 0.445135021875 0.8641736906249999 0.48471139062499996 0.9082259984375 0.44331414999999996 0.85211278125 0.405312690625 0.8393314046875 0.401998825 0.8059179453124999 0.445135021875
0 0.8843201531249999 0.28735059375 0.901809959375 0.270370740625 0.8720237328125 0.2482082265625 0.8665513671875 0.24867978906250002 0.849720796875 0.23771699218750003 0.811854546875 0.263919303125 0.8085800671875001 0.25783854375000004 0.8187016640625 0.24391362968750002 0.8243426359375 0.246365928125 0.8433033203125 0.228505546875 0.8335326984375 0.2227144828125 0.8187284265624999 0.2380124484375 0.8094738140625 0.2334745515625 0.7971077 0.24772914687499997 0.7980704875 0.24956040000000002 0.7857484640625 0.2621888515625 0.8223618265624999 0.29416711875 0.8394637875000001 0.2788639 0.8548897375 0.279235228125 0.8616096078125001 0.27235093906249996 0.8843201531249999 0.28735059375
0 0.9796894390625001 0.380655740625 0.9859109281249999 0.3699726421875 0.9851604625 0.3653938375 0.9736800999999999 0.3577625265625 0.9684280671875 0.3636213828125 0.9543945781250001 0.3538051140625 0.9464813109374999 0.3640209703125 0.9244518625 0.3502709953125 0.86176926875 0.40194240312499996 0.8983560875000001 0.4322426046875 0.906379309375 0.422571253125 0.9278425718750001 0.436404390625 0.943684146875 0.422760615625 0.9467964328124999 0.424566853125 0.972299121875 0.401011146875 0.9770652640625 0.405959146875 0.9888454078125 0.387876696875 0.98851388125 0.38585396875 0.9796894390625001 0.380655740625
0 0.628780440625 0.44094061250000005 0.63478525625 0.447886996875 0.626191878125 0.46090219374999997 0.6734337781249999 0.487228603125 0.7043121140624999 0.4552833234375 0.6669066390625 0.429464009375 0.637709271875 0.41809584375000003 0.628780440625 0.44094061250000005
0 0.62908113125 0.3881949640625 0.5647104140625 0.3576774171875 0.527386784375 0.42269280781249996 0.5868524421875 0.4531002296875 0.62908113125 0.3881949640625
0 0.6979211140625 0.3071296046875 0.6934360546875 0.3045282859375 0.701255146875 0.2942432015625 0.6973913640625 0.292526584375 0.7088229609375001 0.2758551625 0.6743051859375 0.249840109375 0.64392633125 0.279905471875 0.6342404312500001 0.2753893921875 0.613774659375 0.298848971875 0.6219308484375 0.30792962031250004 0.61046395 0.3193319234375 0.6557364812500001 0.3524678 0.6979211140625 0.3071296046875
0 0.7920344265625 0.202625284375 0.8044619875000001 0.208960509375 0.8170598953124999 0.196499184375 0.7837961828125 0.16714365312499999 0.7695975046875 0.179819340625 0.7397388734375 0.1613843921875 0.6937162640625 0.2129966890625 0.6679877375000001 0.23959648906250003 0.7020722015625 0.2590511640625 0.71454811875 0.24091815625000002 0.741235396875 0.2598396921875 0.7920344265625 0.202625284375
0 0.94668138125 0.130622446875 0.9145596671874999 0.10520232656249999 0.8749109296875 0.1509778734375 0.9162631375 0.18356827343749998 0.9098773328125 0.1902166109375 0.9299038359375 0.20324330000000002 0.951098340625 0.1718482890625 0.9537247843750001 0.1735961640625 0.94668138125 0.130622446875
0 0.9107484781249999 0.066661696875 0.818797821875 0.009527575 0.7635949656250001 0.00888523125 0.7231127703125 0.053626821874999994 0.7441956484375 0.07928956718749999 0.737778034375 0.1225096828125 0.8248913359375001 0.1807303375 0.888173253125 0.10378299375 0.9107484781249999 0.066661696875
0 0.5632479609375001 0.12588526718749998 0.5714971421875 0.12807905 0.5903824234374999 0.11228547656250001 0.5574496015625 0.08709663281249999 0.51408311875 0.1291406734375 0.5322292296875 0.1468665015625 0.54813513125 0.140564075 0.5632479609375001 0.12588526718749998
0 0.6069613046875 0.119817490625 0.610572125 0.114178940625 0.59635585 0.1032474453125 0.5929244921875 0.1099809453125 0.572494375 0.12658285 0.5824810328125001 0.14266236875 0.5773863828125 0.15643032343750002 0.592147690625 0.170687215625 0.6220806078125001 0.1396698703125 0.6069613046875 0.119817490625
0 0.545175209375 0.1668512234375 0.5533350578125 0.154854890625 0.5508638421875001 0.149632096875 0.542675040625 0.14755403281249999 0.5311805046875 0.1472904875 0.5277087078125 0.1540299265625 0.545175209375 0.1668512234375
0 0.569462384375 0.1355003078125 0.5556583453124999 0.150962828125 0.56524268125 0.1616817859375 0.5776166078125 0.14545337187500001 0.569462384375 0.1355003078125
0 0.5674545375 0.006602931250000001 0.4813407734375 0.00560090625 0.4795997109375 0.007061840625 0.5050419390625 0.0432765859375 0.512685459375 0.06009480625 0.5674545375 0.006602931250000001
0 0.47058244687500006 0.099108465625 0.5153167578125 0.066041625 0.5123547171875 0.0603510375 0.5054336234375 0.0428868140625 0.4583940109375 0.0329557796875 0.47058244687500006 0.099108465625
0 0.056917973437500005 0.4409436234375 0.0425382078125 0.46072676250000005 0.0699360390625 0.4872684953125 0.11252636406250001 0.47422252499999995 0.11705886406249999 0.464731665625 0.1245944796875 0.44867403125000005 0.12115166875000001 0.41111753906250004 0.0729536921875 0.41888228281249995 0.070032746875 0.43833203125000003 0.056917973437500005 0.4409436234375
0 0.10892011875 0.62745778125 0.1163720890625 0.6111424875 0.1542948328125 0.58528488125 0.0381903421875 0.4839784390625 0.002875284375 0.49421947499999996 0.0031378515625 0.5393508515625001 0.0135105890625 0.6026377609375 0.0137842953125 0.6025389046875 0.018990703125 0.603476896875 0.0228284125 0.6062978875 0.0266661234375 0.60911888125 0.029114915624999998 0.61382584375 0.0332218203125 0.6182892578125 0.037059532812500004 0.6211102515625 0.039528546875 0.62581424375 0.0403427734375 0.6307820640624999 0.032618287499999996 0.6454346578125 0.0829903921875 0.6955340062500001 0.132451790625 0.6578274890625 0.10892011875 0.62745778125
0 0.0940130890625 0.1946213515625 0.08207565781250001 0.19355073125 0.0745436703125 0.1705904625 0.05533471718750001 0.16255186875 0.0565857203125 0.15009602187499999 0.08116807499999999 0.150742090625 0.08094474375 0.143694040625 0.0004684796875 0.0805248 0.0015802484374999998 0.27162173749999996 0.018913178125 0.2877777453125 0.092576553125 0.2146628984375 0.0940130890625 0.1946213515625
0 1 0.9249175328125 0.995332059375 0.92221330625 0.9779721453124999 0.9398593265624999 0.960779046875 0.9268109890625 0.9377523 0.94861176875 1 0.9394685921875 1 0.9249175328125
0 0.8641297531250001 0.95759840625 0.8667107125 0.959046621875 0.9226870921874999 0.9508246015624999 0.9262455171875 0.9377183578125001 0.9405614015625 0.9238626171875 0.9067781953124999 0.90826750625 0.8641297531250001 0.95759840625