0 0.9924614921874999 0.6197738609375001 0.925064171875 0.5909966390625 0.9273225796875 0.5798837296875 0.9003925531249999 0.5698342750000001 0.885610459375 0.5713023796875001 0.8348440203124999 0.7069590859375 0.9612239625000001 0.764917690625 0.973225746875 0.762437090625 0.9924614921874999 0.6197738609375001
0 0.016057521875 0.3660104484375 0.002705503125 0.4650365953125 0.0041498281249999994 0.713294909375 0.0345091671875 0.7282418500000001 0.055011726562499995 0.7257851343749999 0.214689421875 0.2875537125 0.1557058328125 0.2573131125 0.06872924531249999 0.2185082109375 0.016057521875 0.3660104484375
0 0.2290251875 0.9039519703125001 0.1853141421875 0.8817074171874999 0.130764534375 0.8556015125 0.0972412015625 0.9480686437499999 0.20774327656249997 0.9642283687500001 0.2290251875 0.9039519703125001
0 0.004621571875 0.7943807656249999 0.0054375953125 0.93464336875 0.005552015625 0.9346601015625 0.0496529125 0.8194589578125001 0.006400909375 0.7953333234375 0.004621571875 0.7943807656249999
0 0.13857501249999998 0.5693107546875 0.11871528281249999 0.6395156828124999 0.0838546140625 0.7228664859375 0.43732531249999995 0.8773412515624999 0.46863097500000006 0.7926297609375 0.48955716875000005 0.7224372390625 0.13857501249999998 0.5693107546875
0 0.651102096875 0.629127725 0.6972308140625 0.49968331875 0.635525484375 0.4698239796875 0.61267785625 0.53095830625 0.617408571875 0.5351774078125 0.5902467031249999 0.6080468390625 0.6462300078125 0.633726675 0.651102096875 0.629127725
0 0.740805878125 0.517909025 0.7000749078124999 0.6348949562499999 0.7332828625000001 0.6524658999999999 0.7763237390625 0.6757198515625 0.819446390625 0.5527263546875 0.785875846875 0.5340359984374999 0.740805878125 0.517909025
0 0.5745856734375 0.14087233593749998 0.7565933015625 0.2231873046875 0.767917553125 0.1911495515625 0.77750875 0.1957308203125 0.8095508328125 0.1139365453125 0.7982171453125 0.0893722546875 0.8138120234375 0.04389089375 0.7566913671875 0.035537621874999994 0.7426681234375 0.0761629578125 0.7224812593750001 0.070032190625 0.6734890234375001 0.041252715625000005 0.66366579375 0.0385447109375 0.632182475 0.026311834375 0.628217434375 0.016749710937500002 0.62069313125 0.0156493640625 0.5745856734375 0.14087233593749998
0 0.8258816765624999 0.11134143593750001 0.7789041921875001 0.2353502796875 0.8469893265625 0.269690390625 0.863720715625 0.26366758125 0.9369408546875 0.06189714375000001 0.8325541328125 0.0466317234375 0.8116500359375 0.10659423906250001 0.8258816765624999 0.11134143593750001
0 0.1271545875 0.0007397640625 0.1122930046875 0.04593059375 0.2009837734375 0.0919792296875 0.21827910312499998 0.0487152625 0.2496783578125 0.061571578125000005 0.272026659375 0.0044452203124999996 0.266102709375 0.001548140625 0.1271545875 0.0007397640625
0 0.197910078125 0.1661154703125 0.17631485625 0.2278636046875 0.4654476140625 0.367433640625 0.491712309375 0.29558142656249997 0.197910078125 0.1661154703125
0 1 0.256086084375 0.88620769375 0.2041416203125 0.863720715625 0.26366758125 0.8469893265625 0.269690390625 0.7789041921875001 0.2353502796875 0.7565933015625 0.2231873046875 0.5922735625 0.157158 0.5014230390625001 0.392053721875 0.9003925531249999 0.5698342750000001 0.9273225796875 0.5798837296875 0.925064171875 0.5909966390625 0.9924614921874999 0.6197738609375001 1 0.563864009375 1 0.256086084375
0 0.7519703015625 1 0.77252805625 0.95021120625 0.7160210124999999 0.9244547781250001 0.686983790625 1 0.7519703015625 1
0 0.629883065625 1 0.6523974875 0.9459937953124999 0.6462582484375 0.9403382609375001 0.6824413875 0.8360581406250001 0.6863694406249999 0.8366325765625 0.691582403125 0.82265003125 0.662293990625 0.8102869703125 0.6106815265625001 0.9522182921875 0.44098295624999995 0.8707805515624999 0.4237875578125 0.908276021875 0.6235651234375 1 0.629883065625 1
0 0.637394978125 0.789439978125 0.6412439953125 0.7855732375 0.665136171875 0.79423509375 0.6629521390625001 0.80494873125 0.684398778125 0.8154472578125 0.686313590625 0.8094724937500001 0.6967883968749999 0.8110043203125 0.7099515390625 0.773554909375 0.6112655625000001 0.734452653125 0.597250959375 0.7728849515625 0.637394978125 0.789439978125
0 0.300666825 0.9778174234374999 0.318036678125 0.9374148953124999 0.2290251875 0.9039519703125001 0.20774327656249997 0.9642283687500001 0.300666825 0.9778174234374999
0 0.524117228125 1 0.5318858265624999 0.9799466109375 0.5296765531250001 0.964796615625 0.4858551015625 0.9416951109375 0.460189090625 1 0.524117228125 1
0 0.617675675 1 0.6177006109375001 0.9994891406249999 0.5648733078125 0.9763010781249999 0.5625893296875 0.986384875 0.5658522484375 0.987169653125 0.5614437999999999 1 0.617675675 1