0 0.5516273671875 0.507131271875 0.5554379921875 0.460850446875 0.538285003125 0.460124453125 0.5363935859375 0.5043725359375 0.5516273671875 0.507131271875
0 0.736379334375 0.170824040625 0.7287940374999999 0.1465143390625 0.6484928140624999 0.18664470625000001 0.652016240625 0.1919096125 0.736379334375 0.170824040625
0 0.214463684375 0.46335121562500003 0.1893717921875 0.5280750390625 0.259416325 0.5346496953125001 0.2727244984375 0.5222488203125 0.270390178125 0.48805275937500003 0.214463684375 0.46335121562500003
0 0.97737145 0.6924670125 0.9959553671875 0.6952134 0.9961559281250001 0.6607399265625 0.9829562359375 0.65803385 0.97737145 0.6924670125
0 0.9829562359375 0.65803385 0.9961559281250001 0.6607399265625 0.9963925187499999 0.62007328125 0.988332365625 0.6187633171875 0.9829562359375 0.65803385
0 0.2023995 0.7392001453125 0.22971949375 0.630732090625 0.19670489062500002 0.6218855343749999 0.16547984531249998 0.6121491796874999 0.11694678750000001 0.7809563203125001 0.14593105 0.794039990625 0.1532426125 0.7840095984375 0.162291375 0.781768575 0.17162623593749998 0.7843067718750001 0.1805065109375 0.7892499828124999 0.1812167234375 0.8003281937500001 0.1803597203125 0.8059520234375 0.1829068015625 0.8073825156250001 0.2023995 0.7392001453125
0 0.13094813593750002 0.87590924375 0.1454203375 0.8256397671875 0.109032053125 0.8157632984375001 0.0977113359375 0.8658124921875 0.13094813593750002 0.87590924375
0 0.3364249203125 0.825209825 0.3218019453125 0.8376762328125 0.324916675 0.9090512281249999 0.378293025 0.9167645953125 0.3859023921875 0.8293985328125 0.3364249203125 0.825209825
0 0.5827815921874999 0.43663072812500003 0.5650105 0.44936992187499997 0.5645600640625 0.497736375 0.586575003125 0.49580202656249994 0.58971918125 0.438809103125 0.5827815921874999 0.43663072812500003
0 0.5977332328125 0.9205438390625 0.5896135140625 0.8489649281249999 0.509262615625 0.8465386828125 0.5088270671874999 0.90843155625 0.5977332328125 0.9205438390625
0 0.6765055109375 0.811933734375 0.6810738703125 0.7572145015625 0.6597004 0.7558605859374999 0.656037925 0.8019201 0.6765055109375 0.811933734375
0 0.59961665625 0.7685512640625001 0.6059046265625 0.67418421875 0.5560515421875001 0.6799629984375 0.555026415625 0.7601973937500001 0.59961665625 0.7685512640625001
0 0.53649973125 0.6718894203125 0.5304416 0.7210961218749999 0.5522207640625 0.7237137765625 0.5548429859375 0.6706072578125 0.53649973125 0.6718894203125
0 0.9262571484375 0.626978565625 0.9131647796875001 0.623120853125 0.899513665625 0.61054758125 0.8927025015625001 0.5998958156249999 0.8515870281250001 0.5884511796874999 0.8349746359375001 0.6635783078124999 0.9265759828125001 0.6794312296875 0.932310790625 0.6353100406250001 0.9262571484375 0.626978565625
0 0.5814971875 0.6039811171875 0.5852713390625001 0.5289602796875 0.5356609859375 0.5189005015625 0.53773851875 0.5991026109375001 0.5814971875 0.6039811171875
0 0.307975903125 0.3871471140625 0.3177301640625 0.378818203125 0.3296104625 0.380862046875 0.347474725 0.33855632812500003 0.27952173281250003 0.298451915625 0.214463684375 0.46335121562500003 0.270390178125 0.48805275937500003 0.2731345375 0.4735687609375 0.269291421875 0.459518846875 0.27130683437499997 0.44505943124999997 0.280313628125 0.436782765625 0.29110145625 0.433180828125 0.292389603125 0.418772246875 0.2900010171875 0.4046206625 0.2973109328125 0.3926654265625 0.307975903125 0.3871471140625
0 0.48418438437500005 0.2993086875 0.4805474875 0.242578796875 0.444591590625 0.2464105203125 0.44331359062500003 0.2584451546875 0.434643659375 0.258365565625 0.4238088015625 0.256485971875 0.42765453906250006 0.308560265625 0.458709759375 0.3077343921875 0.4628512640625 0.3007998390625 0.48418438437500005 0.2993086875
0 0.66400776875 0.3596505015625 0.6659528453125 0.32636830625 0.6396737609375001 0.32224570468749997 0.6393902484375 0.3573894578125 0.66400776875 0.3596505015625
0 0.8188613484375 0.35399487500000004 0.8292819484375 0.2759780078125 0.8046123296875001 0.2691059765625 0.7968009984375 0.353638265625 0.8188613484375 0.35399487500000004
0 0.9236640515625 0.3962964015625 0.9285307421875 0.3234405921875 0.8568700609375 0.3169789015625 0.8477998765624999 0.3815584984375 0.9236640515625 0.3962964015625
0 0.9389618734375 0.2234309734375 0.9083916890625 0.21441355624999997 0.904724496875 0.243306971875 0.9309294375 0.25102098281249996 0.9389618734375 0.2234309734375
0 0.48700522968750004 0.5917846250000001 0.48605059375000004 0.596835153125 0.5205939359375 0.5988243062499999 0.51965626875 0.51108000625 0.48615157499999995 0.5123144171875 0.4868901375 0.5371290640625 0.4924186921875 0.5372700125 0.5037114218750001 0.540910715625 0.5125275953124999 0.5524507375 0.5160795578124999 0.5619591109375001 0.51597839375 0.569876978125 0.5139749171875 0.5766093484375 0.5051533359375 0.5833436453124999 0.49522239375000005 0.5873339671875 0.48700522968750004 0.5917846250000001
0 0.8521431046875 0.2176069 0.8607881765625001 0.1976739109375 0.841148821875 0.18981740625000001 0.8348402546875 0.21834169375 0.8521431046875 0.2176069
0 0.7186695656250001 0.1468528515625 0.7038035265625 0.106149325 0.69044023125 0.09648293125 0.657268428125 0.120002521875 0.678176353125 0.1675880328125 0.7186695656250001 0.1468528515625