0 0.1357277140625 0.247660728125 0.0909286984375 0.2381281 0.0809258484375 0.293219896875 0.064506 0.2976732875 0.0630304890625 0.31231169531249997 0.0891473609375 0.3170844046875 0.1297312296875 0.320442571875 0.14107715468749998 0.2689712296875 0.13125457812500002 0.26380119375 0.1357277140625 0.247660728125
0 0.0107936375 0.4945204953125 0.033737715625 0.49125936875000004 0.0430534734375 0.42927127187499997 0.014373984375000001 0.4341967203125 0.0107936375 0.4945204953125
0 0.07582686562499999 0.31599602656250003 0.0630304890625 0.31231169531249997 0.0378304203125 0.30973567968750004 0.032926553125 0.342051346875 0.06922368749999999 0.34663458281250004 0.07582686562499999 0.31599602656250003
0 0.0237849859375 0.32921556406249997 0.033664546875 0.3296178984375 0.038776678125000005 0.286428425 0.032357490625 0.28501410312500003 0.0237849859375 0.32921556406249997
0 0.1470472203125 0.638601625 0.268489971875 0.6549556046875 0.2800441375 0.56534115 0.207483228125 0.55792004375 0.189831140625 0.5586075890625 0.1631751890625 0.56545575 0.1470472203125 0.638601625
0 0.189177825 0.398785725 0.1698220171875 0.5237269578125 0.2651225609375 0.5468366296875 0.2769286375 0.44409943125 0.25872884375 0.43344373281250004 0.25738512343750003 0.41938752656249995 0.189177825 0.398785725
0 0.3154898328125 0.3160006625 0.216296725 0.296237946875 0.18611577343750002 0.3891156765625 0.29338919531249996 0.42580141875 0.3082703 0.3992431015625 0.3111605421875 0.3550471296875 0.3154898328125 0.3160006625
0 0.3020351203125 0.707921909375 0.2599353671875 0.774375259375 0.30989500312499996 0.8078963218749999 0.3462573703125 0.7560065359375 0.3020351203125 0.707921909375
0 0.48792884062499997 0.9259452093749999 0.474637653125 0.994477090625 0.6151815171874999 0.9928417156249999 0.6280267203125 0.9582766203125 0.48792884062499997 0.9259452093749999
0 0.4086932265625 0.9868545328125 0.4153037828125 0.965617678125 0.43154452499999996 0.9685855796875 0.43208529687499997 0.9484343031250001 0.450590359375 0.9484616859375 0.47261031249999996 0.8782767484375 0.42550029843750004 0.8696883718749999 0.35353925625 0.9767754609375 0.4086932265625 0.9868545328125
0 0.74092799375 0.3558971625 0.8698809578125 0.3921137109375 0.8839110796874999 0.3342586265625 0.900940409375 0.28256285000000003 0.7611956328125 0.2513933671875 0.746332353125 0.3063009390625 0.74092799375 0.3558971625
0 0.8508074734375001 0.7180960296875 0.8572826703124999 0.68811736875 0.8311658 0.6833446624999999 0.8200738109374999 0.7544913390625 0.8304739984375 0.77063738125 0.8723809906250001 0.7776123593750001 0.878601675 0.7455373328125 0.8603258515625001 0.74219753125 0.8508074734375001 0.7180960296875
0 0.39707573906250004 0.66824604375 0.349697921875 0.630786496875 0.3035478140625 0.7031047609375001 0.3518957484375 0.7356687140625 0.39707573906250004 0.66824604375
0 0.97858401875 0.6469333359375 0.9296253312499999 0.6345619390625 0.9167418453125 0.7009916375 0.9666426140625 0.7085054937499999 0.97858401875 0.6469333359375
0 0.8920586734375 0.3547760203125 0.8856371218750001 0.3828802703125 0.9253264265625001 0.394046625 0.9324348718750001 0.3875396328125 0.97100804375 0.39945447968750003 0.9860623015625001 0.331951378125 0.9098600875 0.3131600375 0.8992120609375001 0.35805029374999997 0.8920586734375 0.3547760203125
0 1 0.07619575468749999 0.9423823078125 0.06566645156249999 0.93676156875 0.1092599125 1 0.1155023203125 1 0.07619575468749999
0 0.5521118875 0 0.5441687390625 0.0261277359375 0.7225468187499999 0.0736954703125 0.7309840703125 0.027034637500000003 0.5830470640625001 0 0.5521118875 0
0 0.06676921875 0.10758069374999998 0.10784099843749999 0.113216559375 0.12506674375 0.029297317187499998 0.0832809453125 0.022443096875 0.06676921875 0.10758069374999998
0 0.116706346875 0.39463174687499997 0.10950133124999999 0.389919346875 0.11343773593749999 0.3696224953125 0.053666096875 0.36752016875 0.0469353375 0.42320992031250004 0.1115567 0.43162338125 0.1131563140625 0.41634507187500003 0.115617209375 0.41068662656250005 0.116706346875 0.39463174687499997
0 0 0.7726619109375 0.041649440625 0.775461190625 0.051604178125 0.7041066875 0.027303110937500003 0.6938061156249999 0.026436668749999996 0.7082866531249999 0.0100907453125 0.7072458578124999 0 0.7686863796875001 0 0.7726619109375
0 0.0525813609375 0.6879899359375 0.05618971406249999 0.6593715890625 0.034011284375 0.65825880625 0.0245293625 0.6770039015625 0.0525813609375 0.6879899359375
0 0 0.6386885890625 0.018480053125 0.5675873078125 0 0.558098878125 0 0.6386885890625
0 0.12876635 0.7419155703125 0.0994559203125 0.913178228125 0.1868621140625 0.92426468125 0.1995058015625 0.9144624515625001 0.2274613703125 0.7550856953125 0.12876635 0.7419155703125
0 0.0915568046875 0.581935534375 0.086446625 0.584956453125 0.08293994375 0.6176309734375 0.104393190625 0.6232285875 0.11254249062499999 0.5637397640625 0.099339471875 0.5534174390625 0.090445834375 0.5585836234375 0.0915568046875 0.581935534375
0 0.0331170671875 0.53717455 0.016738625 0.6377096046874999 0.06056201875 0.6437510421875 0.07448006093750001 0.5659152515625 0.070810065625 0.5566103375 0.0717534578125 0.5497221203125 0.0760455703125 0.5458063015625 0.081174765625 0.5455634109374999 0.0862933078125 0.543351540625 0.090854315625 0.5500861421875001 0.09049178125 0.53981201875 0.07758910625 0.537847534375 0.0486374953125 0.5337370156250001 0.0331170671875 0.53717455