0 1 0.7411940234375 0.9986380890625 0.7233637984375 0.9374190515624999 0.71621494375 0.9345714828125 0.7027813203125 0.8973488546875 0.7028059546875001 0.8876985140625001 0.7097958765625 0.8846043625 0.716272875 0.88802750625 0.8091049874999999 0.9266188546875 0.810574865625 0.9419430265625 0.8025112078125 0.9494755796875 0.8235430906250001 0.9946695999999999 0.8116194312499999 1 0.8056640796875 1 0.7411940234375
0 0.52270154375 0.845440625 0.5226981625 0.9480049640624999 0.6242803671875 0.9516229953125 0.6266691921875001 0.9175072078125 0.6492891328125 0.9167804765625001 0.6489925578125 0.8881777359375 0.6458089375 0.8841870765625 0.644094878125 0.8514908406249999 0.6050581234375 0.8352668140624999 0.59258615625 0.8359930015625 0.5869455859375 0.84229030625 0.5326723046875 0.84247689375 0.52270154375 0.845440625
0 0.5421886875 0.7261309203125 0.5324405390625 0.7291691453125 0.5323094562499999 0.7971738968750001 0.58201779375 0.801691503125 0.5888351375 0.8136695984375001 0.650088059375 0.8026912046874999 0.6573091609375 0.728086115625 0.6393935125 0.7167542250000001 0.636621828125 0.6872461265625 0.5890539703125001 0.6764163703125 0.5436110281250001 0.682757334375 0.5421886875 0.7261309203125
0 0.4771475828125 0.37740430156250004 0.245882678125 0.33894278437500003 0.22979924999999998 0.5661500453125 0.3470446359375 0.585275959375 0.34778735156249996 0.48137859531249994 0.31975797968749997 0.46569431562499997 0.3190627875 0.42865340625000004 0.29900042031249996 0.40015206875000003 0.30971020625 0.392094715625 0.3886907515625 0.4122242375 0.365153403125 0.6002916234375 0.396889478125 0.615760078125 0.44108844375 0.6094696828124999 0.4771475828125 0.37740430156250004
0 1 0.8865862718749999 0.9875179859375001 0.8833781515625001 0.98475426875 0.8644517781250001 0.97533815625 0.8554673203125001 0.9520128531250001 0.8544204078125001 0.9435314765625 0.8632663 0.9342707718750001 0.857246303125 0.8994338125000001 0.852715496875 0.8934888453125 0.8757346421875001 0.8849446171875 0.88338166875 0.882023509375 0.8960798390625 0.8816915578125 0.9694311078125001 0.9375665156249999 0.965587425 0.9430607265625 0.9569154624999999 0.99809671875 0.9483324109375 0.9973738234375 0.9120146265625 1 0.9119301875 1 0.8865862718749999
0 0.49693410625 0.325549546875 0.5188880359375 0.29584803437499996 0.5267867203125001 0.1161031203125 0.4468289671875 0.1244755953125 0.44002842343750004 0.32516789375 0.49693410625 0.325549546875
0 0.30395852031250004 0.9682405734374999 0.3712620875 0.9800638812500001 0.4000063984375 0.9597402125000001 0.4133804 0.938256271875 0.419307334375 0.893199240625 0.3416903171875 0.8823918562499999 0.3185779296875 0.8837375890624999 0.3134459875 0.904326215625 0.30395852031250004 0.9682405734374999
0 0.43825590156249994 0 0.41446463749999995 0.0013852609375 0.4423336265625 0.00242998125 0.4441881203125 0.01777986875 0.4957197921875 0.0178622328125 0.5090336359375 0 0.43825590156249994 0
0 0 0.20746177656250003 0.3942484609375 0.21160430312499998 0.4001771625 0.1123462515625 0 0.0999992796875 0 0.20746177656250003
0 0.0245536078125 0.981460859375 0.0255177171875 0.9998515421875 0.1463882546875 0.9991483375 0.1446805890625 0.9716987984375001 0.0245536078125 0.981460859375
0 0.7616535812499999 0.6905264015625 0.7276232515625 0.6967931859375 0.728880228125 0.7207704265625 0.7100860171875001 0.722717428125 0.7098746359375 0.8008717609374999 0.733903753125 0.8003253484374999 0.7362547687500001 0.8122136718749999 0.7687865421875 0.8103194890625 0.7778471203125 0.802926628125 0.8285467140625 0.803407265625 0.8319843328125 0.7542535546875 0.8280154328125 0.6952331390625 0.7699756890625 0.6857346265625 0.7616535812499999 0.6905264015625
0 0.3839780390625 0.36947023749999997 0.39287178749999996 0.31258693593750003 0.39317798125 0.26210693906250004 0.2568984140625 0.240350553125 0.245882678125 0.33894278437500003 0.3839780390625 0.36947023749999997