0 0.712226746875 0.7959737890625 0.7088101984375 0.8060498656249999 0.68943279375 0.80187605625 0.683346259375 0.7929369859375 0.6606408625 0.7869897015625 0.6582753890624999 0.791251253125 0.6393797109375 0.7816776390625 0.6373110375000001 0.7720947859375 0.574908190625 0.7517887156249999 0.5532535171874999 0.8142013703125001 0.559523034375 0.8266295828124999 0.5584235875 0.8384127671874999 0.564349734375 0.8542840515625001 0.606737821875 0.89312388125 0.7381083 0.9214357515625 0.7632186875 0.9068211546875 0.7771701265625001 0.8738862640624999 0.7673774015625 0.8250468296875001 0.768178625 0.811246575 0.712226746875 0.7959737890625
0 0 0.9586535359375 0.1072742453125 0.9680435953125001 0 0.9370887874999999 0 0.9586535359375
0 0.3164744828125 0.79971369375 0.344023853125 0.7324192968750001 0.34885781250000003 0.6912755109375001 0.2901104390625 0.6742094984375 0.2546211 0.778969040625 0.3164744828125 0.79971369375
0 0.2404175390625 0.52929761875 0.2316521875 0.546935721875 0.21782387656250002 0.5932429734375 0.3401763671875 0.6241279875 0.335490678125 0.6361945453125 0.37084375468749997 0.645217765625 0.39060711718749996 0.579852209375 0.3991276890625 0.5776337171875 0.40096114531250004 0.5641450359375 0.337954565625 0.5526790953125 0.334901 0.5726090375 0.260644 0.5542296609374999 0.2653968 0.5350457484375 0.2404175390625 0.52929761875
0 0.6221833453125 0.540858440625 0.6112538515625 0.54140603125 0.60446451875 0.5665394265625 0.619388659375 0.5708101109375 0.6131739515625 0.5949983203125 0.6703850453125 0.6074391265625 0.6816879765625 0.6346428765625001 0.7137179171875 0.5617456609375 0.7051469421875 0.52635263125 0.6428573921875 0.499619028125 0.6221833453125 0.540858440625
0 0.5000580343750001 0.8966386375000001 0.5555042046875001 0.9173312484375 0.56318136875 0.8615925921875001 0.5494186390625 0.8183343000000001 0.565501484375 0.7732198765625 0.5450442640625 0.7645050578125 0.5105368343750001 0.8426273796875 0.5148065984375 0.84994738125 0.5000580343750001 0.8966386375000001
0 0.9436969921875 0.57778393125 0.9138972890625 0.652845209375 0.92314560625 0.6835855765625001 0.9803246421875 0.700161434375 0.9903506343749999 0.592709196875 0.9436969921875 0.57778393125
0 0.9427738515625 0.47653999999999996 0.9530761062499999 0.4616246828125 0.967613365625 0.4807052484375 0.9971578234375 0.48852870625 0.9978049999999999 0.377288446875 0.7826975875 0.3106174109375 0.7577348046875 0.37128045468750004 0.7671343546875 0.41367014375 0.862004390625 0.45710388750000003 0.9427738515625 0.47653999999999996
0 0.5668609796874999 1 0.5779449921875 0.9789581374999999 0.57205354375 0.953710234375 0.5033693828125 0.9258417218749999 0.47016026718750004 0.9998081765625001 0.472351703125 1 0.5668609796874999 1
0 0.786056109375 0.8772302156249999 0.9594155296875 0.924252090625 0.9696459234375 0.8146091890625 0.8590646046874999 0.7895588671875 0.8529696359375001 0.7783405125 0.7976617171875 0.7606685703125 0.7726034328125 0.8154830921875 0.7806727890625 0.82829006875 0.7778611609375 0.8430204359375001 0.786056109375 0.8772302156249999
0 0.5831284046875 0.6234052640625001 0.5858035578125 0.632886353125 0.576209575 0.6748080562500001 0.583133990625 0.707468703125 0.65657931875 0.7217508578125 0.68322331875 0.6421217171875 0.6667364109375 0.612893546875 0.59355315 0.5958027375 0.5831284046875 0.6234052640625001
0 0.9075990671874999 0.043567537499999996 0.9147673609375 0.0620030734375 0.9269982859375 0.09632279375 0.9993108734374999 0.11845081406249999 0.9997566140625 0.0418344125 0.9111026015625001 0.0340742421875 0.9075990671874999 0.043567537499999996
0 0.3300087515625 0.6328609796875 0.21773463125 0.6103132125 0.21965602343750001 0.6008584031249999 0.196432146875 0.5957284859375 0.1759860671875 0.67125456875 0.030903507812499998 0.6396629828125 0.023918873437499998 0.6630980234375 0.169946809375 0.6954581359375 0.16920426718749998 0.6998617484375 0.2129105875 0.709881615625 0.2175892953125 0.681776121875 0.26879821718749997 0.6924305921875 0.282771134375 0.6531043750000001 0.34260556875 0.6634962609375 0.34675619375 0.6483964203125 0.34487341875 0.6427454 0.3300087515625 0.6328609796875
0 0.8628786703125 0.30294702500000004 0.9057883546875001 0.17434814375000002 0.888576553125 0.115922075 0.8085038703125 0.09944491250000001 0.7653448265625 0.25275416875 0.8085106140624999 0.2981880140625 0.8628786703125 0.30294702500000004