0 0.0183607125 0.9062009046874999 0.005265584375 0.9050770781249999 0.005405471875 0.9291216859375 0.0174605 0.929611315625 0.0183607125 0.9062009046874999
0 0.4492873890625 0.2198153390625 0.483756859375 0.1222266765625 0.3736792 0.096254671875 0.34131992968749997 0.1923233765625 0.4492873890625 0.2198153390625
0 0.1608665359375 0.262037515625 0.16409850937499998 0.272008290625 0.1539552421875 0.273341315625 0.115378121875 0.268991665625 0.1089454375 0.2931101640625 0.13283965312499998 0.34364612031249997 0.2653797390625 0.36338340156250004 0.2824179078125 0.24248076406250002 0.13009411875000002 0.22176008593750002 0.12174645312500001 0.26118993125 0.1608665359375 0.262037515625
0 0.608732878125 0.0205724953125 0.615075425 0.005510628125 0.521030471875 0.0033221515625000003 0.5165540078124999 0.0226952984375 0.5726101984375 0.039062771875 0.581148428125 0.0174200875 0.608732878125 0.0205724953125
0 0.1985919984375 0.6002642125000001 0.23399986093749997 0.60004213125 0.232681259375 0.6234428046875 0.1941719921875 0.6204545859375 0.1871505359375 0.6879701640625 0.3338514515625 0.6991874515625 0.35283126875000004 0.5445009734374999 0.33747365625 0.5228043203125 0.1980587921875 0.511233559375 0.1985919984375 0.6002642125000001
0 0.007098271875000001 0.3384606 0.0047172046875 0.338082896875 0.003963390625 0.40285239375000004 0.050882603125 0.40600780781249995 0.0653097140625 0.4069711609375 0.06951336875 0.36941143906249996 0.064103525 0.366775046875 0.061804967187500004 0.3485204125 0.03672598125 0.345844728125 0.007098271875000001 0.3384606
0 0.16455909375 0.885083775 0.12119309375000001 0.884074625 0.08317368124999999 0.8875414328125 0.0710805046875 0.9215702218749999 0.070782646875 0.9363752562500001 0.0674921890625 0.9691862718750001 0.059683867187499996 0.9712640203125 0.0593417953125 0.9790804625 0.0495115625 0.9840819203125 0.0539023890625 0.9924687562500001 0.17746442499999998 0.995344109375 0.20594007812499998 0.89843188125 0.20309530781250001 0.8947463734375001 0.16455909375 0.885083775
0 0.6504220234375 0.5755896578125 0.6703708078124999 0.5875603453125 0.67267939375 0.5689945062499999 0.711165821875 0.568551171875 0.711570653125 0.5607361921875 0.7343018234375001 0.5601772734375 0.7306147984375 0.5119944265624999 0.7432072171875 0.496199321875 0.743039165625 0.46209441562500003 0.7111287296875 0.46386234374999996 0.6938551562499999 0.457560696875 0.6521792375000001 0.4587666453125 0.6436390953125 0.44641289375 0.607198146875 0.447301325 0.5789179265625 0.45358895468749993 0.5796245734375 0.5421006203125 0.5907409125 0.5614391234375 0.6262844875 0.5639399093749999 0.62642065625 0.5702193359375001 0.6431586421875 0.5703996296875 0.6504220234375 0.5755896578125
0 0.24786515781250001 0.8884031296874999 0.25420076406250003 0.8366668374999999 0.1985258453125 0.83788175625 0.1984298578125 0.8856836781249999 0.24786515781250001 0.8884031296874999
0 0.05598479375 0.1923572296875 0.0644339609375 0.17477111875 0.0714593140625 0.1662524484375 0.0738014359375 0.15199708437499998 0.0248628921875 0.144351871875 0.0209409140625 0.18288050625000002 0.05598479375 0.1923572296875
0 0.4828652328125 0.0172459921875 0.48748585 0.002836109375 0.45546873281250005 0.0026498390625 0.45453163593749996 0.00654464375 0.4828652328125 0.0172459921875
0 0.8354271515624999 0.051852415625 0.8283167609375001 0.047900279687500005 0.8376626437500001 0.017991728125000002 0.8031538749999999 0.0098873125 0.8016627937499999 0.009852615625 0.79087856875 0.0391837515625 0.773504340625 0.0864789953125 0.8720989031249999 0.11563572343749999 0.9038385203124999 0.031456565625 0.8445395265625001 0.0204321328125 0.8354271515624999 0.051852415625
0 1 0.695102034375 0.9919112718750001 0.69498169375 0.9929146421875 0.6393346453125 0.9126971234375001 0.634936515625 0.9153885203125001 0.6841631593749999 0.9236022546875 0.6921996171875 0.9312704984375 0.6859762796875 0.9649006968749999 0.6856709890625 0.9709288140625001 0.6963135359375 0.9004429609375 0.6935854078125 0.9008747546875 0.7499771625 1 0.7535861921875 1 0.695102034375
0 1 0.4416719109375 0.9761169703125001 0.44111613906249997 0.9746475953125 0.45949229999999996 1 0.4603148953125 1 0.4416719109375
0 0.577192146875 0.1757616671875 0.5787162234375 0.1311101828125 0.5383495234375 0.125902975 0.53747046875 0.179858328125 0.548933465625 0.1658152125 0.5628945046875 0.16726981875 0.577192146875 0.1757616671875
0 0.5043634 0.0029343 0.48692601875 0.002832853125 0.4829601375 0.012687453125000001 0.5125090375 0.0196513296875 0.5178245109375 0.003247546875 0.5043634 0.0029343
0 0.09615608437499999 0.53618486875 0.0882721390625 0.5052059046874999 0.002938978125 0.49087232187499996 0.0028835296874999998 0.49563657031249997 0.0036272234374999995 0.6234668546875 0.0316762234375 0.632301103125 0.043471925 0.625629871875 0.057639395312499994 0.6381145734375 0.08280548125000001 0.6387002015625 0.09615608437499999 0.53618486875
0 0.6814724937500001 0.0166374765625 0.6846646515625 0.007130006249999999 0.6559458031250001 0.006461703125 0.6378331875 0.062484682812500005 0.737638140625 0.09371982031250001 0.76723489375 0.0192608359375 0.7232028484375 0.0080268109375 0.6909560671875 0.0072764109375 0.6868799015625 0.01948301875 0.6814724937500001 0.0166374765625
0 0.44795067499999996 0.3166896390625 0.44470701718749994 0.30772279375 0.46249734687500005 0.3019860515625 0.4626044578125 0.2622179953125 0.3448787015625 0.24793014375000003 0.3401530640625 0.28179564687499997 0.3437511921875 0.2836785703125 0.3277472609375 0.292343959375 0.3268028125 0.3411303390625 0.42084010625 0.33934367499999996 0.44795067499999996 0.3166896390625
0 0.005767496875 0.99134863125 0.0086107875 0.9914147968749999 0.0086246953125 0.9912059125000001 0.006939115625000001 0.9742207953124999 0.0195103984375 0.954847728125 0.020320546875 0.9391759390625 0.005460203125 0.9385292234374999 0.005767496875 0.99134863125
0 0.44934280156249995 0.3750703015625 0.4481696046875 0.3158579 0.4204803375 0.33969095625 0.4182036953125 0.348320134375 0.3643823890625 0.343092721875 0.3253004640625 0.3461582265625 0.3277099796875 0.419604659375 0.43946629687499994 0.4164102109375 0.43810051406249995 0.3791393046875 0.44934280156249995 0.3750703015625
0 0.0953132640625 0.7704160828125 0.00443456875 0.76223759375 0.0048309953125 0.8303774515625 0.0902383046875 0.8360940765624999 0.0953132640625 0.7704160828125
0 1 0.24475172343749999 0.7999794796875 0.22090488125 0.789246084375 0.3124976671875 0.997230159375 0.3368567265625 1 0.324054096875 1 0.24475172343749999
0 0.7737522359375 0.173055265625 0.777416678125 0.15665490625 0.78555051875 0.1481829484375 0.760525084375 0.140905921875 0.74340739375 0.16975494062500002 0.7038820234375 0.17316578124999998 0.6874177078125 0.171046215625 0.66453313125 0.1614131078125 0.6633320328125001 0.153142340625 0.65208688125 0.150265553125 0.639393075 0.160388746875 0.6168562953125 0.1568307796875 0.6127028734375 0.1792868109375 0.627355171875 0.18787059374999998 0.6108653625 0.2994134484375 0.5801476515624999 0.2921922453125 0.5727077671874999 0.3345302953125 0.6471601953125 0.3488362765625 0.6550142484375 0.3464248578125 0.7521042328124999 0.35562991718750003 0.7535828953125 0.3022952234375 0.7432205125 0.2972841296875 0.7374464656249999 0.2720028953125 0.7398241265625 0.2546939140625 0.7485755703125 0.2470940859375 0.7471126015625 0.22536511250000002 0.7490451265625 0.20674868124999998 0.749191421875 0.1941786515625 0.7635565328125 0.1914794109375 0.7737522359375 0.173055265625
0 0.2669982703125 0.42927992187499997 0.2757049734375 0.3895655359375 0.188175175 0.38058294843749996 0.1876801234375 0.385362303125 0.1231047765625 0.37821096875000004 0.1188596 0.40675283437500004 0.113232271875 0.4066218828125 0.1103254671875 0.43343753906250004 0.10519169375 0.46281648124999997 0.2578522578125 0.46898408125 0.2639649515625 0.42920933281250007 0.2669982703125 0.42927992187499997
0 0.49568532187500003 0.2713561484375 0.5544345234375 0.2882674703125 0.5605532156249999 0.2587650015625 0.534956628125 0.252018625 0.5185549546875 0.2642940671875 0.5071313671875 0.2479819375 0.49568532187500003 0.2713561484375
0 0.557562065625 0.48700469843749994 0.574667303125 0.4340545640625 0.54482238125 0.42555657968749994 0.525980828125 0.4784663078125 0.557562065625 0.48700469843749994
0 1 0.5066566953125 0.9903949109375001 0.508834471875 1 0.553799784375 1 0.5066566953125