0 0.1761824578125 0.469379459375 0.35599417187500004 0.6801435015624999 0.49449265468750003 0.5965665437500001 0.3212122359375 0.38554083906250003 0.1761824578125 0.469379459375
0 0.36309175625 0.36473823906249997 0.5363922999999999 0.589051265625 0.6751482796875 0.4974488078125 0.49736932187500005 0.2844452046875 0.36309175625 0.36473823906249997
0 0.44049442499999997 0.16210705625 0.6272238828125001 0.382025503125 0.7579540234375 0.29117258437500004 0.5884612859375 0.075126065625 0.44049442499999997 0.16210705625
0 0.0936559546875 0.2559228453125 0.07655690000000001 0.23802617812500002 0.0800695421875 0.230823334375 0.0444006375 0.1876944671875 0.027936957812500003 0.2954070203125 0.0936559546875 0.2559228453125
0 0.256455284375 0.1398811859375 0.49836107656250006 0.00579895625 0.209632121875 0.002439290625 0.1627721859375 0.028170870312500002 0.256455284375 0.1398811859375
0 1 0.084523609375 0.9047621953125 0.0683461375 0.8944301546875 0.07852637812499999 0.981137759375 0.1906027203125 1 0.1779504984375 1 0.084523609375
0 0.8593559531249999 0.44631593125 0.7811335749999999 0.3589446078125 0.6754053578125 0.413630825 0.6948540046875 0.44210867968749995 0.7692944953125 0.3986508671875 0.8254835015624999 0.46501718593749997 0.8593559531249999 0.44631593125
0 0.082486959375 0.0321552640625 0.15051755625000002 0.0017514296875000002 0.07295965625 0.0008489625 0.07036008593750001 0.0178564859375 0.082486959375 0.0321552640625
0 0.22626538593749998 0.7949696484375 0.253851025 0.830965903125 0.285414209375 0.8124792640624999 0.2592250875 0.778406003125 0.22626538593749998 0.7949696484375
0 0.5539522171875 0.930560015625 0.7282132609375 0.8486523375000001 0.937611365625 0.6999551640624999 0.853315965625 0.5924468109375 0.4957180109375 0.792931384375 0.47402943124999997 0.8243788109375 0.5539522171875 0.930560015625
0 0.81820091875 0.1515297890625 0.8521460203125001 0.1364821453125 0.816163434375 0.0760880671875 0.782115325 0.1021319390625 0.79317554375 0.11234963437500001 0.7626069953125 0.13170201406249998 0.7812050546875 0.1523257765625 0.8096423234375001 0.1299590859375 0.81820091875 0.1515297890625
0 0.7568394890625 0.9393320515625 0.7044891796874999 0.9728986546874999 0.72190985625 0.9900183046875 0.7741559515625 0.9568385859375 0.7568394890625 0.9393320515625
0 0.82541511875 0.970962625 0.784300428125 0.9232054609375 0.7647746140625 0.9365216999999999 0.8054388109374999 0.9847193140625 0.82541511875 0.970962625
0 0.557704171875 1 0.7619654953125 0.8894272546875 0.7320583203125001 0.8472375921875 0.541868778125 0.9366216671875 0.4210820703125 0.8038992203124999 0.285409053125 0.8818199046874999 0.3817397234375 0.9909680296875001 0.4349115078125 1 0.557704171875 1
0 0.8559313046874999 0.782372090625 0.8934753593749999 0.8381539 0.9370815984374999 0.808856103125 0.8999992390625 0.75949123125 0.8559313046874999 0.782372090625
0 0.9019723859375001 1 0.858467828125 0.9471547078125001 0.7994934109375 0.9932396484374999 0.7860938562500001 0.96765490625 0.7256977375 1 0.9019723859375001 1