0 0.028405842187500002 0.215300896875 0.0812489203125 0.22722033281249998 0.097623659375 0.15334446562499998 0.036039057812500004 0.1383731015625 0.028405842187500002 0.215300896875
0 0.2339246984375 0.9098165437500001 0.2770707890625 0.9404224843750001 0.30619218125000003 0.9021100359374999 0.2588776171875 0.8686000015625 0.2339246984375 0.9098165437500001
0 0.11907262656249999 0.10979223125 0.11974021093750001 0.10306428593750001 0.1012617828125 0.10214829375000001 0.0961750921875 0.1261113703125 0.14860063125 0.13629427968750002 0.1506033875 0.11611044687500001 0.11907262656249999 0.10979223125
0 0.816616575 0.47666179062499997 0.9191312703125 0.558882840625 0.9408554265625 0.5215840953125 0.8374154656250001 0.44010139375 0.816616575 0.47666179062499997
0 0.6393020453125 0.7896233406250001 0.7037341421875001 0.84062671875 0.776776871875 0.7183261328125 0.7101290625 0.6636730375 0.6393020453125 0.7896233406250001
0 0.2705135703125 0.976495396875 0.2778371546875 0.9666048046875 0.2182722375 0.918509309375 0.1906777109375 0.9685736265625 0.2705135703125 0.976495396875
0 0.08752156093749999 0.40993129375 0.10319247499999999 0.39708956875 0.12307283437500001 0.40391207968750004 0.12862576406249998 0.339142765625 0.0181967765625 0.3181881640625 0.007386634374999999 0.42713311562499995 0.084727921875 0.4424890171875 0.08752156093749999 0.40993129375
0 0.7770288640625 0.56453164375 0.867559309375 0.63785181875 0.9158402890625 0.566289865625 0.8187702968749999 0.48974294062499996 0.7770288640625 0.56453164375
0 0.20121660624999999 0.1494016375 0.22467088125 0.153891684375 0.2258513953125 0.1474986375 0.23754635624999998 0.052754009375 0.1151057625 0.028458234375000002 0.103711515625 0.0922110140625 0.1655632796875 0.10977389374999999 0.16037774375 0.140237346875 0.20121660624999999 0.1494016375
0 0.1715706953125 0.2456201609375 0.1672906359375 0.27774639218749997 0.20541145468750002 0.285461284375 0.21066158906250002 0.257429175 0.1715706953125 0.2456201609375
0 0.15471261875 0.1687088953125 0.1192444671875 0.1646433859375 0.1064264453125 0.23349799531249998 0.156539475 0.237924340625 0.15680828125 0.218922921875 0.144137765625 0.2149567453125 0.15471261875 0.1687088953125
0 0.688748978125 0.4951704890625 0.7493089937499999 0.5405028640625 0.8192334125 0.41946579218749996 0.759164965625 0.3691794015625 0.688748978125 0.4951704890625
0 0.1331921234375 0.2713263125 0.1283953765625 0.3066782140625 0.139689109375 0.3093280796875 0.14416068906249999 0.2730700640625 0.1331921234375 0.2713263125
0 0.923968365625 0.08521164375 0.94916140625 0.038906903124999996 0.7501263828125 0.019157509375 0.7354185796875 0.045748709375 0.8549488468750001 0.1394452671875 0.8999246718749999 0.062443334375000006 0.923968365625 0.08521164375
0 0.1952877625 0.20915270625 0.2707974046875 0.215006734375 0.27808042187500004 0.15812081875 0.2258513953125 0.1474986375 0.22467088125 0.153891684375 0.20121660624999999 0.1494016375 0.19649026875 0.1750170953125 0.1952877625 0.20915270625
0 0.084115378125 0.3009300296875 0.08225929062500001 0.3233785796875 0.11995901718749999 0.3320347703125 0.1237506953125 0.3090136625 0.084115378125 0.3009300296875
0 0.7289119640624999 0.630036615625 0.7543478921875 0.5868144531249999 0.8143642921875 0.6341027421875001 0.80644455625 0.6505099046875 0.8430292546875 0.68889744375 0.8568053046875 0.7015370515625 0.885791034375 0.6555649515625 0.867559309375 0.63785181875 0.7770288640625 0.56453164375 0.7699042125 0.559936059375 0.7493089937499999 0.5405028640625 0.7026037078125 0.5145028578125 0.675316775 0.5614081421875 0.712873065625 0.5917652796875 0.656373125 0.69573985625 0.676320621875 0.7111327640625 0.7101290625 0.6636730375 0.776776871875 0.7183261328125 0.7471643109375 0.7677532828125 0.7733952125 0.78521151875 0.8203495593750001 0.7072043625 0.7923295484375 0.675412228125 0.784884953125 0.679545246875 0.7289119640624999 0.630036615625
0 0.144137765625 0.2149567453125 0.195439790625 0.21840875624999997 0.19649026875 0.1750170953125 0.15471261875 0.1687088953125 0.144137765625 0.2149567453125
0 1 0.3699893015625 0.9818544953125 0.364448728125 0.9515070015625 0.454087453125 1 0.474607571875 1 0.3699893015625
0 0.7493089937499999 0.5405028640625 0.7699042125 0.559936059375 0.8087129453124999 0.48586128593750005 0.7916382109375 0.4705786625 0.7493089937499999 0.5405028640625
0 0.641988625 0.5384176546874999 0.6074020890625 0.5133579859374999 0.537363765625 0.6381850046875 0.6406981796875 0.7174289171875 0.712873065625 0.5917652796875 0.641988625 0.5384176546874999
0 0.5122189968749999 0 0.5083246109374999 0.0191298953125 0.555094475 0.030608546874999996 0.5583329453125 0.008319009375 0.59654361875 0.017550210937499998 0.5989107265625 0.004153024999999999 0.5570564109375 0 0.5122189968749999 0
0 0.049769231250000004 0 0.0414027828125 0.08431731406250001 0.0814697671875 0.0948757765625 0.0949377140625 0.00472001875 0.0612809375 0 0.049769231250000004 0
0 0.563003365625 0.9057679015625 0.5397133671875001 0.89830121875 0.47867127343749993 0.9971499984375001 0.4796139359375 0.997243534375 0.5985770718750001 0.996551428125 0.622836603125 0.9511592390624999 0.563003365625 0.9057679015625
0 0.22022185 0.3662764609375 0.21773189531249998 0.38300393593750004 0.13466655 0.368972459375 0.123586465625 0.43902628593750004 0.2314726078125 0.45676586406249997 0.2459494609375 0.37339517031249997 0.22022185 0.3662764609375
0 0.8251415453125001 0.7813235828125 0.865104546875 0.7174126203125 0.8359135406249999 0.7016049828125 0.8203495593750001 0.7072043625 0.761316153125 0.8050072203124999 0.7831935640625 0.829351971875 0.799752490625 0.806680159375 0.7988967640625 0.7937278046875 0.8251415453125001 0.7813235828125
0 0.20457308749999997 0.28950703906249997 0.16300103906250002 0.2833284734375 0.1549882421875 0.32224989375 0.18244618125 0.32910337031250003 0.1839278875 0.3515991140625 0.274737940625 0.366399065625 0.2791765140625 0.332235015625 0.258017175 0.32751391406249997 0.2692229203125 0.27182554375 0.21066158906250002 0.257429175 0.20457308749999997 0.28950703906249997