0 0.135257371875 0.78000245 0.152237146875 0.7560611265625 0.1418056015625 0.7486287296875 0.0871862 0.6940454890625001 0.082901871875 0.6894760359375 0.06460455312499999 0.7161059984375 0.135257371875 0.78000245
0 0.9683412578124999 0.10304795625 0.9659226171874999 0.034588265624999996 0.9331507140624999 0.025088528125 0.8853306906249999 0.0327796125 0.8647820046874999 0.039653946875 0.86858974375 0.099071278125 0.9075761296874999 0.09966908906250001 0.9361848921875 0.10481762343750001 0.9683412578124999 0.10304795625
0 0.082430390625 0.741103215625 0.0617994640625 0.719588765625 0.03476375625 0.7548539515625 0.052682456249999995 0.7771913046875001 0.082430390625 0.741103215625
0 0.168513 0.305874003125 0.1467866125 0.33049313593749996 0.1364107546875 0.3546696 0.1529197984375 0.36880645 0.161960684375 0.35335183593749997 0.18549181718750002 0.3213128640625 0.168513 0.305874003125
0 0 0.724656690625 0.0262646109375 0.7474133796875 0.0684883546875 0.6878755828124999 0.0156385703125 0.6182702828125 0 0.6325123421875001 0 0.724656690625
0 0.8119208531250001 0.9511180609375 0.785569515625 0.9954296906250001 0.8672304078125 0.9949546015624999 0.8399656828125 0.958891275 0.8119208531250001 0.9511180609375
0 0.0000236390625 0.4905954046875 0.015763174999999997 0.5058663765625 0.0697692359375 0.42921449375 0.0042576703125 0.369323990625 0.0000236390625 0.4905954046875
0 0.7132137359375 0.9264510015624999 0.746783571875 0.9376917453125 0.793474584375 0.8719496296875 0.6749338703125 0.7561995765625 0.64578439375 0.7462469828125 0.5991675921875 0.814782659375 0.7132137359375 0.9264510015624999
0 0 0.84764815 0.07548814375 0.9141182828125001 0.12319161875 0.8482767984375 0.06748499999999999 0.7990085203125 0.0541460328125 0.82443003125 0.0425393734375 0.8254449984375001 0.018504159375000002 0.799365234375 0 0.8269672265624999 0 0.84764815
0 0 0.9353164890624999 0.0009788890625 0.9342380984374999 0.0246782484375 0.9588694437499999 0.035113467187500004 0.974804978125 0.07652600000000001 0.9218999890624999 0 0.8486163250000001 0 0.9353164890624999
0 0.1697087484375 0.770913103125 0.1521957515625 0.7560169765625 0.135257371875 0.78000245 0.1519349890625 0.7942300953125 0.1697087484375 0.770913103125
0 1 0.11759357968749999 0.9308904140625 0.1187278984375 0.8726199843750001 0.1232160828125 0.8730367187500001 0.1291116234375 0.8760064249999999 0.18547696875 0.88395055625 0.197131434375 0.8837725828125 0.2286690734375 0.935082815625 0.228616346875 0.9433392453125 0.2313259484375 0.9433442187500001 0.20474337656250002 0.9677821468750001 0.20453128281250002 0.9698437703125 0.18975391875 1 0.1888112328125 1 0.18457149687500002 0.9997414812500001 0.183194609375 0.9917311046874999 0.18266087343749998 0.9921127140625 0.1538990875 1 0.15396544375000001 1 0.11759357968749999
0 0.38273474687500003 0.936329946875 0.542797175 0.670158015625 0.48153259843749996 0.61836603125 0.47308281250000006 0.6181201171875 0.4494441125 0.6120426140624999 0.4163295390625 0.65724434375 0.43125585781250003 0.669982375 0.4095513234375 0.6970499859375 0.35023390625 0.7653448703125 0.32087125 0.8352845296875 0.2721061578125 0.8884908749999999 0.24446096874999998 0.9307597671875 0.2845902609375 0.9711790265625 0.3143357390625 0.99199248125 0.332631009375 0.992524928125 0.38273474687500003 0.936329946875
0 0 0.7854773203125001 0.0032860390625 0.7808426609375 0.011255840625000001 0.75917285 0 0.7486219046875 0 0.7854773203125001
0 0.0421229078125 0.8256905453125001 0.0541460328125 0.82443003125 0.06748499999999999 0.7990085203125 0.0388790328125 0.7722589265625001 0.018504159375000002 0.799365234375 0.0421229078125 0.8256905453125001
0 0.169857575 0.28703897500000003 0.10591195625000001 0.22902788593749998 0.04944986875 0.310847534375 0.110211584375 0.372738340625 0.169857575 0.28703897500000003
0 0.0453481453125 0.2573909484375 0.0561980640625 0.2466914203125 0.071290028125 0.2577594328125 0.0952400796875 0.21987071249999998 0.0722583125 0.198051653125 0.0327102359375 0.24736060937499998 0.0453481453125 0.2573909484375
0 0.120974378125 0.7082557671874999 0.18739045625 0.7686792359375 0.19867480937499998 0.777510678125 0.28507873125 0.6491300984375 0.1881821546875 0.5615374515625 0.113993965625 0.6794515031249999 0.12977588125 0.6922788515625 0.120974378125 0.7082557671874999
0 0.074114246875 0.775152465625 0.13956960937500001 0.8255848234375 0.1511035578125 0.801442065625 0.0953812109375 0.75262425 0.07479725781249999 0.7555895984375 0.074114246875 0.775152465625
0 0.080022471875 0.42330739843750004 0.110211584375 0.372738340625 0.04944986875 0.310847534375 0.014880364062500002 0.358368875 0.004334635937499999 0.3671195109375 0.0042571890625 0.3693377375 0.0692440421875 0.4294998234375 0.080022471875 0.42330739843750004