0 0.3786860453125 0.256527590625 0.3747174609375 0.2527091703125 0.347932934375 0.29301264531250004 0.349559128125 0.3021066359375 0.274920675 0.40874145000000006 0.309936409375 0.4439754734375 0.38089714375 0.343492871875 0.3757917875 0.3355038 0.382093096875 0.32690477812499996 0.395617521875 0.340333753125 0.4224041953125 0.3000518703125 0.408395721875 0.2887982421875 0.41448666875000006 0.2780830484375 0.42248500624999996 0.2792906046875 0.4915852515625 0.181886634375 0.45516335625000004 0.1468166703125 0.3786860453125 0.256527590625
0 0.127803765625 0.42579620625 0.1207208296875 0.42124893124999996 0.11559764218749999 0.42805035625 0.120870128125 0.4352990734375 0.11438298124999999 0.44929341093749997 0.235707996875 0.565962496875 0.2631169328125 0.5237949609375 0.1404400890625 0.40695593125 0.127803765625 0.42579620625
0 0.3514139 0.645038246875 0.34363574531249996 0.6387808703125 0.249310778125 0.77060504375 0.378130509375 0.8992658671875 0.48499922343749996 0.7423866671875 0.3644492140625 0.624928153125 0.3514139 0.645038246875
0 0.293213771875 0.9313447125 0.3052047828125 0.9077740359375 0.28489730468749996 0.89083315625 0.2784566234375 0.8837207312500001 0.27584499687499997 0.8790231421874999 0.27500353906249997 0.8705584515625 0.27925347968750003 0.8628977703125 0.2738198640625 0.85138641875 0.2262748046875 0.805468896875 0.197368071875 0.845998125 0.19883310468749998 0.8536910546875 0.28365563125 0.93602043125 0.293213771875 0.9313447125
0 0.5540045421875 0.6728667640625 0.5944658578124999 0.712467740625 0.69112125 0.5825123953125 0.6726644421875 0.5696588765625 0.6792589203125 0.5567442203125 0.6916270828125 0.5660266625 0.7473378296875001 0.48516984062499996 0.7116790359375 0.45073169843749994 0.65322465625 0.5326076265624999 0.65957286875 0.5390099875 0.6534132328125 0.5490341859375001 0.6394755984375 0.5384931453124999 0.611556446875 0.5746475671875 0.6219657125 0.5855784140625 0.5540045421875 0.6728667640625
0 0.6172846609375 0.495340721875 0.622940609375 0.50182385 0.6827519453125 0.4190687546875 0.6452542921875 0.3877067171875 0.5906901421875 0.46556819843749997 0.59443639375 0.47441484375 0.5855114921875 0.485460671875 0.5746106609375 0.46958489062500003 0.5449213390625001 0.5095064125000001 0.5601331265625 0.5256000921874999 0.5497804296875 0.5368125015625 0.547743175 0.5306280375 0.4921719578125 0.61288844375 0.5257106921875 0.64757393125 0.5832602953125 0.5636410015625 0.5746308640625 0.5560849265625001 0.5842458828125 0.5449367390625001 0.59558155625 0.5579220640625 0.6241951203125 0.5217084703125 0.606029334375 0.5045177234375 0.6172846609375 0.495340721875
0 0.5486003312500001 0.43115950312500007 0.5593498234375 0.438468234375 0.614991878125 0.3569204171875 0.5776949218749999 0.3205326796875 0.5230479671875 0.4048259703125 0.530202546875 0.4118551078125 0.52106728125 0.42078476093750006 0.5056331625 0.40971930624999997 0.47900012968750005 0.44428196875000003 0.49476250781250003 0.45886970624999995 0.48457311875000003 0.47150476875 0.4774893765625 0.4651882203125 0.42136542187500003 0.5489329749999999 0.4562416265625 0.5827634125000001 0.5169772265625 0.5020412000000001 0.5030201062499999 0.4915242765625 0.5140845546875 0.4802069859375 0.52737698125 0.4915223125 0.5552274421875001 0.454676896875 0.538318471875 0.4430845 0.5486003312500001 0.43115950312500007
0 0.6139057984375 0.735211128125 0.64806810625 0.769124853125 0.7468674921875 0.6246333703125 0.7122724890625001 0.59363169375 0.6139057984375 0.735211128125
0 0.3876726765625 0.080333628125 0.280945790625 0.2243301421875 0.20734775625 0.3423116921875 0.23843008906250002 0.372980490625 0.3144724015625 0.280467890625 0.31659261562499996 0.26591268281249997 0.3288428875 0.273789015625 0.358028675 0.23606695625000002 0.34545014531249996 0.224668340625 0.4239550453125 0.11400000937500002 0.3876726765625 0.080333628125
0 0.28737593437500003 0.15208440625 0.35704840312499997 0.0531719671875 0.320101340625 0.020303987500000002 0.2501006125 0.1156941453125 0.2649603640625 0.1282464765625 0.2533431765625 0.14104811718750002 0.24103618437500002 0.1253363890625 0.21628906875 0.1575164671875 0.2225782578125 0.17036970625 0.21303192656249997 0.1822088890625 0.141792134375 0.2798843234375 0.1761864421875 0.3159117 0.24648033749999998 0.2162059046875 0.23955775468749999 0.2112904171875 0.249326415625 0.1944230109375 0.264034671875 0.212716153125 0.28701177499999997 0.169995315625 0.2745532859375 0.1600244015625 0.2820011890625 0.148430040625 0.28737593437500003 0.15208440625
0 0.1861335015625 0.5544458234375 0.10177910937500001 0.6740754984375 0.0745023828125 0.6764059296875 0.0448379421875 0.706451040625 0.04899191875 0.7308467624999999 0.02228135 0.7734352343750001 0.0659017609375 0.8146554484375 0.0940484828125 0.7779283765625 0.1348752953125 0.7217005999999999 0.13709110156249998 0.7094278640625 0.22119005 0.5872285484375 0.1861335015625 0.5544458234375
0 0.0119450296875 0.6771615265625 0.1424800390625 0.4999045984375 0.0995120203125 0.4654673 0.00390911875 0.596323859375 0.0119450296875 0.6771615265625
0 0 0.5569998546875 0.000301665625 0.5600344765624999 0.077532234375 0.443151296875 0.043063940625000005 0.40770049999999997 0 0.46912801093749995 0 0.5569998546875
0 0 0.3966807234375 0.046904965625 0.40297093906250003 0.0597812125 0.32512376718749997 0.014004746874999998 0.31416880625 0 0.3910381484375 0 0.3966807234375