0 0.4429343078125 0.7595221453125001 0.45571406562499994 0.6742956609374999 0.288438696875 0.66292985625 0.2513175078125 0.6565426046875 0.24529874999999998 0.7544226265625 0.3877236953125 0.7554686609375 0.40484095781249996 0.7521318406249999 0.4429343078125 0.7595221453125001
0 0.47408735 0.9944157984374999 0.4541073015625 0.9905119953125 0.45454111875000003 0.9611204687500001 0.4250468328125 0.9598946765624999 0.4199925140625 0.9765615734375 0.415009159375 0.9871912328124999 0.41535290468749997 0.995099234375 0.47408735 0.9944157984374999
0 0.6559140640625001 0.798357646875 0.6537447328125 0.8735260828125 0.7037373578125 0.8712215515624999 0.7304049406249999 0.8100313421875001 0.7278116578125 0.7978963875 0.6559140640625001 0.798357646875
0 0.6135348515625 0.8666729953125 0.6114454406250001 0.7943460140624999 0.5240567328125 0.796949546875 0.5327900718749999 0.8586987531249999 0.6135348515625 0.8666729953125
0 0 0.44779328906250004 0.021342382812499998 0.4476414328125 0.021798678125000002 0.40047303437500004 0 0.398298821875 0 0.44779328906250004
0 0.7740061390624999 0.806217215625 0.7302854203125 0.8101792640625 0.722288740625 0.8287525015625 0.7136269265624999 0.8496362890625001 0.7033312140625 0.8702864375000001 0.7793547265625 0.86429735625 0.7740061390624999 0.806217215625
0 0.780222528125 0.8687513203125 0.7805423 0.8640918140625 0.703793584375 0.869986871875 0.7161972453125001 0.9090230625 0.7370951156250001 0.9092867953124999 0.7413901625 0.9369654765625001 0.7278202874999999 0.9366059968749999 0.7318236515625001 0.9692088609375 0.859147765625 0.9543540921875 0.8569674468749999 0.9485571828125 0.8437894609375001 0.8783277546875 0.7900711593749999 0.8861357453125001 0.780222528125 0.8687513203125
0 0.14834423593749999 0.56110701875 0.0896198453125 0.5745901828125 0.0783796546875 0.984954975 0.087493546875 0.9989142234375 0.19640359062499999 0.997646940625 0.1866170640625 0.565126965625 0.14834423593749999 0.56110701875
0 0.96713966875 0.332607071875 0.965578321875 0.41366654374999995 0.9832040453124999 0.4566263640625 0.9968915234375 0.458618984375 0.9843933296875 0.3328927265625 0.96713966875 0.332607071875
0 0.8325040125 0.8372630984375 0.8387351265625 0.880592146875 0.8668850203125 0.8817961515625001 0.8635795999999999 0.8323424328125 0.851841484375 0.8308314046874999 0.8325040125 0.8372630984375
0 0.7593780265625 0.553747596875 0.7615072171875 0.600145434375 0.7535380859374999 0.6000926875 0.7532889234375 0.6626219203125 0.8011266562499999 0.66474440625 0.7981608875 0.6769920234375 0.776696659375 0.6771069796875 0.7828087874999999 0.70258634375 0.87037338125 0.7013020578125 0.8698034 0.6775653515625 0.9019986453125 0.6773818781250001 0.9015542062499999 0.56489324375 0.8023783906249999 0.5693185546875 0.8009323328125 0.5576973093750001 0.7593780265625 0.553747596875
0 0 0.2700767125 0.081489225 0.27181343281250003 0.082441825 0.0676110140625 0 0.0654784 0 0.2700767125
0 0.521566365625 0.7745980203125 0.5222126640625 0.7968520796874999 0.551099928125 0.7966972734375 0.5452722328124999 0.7722788703125001 0.521566365625 0.7745980203125
0 0.6378604359375 0.69055833125 0.45599496406249995 0.6741959015625001 0.43977446093749994 0.782644521875 0.5936963203125 0.7825501890625 0.6060110062499999 0.7444038125 0.6284066546875 0.73498045 0.6378604359375 0.69055833125
0 0 0.3975755453125 0.1369804046875 0.4002092859375 0.1734024171875 0.372558690625 0.1758258609375 0.32357539375 0.18097557656250002 0.32092027343749996 0.1819797078125 0.2686861578125 0.1559098703125 0.2683782796875 0.1592878203125 0.0732712703125 0.0817886921875 0.0686920390625 0.08124614218750001 0.27161849843749997 0 0.26977703750000004 0 0.3975755453125
0 0.0396519890625 0.955881196875 0.0439801484375 0.9994205484375 0.072278475 0.9990912671875 0.07064260781250001 0.9561817921875001 0.0396519890625 0.955881196875
0 0.6252581015625001 0.8846872296875 0.6179304640625001 0.8670086843749999 0.545589315625 0.8605325687500001 0.5413895328125 0.8902964796875 0.5372001515625 0.8949608578125 0.537157078125 0.9597883109374999 0.6195197765625 0.9628846046874999 0.6213642546875 0.92495495 0.6176238046875 0.892053459375 0.6252581015625001 0.8846872296875
0 0.66757451875 0.347438178125 0.646132346875 0.32167071406250003 0.4948596390625 0.31870945 0.448267165625 0.33631489999999997 0.44554529374999996 0.414026371875 0.6198188953125 0.41702834375000003 0.66843885625 0.3910137640625 0.66757451875 0.347438178125
0 0.47895939375 0.0181119546875 0.4785851375 0.2063036640625 0.504233021875 0.2003415328125 0.5069936578124999 0.22203630156249998 0.5395949078125 0.22008609531249998 0.5385882343749999 0.1948819328125 0.55037784375 0.1955607609375 0.55045524375 0.1407552328125 0.5384277203125001 0.130256865625 0.51437590625 0.12234482499999999 0.51198846875 0.1041792296875 0.5430007640625 0.09817180625000001 0.548716490625 0.017721790625 0.5387125453125 0.0010253703125 0.495246259375 0.0019209265625 0.49448205468750006 0.0180872984375 0.47895939375 0.0181119546875
0 0.9154531484374999 0.9477850015625 0.9944718859374999 0.9385659687500001 0.9945829046875 0.9194835265625001 0.9143600968750001 0.9358546171875 0.9154531484374999 0.9477850015625
0 0.9716610953125 0.20481211406250002 0.93820329375 0.2064721703125 0.937433940625 0.2149354765625 0.9178134375000001 0.21559453125 0.8793643 0.2338799578125 0.8882003656249999 0.30296357343749997 0.8966857562499999 0.330488315625 0.9844016234374999 0.3329761515625 0.9716610953125 0.20481211406250002
0 0.6523571828125 0.02423058125 0.6523650296875 0.20433910625 0.684006428125 0.20263485937499998 0.6837460515625 0.22499469843750003 0.7138575390625 0.222977696875 0.7119646890625 0.003878559375 0.6653518 0.00485094375 0.6670589484375 0.02202409375 0.6523571828125 0.02423058125
0 0.9713507109374999 0.9168573890625 0.9946345437499999 0.9106074718749999 0.9951221734375 0.8267911203124999 0.9525436468749999 0.82848329375 0.9713507109374999 0.9168573890625
0 0.8871388874999999 0.33481757968750003 0.7605809953125 0.3315854109375 0.7519276046875001 0.33860161875 0.7558934546875 0.49281510781250004 0.9135327234374999 0.48645908125000004 0.9203447609375001 0.446967371875 0.9372587687499999 0.42898380625000004 0.9168582531249999 0.3308813359375 0.8871388874999999 0.33481757968750003
0 0.08054839531249999 0.4491298078125 0.08118164375 0.41341810468749995 0.0482873578125 0.41399574687499996 0.04942063125 0.42404576406250005 0.02799370625 0.42453596875 0.0299161109375 0.455126340625 0.08054839531249999 0.4491298078125
0 0.42694814062499997 0.9430150765624999 0.434886478125 0.93420661875 0.4358033296875 0.9294774515625001 0.3739563546875 0.9232507359375 0.3722786296875 0.9484554718749999 0.29503358749999997 0.9412563828125 0.267684946875 0.9476625609375 0.2648982875 0.9968499328125 0.41130548906250003 0.99514633125 0.42233597500000003 0.9713310234374999 0.42643144218750006 0.9564953656249999 0.42694814062499997 0.9430150765624999
0 0.43507681875 0.8474567828125 0.43341945 0.8634147453125 0.44227369375 0.90590185 0.4532962078125 0.9092157359374999 0.4538519 0.9429353781250001 0.458856153125 0.9511940046875 0.4549064734375 0.9719969484375 0.45447394843750005 0.9910497843750001 0.4738570078125 0.994418478125 0.51230391875 0.9939711078125001 0.5103625843749999 0.955791296875 0.520806865625 0.9490127390625 0.5242283343749999 0.9134446578125001 0.512729053125 0.9147862671875 0.5134810484375001 0.856865225 0.5220579187500001 0.8544801453125 0.5197642765625 0.8264563125000001 0.5242953203125 0.7975268390625 0.496718209375 0.8045826671875 0.49010933124999995 0.789633775 0.48095018281249996 0.7814356375 0.4506641796875 0.780346875 0.45900434375000004 0.812711721875 0.43507681875 0.8474567828125
0 0.47423361875000003 0.5464424640625001 0.47131005625 0.5584395328125 0.41118756718749994 0.5583085328124999 0.4049454453125 0.54952444375 0.3486133984375 0.5488172390625 0.3119939671875 0.5686308953125 0.3190088203125 0.66260104375 0.6482636187499999 0.6912426078125 0.7001857874999999 0.65253923125 0.7064506374999999 0.6201451390625 0.7337099328125001 0.6177910171875001 0.735261346875 0.5496837921875 0.65122635625 0.553168828125 0.6449965234375 0.5629614171874999 0.592341984375 0.5618921515624999 0.5843442515625 0.5530002765625001 0.47423361875000003 0.5464424640625001
0 0.8392059328125001 0.880827503125 0.8323649156249999 0.8369890421875 0.851741203125 0.8318479312499999 0.8435066750000001 0.80302114375 0.8338905734375001 0.79382683125 0.7724082984375 0.7964446953125 0.78039539375 0.8682399046875 0.790466675 0.8865138609375001 0.8392059328125001 0.880827503125
0 0.6432290671875001 0.956099165625 0.6469262421875001 0.9791137531249999 0.7238675328124999 0.97013709375 0.7171936421875 0.8697632671875001 0.65244693125 0.87329789375 0.6473891859375 0.8944310828125 0.6432290671875001 0.956099165625
0 0.8995354531249999 0 0.8805053484375 0.00884449375 0.8835620171875 0.082800325 0.9339454609375 0.0783512265625 0.9339399796875 0.08549729375000001 0.9596746703125 0.08423401875 0.9513011359375 0 0.8995354531249999 0
0 0.92949513125 0.8299888781250001 0.9283040124999999 0.8146311984375 0.9360535453125 0.8126999140625 0.9297277796875001 0.7803456703125 0.9192745765625 0.7064712546874999 0.853390184375 0.717239384375 0.8626086828125 0.841253515625 0.90645279375 0.8378576390625 0.92949513125 0.8299888781250001
0 0.4047075890625 0.753040578125 0.33036237343749997 0.7590348203125 0.32813493125000004 0.8378943984375 0.32492006406249996 0.9068209234375001 0.34668951406250004 0.9210282015625 0.41145131875 0.9266468921875 0.43780090781250003 0.908165384375 0.43056118750000005 0.8623414609375001 0.43224113906249995 0.8342336343750001 0.43688508125 0.8336918296875 0.44114324375 0.7595078125 0.41127424843749993 0.753837515625 0.4047075890625 0.753040578125
0 0.37813870625 0.0056471328125 0.2833300671875 0.01670835625 0.27576133281250004 0.0205165515625 0.27355646093749997 0.44773543125000004 0.285769675 0.45830145 0.38588482812499997 0.4457726 0.3798462890625 0.358923290625 0.3590247359375 0.357176909375 0.3327317984375 0.350799115625 0.33428523125 0.31466744375 0.3825976625 0.3004117125 0.379775190625 0.22093551093750002 0.3788408453125 0.14177493125 0.3627636234375 0.1440972328125 0.353426975 0.1280375015625 0.3480255203125 0.07257607656250001 0.38303414375 0.071439146875 0.37813870625 0.0056471328125
0 0.6194002578125 0.9630325265625 0.5368895171875 0.9597971968750001 0.5253081609375 0.9643638250000001 0.5281200296875 0.9929747484375 0.6222626453125 0.9819912296875 0.6194002578125 0.9630325265625
0 0.62481425625 0.7483506609374999 0.63290575 0.7820396281249999 0.832951934375 0.7837094484375 0.8341490765625 0.7104631218749999 0.638567740625 0.6909224 0.62481425625 0.7483506609374999