0 0.2621543484375 0.76025124375 0.155833546875 0.6551965890625 0.0873466453125 0.707177878125 0.1939841265625 0.8110521671875001 0.2621543484375 0.76025124375
0 0.1738512125 0.9755073281250001 0.2185113125 0.9414310578125 0.22923130625 0.92284895625 0.2302898828125 0.9119018437499999 0.195554134375 0.8784208375 0.12090318124999999 0.930561578125 0.1316959421875 0.95487749375 0.1284295859375 0.9634412078124999 0.14191116875 0.9764729750000001 0.15833588125 0.9634850203124999 0.1738512125 0.9755073281250001
0 0.2269777703125 0.8838306265625 0.2394155 0.8962998734375001 0.2561113875 0.882708925 0.2719339609375 0.8957826140625 0.3160635859375 0.859207571875 0.31454371718749996 0.8536317609375 0.32802831875 0.8387694124999999 0.2908696421875 0.7974381015625001 0.2172902328125 0.8551211265625 0.22116721562500002 0.8657630875000001 0.2318907984375 0.8762938109375 0.2269777703125 0.8838306265625
0 0.6113110671875 0.563282575 0.735697075 0.45851457812499996 0.631884884375 0.354687265625 0.62325061875 0.356472303125 0.5000041484375 0.458690775 0.552919171875 0.5166434828125 0.6113110671875 0.563282575
0 0.40563140625000005 0.3458860015625 0.4240811265625 0.3562919390625 0.422884159375 0.3761868515625 0.43418621718750006 0.397557640625 0.45506971875 0.4257615828125 0.471800525 0.4345034484375 0.486923028125 0.4259708375 0.4865822265625 0.3765650578125 0.5083022296874999 0.3673416328125 0.523508828125 0.3879052046875 0.5950988781250001 0.342623871875 0.6002495578125 0.328685109375 0.573801465625 0.2901039578125 0.5469187437499999 0.281441446875 0.5314302625 0.29141704687500003 0.5172985296875 0.2726506984375 0.49233816093750005 0.2825440328125 0.45143496250000004 0.2747396234375 0.4331647421875 0.313078628125 0.40767967031249996 0.3109007015625 0.40397856875000004 0.32859969375000003 0.40563140625000005 0.3458860015625
0 0.473623765625 0.0906747671875 0.5041729078125 0.07306284375 0.4899669859375 0.0548377296875 0.46271373281250006 0.0703588640625 0.473623765625 0.0906747671875
0 0.5803573078125 0.0356667234375 0.5644799296875 0.014021753125 0.4974588984375 0.0546982609375 0.5132058046875 0.0735514046875 0.5803573078125 0.0356667234375
0 0.6709408609375 0.086484 0.694467696875 0.0718174 0.6939375296875 0.0656583359375 0.6756238531250001 0.04946045625 0.6534179640625 0.06658861875 0.6709408609375 0.086484
0 0.42055130781249994 0.038413240625 0.41642371562499997 0.041138762499999995 0.4257701421875 0.051912124999999996 0.42052294218749997 0.0581717359375 0.42921822499999995 0.0681541390625 0.43810014375 0.0634780671875 0.43944344218750003 0.069805603125 0.4531365515625 0.0679002828125 0.539675425 0.021779281249999997 0.5266262890625 0.003063821875 0.45596809531250004 0.0026527453125 0.410807909375 0.023493746875 0.42055130781249994 0.038413240625
0 0.687958515625 0.1424971453125 0.6292562125 0.082816915625 0.59913418125 0.0524630234375 0.5473565796875 0.0923020640625 0.564773390625 0.1137760234375 0.5214516734375 0.1423797515625 0.531746678125 0.150495815625 0.5912877765625 0.21046542499999998 0.687958515625 0.1424971453125
0 0 0.178752759375 0.039870517187499996 0.229004203125 0.1353996015625 0.184853096875 0.1340002484375 0.1654949453125 0.210116003125 0.1287651265625 0.228198225 0.131106184375 0.320220184375 0.076867725 0.318495290625 0.062309935937500005 0.301449009375 0.0327867984375 0.056813076562499995 0.08336251875 0 0.10516564531249999 0 0.178752759375
0 0.1281354859375 0.6659504109375 0.10627811875 0.6426598265625 0.0629440546875 0.6709084984375 0.08264137187500001 0.6951084359374999 0.1281354859375 0.6659504109375
0 0.055805935937499995 0.5978964046875 0.089599728125 0.6308990031249999 0.1120002578125 0.6168649359375 0.1168235859375 0.5975245359375 0.1214880765625 0.5951508078125001 0.1365269796875 0.608491690625 0.19461350625 0.567790103125 0.1956416828125 0.548287696875 0.1843114890625 0.53697784375 0.1882102140625 0.5309970171875 0.16584073125 0.509747603125 0.180723665625 0.5000865125 0.178832796875 0.4868251859375 0.1643723265625 0.469578271875 0.15340824375 0.47325437187499997 0.1278279125 0.463502209375 0.100688903125 0.47946251406249996 0.10606389218750001 0.49151971562499996 0.1027720953125 0.5180743109375 0.056727728125 0.555823528125 0.0406080640625 0.5572838984375 0.024901604687500002 0.5652430546875 0.022387709375000002 0.5732935968749999 0.044727609375 0.6011333343749999 0.055805935937499995 0.5978964046875
0 0.286176171875 0.5618606890625 0.27198842968750003 0.5448098203125 0.227367334375 0.5744184328124999 0.2249963046875 0.5725526046875 0.17175055156250002 0.6094346171875 0.1895788453125 0.6288882140625 0.286176171875 0.5618606890625
0 0.429812534375 0.5343111421875 0.4047029734375 0.5023319765625 0.343112196875 0.5442418499999999 0.367841015625 0.5744275421875 0.429812534375 0.5343111421875
0 0.0568501546875 0.8203418125 0.1297720046875 0.7582748421875001 0.0728921546875 0.70282468125 0.037617128124999996 0.729745640625 0.0568501546875 0.8203418125