0 0.3827695375 0.17943728125 0.4145927703125 0.16587291875000001 0.41673931875000003 0.1570218 0.4348405921875 0.1487951421875 0.43874273906249994 0.15747033125 0.4574107984375 0.153077278125 0.4360272671875 0.0651068484375 0.359183178125 0.0975781796875 0.3827695375 0.17943728125
0 0.8409834546875 0.8045193875000001 0.8763196593749999 0.7708767328125 0.846114709375 0.7298678890625 0.8094385281250001 0.7619570718750001 0.8409834546875 0.8045193875000001
0 0.7473836609375 0.80615325 0.7651089375 0.7818316578125 0.745746115625 0.7604029546875 0.7252426484375001 0.782063928125 0.7473836609375 0.80615325
0 0.6412821046875 0.33674656718749996 0.6592920171875 0.43755468437499995 0.9345924171875 0.385221090625 0.916495 0.2693779953125 0.6412821046875 0.33674656718749996
0 0.6237912640625 0 0.663092503125 0.2278057609375 0.7665636578125 0.2036913390625 0.716020865625 0 0.6237912640625 0
0 0.8644614703125001 0.12283429374999999 0.87242075625 0.1772095625 0.8999065515625 0.17372917968749998 0.8919518406250001 0.120139921875 0.8644614703125001 0.12283429374999999
0 0.062807884375 0.51342088125 0.0869348390625 0.5253176046875 0.099768284375 0.498981434375 0.0767861265625 0.486285428125 0.062807884375 0.51342088125
0 0.479179490625 0.26218176249999997 0.5225871125 0.23981430312500002 0.49295575625000004 0.023639935937500002 0.440696134375 0.035742623437499996 0.479179490625 0.26218176249999997
0 0.6076320546875 0.37598429218749996 0.6422680546875 0.3640918265625 0.6232351875 0.3058055515625 0.5913960015625 0.3166289515625 0.6076320546875 0.37598429218749996
0 0.318291671875 0.313183240625 0.2991888109375 0.3121665640625 0.2835123671875 0.40093268593750003 0.3079498234375 0.4072770546875 0.3185304953125 0.3542170390625 0.318291671875 0.313183240625
0 0.7630536421875 0.20002396875 0.7626685171875 0.248191528125 0.9743277046875001 0.2169594 0.9647940125 0.16579465468750001 0.7630536421875 0.20002396875
0 0.5279645046875 0.46038292968750005 0.4357289234375 0.3949734625 0.3745891109375 0.50284084375 0.47158288125 0.5680917625 0.5279645046875 0.46038292968750005
0 0.8260944828125 0.9454303124999999 0.8388232734375001 0.9253661796875001 0.838775296875 0.9171231437499999 0.8474167703125 0.8981454515625 0.827545328125 0.8794124968749999 0.8307111359375 0.8724466984375001 0.8071963890625 0.8479337078125001 0.7717353921875 0.8947831796875001 0.7993978578125 0.9251220078125 0.8058014953124999 0.92356504375 0.8260944828125 0.9454303124999999
0 0.9560929093749999 0.7081040562500001 0.8901121984374999 0.7083702015625 0.8938944875000001 0.793466103125 0.9736140359375 0.787297353125 0.97937170625 0.7371190390625 0.9560929093749999 0.7081040562500001
0 0.24737681562499997 0.0096575515625 0.24622642187500002 0.0014868921875 0.202710484375 0.0027525640625 0.21393330000000002 0.046268787500000005 0.23106456875 0.041154445312499996 0.22633596250000002 0.02214231875 0.24737681562499997 0.0096575515625