0 0.9061675515625 0.3492106140625 0.9081373390625 0.3430544484375 0.8666407093749999 0.34086971093749996 0.859770671875 0.34518416093750004 0.8620041609375001 0.39006111875 0.873083740625 0.399367378125 0.889870540625 0.40010228750000004 0.88980110625 0.3934476265625 0.8894518890625 0.38983412031250003 0.8921163515625 0.385861003125 0.90172073125 0.3837438328125 0.9116377328124999 0.3793908578125 0.911017621875 0.3691332421875 0.9069518375 0.3634949609375 0.9062653718749999 0.36151325 0.9061675515625 0.3492106140625
0 0.3355918484375 0.74645134375 0.324529746875 0.7400496078125001 0.31211488906249996 0.735131090625 0.2933187296875 0.7361155546875 0.291878478125 0.7780373703125 0.28559831406249997 0.77800311875 0.285744971875 0.83309788125 0.341988803125 0.8350146374999999 0.343176590625 0.8468162984375001 0.36307698125 0.8471661875000001 0.3692003546875 0.8433549093750001 0.369297984375 0.751667078125 0.35332646562500003 0.745179475 0.3355918484375 0.74645134375
0 0.487636565625 0.6964800796875 0.4923846796875 0.6985517078125 0.4959794796875 0.7015513390625 0.49785038437500007 0.7043587859375 0.5009878140625 0.7100053374999999 0.506277028125 0.7114836796875 0.511459528125 0.7103446453125 0.5108548828125 0.666794740625 0.4598268984375 0.663071375 0.4555425796875 0.7080274125 0.4613807296875 0.70860940625 0.465450209375 0.7083962640625 0.46543789531249996 0.7080942609374999 0.46757736875000006 0.7036240453125 0.47038398125 0.70115673125 0.474930978125 0.6982956140625001 0.47752980312500004 0.6981594984374999 0.48214821875 0.6970500093750001 0.485319784375 0.696601421875 0.487636565625 0.6964800796875
0 0.8589890140625001 0.346314640625 0.8666407093749999 0.34086971093749996 0.9132599140625001 0.3404456578125 0.8946774359375 0.2659582421875 0.8535834828125 0.27315473749999997 0.8339800140625 0.27761151562499997 0.8468522 0.345739715625 0.8589890140625001 0.346314640625
0 0.23307597812499997 0.0726139796875 0.23188737656249997 0.01335686875 0.14136913125 0.0180978375 0.14305545 0.033545539062500004 0.1396672390625 0.039574229687500004 0.141218709375 0.077626846875 0.172662790625 0.07638347031250001 0.172744878125 0.07839683593749999 0.20647068281249997 0.07864808437500001 0.23307597812499997 0.0726139796875
0 0.7157870484375 0.9602848421875001 0.72063671875 0.91483513125 0.6347216484375 0.9021848484375001 0.61434305625 0.9262535812499999 0.6064996671875 0.994498296875 0.691746271875 0.990033434375 0.6900320546875001 0.9653866390625 0.7157870484375 0.9602848421875001
0 0.9088345515625 0.7592623140625 0.9719088140625001 0.7588641843749999 0.9808006625000001 0.7630390968749999 0.987504265625 0.7635555859375 0.98915106875 0.7608665453125 0.98329090625 0.6745752734375 0.9099468640625 0.6795869765625 0.9095736984375 0.7130190609375 0.9083256046875 0.7467794453125001 0.9088345515625 0.7592623140625
0 0.87932953125 0 0.876825596875 0.0841129359375 0.9779123875 0.084129496875 0.9744822828125 0 0.87932953125 0
0 0.74934926875 0.4202542046875 0.8023956812499999 0.4041592625 0.7785065109375 0.31340493281250004 0.756378815625 0.31537095625 0.7299913984375 0.321797184375 0.7403862171875 0.3638254875 0.7350289015625 0.366123746875 0.74934926875 0.4202542046875
0 0.3047361125 0.919589178125 0.296879575 0.9086210375 0.274392671875 0.90870926875 0.2739671078125 0.93887548125 0.2287084203125 0.9385019171875 0.22646045468749998 0.9304077578125 0.195469128125 0.9303764671874999 0.18863780937500002 0.9336598796875 0.18918889218749999 0.966983025 0.197917759375 0.9795397859375001 0.20748834375 0.97857445625 0.21515091718749998 0.9704252859375 0.22054773593750002 0.973552478125 0.23165444062499999 0.9770867921875 0.2355224609375 0.9768842015624999 0.244159390625 0.9753019437500001 0.25327438281250003 0.97504648125 0.2674008921875 0.9907505656250001 0.30570943437500003 0.9885221812499999 0.3047361125 0.919589178125
0 0.872914671875 0.40066753750000006 0.8119172859375 0.4099153234375 0.8070860218749999 0.4152125296875 0.7906402328125 0.417889790625 0.7829557015625 0.4225293703125 0.7860651484375001 0.4641321859375 0.8005291812499999 0.4623657875 0.8017030453125 0.49115692031249997 0.8913777812499999 0.4771788703125 0.8951771187500001 0.4713304140625 0.8905880265624999 0.42314679999999993 0.8878503703125 0.41542129218749996 0.8876861921874999 0.41139456093750004 0.8875302250000001 0.407569165625 0.887341421875 0.40293842343749997 0.872914671875 0.40066753750000006
0 0.64818046875 0.4613060375 0.661148434375 0.45255616875 0.6617555546875 0.4129781265625 0.5768186375 0.41738641562499995 0.5805393703124999 0.466059396875 0.64818046875 0.4613060375
0 0 0.1600700671875 0.012079678125 0.1595688265625 0.0125623578125 0.17140741875 0.0840549921875 0.16703745625 0.09623462968749999 0.166682009375 0.11573104062499999 0.164551153125 0.11466266249999998 0.13240517031250001 0.1465344265625 0.12976738125 0.1453212625 0.0925848171875 0.1084735890625 0.0935059125 0.10862586249999999 0.1031827296875 0.0420654625 0.10473192812500001 0.037881399999999996 0.109067109375 0.003582275 0.11158991562500001 0.0062074703124999995 0.1046730625 0 0.1048559125 0 0.1600700671875
0 0.2675946421875 0.8410094671874999 0.26213531093750003 0.7670251375 0.231694628125 0.7651491109374999 0.23106843437500002 0.7240417078125 0.214100015625 0.7099391890625 0.18312951718749998 0.7119042984374999 0.18840182968750002 0.7555527343749999 0.1794215296875 0.7581214562499999 0.17859687500000002 0.7804800281250001 0.17297995625 0.7793820296875 0.144704228125 0.7791076265625 0.147287721875 0.8340545796875001 0.157251784375 0.8387786343749999 0.183688625 0.837030803125 0.1881262703125 0.85178963125 0.24917564374999998 0.851739678125 0.2675946421875 0.8410094671874999
0 0.24477535 0.16198909374999998 0.24390549374999998 0.0891565765625 0.15497256875 0.089637946875 0.1453212625 0.0925848171875 0.1487987 0.1694573265625 0.167193103125 0.17545485 0.2257194453125 0.1734386703125 0.24477535 0.16198909374999998
0 0.5014568984375 1 0.5148860390625 0.9992966375 0.511350071875 0.9785182921875 0.5186026078125 0.978138434375 0.5195634015625 0.9016791218750001 0.49282242187499997 0.9019094578125 0.484642521875 0.8939040453124999 0.45994859374999997 0.8943298140625 0.45052597656250004 0.8840691749999999 0.419562834375 0.8807677921874999 0.39315267187499997 0.8891119937499999 0.393613759375 1 0.5014568984375 1
0 0.0367545578125 0.8132913703125 0.0355396484375 0.783493553125 0.0226298296875 0.7837661828125 0.0220603453125 0.75494339375 0.003908315625 0.7553856703124999 0.0067395734375 0.8248273796875001 0.020065578125 0.8248590968749999 0.0367545578125 0.8132913703125
0 0.5927653046875 0.5688445828125 0.6064306109375 0.5831402828125001 0.6979800453125 0.582461340625 0.6949624671875 0.55598620625 0.7021218359375 0.547379153125 0.700611825 0.4806331609375 0.688944146875 0.47373855000000004 0.6805866953125 0.4707866015625 0.610952484375 0.4741916328125 0.5906203390625 0.48058318125 0.5927653046875 0.5688445828125
0 0.38807298281249997 0.2436040421875 0.38180368750000004 0.0690411609375 0.3241796703125 0.07288650937499999 0.3007932109375 0.08458307968749999 0.30642070625 0.25330816875 0.3094444796875 0.255671878125 0.3688588171875 0.2546381984375 0.38807298281249997 0.2436040421875
0 0.226659 0.2965074046875 0.22869494218750003 0.273157265625 0.176639615625 0.273946746875 0.1764520328125 0.346592528125 0.19047360468750002 0.3458581375 0.1913593390625 0.37946640625 0.25394336093750003 0.3754621546875 0.25413134375 0.36818871406250003 0.2793424296875 0.3685631015625 0.2803853703125 0.3406646921875 0.2789750890625 0.329843165625 0.27775648125 0.32966487031249997 0.27718679218750003 0.2919240109375 0.2539688203125 0.2928979515625 0.226659 0.2965074046875
0 0 0.37667087499999996 0.0126574828125 0.37676042656250003 0.013562831249999999 0.29943642187499997 0 0.3001467859375 0 0.37667087499999996
0 0.6545921828125 0.206582959375 0.6502134421875 0.148703534375 0.5761717843749999 0.15839240625 0.5591814015625001 0.17643244687499998 0.5676666546875 0.2988840265625 0.5889841640625 0.33002997500000003 0.6783380703125 0.31808639375 0.6715294093749999 0.20803634999999998 0.6545921828125 0.206582959375
0 0.022907296875 0.9742797984375 0.042231492187500004 0.9713912484374999 0.047081909374999995 0.9626024781250001 0.120683128125 0.954490278125 0.12062888593750001 0.91849796875 0.11251349375 0.9170264124999999 0.1110679171875 0.8815710390625 0.04958378125 0.8843272593749999 0.029042278124999998 0.8920210796875001 0.031050096875 0.9066045234375 0.0196307703125 0.9053060140625 0.022907296875 0.9742797984375
0 0.9650927781249999 0.5773286390625 0.9857533421875001 0.57800189375 0.9901481296875 0.600127446875 0.993018634375 0.5999771015625 0.9943343234375 0.486907046875 0.9936861468749999 0.4710093609375 0.956183603125 0.4731994890625 0.947646375 0.477722315625 0.916656928125 0.48021301093749996 0.9163178984375 0.507549959375 0.9101660687500001 0.5067019203124999 0.9108717859375 0.54530325 0.918406365625 0.5449086203125 0.9176717734375 0.5551161296875 0.9162212656250001 0.5551921015625 0.914537621875 0.5852022625 0.917829378125 0.594633940625 0.96575523125 0.593576503125 0.9650927781249999 0.5773286390625
0 0.139665975 0.247514896875 0.1408693 0.21315155937500002 0.14734880156250002 0.20817155937499998 0.1487987 0.1694573265625 0.102445565625 0.1689796734375 0.09623462968749999 0.166682009375 0.0840549921875 0.16703745625 0.0827362984375 0.19906634375 0.047876507812500003 0.199721909375 0.0483411234375 0.246769709375 0.139665975 0.247514896875
0 0 0.6595272140625 0.0035962390625 0.74773146875 0.066798215625 0.7420478203124999 0.0628490046875 0.679848271875 0.07191467812499999 0.6793734484375 0.070824715625 0.644222275 0.062798046875 0.6439364953125 0.061781004687499995 0.636322634375 0 0.64056240625 0 0.6595272140625
0 0.12829683125 0.6668566515625 0.1286819609375 0.68620606875 0.1109863703125 0.6879399562499999 0.11202444687499999 0.7183523359375 0.10182389843749999 0.7207024953125 0.0847200296875 0.727046021875 0.0917403125 0.815052075 0.1089957 0.8173765749999999 0.133084975 0.8090530499999999 0.1451561203125 0.80801728125 0.144704228125 0.7791076265625 0.17297995625 0.7793820296875 0.17859687500000002 0.7804800281250001 0.1794215296875 0.7581214562499999 0.1782772125 0.7538232328125 0.1649973140625 0.7549223125 0.1646621203125 0.72689431875 0.1575946265625 0.7268609515625 0.15836353125 0.6664924828125 0.12829683125 0.6668566515625
0 0 0.066799090625 0.0376326765625 0.0673144625 0.0335805671875 0.101625240625 0.09146507968749999 0.1002076234375 0.10376299687499999 0.08987871562500001 0.102565878125 0.040710378125 0.061562909374999995 0.040234978125 0.060832321875 0.0223160203125 0 0.0255021640625 0 0.066799090625
0 0 0.247200346875 0.0483411234375 0.246769709375 0.047876507812500003 0.199721909375 0.0147500875 0.2003068640625 0.013372157812499999 0.20909534999999999 0.000023234375 0.209491859375 0.00014144218750000002 0.21239110781249998 0 0.212392775 0 0.247200346875
0 0.11230512031249999 0.27562148125 0.1121770625 0.27248063125 0.036258584375 0.2757507421875 0.0198703578125 0.2842963953125 0.0220238734375 0.379699884375 0.17675425 0.3757924953125 0.170202321875 0.275010265625 0.11230512031249999 0.27562148125
0 0.228612453125 0.8757373703125 0.2272260765625 0.8818428031250001 0.217952309375 0.8831557671875 0.216824065625 0.896087565625 0.195140984375 0.8955889265625 0.194838725 0.9084774624999999 0.193896140625 0.9120981 0.1917560546875 0.9135821999999999 0.190168559375 0.9147548875 0.18863780937500002 0.9336598796875 0.195469128125 0.9303764671874999 0.22646045468749998 0.9304077578125 0.2287084203125 0.9385019171875 0.2739671078125 0.93887548125 0.274392671875 0.90870926875 0.296879575 0.9086210375 0.29679109375 0.8861488796874999 0.28887575781249997 0.887108221875 0.2877022359375 0.8652578390624999 0.25539680468750003 0.8666673906250001 0.2554804984375 0.875157378125 0.228612453125 0.8757373703125
0 0.9097391546875 0.8527539031250001 0.9083256046875 0.7467794453125001 0.9095736984375 0.7130190609375 0.8939239656250001 0.7144238515625 0.8933634046875 0.6932475484375 0.8878549109374999 0.6938185328124999 0.8865043140625 0.6819850468750001 0.86881901875 0.6834762734375001 0.8689039109375001 0.6924907921875 0.8195866562499999 0.6950738249999999 0.8076700750000001 0.7023764390625 0.809985771875 0.866129940625 0.85463334375 0.8629037125 0.8533384578125001 0.8955164765625 0.8971681859375 0.8935235078125 0.896124159375 0.8540521234374999 0.9097391546875 0.8527539031250001
0 0.8709384390625001 0.4997577125 0.8622115890625001 0.499629665625 0.8064890874999999 0.5095091234375 0.8148685609375 0.55063415 0.81978416875 0.5503766921875 0.8241992343750001 0.59429196875 0.8640757078125001 0.58843036875 0.8674427484375 0.5853485796875 0.8720172093749999 0.5836562703125 0.8740404578125001 0.583267828125 0.8744255546874999 0.5852854984375 0.8783110531249999 0.58798743125 0.8934824484374999 0.5892104812500001 0.89996195 0.5842304828125 0.8891870000000001 0.49821680625000003 0.8811510968749999 0.500675534375 0.8709384390625001 0.4997577125
0 0.98329090625 0.6745752734375 0.98915106875 0.7608665453125 0.987504265625 0.7635555859375 0.9911225281249999 0.762928121875 0.99225984375 0.6651874375 0.9840562484375001 0.6656171078125 0.98329090625 0.6745752734375
0 0.74547569375 0.7436669140625 0.7450933375 0.7139869062499999 0.7414765765625 0.7074776875000001 0.7402337578125 0.6769953265625 0.7118279859375 0.678483103125 0.71114124375 0.6923400796875 0.649009321875 0.6985199046874999 0.649018290625 0.883438475 0.7314536890625 0.892941859375 0.7390841781249999 0.8849961375 0.7882135171875 0.8886978859375001 0.7824903421875 0.789425853125 0.7774941484375 0.7896875328124999 0.7657893578125 0.79030058125 0.7538292734375001 0.7846520609375001 0.74744270625 0.771609440625 0.74623651875 0.7524240875 0.74547569375 0.7436669140625
0 0.40695755 0.75233776875 0.388776953125 0.75207939375 0.38001876874999996 0.7650476359375 0.383376184375 0.84739430625 0.43159885625000005 0.8466845015625 0.4333015140625 0.8389281953125 0.47166088593750005 0.8389367562500001 0.4722851078125 0.7898747921875 0.4665621578125 0.7881568718749999 0.46703793750000006 0.74535744375 0.4630214046875 0.7409271828125 0.438439596875 0.7371705125 0.40695755 0.75233776875
0 0.5520827078125 0 0.5522336765625 0.0203869140625 0.6912845640625 0.0201254828125 0.7415339375000001 0.022578146875 0.7977983609375 0.0121255359375 0.8082141890625 0.00020036562499999998 0.8082247203125 0 0.5520827078125 0
0 0.21850315625 0.2202632875 0.219617853125 0.21294130781249998 0.22235688125 0.2008936234375 0.2233768359375 0.19619957187499998 0.2257194453125 0.1734386703125 0.167193103125 0.17545485 0.147658553125 0.17615516250000002 0.14832311874999998 0.2568269734375 0.175865590625 0.253972046875 0.177858634375 0.2681930828125 0.2423584703125 0.2656219171875 0.241936059375 0.250309784375 0.23424400625000003 0.24486143125 0.229064209375 0.23665853281250002 0.22483801093750003 0.2320374859375 0.220459603125 0.22863501249999998 0.2198186296875 0.222817353125 0.21850315625 0.2202632875
0 0.20058339374999998 0.47250208125000004 0.19361088906249999 0.4129022546875 0.17837320625 0.4070823984375 0.1341730203125 0.4093974203125 0.1305457609375 0.40609684062499996 0.11346819374999999 0.4066482890625 0.09144026875 0.422450271875 0.09844481875 0.5001670546875 0.118062725 0.47724788125 0.20058339374999998 0.47250208125000004
0 0.1221256875 0.5828414546875 0.1601889921875 0.5835111765625001 0.16452614999999998 0.576988896875 0.15839618125 0.5395392640625001 0.22544008437500002 0.537964740625 0.2220059125 0.47156164843750004 0.118062725 0.47724788125 0.1196244546875 0.50961014375 0.124942984375 0.50933158125 0.1262539375 0.5296009875000001 0.120249559375 0.53088395 0.1221256875 0.5828414546875
0 0.655062571875 0.063626903125 0.6476787625 0.0597967140625 0.5445927859374999 0.059768409375 0.5571725937500001 0.14647444375000002 0.5647525953125 0.155116578125 0.6502134421875 0.148703534375 0.6609122015625 0.147679115625 0.655062571875 0.063626903125
0 0.12829683125 0.6668566515625 0.155744559375 0.666629653125 0.1520687046875 0.6111346125 0.14461470781250002 0.611525021875 0.1426432140625 0.5829774328124999 0.1221256875 0.5828414546875 0.1110140921875 0.584634034375 0.1135513078125 0.6369604468750001 0.10305079531250001 0.6369051203125 0.09764867499999999 0.6331527296874999 0.0941051796875 0.625469428125 0.09196369062500001 0.617510928125 0.09058255 0.6133461703124999 0.090340046875 0.6123500390625 0.060668054687499993 0.61249176875 0.061781004687499995 0.636322634375 0.062798046875 0.6439364953125 0.070824715625 0.644222275 0.07191467812499999 0.6793734484375 0.0628490046875 0.679848271875 0.065450046875 0.7248270390625 0.0847200296875 0.727046021875 0.10182389843749999 0.7207024953125 0.11202444687499999 0.7183523359375 0.1109863703125 0.6879399562499999 0.1286819609375 0.68620606875 0.12829683125 0.6668566515625
0 0 0.212392775 0.00014144218750000002 0.21239110781249998 0.000023234375 0.209491859375 0.013372157812499999 0.20909534999999999 0.0147500875 0.2003068640625 0.047876507812500003 0.199721909375 0.0827362984375 0.19906634375 0.0840549921875 0.16703745625 0.0125623578125 0.17140741875 0 0.17233913750000002 0 0.212392775
0 0.8136765046875001 0 0.809725028125 0.0194302921875 0.7513632390625 0.0259776015625 0.7290233765624999 0.0341287921875 0.7287656421875 0.104558815625 0.7597788234375 0.10364065625 0.8007728343749999 0.091021878125 0.8008483875 0.11020591718749999 0.7842180015625 0.11281214218749999 0.7826980578125 0.118117503125 0.8188009828125 0.11378520624999999 0.8379701687500001 0.105114075 0.8384445765624999 0.08208784218750001 0.8729647249999999 0.0820150125 0.8715299625 0.02107595625 0.8707780312500001 0.0026335234375 0.8683058171875 0 0.8136765046875001 0
0 0.990416265625 0.390809615625 0.919332690625 0.39629939687500004 0.9076149390625 0.4000606828125 0.9066179609375 0.4766227734375 0.916656928125 0.48021301093749996 0.947646375 0.477722315625 0.956183603125 0.4731994890625 0.9936861468749999 0.4710093609375 0.990416265625 0.390809615625
0 0.3742277625 0.4818891265625 0.4167823109375 0.47733998125 0.41331349062499995 0.40662090156249997 0.3816454109375 0.4068268234375 0.3809905828125 0.40512592812500003 0.26628228125 0.4082284328125 0.24494988593749997 0.4197972421875 0.2491782640625 0.4878535765625 0.35013154375 0.48954718750000004 0.3742277625 0.4818891265625
0 0.9675884625 0.9024657734374999 0.9678388421875 0.8491862921875001 0.9757431656250001 0.8410244609375 0.9808006625000001 0.7630390968749999 0.9719088140625001 0.7588641843749999 0.9088345515625 0.7592623140625 0.9097391546875 0.8527539031250001 0.896124159375 0.8540521234374999 0.8971681859375 0.8935235078125 0.9031993109374999 0.897848253125 0.9675884625 0.9024657734374999
0 0.4817739078125 0.36155202656249996 0.4555636328125 0.3688567484375 0.46038833593749995 0.5471069125 0.4815533703125 0.535889871875 0.542188846875 0.534106228125 0.5420389953125 0.35910177499999996 0.4817739078125 0.36155202656249996
0 0.5407784078125 0.21726538906249998 0.5390031703125 0.21630918124999998 0.54097454375 0.127993596875 0.4760408 0.1268548078125 0.45275267656249996 0.1374970421875 0.45669376406250006 0.31091073593749996 0.5151554609375 0.3162220671875 0.5399130765625 0.298541921875 0.5407784078125 0.21726538906249998
0 0 0.532434540625 0.0876489171875 0.526538440625 0.08263570625 0.42833893749999996 0.0449128640625 0.4389906640625 0.0391615234375 0.4316247671875 0.0076764 0.43186146093750005 0.007367540625 0.43914123437499997 0 0.43952711562499996 0 0.532434540625
0 0.600290878125 0.4137358390625 0.6577676859375 0.410241203125 0.6589074859374999 0.408486665625 0.6611834 0.3870609171875 0.6636706890624999 0.3767616078125 0.665012840625 0.37402799375 0.6661185765625001 0.36549588437499997 0.6678555734375 0.3605625109375 0.6678116593750001 0.3535433359375 0.665917875 0.34274713125 0.667176703125 0.3320279265625 0.5878034890625 0.3342482046875 0.5854200421875 0.341152396875 0.59225269375 0.34830024531250003 0.597743196875 0.3581817109375 0.5967798828124999 0.3761490328125 0.5965426468749999 0.38221445468750004 0.5960932078125001 0.3890173515625 0.58951585 0.40001511875 0.585080184375 0.4041213578125 0.5794357640625 0.4082909078125 0.577155884375 0.41575462031250005 0.600290878125 0.4137358390625