0 0.8793734265625 0.072986621875 0.7946087000000001 0.0966309703125 0.7940863953124999 0.19845897031249998 0.8861386250000001 0.186072925 0.8793734265625 0.072986621875
0 0.651937821875 0.1299456625 0.6682973750000001 0.2218592984375 0.7480026828125 0.20332783906250002 0.7439639046875001 0.15881209375 0.703421603125 0.1604952640625 0.6978130609375001 0.1210655875 0.651937821875 0.1299456625
0 0.8311932093750001 0.813495553125 0.8370906421875001 0.8237022078124999 0.8713598453125 0.8190236796875 0.897023809375 0.8077291765625001 0.8966233359375 0.7968056156250001 0.9081449125000001 0.788616190625 0.9014899203125 0.767568278125 0.7635141921875 0.7951890374999999 0.7680290671875001 0.827024209375 0.8311932093750001 0.813495553125
0 0.894255371875 0.83121108125 0.8108593484375 0.8573124734375 0.8220093109375 0.9237734359375 0.8479936390624999 0.918219571875 0.8511220640625 0.9417218 0.9114084703125 0.9220567890625 0.894255371875 0.83121108125
0 0.850799409375 0.995117890625 0.9238042468750001 0.9946931609374999 0.933562578125 0.94123393125 0.918887975 0.940227446875 0.843357925 0.9706702578125 0.850799409375 0.995117890625
0 0.7897293875 0.6578983875 0.7990975703125 0.653190396875 0.7946047203125 0.622405753125 0.757223384375 0.6275024453125 0.756150875 0.6378285640625 0.7154699421874999 0.6499921921875 0.72916148125 0.6579067671875001 0.7301902203124999 0.671361615625 0.745623440625 0.6799241874999999 0.7516902375 0.719888528125 0.7429117875 0.7214829015625 0.7435366453125 0.7535471796875 0.79502985625 0.7575759453125 0.791604196875 0.7120437453124999 0.8015976968749999 0.7082435265625 0.7998640859374999 0.6800280562500001 0.7921021140625 0.6781620015625001 0.7897293875 0.6578983875
0 1 0.08194982656250001 0.9252223578125 0.06788138906249999 0.94433985625 0.17630861250000002 1 0.1674836703125 1 0.08194982656250001
0 0.38552460625 0.6434610140625 0.021270371875 0.6685292453125 0.027340246875 0.7400992093750001 0.382554828125 0.7203987109375001 0.38552460625 0.6434610140625
0 0.6941732015625 0.8691427265625 0.654647515625 0.885986846875 0.6801313312499999 0.9837812703125 0.7395279609375 0.9621977703125 0.7509635703125 0.9417131859375001 0.7475205515625001 0.9273129609374999 0.7729123546875 0.9191491140625001 0.7506636140625 0.8457952359375 0.7367114 0.8557055546875001 0.7406540953125 0.8629178124999999 0.7232353093749999 0.871791553125 0.7169031968749999 0.8665428453124999 0.69590283125 0.87512714375 0.6941732015625 0.8691427265625
0 1 0.2728299140625 0.5893960359375 0.350647153125 0.61821824375 0.5372007453125 1 0.4671093375 1 0.2728299140625
0 0.72638951875 0.752734259375 0.7355600203125 0.7487578484374999 0.72916148125 0.6579067671875001 0.711362 0.6538746765625 0.701151396875 0.6596841046875 0.6653632890625001 0.6654222203125 0.6488094156249999 0.6733055265625 0.657560278125 0.7914421 0.72721605625 0.783576553125 0.72638951875 0.752734259375
0 0.368885490625 0.9663964046875 0.3822989 0.88740884375 0.02074999375 0.8647456453125001 0.0100999625 0.8679886015625 0.0106140375 0.9121681921875 0.22781292656250002 0.953031328125 0.368885490625 0.9663964046875
0 0.37390337812499996 0.49302989375 0.3817049375 0.105371228125 0.3597124265625 0.10627334531249999 0.360457321875 0.0745521875 0.326064221875 0.07897250156249999 0.295953578125 0.08757255625 0.2888207515625 0.49464038437499996 0.3175924921875 0.48412275937500004 0.37390337812499996 0.49302989375
0 0.6482789875 0.0733932515625 0.737558965625 0.058157971875000006 0.7387064328124999 0.033132528125 0.7066902859375 0.026639304687499997 0.6399912171875 0.01409074375 0.6482789875 0.0733932515625
0 0.027636153125 0.329259853125 0.0052578140624999995 0.451855475 0.005929209374999999 0.5095549859374999 0.028416709374999998 0.5064030515625 0.027636153125 0.329259853125
0 0.1773982125 0.0869216390625 0.136946665625 0.09126987343750001 0.13672150156250001 0.5025415328125 0.195493959375 0.5004229171875 0.19359811875 0.10686105312500001 0.18050865625 0.1050177296875 0.1773982125 0.0869216390625
0 0.8160326328125 0.7063466453125 0.8335599968749999 0.7096441890625 0.835919059375 0.757388809375 0.8864981203125 0.7329291765625 0.8817505015625 0.6816387421875 0.8302421750000001 0.6815577640625 0.8288835593749999 0.6550358046875 0.88259711875 0.6418646203125 0.8781098 0.5961753953125 0.8055395703125001 0.6037275296875 0.8160326328125 0.7063466453125