0 0.2782076 0.444390459375 0.27670056875000004 0.43592450781250003 0.211810709375 0.4325766515625 0.20226055 0.503235865625 0.2777989578125 0.50637643125 0.28321736875000003 0.47026271406250003 0.29608827656250003 0.4692345734375 0.298408725 0.45047834375000007 0.2782076 0.444390459375
0 0.3204968828125 0.5755568 0.31273041875 0.674389790625 0.31798628125 0.6973214453125001 0.3266014765625 0.7234538984375 0.393685821875 0.7316286562500001 0.40296707343750005 0.7295708125 0.40881771093749997 0.6737934984375 0.40428506875 0.6742430515625 0.404693125 0.6434679703125 0.41546195937499997 0.6430554765625 0.421796684375 0.5869632921875 0.41264055624999996 0.56181496875 0.331128196875 0.5619506890625 0.3306964140625 0.5747325 0.3204968828125 0.5755568
0 0.9363880140624999 0.9281867125 0.989072628125 0.9332782171874999 0.989716346875 0.8779571140625 0.9432529687500001 0.872750128125 0.9363880140624999 0.9281867125
0 0.40148090937500003 0.33503675624999996 0.4124626328125 0.26683381562499997 0.34813169843749997 0.2586354703125 0.3426615109375 0.3276007484375 0.40148090937500003 0.33503675624999996
0 0.9516254140625 0.853691153125 0.9883640765624999 0.85909063125 0.987642753125 0.870826675 0.9897942687500001 0.8712606062500001 0.9905368703124999 0.8074415859374999 0.953132096875 0.8029536 0.9516254140625 0.853691153125
0 0.9884646140625 0.9855308031250001 0.9884710390624999 0.9849786015625 0.9811952328125001 0.97711796875 0.9324084828125001 0.9714928125 0.9317414890625001 0.9868506453125001 0.9884646140625 0.9855308031250001
0 0.3774874890625 0.5192372484375001 0.3836717234375 0.4442439203125 0.3699785828125 0.41531498750000007 0.3077743515625 0.4142120625 0.31432789687499996 0.4548644546875 0.3112544625 0.5147062140625 0.3774874890625 0.5192372484375001
0 0.366654234375 0.8738805296875001 0.37389959687499996 0.8211878031250001 0.364403065625 0.8210444390625 0.36635178125 0.790597840625 0.3796559390625 0.7909562125 0.3858048046875 0.7307595265625 0.3269663390625 0.7235263703125 0.31488491406249997 0.6862613234375 0.29198575781249997 0.6966715171875 0.2669895 0.8059649515625 0.2836939140625 0.861784184375 0.2954714515625 0.8711851109375001 0.366654234375 0.8738805296875001
0 0.9673673671874999 0.7754393578125 0.9908816625 0.7778101328125 0.9910559359375 0.762833128125 0.9668800453124999 0.7612823343749999 0.9673673671874999 0.7754393578125
0 0.3431086734375 0.9123793609374999 0.0114410984375 0.8903633390625 0.007696375 0.9948915390625 0.1131319828125 0.9992741203125 0.3470802890625 0.99791305 0.35418988906250004 0.944769475 0.3431086734375 0.9123793609374999
0 0.12533094218750002 0.0057328046875 0.12271080000000001 0.0195573234375 0.162969890625 0.021049428125 0.17003523125 0.0046926187500000004 0.12533094218750002 0.0057328046875
0 0.9604195484375 0.7992419453124999 0.9906211781250001 0.8001961218750001 0.9908050218750001 0.784396640625 0.9622581468750001 0.781185103125 0.9604195484375 0.7992419453124999
0 0.9271346671874999 0.962871621875 0.98854621875 0.9785177062500001 0.988975878125 0.9415928734375001 0.930060978125 0.9334143031250001 0.9271346671874999 0.962871621875
0 0.3774603421875 0 0.37920883125 0.00788125625 0.3864857234375 0.01279230625 0.378025565625 0.055048953125 0.429530396875 0.0545791890625 0.43095415781249996 0.04873703125 0.460709471875 0.050959314062500004 0.46308992031249996 0 0.3774603421875 0
0 0.0127336703125 0.74369071875 0.0294201453125 0.8173017843749999 0.07493254687499999 0.820412340625 0.07590785312500001 0.8070916265625 0.0951557203125 0.805935346875 0.1339762125 0.508042959375 0.13103988125 0.47315590937499996 0.12185187812500001 0.45296725625 0.0387793203125 0.452896390625 0.0127336703125 0.74369071875
0 0.221469128125 0.0034958453125 0.22002228281249997 0.0240533953125 0.35907303281249997 0.0338933125 0.3628681125 0.0002057484375 0.221469128125 0.0034958453125