0 0.6302889671874999 0.5663065875 0.675411821875 0.5705685515625001 0.6831750765625 0.49008335000000003 0.63549900625 0.48642853593749996 0.6302889671874999 0.5663065875
0 0.602756409375 0.56040680625 0.63167735625 0.562998615625 0.6329333593750001 0.5255699234375 0.605493084375 0.52429124375 0.602756409375 0.56040680625
0 0.28694520625000003 0.090340246875 0.34848356875 0.0970681046875 0.3548895078125 0.0217051625 0.3300920921875 0.012241290625 0.3273478125 0.0120333421875 0.279665465625 0.0042906671875000005 0.252519025 0.007753707812500001 0.24621785156249998 0.0817340375 0.285287184375 0.08469453437499999 0.28694520625000003 0.090340246875
0 0.7052870578125 0.9025620218749999 0.7117395078125 0.835482715625 0.7037879499999999 0.8314248671875 0.6735170515625 0.8305216281250001 0.6723990546875 0.818027278125 0.6182780953125 0.8132309609374999 0.6143659578125 0.85568349375 0.5647504828125001 0.855379171875 0.5593735 0.8990901890625 0.596286675 0.9032567874999999 0.5972475187499999 0.9178250578125 0.634337209375 0.9199402687499999 0.63530790625 0.89795459375 0.7052870578125 0.9025620218749999
0 0.7265566125 0.49619384999999994 0.724640146875 0.512587784375 0.68739489375 0.5125255453124999 0.6789926515625 0.578087621875 0.7384780421875 0.5846599171875 0.7469726750000001 0.49980564843749997 0.7265566125 0.49619384999999994
0 0.5546394640625001 0.68157340625 0.55110585 0.7676884953124999 0.703579815625 0.773279759375 0.7053783390625 0.6958821656249999 0.5546394640625001 0.68157340625
0 0.24139328437500002 0.1181549046875 0.2362338859375 0.22405699375000002 0.26365573750000004 0.2261348984375 0.27115311875 0.2106063078125 0.34339160625 0.21264596875000003 0.3476451015625 0.1262061875 0.3167228921875 0.12500076875 0.3100106875 0.14518189374999999 0.2710416265625 0.143956653125 0.275709809375 0.12016532499999999 0.24139328437500002 0.1181549046875
0 0.1286710265625 0.5639028421875001 0.10863891875000001 0.56634586875 0.066169884375 0.615758090625 0.0530485 0.6971646203125 0.1627172828125 0.717399871875 0.1775232765625 0.5745574109375 0.1286710265625 0.5639028421875001
0 0.2911077640625 0.637374834375 0.2100873703125 0.632225715625 0.2082150671875 0.735342953125 0.295389353125 0.737966584375 0.30751463437500004 0.6435692828125 0.2911077640625 0.637374834375
0 0.412012678125 0.550756840625 0.404089509375 0.6280695749999999 0.477504246875 0.6329373359375 0.4811957546875 0.556694496875 0.412012678125 0.550756840625
0 0.18391181875 0.567267046875 0.17186762656250001 0.635292121875 0.2100873703125 0.632225715625 0.2840239015625 0.638270740625 0.2945684609375 0.635635515625 0.298022171875 0.562808903125 0.2775553125 0.5598674640625 0.2866007640625 0.48609508281249997 0.3647603703125 0.49201766406249997 0.3743455453125 0.3927716375 0.234216603125 0.3766332265625 0.22333691875 0.4654362890625 0.197573090625 0.469004096875 0.1922700703125 0.5478848593750001 0.2117387765625 0.5459258640625 0.2110074640625 0.564474365625 0.1827581015625 0.5644195875 0.18391181875 0.567267046875
0 0.5595928671875 0.6648618046875 0.7232507390625 0.680233784375 0.72837890625 0.599211803125 0.575006271875 0.58129029375 0.56496739375 0.580866696875 0.56377049375 0.5966620171875 0.5624974015624999 0.6134628765625 0.5609274656250001 0.6341811421875 0.559581353125 0.6519456421875 0.5595928671875 0.6648618046875