0 0.7904469671875 0.332339603125 0.7840799203125 0.35267467343750003 0.744541540625 0.343380540625 0.73857375625 0.393250675 0.93426641875 0.40996478906249995 0.9506235500000001 0.227332278125 0.8853631921874999 0.22557590312500003 0.8771489578124999 0.343921528125 0.7904469671875 0.332339603125
0 0.10502498593750001 0.37342163125 0.07123707500000001 0.372210315625 0.076436990625 0.44175368437499996 0.057620395312499996 0.44597994218750003 0.059713740625 0.504777459375 0.1651308453125 0.5129457125 0.1763015921875 0.3929694140625 0.1699936390625 0.3722465484375 0.10916904062499999 0.3669365140625 0.10502498593750001 0.37342163125
0 0.44729623749999997 0 0.446418346875 0.013625696875000001 0.43500230625 0.0137878765625 0.434766584375 0.0402944 0.46590656093750005 0.041258757812500005 0.46600054375 0.059288828125000005 0.5706779578125001 0.06291313125 0.574514 0.0502266171875 0.6371710187499999 0.055994999999999996 0.639195196875 0.0120810390625 0.5599368921875 0 0.44729623749999997 0
0 0.9331493375000001 0.503185453125 0.9398011000000001 0.5025656281249999 0.9439934765625001 0.467866940625 0.9265242359375 0.428456528125 0.7766452546875 0.412168334375 0.769225278125 0.5683226218749999 0.9309247640624999 0.5716642765625 0.9331493375000001 0.503185453125
0 0.9457196296875001 0.8415147546874999 0.956003765625 0.8427587296875 0.9587390171875001 0.8248139609375 0.913515946875 0.8194855171875 0.91001593125 0.8597727921875 0.94209244375 0.8653111046875 0.9457196296875001 0.8415147546874999
0 0.3201613828125 0.401469525 0.31157190468749996 0.38514341406249997 0.21175439062499998 0.3817899109375 0.2078971359375 0.521031 0.2520775171875 0.5214541406250001 0.25178128125 0.5079811015625 0.3201259453125 0.5104985453124999 0.3216327 0.47991121718749996 0.317326628125 0.46661026874999995 0.3274816015625 0.45710252812499996 0.319916203125 0.439343546875 0.32661201875 0.4316807984375 0.3201613828125 0.401469525
0 0.7060933687500001 0.7973579296875 0.7151496015625 0.7488089875 0.6240768140624999 0.74152915625 0.61965600625 0.7885914374999999 0.7060933687500001 0.7973579296875
0 0.0431387578125 0.6819384703125 0.031087479687500003 0.6801015406250001 0.0346912375 0.6066855828125 0.003519428125 0.604938390625 0.004065646875 0.69882529375 0.0400316453125 0.7023228453125 0.0431387578125 0.6819384703125
0 0.034358675 0.7270606359375 0.0042155671875 0.724594490625 0.004736137499999999 0.8140727640625001 0.025580209375000003 0.8157789125000001 0.0247079265625 0.80902153125 0.038101209375 0.80822078125 0.0386676671875 0.7921712828125 0.026616390625000003 0.790334353125 0.034358675 0.7270606359375
0 0.22012970781250002 0.21951489687499998 0.20699394999999998 0.33681941718749997 0.2157982578125 0.3515893078125 0.250118309375 0.3544483203125 0.2476471578125 0.36038275937500003 0.289567884375 0.3652059875 0.29163024531250004 0.3568146015625 0.326854359375 0.359028125 0.3292669328125 0.2551059625 0.3168272453125 0.227920646875 0.22012970781250002 0.21951489687499998
0 0.17029400781249998 0.9051555390624999 0.17970866875 0.650610346875 0.150146125 0.60817046875 0.0858382359375 0.5945860765625001 0.0567231484375 0.617630578125 0.0436835765625 0.8963976875 0.066629184375 0.9197013281249999 0.142754640625 0.93034250625 0.17029400781249998 0.9051555390624999
0 0.765700803125 0.4030700171875 0.7302891875 0.40149930781250004 0.7251897484375001 0.45286697187499997 0.76161826875 0.45510741875000005 0.765700803125 0.4030700171875
0 0.44972545625000004 0.4028894171875 0.49224499687499995 0.4089229109375 0.49494883593749994 0.3791446875 0.45151178906249995 0.376194034375 0.44972545625000004 0.4028894171875
0 0.8535388125000001 0.0671547984375 0.8637309999999999 0.0687083546875 0.8649551437499999 0.0793239359375 0.995464565625 0.06638580937500001 0.8545713781250001 0.0449100015625 0.8535388125000001 0.0671547984375
0 0.7921595 0.9483362718749999 0.8564364859375001 0.9541949203125 0.8603908718750001 0.945577190625 0.8818249343750001 0.94752389375 0.8852587609375 0.9249960968750001 0.8781723484375 0.9239159421875 0.8851773421875 0.8347930640625 0.8409439781250001 0.8313405734374999 0.840637025 0.8246917437500001 0.8158878140624999 0.8229111203125001 0.8163643078125 0.81112245 0.752818278125 0.8047262046875 0.7509682546875001 0.8255259921875 0.7758141468749999 0.8266723390624999 0.7709407265625 0.8542399578125 0.78187655 0.8559068640625 0.78178360625 0.899242384375 0.79419841875 0.900015734375 0.7921595 0.9483362718749999
0 0.03080619375 0.8374334687499999 0.004858240625 0.8350607609375 0.0053498125 0.9195546453125001 0.0210120921875 0.9203348437500001 0.03080619375 0.8374334687499999
0 0.651139803125 0.5463620796875001 0.7139961968749999 0.5515565953125 0.7257713890625 0.4562454609375 0.656241365625 0.4516674328125 0.651139803125 0.5463620796875001
0 0.73559659375 0.8528138125 0.7013053359375 0.8488849578125001 0.70272801875 0.8352934718749999 0.6470026953125 0.8294179125 0.6460667499999999 0.8398161375000001 0.6132067890624999 0.8394176609375 0.6122606687500001 0.91037409375 0.6180566546875 0.911257553125 0.6209344156250001 0.9571272093750001 0.6870613 0.9639168437500001 0.687564946875 0.9692752484374999 0.7320168765624999 0.9714406437499999 0.73559659375 0.8528138125
0 0.599358703125 0.370575971875 0.60063070625 0.35870714375 0.58276384375 0.35640898125 0.5805796796875 0.38248423125 0.65327775625 0.38756753125 0.6592535046875 0.35555769531250003 0.63122566875 0.3523821296875 0.6272935484375 0.370984646875 0.599358703125 0.370575971875