0 0.29658829531249997 0.2499350578125 0.28381389375 0.21915984531250002 0.2597643234375 0.2267731390625 0.2747421796875 0.2636250203125 0.2914294234375 0.260664375 0.29963613906250003 0.25674463125 0.29658829531249997 0.2499350578125
0 0.1040781703125 0.05413644375 0.1692859671875 0.193732946875 0.23487775625 0.1696638453125 0.17845707500000002 0.0402432203125 0.12137933125 0.0482584203125 0.1040781703125 0.05413644375
0 0.4025797953125 0.7789119921875 0.40825654531250005 0.7753475234375 0.3940498765625 0.749754590625 0.38806995781250003 0.7505943265624999 0.3792473 0.7281195671875 0.346262409375 0.745630125 0.37674409375 0.8029967796875 0.3805169296875 0.802062521875 0.3822326625 0.799458734375 0.3778736171875 0.784339784375 0.385369828125 0.783052965625 0.3887996484375 0.7942791640625 0.4004482796875 0.789024609375 0.38415275000000004 0.759786915625 0.3877012203125 0.7578198171875 0.3923658953125 0.757654375 0.4025797953125 0.7789119921875
0 0.29264935937500003 1 0.290442534375 0.9949906937499999 0.2885929265625 0.9875871171874999 0.300535084375 0.9829299515625 0.29178559375 0.9654260703125 0.2835362546875 0.9698201125000001 0.27358731718749996 0.9552732578124999 0.2616142 0.9597006140625 0.2583777734375 0.9537051390625001 0.2360708625 0.965714278125 0.257670853125 1 0.29264935937500003 1
0 0.478321378125 0 0.44751748593749996 0.0077393078125 0.4445804703125 0.002872571875 0.3964504890625 0.0096312734375 0.4030878453125 0.0230040625 0.3620353828125 0.036453493749999996 0.4140063921875 0.136782353125 0.4217591484375 0.1321813140625 0.42435827656249997 0.130283665625 0.42828511875 0.1276461109375 0.43080061875000003 0.12354636249999999 0.43581471875 0.1207561296875 0.4381247390625 0.1206658984375 0.4419615046875 0.120680578125 0.44957995312500004 0.12014292499999998 0.4566463328125 0.11629816562499999 0.4599177640625 0.113539778125 0.46402595 0.109876271875 0.46749681406250004 0.10938887343749999 0.47406218125 0.10846692499999999 0.482181634375 0.1083272296875 0.48482298281249997 0.10674295625 0.493872884375 0.103705296875 0.4996115546875 0.10060044374999999 0.5042810531249999 0.10094521406250001 0.5074551781250001 0.0984133609375 0.5121520281249999 0.09500778125 0.5171283265625 0.0943089796875 0.52334468125 0.09079645625 0.5271999390625 0.09332040312499999 0.5308304390624999 0.0900645671875 0.5279764171875 0.077735734375 0.521288815625 0.0779085171875 0.49896235625 0.025569878125 0.5037086578125 0.0249033734375 0.49256119218750005 0 0.478321378125 0
0 0.32086861718750004 1 0.31319133125 0.988475403125 0.290442534375 0.9949906937499999 0.2926593671875 1 0.32086861718750004 1
0 0.5417292046875 0.7392981796875 0.3805169296875 0.802062521875 0.42220769375 0.8804831859375 0.5899985921875001 0.8217974703125 0.5417292046875 0.7392981796875
0 0.3550410859375 0.1619644734375 0.3533969484375 0.15387214531249999 0.35440823125 0.145406928125 0.340496228125 0.1490422078125 0.3359345109375 0.1401675140625 0.247795765625 0.17493838281250002 0.2676859734375 0.21567714218749998 0.2858782578125 0.2099719984375 0.297721021875 0.23604589374999999 0.3970922171875 0.202103125 0.39124340625 0.1918977984375 0.4002104765625 0.18840345625 0.39340671562499996 0.1704773359375 0.3866029203125 0.165834290625 0.3785976546875 0.1680866484375 0.3702731359375 0.1681274171875 0.3618022578125 0.167081815625 0.3550410859375 0.1619644734375
0 0.7429904109375001 0 0.75253190625 0.0210198109375 0.7766068109375001 0.0113806984375 0.7697249359375 0 0.7429904109375001 0
0 0.3816314375 0.337828696875 0.1794495171875 0.42003376875000004 0.20485437968750003 0.47798561875 0.4129145046875 0.39054869062500003 0.3816314375 0.337828696875
0 0.949871121875 0.1130300796875 0.9442008062499999 0.0709413921875 0.9185577281249999 0.084279590625 0.902954128125 0.084214321875 0.6823905625 0.1623378328125 0.665152840625 0.17101682812500002 0.6645279640624999 0.1807688625 0.6668649140625 0.1854644203125 0.667866515625 0.1903687828125 0.6636481546875 0.1940051875 0.6584462875 0.1927134015625 0.6540108124999999 0.18999420312499998 0.650485678125 0.18612539374999998 0.6475371437499999 0.18179245 0.642854378125 0.1808747953125 0.142743440625 0.362008515625 0.170390809375 0.4060856609375 0.949871121875 0.1130300796875
0 0.4861653171875 0.2119036921875 0.49170615 0.2122325390625 0.4971963203125 0.21218533437499998 0.5029462437500001 0.2113778953125 0.5083974140625 0.2102505296875 0.5140009765625 0.2083567203125 0.519559509375 0.20612864531250003 0.5257187640625001 0.204880559375 0.53168059375 0.202957728125 0.6012752234375001 0.1734943796875 0.587849440625 0.1391492796875 0.5925330140625 0.138491584375 0.5854204562499999 0.1155851 0.5695687546875 0.12111057343750001 0.568439290625 0.11541526093750001 0.4548243671875 0.15195425625 0.4672686375 0.188502021875 0.471319703125 0.1948514140625 0.47483558906249995 0.1991259734375 0.4776787734375 0.2039420265625 0.4811946609375 0.20821658593749998 0.4861653171875 0.2119036921875
0 0.9119560078125 0 0.87095054375 0.018397584375 0.9040417890624999 0.0843808921875 0.9185577281249999 0.084279590625 0.9442008062499999 0.0709413921875 0.93464336875 0 0.9119560078125 0
0 0.7136692859375 0.6840530484375 0.703311003125 0.6754814578125 0.694491934375 0.665842240625 0.6903668953125 0.653883475 0.6815297328125001 0.6442680859375 0.6831546187499999 0.63150188125 0.6865410703125 0.6193185 0.6897554140625 0.6121830140625 0.6674820046875001 0.5709912984375001 0.58943579375 0.6003429625 0.595733728125 0.6162539921875 0.6556596765625 0.74083984375 0.6676199484375 0.727303465625 0.6763618625000001 0.7177100921874999 0.6895135078125 0.7158632593750001 0.7023832750000001 0.7182495421875 0.714040321875 0.7241268921875 0.72206485625 0.7338776828125 0.7468466390625 0.72537395 0.7262069296875 0.683974109375 0.7136692859375 0.6840530484375
0 0.43824361093749997 0.181955690625 0.43249372812500003 0.1661592859375 0.4199363734375 0.1694127515625 0.42431914531250003 0.184549659375 0.43824361093749997 0.181955690625
0 0.49515603906249994 0.4068857765625 0.486156428125 0.3966971640625 0.40716487968750004 0.43373845156249996 0.407118628125 0.439087978125 0.516878096875 0.649401965625 0.549499096875 0.6307717265624999 0.595733728125 0.6162539921875 0.58943579375 0.6003429625 0.5322131078125001 0.47795322812499996 0.5309565765625 0.4743193078125 0.5269099234375 0.4725885703125 0.5236188015625001 0.470773025 0.5216095546874999 0.46724480625 0.5203530234375 0.4636108859375 0.52283635625 0.4594305078125 0.49515603906249994 0.4068857765625
0 0.2730880453125 0.5669838140625 0.292207428125 0.614493640625 0.4343420171875 0.5551320578125 0.3983335875 0.49089947812499996 0.24901238124999997 0.5582736625 0.25347317187499996 0.567822425 0.2730880453125 0.5669838140625
0 0.049795275 0.5623862296875 0.054318803125 0.567498490625 0.0459311453125 0.5716565140625 0.0568829 0.5865308578125 0.0433572953125 0.5947737234375 0.0519194234375 0.6063009890625 0.09620151875 0.5823505812499999 0.07515768125 0.5521831515625 0.072772075 0.548707784375 0.049795275 0.5623862296875
0 0.027006950000000002 0.6195274953125 0.1736043703125 0.891850165625 0.2470003921875 0.8586599578125 0.0955774703125 0.5827788046875 0.027006950000000002 0.6195274953125
0 0 0.5580650765625 0.00195964375 0.5726107984375 0.0094694109375 0.5682619 0.025476679687499997 0.5811278140625 0.054556035937500004 0.5676780484374999 0.0435829625 0.5558081578125 0.0717704796875 0.5415895765625 0.053948996875 0.5173131640624999 0.050567415625 0.5111890640625 0 0.531707021875 0 0.5580650765625
0 0.380286725 0.720970190625 0.3781194578125 0.7159527890625 0.363053046875 0.71955859375 0.3581314625 0.70832900625 0.3400694578125 0.7134198171875 0.3499930515625 0.7333132609375 0.35466134843749997 0.7315933609374999 0.363897425 0.7258261125 0.380286725 0.720970190625
0 0.7323282453125 0.072518953125 0.706022134375 0.0806194203125 0.7319991984375 0.12906078906250001 0.7614034390625 0.11786439374999999 0.7397090562499999 0.0714824953125 0.7323282453125 0.072518953125
0 0.7491883640625 0.24811045781250002 0.9533098484375 0.722862140625 0.9954974171875 0.7096151875000001 0.995872315625 0.7094886640625 0.9966670343749999 0.5728880015625 0.9089273234374999 0.3730273859375 0.8867444046875 0.323968071875 0.8392519187499999 0.216241053125 0.7946783078124999 0.23897646562500002 0.7491883640625 0.24811045781250002
0 0.2822251296875 0.9283030453125001 0.25270749531250003 0.9413460453125 0.2616142 0.9597006140625 0.27358731718749996 0.9552732578124999 0.2835362546875 0.9698201125000001 0.300790865625 0.9612664671875001 0.2822251296875 0.9283030453125001
0 0.073915846875 0.2896337046875 0.088509403125 0.2836250109375 0.074364246875 0.26149321875 0.061466714062500004 0.2680726484375 0.073915846875 0.2896337046875
0 0.4561306734375 0.18964034375 0.4541765640625 0.1656476015625 0.4429823078125 0.16636808593750002 0.4466372703125 0.1903348546875 0.4561306734375 0.18964034375
0 0.595733728125 0.6162539921875 0.549499096875 0.6307717265624999 0.516878096875 0.649401965625 0.6140147 0.8507811843749999 0.6179833359375 0.858100065625 0.697078203125 0.828941734375 0.692711921875 0.811397084375 0.6702756734374999 0.767099053125 0.665355271875 0.7656825953124999 0.6608924578125001 0.7622860515625 0.6577521234375 0.7584270671875 0.6570344015625 0.7530996765625 0.654300184375 0.7484599046875 0.6562616046875 0.7427775796875 0.595733728125 0.6162539921875
0 0.607835040625 0 0.602285690625 0.00246065625 0.6125940859375001 0.022363925 0.6561962328125001 0.003170846875 0.6538796515625 0 0.607835040625 0
0 0 0.107742515625 0.08295815625 0.2672472515625 0.1772955546875 0.232627703125 0.09144264375 0.0524623109375 0.0805272578125 0.0539951140625 0 0.085179775 0 0.107742515625