0 0.355435509375 0.6082088140625 0.24545036874999998 0.5711530109375 0.203593109375 0.6301759078125 0.19545913125 0.6275170953125 0.1924964765625 0.6624290828125 0.22896751875 0.6750298390625 0.21633820468749998 0.706158128125 0.2627438640625 0.7234524437500001 0.2722882609375 0.7199511249999999 0.28412904375000003 0.6937922515625 0.3182016890625 0.708125403125 0.33818050624999996 0.687198353125 0.348729775 0.6881482250000001 0.361638496875 0.6229070328125 0.355435509375 0.6082088140625
0 0.7945292828125 0.8125704140625001 0.7987767531250001 0.8043820546875 0.8052530859375 0.7622681874999999 0.7849892125 0.7561477015625 0.7298112 0.8869062984375 0.7638319 0.8794790796875 0.7945292828125 0.8125704140625001
0 0.8417148796875 0.34967317656249997 0.822555878125 0.24486056406249998 0.686620509375 0.25350148125 0.6748844015625 0.27731161718749997 0.693742278125 0.3820730328125 0.8246668859374999 0.373567953125 0.8417148796875 0.34967317656249997
0 0.5377679625 0.9532996203125 0.5371938093749999 0.9165104296875001 0.5303044781249999 0.9140632328124999 0.54193485 0.8903997484374999 0.49468286250000004 0.8729821187500001 0.489676265625 0.8533426703125 0.270183915625 0.7763490109375 0.2652953578125 0.78831771875 0.21607222343750002 0.776306371875 0.20489634843750001 0.804121684375 0.16946772968749999 0.8279575843750001 0.171303428125 0.8649818390625 0.20680096093749997 0.8782608 0.20376852343750002 0.886717475 0.2540649234375 0.9037884171874999 0.26244359687499996 0.8941211203125 0.50504266875 0.976339846875 0.5246594484375 0.9523673531249999 0.5377679625 0.9532996203125
0 0.333815940625 0.18849630625 0.3150011171875 0.23690842812500001 0.3644150921875 0.2564222375 0.361869940625 0.26232770625 0.39154211562499996 0.273340365625 0.3973179625 0.2620164 0.420469140625 0.2715087859375 0.4215579296875 0.2772501125 0.46233118749999996 0.29093217031249996 0.469134784375 0.27819839375 0.4807003296875 0.27300343437499996 0.4988385359375 0.2363912609375 0.3492401796875 0.181590871875 0.3429262359375 0.1912387984375 0.333815940625 0.18849630625
0 0 0.877052378125 0.0138490109375 0.8804797234375 0.042438959375 0.8145091984375 0.0340231203125 0.8112879984375001 0.0401682890625 0.7877620015625 0 0.7754543203125001 0 0.877052378125
0 0.2786753 0.3648839234375 0.35865335625 0.3974552640625 0.397946678125 0.31509250624999996 0.3676881515625 0.3038772625 0.36417266718749997 0.310440896875 0.30483898125 0.2926359953125 0.2897176875 0.3201097609375 0.294840234375 0.3226475625 0.2786753 0.3648839234375
0 0.63549765 0.6967764484375001 0.4847250984375 0.6446985765625 0.46604150312500003 0.6816295953125 0.62318773125 0.733947403125 0.63549765 0.6967764484375001
0 0.7609301109375 0.552548028125 0.7706790531250001 0.5367137703125 0.76686803125 0.5049921953125 0.7723807765624999 0.48259338749999997 0.764429115625 0.41680997187499996 0.6272441109375 0.42462107031249996 0.6117178875 0.4503591296875 0.6279287984375 0.5529624859375 0.7609301109375 0.552548028125
0 0.16335961875 0.3028243265625 0.1467578078125 0.299610684375 0.1400737390625 0.3341986375 0.1450521453125 0.335436059375 0.13490707500000002 0.3642909296875 0.129426421875 0.3637500984375 0.1230853640625 0.38370327656250003 0.23513479531249998 0.41944318750000004 0.25197715781249996 0.36592148281250003 0.26900330625 0.303705715625 0.2028018625 0.2869556375 0.194582040625 0.29146414374999996 0.171627871875 0.2831988125 0.16335961875 0.3028243265625
0 0.82215760625 0.8108678625 0.81530438125 0.8191070734375 0.7945292828125 0.8125704140625001 0.7638319 0.8794790796875 0.9259840296874999 0.935199734375 0.9460287609375 0.8911198828125 0.9512041515625 0.8585039828125 0.9025014984374999 0.8407438765625 0.8964472171875 0.8465466062500001 0.8527521140625 0.8310095890625 0.8466939578125 0.82059575625 0.82215760625 0.8108678625
0 0.56012518125 0.8619043890625001 0.5717887359375 0.86388743125 0.5750748328124999 0.8243385234374999 0.537851540625 0.8137500390625 0.5415026859375 0.8041226859374999 0.48545131562500005 0.7856411296875 0.48004305 0.7928295671875001 0.2722882609375 0.7199511249999999 0.2627438640625 0.7234524437500001 0.21633820468749998 0.706158128125 0.1930704609375 0.7261144203125001 0.1835220109375 0.72704273125 0.183013240625 0.767928140625 0.2652953578125 0.78831771875 0.270183915625 0.7763490109375 0.489676265625 0.8533426703125 0.49468286250000004 0.8729821187500001 0.54193485 0.8903997484374999 0.56012518125 0.8619043890625001
0 1 0.547299790625 0.97823990625 0.5400037109375 0.9637339624999999 0.579970390625 0.92868356875 0.57075969375 0.919684575 0.593821059375 0.942822971875 0.6013151531250001 0.9395734578124999 0.62179395625 0.9479444125 0.63270390625 0.9705552140625 0.5855751140625001 0.9940924703125 0.5882168375 1 0.5509869046875 1 0.547299790625
0 0.9926533703124999 0.59728621875 0.9737470796875 0.5972919546875 0.9525539937499999 0.6428920296875 0.9837828828124999 0.6531890546875 0.9926533703124999 0.59728621875
0 0.95412361875 0.40965398437499995 0.9703067515624999 0.3580780515625 0.9603251281249999 0.35666907187499997 0.966270978125 0.3279028125 0.8887885796875 0.295714628125 0.8507362390625 0.40143925625000004 0.934078525 0.42112420625 0.9375093421875 0.40820798125 0.95412361875 0.40965398437499995
0 0.8164474546875 0.501115734375 0.8300442515625001 0.499620434375 0.84141908125 0.4910799015625 0.8862544671875 0.5063169046875 0.8860413171875001 0.51675515 0.93529145 0.5341832484375 0.966956484375 0.4700114234375 0.8451466234374999 0.42549185781250004 0.788523634375 0.43348003593750006 0.7772874703125 0.4592066609375 0.783197459375 0.5121311890625 0.8095802671874999 0.5142502703125 0.8164474546875 0.501115734375
0 1 0.10938876093750001 0.98079613125 0.10396707499999999 0.9480228078125 0.187726465625 0.9485999484375001 0.2116339828125 1 0.227151484375 1 0.10938876093750001
0 0.4320909734375 0.3519713625 0.393678403125 0.44866249218750004 0.4294360984375 0.461471221875 0.4284057984375 0.47043292968749995 0.439905828125 0.4807224875 0.454572334375 0.47846244687499995 0.45863376875000006 0.47040708750000004 0.487988109375 0.48095413750000005 0.530837809375 0.3838444328125 0.4320909734375 0.3519713625
0 0.7509455703125 0.079519125 0.761455046875 0.1504910671875 0.896625821875 0.1431606515625 0.9134467546874999 0.1167990015625 0.908399490625 0.069021746875 0.7903161078125 0.0489451515625 0.7653651734375 0.049971092187499996 0.7509455703125 0.079519125
0 0.0181427796875 0.34631125625000003 0.0295048359375 0.34902502343749997 0.0603225984375 0.266805796875 0.0315350953125 0.26191133125 0.0181427796875 0.34631125625000003
0 1 0.3163483984375 0.9986992703125 0.31608914062500004 0.9794419296875001 0.3750857171875 1 0.40123042187499997 1 0.3163483984375
0 0.2840793109375 0.1343762359375 0.2827291203125 0.1471729046875 0.269225846875 0.15860297031249998 0.1817715 0.142355175 0.167547 0.2147192046875 0.1553970953125 0.21333256406249998 0.14859051406249998 0.2389480125 0.2796365984375 0.27697112968750004 0.30464472656249997 0.2126552640625 0.31493259687499997 0.13482712187499998 0.2840793109375 0.1343762359375
0 0.509655228125 0.279181653125 0.49448288281249997 0.32061958281249997 0.5239205828125 0.333629653125 0.5623495562499999 0.3441556078125 0.580456084375 0.2986481109375 0.5585199453125 0.2960503359375 0.5513568125 0.3159872171875 0.5341270015624999 0.30906555625 0.5395037734375 0.28596453906249997 0.509655228125 0.279181653125
0 0.9041938875 0.6181658171875 0.8360181734375001 0.5956679109375 0.8219731671874999 0.5776402671875001 0.83476625625 0.53989295 0.7913207875 0.530448475 0.7855364453125 0.5175294515625 0.76989979375 0.5134304015625 0.7731903640625 0.548561846875 0.787769653125 0.5541274078125 0.759149771875 0.6097624078125 0.8856844203125 0.655558590625 0.9041938875 0.6181658171875
0 0.9204404171875 0.1640634609375 0.9134467546874999 0.1167990015625 0.896625821875 0.1431606515625 0.761455046875 0.1504910671875 0.767560225 0.1841255125 0.89957511875 0.1782340734375 0.9204404171875 0.1640634609375
0 1 0.48720968437499995 0.9938727828125 0.48565900937500006 0.986093425 0.490509928125 0.9728676359374999 0.482910846875 0.9602372593749999 0.5118370484375 0.9773608359375 0.5221566890625 0.97823990625 0.5400037109375 1 0.5472876984374999 1 0.48720968437499995
0 0.097857890625 0.02908469375 0.0976374859375 0.0011361156250000001 0.0729596578125 0.0008489625 0.0563388609375 0.1055951375 0.07124845156250001 0.1098586734375 0.080115215625 0.09152847187499999 0.08642991562499999 0.09356929375 0.09447472968750001 0.07937968437500001 0.097857890625 0.02908469375
0 0.49843495468750004 1 0.5035139281250001 0.9935099703124999 0.26209354218750003 0.9124382578124999 0.19720877187500002 0.924289875 0.1819165828125 0.9579698890625 0.42912272500000004 1 0.49843495468750004 1
0 0.0353760078125 0.237705465625 0.06684445312500001 0.24441393125 0.075817021875 0.1373258140625 0.052504309375 0.1297609265625 0.0353760078125 0.237705465625
0 0 0.6987855234375 0.011458528125 0.6798644875 0.021857359375 0.6816325 0.049503096875 0.61251755 0.0174120140625 0.601937346875 0.018837765625 0.5902236109375 0 0.58420230625 0 0.6987855234375
0 0.5950316625000001 0.935686715625 0.6620256999999999 0.9632929812500001 0.7491054125 0.7728477640625 0.6722757640625 0.7478495859375001 0.60083841875 0.9016904328124999 0.5950316625000001 0.935686715625
0 0.48136029999999996 0.061609209374999994 0.5846970140625001 0.10288506875 0.6020870765625 0.0530577296875 0.4491807234375 0.01065940625 0.44343211875 0.0158350140625 0.387970096875 0.0045532640625 0.3745604859375 0.0499538765625 0.47528363906250004 0.0700216125 0.48136029999999996 0.061609209374999994
0 0.9041938875 0.6181658171875 0.93529145 0.5341832484375 0.8860413171875001 0.51675515 0.8862544671875 0.5063169046875 0.84141908125 0.4910799015625 0.8300442515625001 0.499620434375 0.8164474546875 0.501115734375 0.8095802671874999 0.5142502703125 0.783197459375 0.5121311890625 0.7855364453125 0.5175294515625 0.7913207875 0.530448475 0.83476625625 0.53989295 0.8219731671874999 0.5776402671875001 0.8360181734375001 0.5956679109375 0.9041938875 0.6181658171875