0 0 0.7954181859375 0.0682059734375 0.8126165328124999 0.086039728125 0.7744969796875 0.11110382187500001 0.6516785046875 0.1022706328125 0.6457093296874999 0.1080370125 0.6108706765624999 0.077546690625 0.607176728125 0.0783670484375 0.5864267734374999 0.0086807671875 0.5684249218749999 0 0.5673229640625 0 0.7954181859375
0 0.253127059375 0.0635983 0.0612034875 0.028007418750000002 0.0497457484375 0.10317653125 0.1882179625 0.132167090625 0.2282219515625 0.14715786875 0.23870551718750002 0.1331876890625 0.253127059375 0.0635983
0 0.071562834375 0.25393941875000003 0.14665519062500001 0.2693863265625 0.18235397343749998 0.135958221875 0.10153757187500001 0.12297632812499999 0.071562834375 0.25393941875000003
0 0.06947012031250001 0.23693287343749997 0.09337147031250001 0.128406628125 0.0875721578125 0.1181734796875 0.048683659375 0.11014441875 0.030723376562499998 0.227973825 0.06947012031250001 0.23693287343749997
0 0.5059650859375 1 0.5071861125 0.9957818125 0.17210226875 0.9155807749999999 0.1571950390625 0.9293327281250001 0.1451069625 0.9584191843750001 0.41790013437500007 1 0.5059650859375 1
0 0.0017135593750000002 0.41829429375 0.1014698265625 0.4334997609375 0.11422744375 0.367346665625 0.0135669828125 0.3405292609375 0.0017135593750000002 0.41829429375
0 0.1051151875 0.026609415625 0.1066866640625 0.0194276484375 0.12481864375 0.0221914375 0.129775584375 0.001510075 0.06535663124999999 0.0007604937499999999 0.0625366453125 0.0192611609375 0.1051151875 0.026609415625
0 0.9979551375 0.18737117187500002 0.99923950625 0.076992684375 0.8828756515625 0.059255789062499994 0.8692069234375 0.08965605625 0.8499785328125 0.1501171515625 0.9979551375 0.18737117187500002
0 0.2504070921875 0.0201069953125 0.253917803125 0.0029546015625 0.1424388109375 0.001657425 0.134215296875 0.031127953125000003 0.1908527890625 0.0457933859375 0.19551367656250002 0.0395593140625 0.230245275 0.0490200265625 0.23941229218750001 0.0193432140625 0.2504070921875 0.0201069953125
0 0.842954021875 0.30568148125 0.871111821875 0.3093101109375 0.8905700718749999 0.2561809734375 0.5492784953125 0.1734582421875 0.5323530078125 0.196915096875 0.5174791265625001 0.25940810625 0.829790140625 0.335060015625 0.842954021875 0.30568148125
0 0.00472811875 0.5281246921875 0.12724641406249998 0.5434621734375 0.1420135703125 0.4422294625 0.0173324984375 0.42788903125 0.00472811875 0.5281246921875
0 0.210218271875 0.729846465625 0.20023398593750003 0.7802529734375 0.53865426875 0.8687570109375 0.5560369781250001 0.8379485484375 0.567292328125 0.7715872 0.23090141250000001 0.6926172890625 0.210218271875 0.729846465625
0 0.842833996875 0.5942439875 0.8504041046875 0.5927237140625 0.8568961093749999 0.5676765234375 0.8523377921874999 0.566981715625 0.8673162796874999 0.512506390625 0.8725431515625001 0.5133031031249999 0.8796834499999999 0.488354728125 0.874753028125 0.48561313437500003 0.8814922656249999 0.4545919609375 0.888015725 0.45558630625 0.8953567453125 0.429321084375 0.89219383125 0.42817561875 0.9052594828125 0.37740959375 0.913995321875 0.372729496875 0.9194204140625001 0.3501938359375 0.9123474765624999 0.348452378125 0.9154324203125 0.32821344375 0.8489568234375 0.30873164375 0.83008915625 0.3405782828125 0.7514206359375 0.6156961234375 0.8260852953125 0.63843695 0.842833996875 0.5942439875
0 0.296906228125 0.43679657968749996 0.28500090624999996 0.45805426406249994 0.2675516171875 0.5284674 0.6128082921875 0.6099288265625 0.6397044234375 0.5217390265625 0.296906228125 0.43679657968749996
0 0.152569678125 0.371615553125 0.170669803125 0.3660203390625 0.17867349999999999 0.3243916296875 0.11043750156250001 0.30843506875000004 0.1018084203125 0.3249267453125 0.058311931250000004 0.3182967421875 0.0495985765625 0.342549284375 0.152569678125 0.371615553125
0 0.376635 0.130786975 0.35849693125000004 0.17416699375 0.320955546875 0.3068996421875 0.3958134484375 0.3229327109375 0.41268045468750003 0.29550753125 0.4454513453125 0.15626409531250002 0.376635 0.130786975
0 0.74773108125 0.6515976140624999 0.676124128125 0.8888196296875 0.8186538156250001 0.9173028265625 0.886842425 0.6913550734375 0.74773108125 0.6515976140624999
0 0.09277919999999999 0.270875803125 0.080052215625 0.2681481421875 0.0712248703125 0.2652686140625 0.0674364 0.2646911515625 0.061784087499999994 0.263829590625 0.0620743625 0.261925228125 0.06343572343750001 0.245921959375 0.0289823015625 0.23939624375 0.0151276734375 0.330290271875 0.045118121875 0.3350876703125 0.058797585937499994 0.28315068593750004 0.090044934375 0.28895009374999997 0.09277919999999999 0.270875803125
0 0 0.9363010890625001 0.030200067187500002 0.94090436875 0.04146630625 0.8967878515625 0.043025828125 0.8720045843750001 0 0.86031193125 0 0.9363010890625001