0 0.70026758125 0.7661641296874999 0.7108171265625 0.6873379109375 0.6516911515625 0.6751006484375 0.6417495062499999 0.7091404046875 0.652116728125 0.719163465625 0.6650855453125 0.7351015953125 0.659638821875 0.735047071875 0.64167191875 0.7388521781249999 0.6398487375 0.7561215984375 0.70026758125 0.7661641296874999
0 0.67442114375 0.8972146125 0.6794732578125 0.9029719 0.6887949859375 0.930991384375 0.70520889375 0.9342016031249999 0.714527515625 0.9312942671875 0.7335274109375 0.931905759375 0.73636150625 0.907230490625 0.7499889 0.9056938499999999 0.7541466046874999 0.875184690625 0.7453979359375 0.8715143031249999 0.7291922484375 0.870468559375 0.682094321875 0.8588353484375 0.67442114375 0.8972146125
0 0.858599028125 1 0.8661454875000001 0.977894734375 0.862754 0.961285846875 0.85245425625 0.9611550796874999 0.8535814265624999 0.9428149203125 0.8490015609375 0.9365299625000001 0.815830159375 0.9311022875000001 0.8107854390625 0.9525437265625 0.801855703125 0.95181185 0.7966056671875 0.966054325 0.7883155015625001 1 0.8160155015624999 1 0.816668746875 0.998032359375 0.82708349375 1 0.858599028125 1
0 0.8550995046875001 0.9180761390625 0.8800261734375001 0.9224713828125 0.8838928609375 0.8993475406250001 0.859639353125 0.8959136687499999 0.8550995046875001 0.9180761390625
0 0.6068139703125001 0.868798228125 0.59623725625 0.8647423062499999 0.5922564796875001 0.8625867671874999 0.59988463125 0.8460881171875 0.5906153468750001 0.8408301781249999 0.5295723453125001 0.8278756875 0.517410915625 0.9050904703124999 0.5327279296875 0.9110566515625 0.5320091828125 0.919314559375 0.54575280625 0.9239288921875 0.5577123046875 0.92420485 0.561475103125 0.9317782906250001 0.5839089562499999 0.9346595687500001 0.5829558968749999 0.917364096875 0.600578278125 0.916468678125 0.6068139703125001 0.868798228125
0 0.45736885625 0.9166869265625 0.4886944984375 0.9239801062499999 0.5102968406249999 0.807202003125 0.5126734 0.7851215609375 0.4795023984375 0.7825590625000001 0.45736885625 0.9166869265625
0 0.48712529531250004 0.6506758421875001 0.46761716406250003 0.64243276875 0.4564976640625 0.7278367109375 0.46487935937499997 0.7371726 0.5063258828125 0.7374865140625 0.5312006328125001 0.7401451140625 0.535926971875 0.710831703125 0.5428453125 0.7063635171875 0.5467375296875 0.6594385328125 0.48712529531250004 0.6506758421875001
0 0.45600053437500004 0.722292715625 0.46761716406250003 0.64243276875 0.4694136453125 0.623283684375 0.45129931875 0.6213536546875 0.44431818593749994 0.6150666265625 0.4311216796875 0.6124869234375 0.41795434687500005 0.71583695 0.45600053437500004 0.722292715625
0 0.4521018328125 0.722658615625 0.41795434687500005 0.71583695 0.41218161562500005 0.7567001421875 0.42286830468750003 0.7737526921875 0.442566628125 0.7755406828125 0.445232096875 0.756839759375 0.45602487031249994 0.7589534859375 0.4571994109375 0.7355656140625 0.4512860609375 0.7332589140625 0.4521018328125 0.722658615625
0 0.329026884375 0.8101260765625 0.32703522500000004 0.7999155640625 0.32031408125 0.796455215625 0.3077228203125 0.7904429875 0.296589628125 0.7947999875 0.2912543015625 0.8006849140625001 0.2867878015625 0.831750565625 0.32373778125 0.8372546312500001 0.327615040625 0.821000475 0.329026884375 0.8101260765625
0 0.245973546875 0.78041866875 0.2897382046875 0.7964991343750001 0.296589628125 0.7947999875 0.30153083281250004 0.789477575 0.3077228203125 0.7904429875 0.325671196875 0.7744368515625 0.3235769421875 0.769706721875 0.327963659375 0.7180656671875 0.240539971875 0.6935495921875 0.22246773281249999 0.7176657265624999 0.21981452968749998 0.7554133281250001 0.245973546875 0.78041866875
0 0.3511446296875 0.6402448265625 0.3584904515625 0.5985845984375 0.355480275 0.5929556218750001 0.36465786875 0.5698202234374999 0.3128601171875 0.5621405 0.30210520625 0.633409609375 0.3511446296875 0.6402448265625
0 0.33802904218749996 0.6922849046875 0.3450441421875 0.6404331625 0.30210520625 0.633409609375 0.2937142765625 0.6872097187499999 0.33802904218749996 0.6922849046875
0 0.185063128125 0.6493862796875 0.209415490625 0.6550074734375 0.20689688281250002 0.6667822015625 0.2438857078125 0.6750528874999999 0.2555684875 0.6731944234375 0.2960812234375 0.6737860953125 0.30210520625 0.633409609375 0.2996227984375 0.628969175 0.2895234703125 0.6267459859375 0.28954610625 0.6167010453125 0.2776816359375 0.5997568249999999 0.2036487625 0.5836481250000001 0.185063128125 0.6493862796875
0 0.20806973750000002 0.57088161875 0.2029496578125 0.560372284375 0.15720032343749998 0.549693140625 0.147233809375 0.5863829468749999 0.1540171328125 0.5875790296875001 0.145897759375 0.623709721875 0.1720252125 0.6291804421875 0.18819607031250002 0.6390260249999999 0.2036487625 0.5836481250000001 0.20806973750000002 0.57088161875
0 0.10573402968750001 0.5833841375000001 0.100217659375 0.575122290625 0.0858051359375 0.582903775 0.0322032234375 0.57374725 0.028745865625 0.6019572015625 0.09714338125000001 0.60976200625 0.10080967968750001 0.60617401875 0.10573402968750001 0.5833841375000001
0 0.1115340859375 0.5316130859375 0.093621709375 0.5299714718749999 0.08614979375000001 0.572346809375 0.09048881875 0.575218590625 0.100217659375 0.575122290625 0.1115340859375 0.5316130859375
0 0.045651915625 0.574896734375 0.08268836093750001 0.5799104390625 0.093621709375 0.5299714718749999 0.0553769265625 0.521416128125 0.045651915625 0.574896734375
0 0.0294600890625 0.56982965 0.037380632812499995 0.5730590796875 0.049734625 0.523665546875 0.0292979921875 0.519135071875 0.021834740624999998 0.5460488015625 0.0274591921875 0.5536976984375 0.029928921874999997 0.56203328125 0.0294600890625 0.56982965
0 0 0.8213662796874999 0.065129853125 0.823697896875 0.07820141093750001 0.73164393125 0.07554335625 0.7259295734375 0 0.721097615625 0 0.8213662796874999
0 0 0.9041643687500001 0.0509710171875 0.9098510046875001 0.054465295312499995 0.887883378125 0.061340456249999994 0.8840185203125 0.061194390625 0.8621463453124999 0.0523577265625 0.8565854859375 0.0580075453125 0.8306370812500001 0.028013815625 0.8253483765625 0.017603634375 0.8348046625000001 0 0.8320429484374999 0 0.9041643687500001
0 0.0054957734375 0.425087590625 0.026070490624999998 0.42871546875 0.03305314375 0.394132896875 0.01145269375 0.39130421718749997 0.0054957734375 0.425087590625
0 0.0367664484375 0.3397397328125 0.0453606890625 0.33914843437500003 0.050664525 0.29700174687500003 0.047676012499999997 0.29160832812500004 0.0292741421875 0.290233759375 0.016616449999999998 0.3620190953125 0.0362313125 0.36332461562499996 0.0367664484375 0.3397397328125
0 0.0332130640625 0.26789501875 0.0506368 0.2705157125 0.05125189375 0.2514953859375 0.0363736875 0.2499702375 0.0332130640625 0.26789501875
0 0.40920025937500004 0.7509077125 0.39286873906249997 0.7610895296875 0.40279886875 0.7824327359375001 0.41997183906249996 0.7734526359375 0.41218161562500005 0.7567001421875 0.40920025937500004 0.7509077125
0 0.420983078125 0.7856391015625 0.4299972078125 0.7882818828125 0.4300342328125 0.7952405031249999 0.47300050625 0.8000779140625 0.4770740046875 0.7948974375 0.47792580312500005 0.7840928218750001 0.471218871875 0.7791181609375 0.42286830468750003 0.7737526921875 0.420983078125 0.7856391015625
0 0.8999263750000001 0.97580364375 0.897267334375 0.93711935 0.9089338703125 0.9308128984374999 0.9101636843750001 0.9073505046875001 0.8876887203124999 0.9026712874999999 0.8757350468749999 0.9701055078125 0.8999263750000001 0.97580364375
0 0.31138269687500003 0.4818677453125 0.33715056875 0.4856739734375 0.341199721875 0.46963972812500004 0.3159642078125 0.46544282968750006 0.31138269687500003 0.4818677453125
0 0.2894583609375 0 0.28744115312499996 0.0173967203125 0.3073325375 0.0160587109375 0.3088491375 0 0.2894583609375 0
0 0.069340990625 0.06300336875 0.0986462890625 0.07052368906249999 0.0981110890625 0.0850287078125 0.11850482656250001 0.083589675 0.1242854734375 0.056421390625 0.1074023234375 0.049420649999999997 0.10971324843750001 0.030699345312499998 0.076194196875 0.0241369046875 0.069340990625 0.06300336875
0 0.1973860515625 0.24747412500000002 0.2660049125 0.256771578125 0.27128335625 0.2307787578125 0.2006084 0.22322545468750002 0.1973860515625 0.24747412500000002
0 0.230016790625 0.210925384375 0.2722660359375 0.219112409375 0.275295871875 0.20192935312500002 0.23262871875000002 0.1961124046875 0.230016790625 0.210925384375
0 0.23148200000000002 0.21217388750000002 0.2290357953125 0.226047009375 0.27128335625 0.2307787578125 0.2709684421875 0.23053362812499997 0.2722660359375 0.219112409375 0.23148200000000002 0.21217388750000002
0 0.2418445078125 0.40406702812499995 0.2316050984375 0.3884205640625 0.042668865625 0.35847671875 0.030001379687500003 0.43509666406249997 0.03713165625 0.4422105328125 0.214179459375 0.47302856562500006 0.2227435921875 0.47201062031249996 0.242412196875 0.4675154234375 0.25462325625000004 0.41009124999999996 0.2418445078125 0.40406702812499995
0 0.40044600781249995 0.275694975 0.3588279265625 0.268946459375 0.341846246875 0.2793507046875 0.32360646875 0.34312741562500004 0.3271369125 0.34783691562499996 0.3211185 0.350546690625 0.3193269578125 0.37062359375 0.32396411718749996 0.3740746171875 0.3224466625 0.38602587499999996 0.3284052625 0.38532798125 0.3169596515625 0.4418759109375 0.3440216265625 0.4437193625 0.3656145125 0.44025867500000004 0.36644918125000003 0.42728114531249994 0.377008953125 0.42187502187500003 0.3771617359375 0.4143178625 0.3697518359375 0.41010405937499994 0.3758242890625 0.407087809375 0.38388540781249997 0.3927932640625 0.39523566718750003 0.333321284375 0.391032259375 0.329082996875 0.39896904375000003 0.302231696875 0.40044600781249995 0.275694975
0 0.3487512078125 0.1701774609375 0.3522734625 0.176486603125 0.3749042765625 0.17837033124999999 0.38572223125 0.1887046046875 0.39093823437499997 0.18899231875 0.392258878125 0.1791130515625 0.4018015640625 0.1799530078125 0.40121379375000005 0.18806547499999998 0.41683812187499997 0.1914524734375 0.415288978125 0.200238103125 0.4407560453125 0.20156859374999997 0.44719296406250003 0.1662577859375 0.440894665625 0.1613551765625 0.4437402671875 0.14163266875 0.43700964999999997 0.1391818609375 0.43654965468749996 0.115505778125 0.3571068828125 0.1048685828125 0.342297459375 0.17093551406250002 0.3487512078125 0.1701774609375
0 0.503451940625 0.34660932187500004 0.500902403125 0.334783621875 0.4936530765625 0.318547840625 0.43699756718750005 0.3112966484375 0.4206750265625 0.3859448921875 0.46974712343749997 0.39438695625000003 0.4983613453125 0.383842878125 0.503451940625 0.34660932187500004
0 0.9623353968749999 0.2605673421875 0.9668272796874999 0.2391548234375 0.9758282046875 0.19013913437500002 0.8949493421874999 0.18023886718749998 0.8777864937500001 0.19286533125 0.8749937609374999 0.22112927187500003 0.8703484484375 0.24544304062500003 0.9623353968749999 0.2605673421875
0 0.83619880625 0.4820073765625 0.8449543421874999 0.4918515890625 0.8408486828124999 0.5077284 0.9178455234375 0.516944165625 0.9405036687500001 0.378526878125 0.8583069562500001 0.3640333796875 0.8484818031250001 0.38020784218750003 0.8487581875 0.38855695 0.8523881359375001 0.400109684375 0.8453212499999999 0.40804878906250003 0.84212894375 0.4236442421875 0.8560879312499999 0.4213023265625 0.8603866046875 0.43647008749999994 0.852404990625 0.4521058703125 0.83948940625 0.455937915625 0.83619880625 0.4820073765625
0 1 0.3387356265625 0.9765631234375001 0.4705643859375 0.988943996875 0.47609711250000003 1 0.4777265203125 1 0.3387356265625
0 0.9781920749999999 0.66742321875 0.926141546875 0.6618939203124999 0.9154956875 0.7222695828125001 0.967213615625 0.7296851578125 0.9781920749999999 0.66742321875
0 0.8645404984375 0.7669212421875 0.8644679843749999 0.7553848375000001 0.8699147078125 0.7554393640625 0.867967353125 0.7699481875 0.873154684375 0.7714737953124999 0.8744393765625 0.7796004234375 0.8991658171875001 0.7787989625 0.91531725 0.7009394390625 0.9129291828125 0.6835384046875 0.8971882390625 0.6798569718749999 0.8625096156250001 0.6649362140624999 0.8378732546875 0.6739486 0.8221627921874999 0.72517299375 0.8355029187499999 0.732075678125 0.8370198640625001 0.742349953125 0.831747265625 0.7499102296875 0.8306011328125 0.7615477578125 0.8645404984375 0.7669212421875
0 0.7011162109375 0.6808241140625 0.7370520109375 0.6875397703125 0.7385164734375 0.683416071875 0.7730971609374999 0.6855108609375 0.7784066703125 0.640942475 0.7050739109374999 0.62946555 0.7011162109375 0.6808241140625
0 0.7021657546875 0.6315018640625001 0.684873034375 0.626345996875 0.5873939609375001 0.6130973234375 0.5814901625 0.6621113796875 0.6321064296875 0.66920356875 0.635447778125 0.6537186625 0.6438333140625 0.6561031374999999 0.641475490625 0.666010190625 0.69513144375 0.6748602406249999 0.7021657546875 0.6315018640625001