0 0 0.9662575421874999 0.0492907234375 0.9699910515625 0.0656030609375 0.9416269609375 0.0002581359375 0.90214449375 0 0.90217610625 0 0.9662575421874999
0 0.30136612500000004 0.9890844124999999 0.3148980421875 0.9901093828124999 0.327689521875 0.9624652609375 0.3333060171875 0.966837303125 0.3384212625 0.9642647890625 0.348061203125 0.9393419218749999 0.33865460625 0.9327094890625001 0.3399797515625 0.927876584375 0.28636906562500003 0.90408275625 0.2813911359375 0.904692359375 0.273213653125 0.9228194125 0.23293698125 0.9059554921874999 0.2282336828125 0.9026392781249999 0.2389241359375 0.8768093265625 0.162435525 0.8414160609374999 0.13105074218749999 0.909091365625 0.133653015625 0.9142217515625 0.30136612500000004 0.9890844124999999
0 0.7226870984375 1 0.6457690546875 0.9589317312500001 0.6252522734375 1 0.7226870984375 1
0 0.9356855453125 1 0.8875798640625 0.9733009828125001 0.8778986359375001 0.970594371875 0.8611797390625 0.997941009375 0.8979544 0.9237673703124999 0.8521985484375 0.9005685031249999 0.8526104953125 0.894679771875 0.8660405390625 0.872017296875 0.865539290625 0.8650727421875001 0.8102395281250001 0.8372043515625001 0.7942965109375 0.8675697250000001 0.74278685 0.8419617265625 0.709438359375 0.9094882921874999 0.8076170671874999 0.9593509843750001 0.8082556328124999 0.9643326296874999 0.8015406109375001 0.9756638671875001 0.8062439093749999 0.978980084375 0.8471505125000001 1 0.9356855453125 1
0 0 0.827181009375 0.00273655 0.8243864437499999 0.0249826390625 0.7885785609375 0 0.772175428125 0 0.827181009375
0 0.955471403125 0.792952184375 0.9483924484375 0.7953759578125 0.9166850203125 0.8817732765624999 0.9734472421874999 0.9028458531249999 0.98040458125 0.8033917515625 0.955471403125 0.792952184375
0 0.4351846109375 0.7239435859375 0.43838416406249997 0.7064261375 0.3676493609375 0.6734420046875 0.3292749265625 0.7563743656249999 0.355942953125 0.770234190625 0.34671495937499996 0.789268328125 0.3472162078125 0.7962128828124999 0.375985259375 0.8082585390625001 0.3755733125 0.81414726875 0.4367642015625 0.84246188125 0.47975263437500004 0.7500124484375 0.45975161406250004 0.7396175796875 0.4609394421875 0.736747584375 0.4524460421875 0.7311709796875 0.4351846109375 0.7239435859375
0 0 0.7601744109374999 0.051835998437499996 0.7856792796875001 0.0633023328125 0.7628680640625001 0.0796505671875 0.76903963125 0.10852237812500001 0.709067225 0.13729142968750002 0.7211128812500001 0.1463821078125 0.7040416546875 0.1550128234375 0.70765535 0.17808280781250002 0.6600700078124999 0.0512723625 0.59619875 0.0462944328125 0.5968083531249999 0 0.690418875 0 0.7601744109374999
0 0 0.6794417640625 0.0030793828125 0.678387409375 0.024322975 0.6286904171875001 0.0217207015625 0.62356003125 0.012176790625 0.618890509375 0 0.64505499375 0 0.6794417640625
0 0.85039906875 0.728754159375 0.8567981734375 0.6937192624999999 0.8286676859375 0.6866552515625 0.8188491421874999 0.6859115499999999 0.81569760625 0.68863280625 0.8071974765625001 0.7254818703125 0.8329523078125 0.7382858703124999 0.85039906875 0.728754159375
0 0.40728746875 0.6853242765625 0.3998445828125 0.678840584375 0.4001192140625 0.6749147640625 0.406284971875 0.6714351671875 0.40683423437500005 0.6635835265625001 0.3906233171875 0.6554490484375 0.387107846875 0.6492628390624999 0.37445368437500004 0.67494405 0.40399861562500006 0.690008440625 0.40728746875 0.6853242765625
0 0.70678715625 0.6369705828125001 0.70363561875 0.6396918375 0.6919906828125 0.6368364843750001 0.6888391453125 0.6395577390625 0.6814788296875001 0.6883330046875 0.6881458375 0.6917979625 0.7641812140625001 0.7054504781250001 0.7844290390624999 0.5994387031249999 0.7251538421875 0.586069025 0.71035736875 0.5859349265625 0.70678715625 0.6369705828125001
0 1 0.4293273953125 0.9838890640625 0.4290555125 0.9797283015625 0.4603133296875 0.971873465625 0.45971836718750003 0.9622748109374999 0.5122707140625 0.96894181875 0.5157356703125 1 0.5190359265625 1 0.4293273953125
0 0.508980734375 0.45918966406250006 0.5732338593749999 0.47194973593749995 0.5950199859375 0.45682677812500005 0.6229305859375 0.410594740625 0.6735750656249999 0.42035072187500006 0.684498865625 0.3629654703125 0.6760054656250001 0.3573888640625 0.6622595046875001 0.35634768125 0.65755620625 0.353031465625 0.6566017234375 0.32434616250000003 0.572162246875 0.31795032343749996 0.5699651921875 0.3493568828125 0.64668715 0.3531948484375 0.6446754265625 0.367842303125 0.5851255984375 0.35839844374999996 0.5780879296875 0.388451696875 0.583704425 0.3928237375 0.5830178453125 0.4026382875 0.5655710843749999 0.41216999843749996 0.5013179578125 0.399409925 0.49121805468749996 0.445017715625 0.508980734375 0.45918966406250006
0 0.8975684515625 0.477769890625 0.8933251171875 0.45376875156249996 0.8938743796875 0.4459171125 0.8980764296875 0.4422887734375 0.8891297953124999 0.41497141875 0.8256045343749999 0.420026275 0.8124971390625 0.4239667359375 0.8209357953125 0.486765209375 0.8975684515625 0.477769890625
0 0.4541476609375 0.368210675 0.45063219062500004 0.362024465625 0.44597018125 0.386337728125 0.49373775468750003 0.39488914531249997 0.49730123906249996 0.386279159375 0.4986743984375 0.36665006093749997 0.4821888484375 0.36244140156250004 0.46058805156249993 0.3608052578125 0.458075078125 0.36850815625 0.4541476609375 0.368210675
0 0.8907295703125 0.40621269375 0.9175829296875 0.4033134125 0.922835490625 0.398777990625 0.9227461890624999 0.38594470625 0.8952542671874999 0.3838623421875 0.8907295703125 0.40621269375
0 0.181946925 0.1956479953125 0.1795712671875 0.20138798593749999 0.1719910640625 0.196867203125 0.16408821406250002 0.2110684359375 0.1429819390625 0.2588025203125 0.140009003125 0.2871903421875 0.1702885296875 0.2776439890625 0.1735773828125 0.272959825 0.18769400625 0.24048280000000002 0.186004928125 0.23640823906250003 0.19970960468750001 0.20981994375 0.1992083546875 0.2028753890625 0.181946925 0.1956479953125
0 0.386571125 0.2900796140625 0.472678578125 0.145643515625 0.4688884765625 0.143383125 0.4736397890625 0.131903146875 0.3743212671875 0.070114253125 0.35312568906249997 0.10501505156249999 0.356366528125 0.11512708281249999 0.2871152875 0.23025363125 0.386571125 0.2900796140625
0 0.4287702203125 0.2794627953125 0.44759014218750004 0.2503019859375 0.44786477343750003 0.246376165625 0.437682296875 0.2367249984375 0.41297125 0.2654395875 0.4287702203125 0.2794627953125
0 0.08044480468750001 0.0804143140625 0.061164921875 0.1302600484375 0.0513463765625 0.129516346875 0.044082090625 0.1486992234375 0.05083839999999999 0.1649974640625 0.060382310937499996 0.16966698593750001 0.043478084374999997 0.2137727296875 0.1154007140625 0.2438868671875 0.13307409375 0.2452255328125 0.18415070625000002 0.12181576406250001 0.0854227328125 0.0798047109375 0.08044480468750001 0.0804143140625
0 1 0.0395602859375 0.9757308546875001 0.037722028125 0.9615873171875 0.239901746875 0.9575225843749999 0.241567175 0.9556894625 0.2818812 1 0.2845314875 1 0.0395602859375
0 0.8579226999999999 0.22612977500000003 0.8646991937499999 0.11515099843750001 0.8509532312499999 0.11410981406250001 0.849401471875 0.10807234375000001 0.8238732578124999 0.10613871875 0.8214976 0.1118787078125 0.7272395796875 0.10473916875 0.7259624515625 0.094775878125 0.6836740546875 0.0925594140625 0.6742472734375 0.2132040015625 0.6860295265625 0.21409644375 0.6875812859375 0.2201339140625 0.7170369187500001 0.2223650203125 0.7194125734375 0.2166250296875 0.8058157593749999 0.2231696078125 0.8213881140625 0.22632244375 0.822939875 0.2323599109375 0.8406132546875 0.2336985765625 0.8431262265624999 0.22599567656250003 0.8579226999999999 0.22612977500000003
0 0.9614087140625 0.21423517812499998 0.9644296640625001 0.17105115937499998 0.961827390625 0.165920775 0.9588131703125 0.1666791203125 0.9470722031250001 0.19341615625 0.954377775 0.2018627578125 0.9544670749999999 0.21469604062499997 0.9614087140625 0.21423517812499998
0 0.500314546875 0.1033373 0.51397120625 0.091545196875 0.5163468625000001 0.08580520781249999 0.4807322 0.044628028125000004 0.46273617656250005 0.062011378125 0.500314546875 0.1033373
0 0.5674513046875 0.0748762640625 0.5719279859374999 0.06732210625 0.5994199078125 0.069404471875 0.60298339375 0.06079448750000001 0.6074189703124999 0.009824378125 0.5174603921875 0.003010496875 0.5141087718749999 0.002990996875 0.508313425 0.0595436765625 0.5347548359375 0.0625331265625 0.536031965625 0.0724964171875 0.5674513046875 0.0748762640625