0 0.7952426499999999 0.7627858625 0.7887685390625 0.761865065625 0.7199032546875 0.8312003156250001 0.7174311046875 0.8348051968749999 0.719402515625 0.8397014859375 0.6699319578125 0.8781650421875 0.6678422640624999 0.8838025640625 0.7297839546875 0.9618509046874999 0.7477947546875 0.9459489187499999 0.7557986765625 0.9550002718749999 0.77951868125 0.9359538015625001 0.781990828125 0.93234891875 0.7763999078125 0.9249595921875 0.790732059375 0.911831475 0.778343721875 0.89622180625 0.8015905828125 0.919310584375 0.8056516859375 0.9185693562499999 0.8302548812499999 0.893054353125 0.835904940625 0.895176775 0.841495859375 0.9025661015625 0.8275461625 0.9177268578125 0.852860484375 0.9425407296874999 0.9704704109375 0.9210746500000001 0.9718020968750001 0.91978036875 0.9755398890625001 0.9117395937499999 0.903386296875 0.840811234375 0.898118690625 0.8407214515625 0.892791940625 0.8458985734375 0.8699275312499999 0.824842434375 0.86257023125 0.8303901734375 0.8565377171874999 0.8262351125 0.8176654609374999 0.7870762671875 0.8205200625 0.7855040265625 0.8322026359375 0.7917815078125 0.8408847265625001 0.7765309703125001 0.8299670593749999 0.774318765625 0.8232287812499999 0.7608315203125 0.8031006890624999 0.74873695 0.7952426499999999 0.7627858625
0 0.6894580421875001 0.9723648296875 0.6365599343749999 0.8905634156250001 0.5492146531250001 0.9454008390625 0.578639565625 0.9925913390625001 0.6894580421875001 0.9723648296875
0 0.35814562968749997 0.8173351671875 0.302051134375 0.904312721875 0.3068180015625 0.9129036765625 0.288042296875 0.9247403828125 0.2530497734375 0.9731760859374999 0.24416265781250002 0.970593265625 0.22283691718749998 0.99877126875 0.352642196875 0.9980160843749999 0.3590485296875 0.989570825 0.368121265625 0.9979260296874999 0.4091755265625 0.9976871828125 0.4891536875 0.9164166765624999 0.4901551640625 0.89941433125 0.44607444375 0.8548987984374999 0.4323021765625 0.8542588359375 0.4222676984375 0.8455780984375 0.41529285156249995 0.8531584765625 0.4084362890625 0.8502050421874999 0.40349199375 0.8574148062500001 0.39943089062500003 0.8581560343750001 0.40722978750000005 0.8493740296875 0.39039789062499997 0.8324729515625 0.38386464062500003 0.8368190625 0.390457034375 0.8272060453125001 0.35814562968749997 0.8173351671875
0 1 0.7651462625 0.9902623828125 0.7555739984375001 0.976990853125 0.7464328640625 0.9597449609375 0.7664001296875 0.9525059421875 0.76141405625 0.9078022546875 0.808468565625 0.9775428421875001 0.8777349031250001 0.9864891015625 0.875050815625 0.9993190343749999 0.8874262156249999 1 0.8873019265625001 1 0.7651462625
0 0.4232612859375 0.9736458703125 0.4205249703125 0.9646843 0.4196417796875 0.9711528328125001 0.4232612859375 0.9736458703125
0 0.446657978125 0.9472998531249999 0.43980141406250006 0.94434641875 0.43935981718750006 0.9475806859375 0.446657978125 0.9472998531249999
0 0.0663730546875 0.7065986125 0.0440382046875 0.7441692703125 0.044428821875 0.7462453015625 0.0681946328125 0.7609296984375 0.07790579843749999 0.762310890625 0.064985178125 0.794103378125 0.1028283578125 0.8166304906249999 0.0688892828125 0.876246234375 0.0778716828125 0.9239853281249999 0.10146808125 0.9377693328125 0.1093261203125 0.9237204203125 0.12100869375000001 0.9299979046875 0.1243048921875 0.9251913937499999 0.11918316874999998 0.9482018765625 0.153406840625 0.9682359546875 0.1922554421875 0.9012256624999999 0.1801904171875 0.892915540625 0.18107360625 0.8864470078125001 0.1917271046875 0.8760927593750001 0.215683678125 0.835978665625 0.15409289531249998 0.798863946875 0.15738909375000001 0.7940574375 0.138467503125 0.7827938796875 0.15050493125 0.757469928125 0.0663730546875 0.7065986125
0 0.478539621875 0.742799825 0.401177565625 0.6665147765625 0.3855797703125 0.6840787859375 0.36983609375 0.678542534375 0.3529135109375 0.70580934375 0.36174148437500003 0.71365906875 0.3698636921875 0.7121766078125 0.3734832 0.714669646875 0.483243403125 0.8291927453125 0.4950442625 0.824936415625 0.5474522140625 0.885802846875 0.5589297640625001 0.8742469703125 0.4844814484375 0.7911227750000001 0.4939284453125 0.779937515625 0.5187642640625 0.8058899453124999 0.5117894171875 0.8134703218749999 0.5673752828125 0.88006405625 0.6594006890624999 0.8054504203124999 0.653809771875 0.7980610921875 0.589924271875 0.7487505343749999 0.601460959375 0.7319277546875 0.5637952078125 0.6935999234375 0.5552905453125 0.69304974375 0.525360603125 0.7237418703125 0.5185631828124999 0.7155215296875 0.5105001171875 0.7117370828125 0.478539621875 0.742799825
0 0.273895465625 0.776997665625 0.2529985203125 0.833372875 0.30061200625 0.8520142734375 0.2939604703125 0.8668942 0.2871039078125 0.863940765625 0.269798871875 0.8891749359375 0.297548434375 0.9082882187499999 0.35199483125 0.8237139171875001 0.33027778125 0.808755696875 0.33990220625 0.78176971875 0.27533853750000004 0.756761053125 0.2708358359375 0.7607365484375 0.2678629515625 0.772842603125 0.2065363390625 0.7482943375 0.18734663437500002 0.7969993859375 0.1973811109375 0.8056801234375 0.1915536234375 0.81935841875 0.2403736125 0.8388308312499999 0.2488782734375 0.8393810125 0.273895465625 0.776997665625
0 0.1429347140625 0.890254425 0.1582091984375 0.8653908671874999 0.151352634375 0.8624374328125001 0.1369022015625 0.8860993640625001 0.1429347140625 0.890254425
0 0.09032173437499999 0.8115546359374999 0.06484223125000001 0.8547372125000001 0.06811325 0.872121821875 0.07063129375 0.8687608593749999 0.09914970625 0.8194043609375001 0.0983848 0.8153390828125 0.09032173437499999 0.8115546359374999
0 0.7227972890625 0.645656971875 0.6669157109375 0.60539776875 0.6195624468750001 0.6718578796875 0.72249763125 0.7445265625 0.736888921875 0.7261315390624999 0.7340934625 0.722436875 0.746454203125 0.7044124671875001 0.75952070625 0.6957202453125 0.7706158000000001 0.6821317328125 0.743307834375 0.6597841812499999 0.7678794843750001 0.6731701609375 0.7880982640624999 0.6410968421875001 0.7462531218749999 0.6140440515625001 0.7227972890625 0.645656971875
0 1 0.6013450609375 0.9852392359375 0.5893464765624999 0.9737616890625 0.6009023499999999 0.9828853750000001 0.5824175453125 0.9322714015625 0.5422481234375 0.905077775 0.5819018218750001 0.9553092937500001 0.620038603125 0.9618425453125001 0.6156924921875 0.9568982500000001 0.62290225625 0.9857951734375 0.64811345625 1 0.6322902421875 1 0.6013450609375
0 0.542756325 0.6543398109375 0.5459933796875001 0.654800209375 0.5480830734375 0.6491626875 0.516773146875 0.6222894625000001 0.488432159375 0.6558452406249999 0.49522957968750003 0.66406558125 0.43046088749999994 0.621223559375 0.4288127890625 0.6236268125 0.2119892640625 0.5875132843750001 0.208251471875 0.5955540593750001 0.20245158124999998 0.64286643125 0.1959183296875 0.6472125421875 0.17205244375 0.64315875 0.16516433749999998 0.6791062984375 0.167135746875 0.6840025890625 0.193032184375 0.6876857671875001 0.193355496875 0.6949853125 0.1969750046875 0.69747835 0.2726337671875 0.7088985015625 0.28393783125 0.6406082859375 0.2904710828125 0.6362621749999999 0.31027586406249996 0.6410572 0.31966371875 0.63513884375 0.3350249421875 0.6386424609375 0.34314715156250003 0.63716 0.4082706984375 0.6484005859375 0.47583485000000003 0.6949372734375 0.48116159999999997 0.6897601484375 0.5033793859375 0.6962171984375 0.5156809828125 0.6834596953125 0.52533300625 0.69010779375 0.550760246875 0.6633911625 0.549995340625 0.6593258843750001 0.542756325 0.6543398109375
0 1 0.45630786093750003 0.9510786515625 0.49151043593750005 1 0.5567120421875 1 0.45630786093750003
0 0.72757599375 0.436642753125 0.667566278125 0.547461803125 0.8024895546874999 0.62270181875 0.8616160781250001 0.5183513046875 0.8624992703125001 0.5118827703125 0.72757599375 0.436642753125
0 0.5036750984375 0.6698826671875 0.4968185359375 0.6669292328124999 0.5056465078125 0.6747789578125001 0.5036750984375 0.6698826671875
0 0.5524753796875 0.5106508859375001 0.5245168453125 0.5462393046875 0.5602703328125 0.5744039390625 0.5664211296875 0.5680251890625 0.5600061625 0.5618374875 0.5684516828125 0.5676545734375 0.5635073859374999 0.5748643359375001 0.5666852984374999 0.5805916390625 0.620536325 0.6212214578124999 0.61762258125 0.6280606078125001 0.6357201203125 0.640525790625 0.665326753125 0.6025341171874999 0.5745157390625 0.532908653125 0.5757813859375001 0.5284727578124999 0.5657469093749999 0.5197920218750001 0.5942613796875 0.54297058125 0.5983224828125 0.5422293515625001 0.671808753125 0.458384796875 0.6232844765625 0.41257785468749997 0.6103954 0.4054693578125 0.53526103125 0.49171716875 0.564982003125 0.5157267421875 0.5524753796875 0.5106508859375001
0 0.883281875 0.39350631406250003 0.9092098562500001 0.358288509375 0.925544959375 0.3111557015625 0.8021583718749999 0.2190929078125 0.7474478078125 0.2911007546875 0.7550692765625 0.2981194671875 0.75012498125 0.30532923125 0.788291471875 0.3351558890625 0.7952663203125 0.3275755125 0.815776865625 0.341702721875 0.8165417734375 0.34576799999999996 0.809566925 0.35334837812500003 0.8280469187499999 0.36784620156250003 0.8350217656250001 0.3602658234375 0.883281875 0.39350631406250003
0 0.779494890625 0 0.714296590625 0.031192253125000003 0.7077633375 0.0355383625 0.7097347484375 0.040434653125 0.706939290625 0.0367399890625 0.702878184375 0.0374812203125 0.6873986750000001 0.04451141875 0.673831434375 0.0617048140625 0.6621488609374999 0.05542733125 0.6486999015625 0.0620869140625 0.6429315578125 0.07049830625 0.6468743765625 0.08029088749999999 0.63424946875 0.0857488421875 0.5913397640625 0.15350036250000001 0.69071458125 0.21840910156249999 0.6988367890625 0.21692664218750002 0.72938575625 0.16719952968750001 0.735094959375 0.164055046875 0.740303421875 0.16941173437499998 0.748808084375 0.1699619140625 0.8216989859374999 0.211321478125 0.8913567765625 0.17968558437499998 0.8946529734374999 0.17487907656249999 0.9006263453125 0.18430104375 0.9083661 0.1807859453125 0.8786766703125 0.117875390625 0.9141383890625001 0.099839496875 0.9078417078125 0.083117984375 0.8622272296875 0.10300695 0.8609615843749999 0.1074428453125 0.858990175 0.1025465546875 0.9148165578125 0.07553760625 0.9013399984375001 0.0485631125 0.89220255625 0 0.8764892109375 0 0.8535214874999999 0.0120883546875 0.8478771093749999 0 0.779494890625 0
0 0.74992784375 0.1424257578125 0.7584916500000001 0.13770903125 0.75290073125 0.13031970312500002 0.7540480921875 0.136417621875 0.74992784375 0.1424257578125
0 0.751311775 0.1274560515625 0.7442501859374999 0.106669259375 0.7390417234375 0.1013125703125 0.7417188968749999 0.115541046875 0.751311775 0.1274560515625
0 0.48698710156249997 0 0.4868787109375 0.0001660640625 0.5593280140625 0.0447598953125 0.58887640625 0 0.48698710156249997 0