0 0.050894032812500004 0.05146189062499999 0.000670671875 0.0576373671875 0.00156018125 0.1340816859375 0.0108380671875 0.1383378703125 0.050894032812500004 0.05146189062499999
0 0.5795769234375 0 0.5664979953125 0.0263777125 0.556384865625 0.022299753125 0.5351733171874999 0.062158243749999995 0.602627665625 0.097500121875 0.6070911140625 0.09907988437500001 0.6086191546874999 0.0946348171875 0.6199185125 0.0996312140625 0.623758678125 0.1044804984375 0.6186116109375 0.113627740625 0.6426780359375 0.12663294687499999 0.672374203125 0.0708310625 0.662884359375 0.063483578125 0.6831911500000001 0.02480063125 0.673821975 0.0025381859375 0.669358525 0.0009584234375 0.6697491734375001 0 0.5795769234375 0
0 0.2757499984375 0.148336025 0.311176115625 0.15888014687500002 0.3530564671875 0.0355938203125 0.3384798875 0.029936096875000002 0.3369518484375 0.0343811625 0.2990125328125 0.02095318125 0.2701904625 0.024497150000000002 0.242998015625 0.1023413671875 0.2587608234375 0.108917525 0.2511206265625 0.131142859375 0.2746241015625 0.13996010781249998 0.2757499984375 0.148336025
0 0.7263579375 0.03758584375 0.6851210671875 0.11822125937500001 0.7264180062500001 0.14081503906249998 0.7296348874999999 0.148933846875 0.7244878234375001 0.1580810890625 0.7297353578125 0.173400271875 0.738219978125 0.157456875 0.756636721875 0.167963884375 0.768338225 0.160139296875 0.79413389375 0.1069456046875 0.8010301375 0.1029047578125 0.810238509375 0.1081582609375 0.8244934781250001 0.07979810000000001 0.8230861078125 0.06932820468749999 0.8007890640625 0.02204800625 0.74658419375 0.0457417625 0.7263579375 0.03758584375
0 0.859014575 0.20220444375 0.8316709328125 0.18853790937499998 0.7948975125 0.2707530890625 0.8641613749999999 0.3037438796875 0.893013121875 0.24166005625000003 0.8978183796874999 0.23787631562499997 0.9067452781249999 0.241035840625 0.9240563249999999 0.2037855453125 0.872927734375 0.179207784375 0.8681224750000001 0.182991525 0.859014575 0.20220444375
0 0.6623812124999999 0.27321149375 0.614529840625 0.249295059375 0.560505709375 0.36130305156250003 0.655022225 0.40821748593749996 0.68053641875 0.352929815625 0.6850602015625 0.3470520953125 0.6918961125 0.35046872812499996 0.6964198968749999 0.3445910109375 0.729513953125 0.27453548906249997 0.6760129 0.24812085625 0.6623812124999999 0.27321149375
0 0.0831170765625 0.46257465781249996 0.184188028125 0.5108117453125 0.240986765625 0.38781964062499996 0.1556786234375 0.3461587109375 0.12773163125 0.407066990625 0.1119688234375 0.40049083437500005 0.10925455312500001 0.40401746406249994 0.0831170765625 0.46257465781249996
0 0.7457187734375 0.41090124687499996 0.7447536828125 0.41953427187500003 0.8211349296874999 0.458035675 0.8253169015624999 0.457521459375 0.83046396875 0.4483742171875 0.8315898640625001 0.456750134375 0.8399538140624999 0.45572170156249997 0.855736821875 0.422916471875 0.8410999109375 0.42471622968749995 0.8678003359375 0.3703469953125 0.7848646546875 0.3305229375 0.7457187734375 0.41090124687499996
0 0.5612897953125 0.37504247031250004 0.640948259375 0.41420519999999994 0.6454720421875 0.4083274828125 0.641631878125 0.403478196875 0.5640644015625 0.3640583578125 0.5592591437500001 0.36784209687499997 0.5577311046875 0.3722871640625 0.5612897953125 0.37504247031250004
0 0.2947889609375 0.598320221875 0.33218566250000003 0.51283551875 0.328064021875 0.5058922546875 0.2760306734375 0.48249003593750006 0.269697378125 0.49071884375 0.2757492 0.48039605781250005 0.28021265 0.48197582031249997 0.2829269203125 0.47844918906249995 0.29113006406249997 0.46041181406250004 0.2557642828125 0.4424102109375 0.25067754999999997 0.4440999703125 0.2193930078125 0.5118044046875 0.22323317343750002 0.5166536921875 0.252667803125 0.5300631171875 0.258156678125 0.5155523718749999 0.26205717812499996 0.5129441765625 0.2341101890625 0.57385245625 0.23585936875 0.5789588515624999 0.2617353046875 0.5896129703125 0.256025290625 0.5945722546875001 0.24991313124999998 0.612352521875 0.27369807968750004 0.6232637484375 0.28314779218749997 0.598687328125 0.287892715625 0.60236106875 0.2947889609375 0.598320221875
0 0.0893297046875 0.46926081406250003 0.0768842484375 0.4952698875 0.12592185312499998 0.5201047578125 0.1414031875 0.5245869375 0.1517576546875 0.49883497187500003 0.0893297046875 0.46926081406250003
0 0.6170827765625 0.4501328421875 0.5439184125 0.41975024687499995 0.5049333375 0.517137496875 0.593579034375 0.552002271875 0.6182488046875 0.4904326640625 0.6045769859375001 0.48359939687500003 0.6170827765625 0.4501328421875
0 0.8353295624999999 0.43713299531249994 0.8326152921875 0.44065962656249996 0.834987753125 0.44249649687500003 0.8353295624999999 0.43713299531249994
0 0.0320185375 0.7228484328125 0.0525759546875 0.7334679625 0.1011112109375 0.6359707140624999 0.1329183 0.6512170109375 0.1404981640625 0.636449159375 0.135753240625 0.6327754171875 0.140277025 0.626897696875 0.14474047343750002 0.628477459375 0.150510825 0.6160606953125 0.11040011875 0.59438535 0.10378534531250001 0.600520178125 0.09286793125000001 0.6220841859374999 0.06880150625 0.6090789765625 0.077004653125 0.5910416015625 0.0303395109375 0.568043603125 0.0140538875 0.589203390625 0.0320185375 0.7228484328125
0 0.7690611796875 0.5133962296875 0.7330519125 0.5380455359375 0.740048628125 0.5584711125 0.7454168343750001 0.5588753296875 0.7913180890625 0.5287525234375 0.7792346421875 0.510016709375 0.7690611796875 0.5133962296875
0 1 0.48918114843750005 0.9904243796875001 0.48404876874999997 0.9853376484374999 0.485738528125 0.9428542156249999 0.5729129921875 0.9384511015625 0.563875746875 0.9185666515625 0.5503563234375 0.8974757734375001 0.5752998515625001 0.927131540625 0.5982607375 0.9471969937500001 0.5894077171875 0.9997932890625 0.61699789375 1 0.6169724765625 1 0.48918114843750005
0 0.21462735312499998 0.76888540625 0.2555827453125 0.6861560109375 0.1747380515625 0.64607484375 0.164001640625 0.64526640625 0.15242080625 0.63817603125 0.11785904375 0.7052191390625 0.135994315625 0.71363216875 0.1290377359375 0.7251304984375 0.1305054390625 0.7281429125 0.21462735312499998 0.76888540625
0 0.6882765546875 0.576544259375 0.6500957656249999 0.64828954375 0.69913336875 0.6731244125 0.6967005734375 0.6787450234375 0.7026317265625 0.6833372015625 0.7323478296875 0.6988406046875 0.7738661718750001 0.62029916875 0.6992944375000001 0.5794466765624999 0.6882765546875 0.576544259375
0 0.4821132140625 0.608279921875 0.4769058109375 0.62488464375 0.4654857828125 0.6348032109374999 0.44381175624999997 0.694940165625 0.5056767578125 0.720326365625 0.4986598421875 0.7392821781250001 0.5287177546875 0.7494220796875 0.543937815625 0.7124288937500001 0.54009765 0.7075796078125001 0.5231486109375 0.7000850125 0.548160190625 0.633151903125 0.4821132140625 0.608279921875
0 0.2918734859375 0.663600684375 0.287631175 0.6715723812500001 0.25871909375 0.7411136875000001 0.3024488265625 0.75808685625 0.33351223124999996 0.6808309609375 0.2960554609375 0.6630864671875 0.2918734859375 0.663600684375
0 0.8795815765624999 0.6477435734375 0.9065834109375001 0.6667736109375 0.927111340625 0.6376421234375 0.9022004953125 0.6183549796875 0.8795815765624999 0.6477435734375
0 0.325530225 0.708419796875 0.2883546625 0.803455959375 0.31004862499999997 0.8146242953125 0.41089843750000005 0.8533099234374999 0.448074 0.7582737609375 0.325530225 0.708419796875
0 1 0.682819646875 0.9811753421875 0.6682447140625001 0.915128096875 0.7540594109375001 0.9827432500000001 0.8064102312499999 1 0.7839886625 1 0.682819646875
0 0.9164953328125 0.7326054015625 0.9200540265624999 0.735360709375 0.9538114999999999 0.69395956875 0.9499713328125001 0.68911028125 0.9164953328125 0.7326054015625
0 0.6772180031249999 0.76309129375 0.647361028125 0.8018842390625001 0.7126037203125 0.8523981875000001 0.71678569375 0.8518839703125 0.76988486875 0.7804329109375 0.7399476265625 0.7553780453125001 0.6772180031249999 0.76309129375
0 0.420589221875 0.909590253125 0.4300790671875 0.9169377375 0.4429668015625 0.910031584375 0.44670649687499997 0.8904144468749999 0.4533816046875 0.8768221390625 0.4605593234375 0.87487526875 0.4687021359375 0.864295375 0.467294765625 0.8538254796875 0.4598355703125 0.8536783703124999 0.44588227500000005 0.8447511234375 0.43960931406250003 0.8455224484375 0.43508552968750003 0.8514001656250001 0.4122856078125 0.9031612062500001 0.4164072484375 0.9101044703125 0.420589221875 0.909590253125
0 1 0.8235233140625 0.9951685046875 0.81978254375 0.9435973703125 0.8867885390625 1 0.9288292203124999 1 0.8235233140625
0 0.7054357515625 0.9799306281250001 0.7209674046875 0.9620564328125001 0.7322667625 0.9670528296875001 0.7458381140625 0.9494196718750001 0.664048528125 0.87859014375 0.6539354000000001 0.8745121843750001 0.60751133125 0.9323709375 0.6691281171875 0.9843950234375001 0.7054357515625 0.9799306281250001