0 0.44625675156250005 0.1018586234375 0.47420103437499994 0.07386949375 0.4478336609375 0.0476857921875 0.4218965953125 0.075756678125 0.44625675156250005 0.1018586234375
0 0.090090925 0.359541565625 0.09090858125 0.3314519484375 0.10106147343750001 0.32784791874999997 0.1072368546875 0.253774584375 0.0401411078125 0.2460198015625 0.036984275 0.250913175 0.033808976562499995 0.29095944218750003 0.032932915624999996 0.321055459375 0.0368889453125 0.3232253703125 0.03400566875 0.3532396328125 0.0810292484375 0.3601768703125 0.090090925 0.359541565625
0 0.26873621875000003 0.470270015625 0.2894508296875 0.449017146875 0.2972460796875 0.457369771875 0.32105912187499996 0.4332299359375 0.32324155 0.4272924859375 0.26557636875 0.37171109375 0.25111702343750003 0.38518361875 0.20806793437499999 0.3452633953125 0.180123653125 0.373252525 0.18000684375 0.37726532968750004 0.22208152656250002 0.416141475 0.21886628749999998 0.423041246875 0.26873621875000003 0.470270015625
0 0.0387239671875 0.432778621875 0.0719306484375 0.4311179703125 0.0698834875 0.39788971875 0.0387424296875 0.39762572343749997 0.0387239671875 0.432778621875
0 0.592580478125 0.49450858750000004 0.5857596328125 0.48720004218749996 0.58271960625 0.48808061093750005 0.5546370359374999 0.4517831484375 0.5104014046875001 0.4871438484375 0.5490272328125 0.54094536875 0.536633509375 0.552493246875 0.538523915625 0.5565878046875 0.5973786609375 0.6403405671875 0.6619784765625 0.595765409375 0.592580478125 0.49450858750000004
0 0.6602817421875 0.5504987515625 0.675657090625 0.5400767046875 0.6525049562499999 0.506993228125 0.6456257078125 0.5016910859375 0.6343231984375 0.5102702421875 0.634206390625 0.51428304375 0.6602817421875 0.5504987515625
0 0.0442844171875 0.6559796796875 0.10857375312499999 0.6565894265625001 0.12371548437499999 0.6541929828125 0.12174519218749999 0.5838054328125 0.113833134375 0.5794656125000001 0.113150746875 0.568389528125 0.085049715625 0.567244965625 0.08446567499999999 0.587308975 0.031186828125 0.5881520796874999 0.030193959375000003 0.6222609015625 0.0331171796875 0.625393134375 0.04412766875 0.6268459859375 0.0442844171875 0.6559796796875
0 0.266636690625 0.64595275 0.230565196875 0.642474765625 0.21583531093750002 0.73427869375 0.28080703125 0.7459645234375001 0.280456609375 0.7580029296874999 0.3224329453125 0.7657389796875 0.3274801875 0.764940165625 0.3297210203125 0.756996315625 0.3372611734375 0.7050751484375 0.31426579062500004 0.70112536875 0.3093353546875 0.69791138125 0.3094521609375 0.6938985796875 0.3164082765625 0.6620414234374999 0.3284515765625 0.66253195 0.3358749234375 0.6146235859375 0.3309444890625 0.611409596875 0.2749760390625 0.6010948640625 0.266636690625 0.64595275
0 0.47412682500000003 0.870347740625 0.51571279375 0.8569756999999999 0.48809745624999995 0.8046270281250001 0.45070113125000005 0.8121433734375 0.46163475312499996 0.8507555234374999 0.46765640468749997 0.8510007890625 0.47412682500000003 0.870347740625
0 0.43692719062499996 0.9401442765624999 0.432190428125 0.8957581875 0.4211215359375 0.8963117374999999 0.4181983171875 0.8931795031249999 0.4120383796875 0.8286476468749999 0.40510072812500003 0.8253519046875001 0.32646885625 0.8342018843749999 0.3231952125 0.84310805625 0.334500740625 0.9379811953124999 0.40401253125 0.9317729218749999 0.407676540625 0.9439748390625 0.43692719062499996 0.9401442765624999
0 0.1784634828125 0.9135467265624999 0.17967150468749998 0.9065652 0.189765990625 0.9049675703125001 0.18890839375 0.8999106921875001 0.1920068234375 0.8970237203125 0.20313412187500002 0.8944637703125 0.20336773749999998 0.8864381640625 0.1914597078125 0.8467819375 0.12670314062500002 0.8622234015625001 0.1175246546875 0.8668715062500001 0.1303486875 0.9095782140625 0.10098122968750001 0.9174215796875 0.099890015625 0.920390303125 0.1188322328125 0.987451565625 0.2004286390625 0.9907750140625 0.1784634828125 0.9135467265624999
0 0.722477584375 0.9336958171875 0.7177223609375 0.924462625 0.6883549015625 0.9323059890625001 0.70381013125 0.9881769359374999 0.7332359953124999 0.9783271703124999 0.722477584375 0.9336958171875