0 1 0.1027229671875 0.9653729296875 0.12544875 0.9937992343750001 0.16826310625000002 0.9490593593750001 0.197764278125 0.983076771875 0.248530025 1 0.2583594640625 1 0.1027229671875
0 1 0.3038362265625 0.94964623125 0.2582963109375 0.9385220671875001 0.2711308453125 0.9332165531250001 0.2731371984375 0.8852080234375 0.228740853125 0.8299151734375 0.29099204843750004 0.9011292375 0.3564506515625 0.93820978125 0.31366886875 0.9644674390624999 0.33429590781249996 1 0.304496690625 1 0.3038362265625
0 0.9013474328125 0.0702133671875 0.9111173593749999 0.07694397187499999 0.9144974484375 0.0745872734375 0.914026684375 0.0715298828125 0.9013474328125 0.0702133671875
0 0.7427798953125 0.0978236453125 0.734136665625 0.0903074734375 0.721044703125 0.1146708859375 0.7211875015625 0.11964975625 0.7348082796875001 0.1270810578125 0.7326976843749999 0.1336310625 0.8208545609375 0.175426946875 0.8410770375000001 0.132549434375 0.8550257796875 0.1380592546875 0.8655363828124999 0.11718845625 0.855438490625 0.1123793296875 0.8535554359375 0.10014975781249999 0.7673239859375001 0.0587042203125 0.74968286875 0.0980891203125 0.7427798953125 0.0978236453125
0 0.775934190625 0.3455573265625 0.7843608875 0.27874076406250003 0.804271078125 0.2784012734375 0.8089049781250001 0.23962133749999998 0.7850011390625 0.2342812609375 0.7807799484375 0.2473812703125 0.7499731359374999 0.24177571874999998 0.749687540625 0.2318179765625 0.7039480859375 0.2264670421875 0.6897607921875 0.33284910624999997 0.775934190625 0.3455573265625
0 0.6332942015625 0.2740362390625 0.631939965625 0.29360138125 0.5653487921875 0.2824751515625 0.5571496359375 0.3305121375 0.557250059375 0.347370234375 0.6739023046875 0.3676054828125 0.6718027171875 0.2810431765625 0.6332942015625 0.2740362390625
0 0.5802453984375 0.067258590625 0.5803881953125 0.0722374640625 0.6336018140624999 0.09776936093750001 0.6429009765625 0.10144257500000001 0.645482334375 0.0979499625 0.6858739046875 0.1171864703125 0.722282834375 0.037631103124999996 0.6175111125 0.01757645625 0.6011818609375 0.049275440625 0.6082276296875 0.054519785937499995 0.6069157656249999 0.062205704687499995 0.589772103125 0.05215223125 0.5802453984375 0.067258590625
0 0.6303488421875 0.0644883875 0.6276246859375 0.063002128125 0.6259848546875 0.072609525 0.6303488421875 0.0644883875
0 0.623874259375 0.0791595296875 0.6195526453125 0.07540144374999999 0.617770015625 0.08002996875 0.622419596875 0.081866575 0.623874259375 0.0791595296875
0 0.4914749609375 0.0174264421875 0.4880948734375 0.019783140625 0.48489995312499995 0.015239487500000001 0.4590706875 0.0095490640625 0.45189780312499994 0.0399423890625 0.449088903125 0.0622145765625 0.4991499734375 0.0713235953125 0.5265186453124999 0.050548526562499994 0.5492957890625 0.05667417031250001 0.5526758765625 0.05431746875 0.5663233453125 0.009253003125000001 0.535073996875 0.00311296875 0.49596419531249997 0.0028854359375 0.4914749609375 0.0174264421875
0 0.4035706515625 0.26492523437500004 0.4084791390625 0.329215353125 0.412430415625 0.34677414375 0.4880775296875 0.3397366171875 0.48063005781249996 0.2670598875 0.4772923390625 0.25753736250000003 0.4035706515625 0.26492523437500004
0 0.42879269375 0.035738225 0.4338166046875 0.002523871875 0.353765703125 0.0020581484375 0.35097693125 0.0205884375 0.42879269375 0.035738225
0 0.1306936796875 0.380699540625 0.11594620468750001 0.3740538046875 0.0953957640625 0.418852796875 0.0993894125 0.4245323640625 0.13113775156250002 0.4362527 0.15201616093749998 0.3895322265625 0.132947071875 0.37912840625 0.1306936796875 0.380699540625
0 0.184681 0.099293096875 0.135603828125 0.0844196375 0.1331652671875 0.09289112187500001 0.12321017187500001 0.0930608671875 0.1118584671875 0.1246749765625 0.1135987234375 0.13192567500000002 0.171975059375 0.1504723484375 0.189002615625 0.1030511828125 0.184681 0.099293096875
0 0.095105496875 0.2751661984375 0.0896148140625 0.2840729015625 0.0841665015625 0.2811003828125 0.0807864140625 0.28345708125 0.0610770734375 0.3175127625 0.063145296875 0.32284198124999997 0.0974326234375 0.3429489296875 0.1250712078125 0.291515059375 0.095105496875 0.2751661984375