0 0 0.661251790625 0.02582665 0.6319939171875 0 0.608978834375 0 0.661251790625
0 0.10957461718749999 0.23115803437500002 0.08579494531250001 0.2026014875 0.010162971875 0.2635750921875 0.0042317953125 0.36550264062500004 0.00887261875 0.35861839687499997 0.014848335937500002 0.3652282765625 0.13821086093749999 0.267339846875 0.11243928593750001 0.23658000625 0.13347747968749998 0.257597553125 0.15237971875 0.2424530515625 0.1515069546875 0.23923437500000003 0.1534988625 0.24143766875 0.1701628140625 0.2283239359375 0.170532384375 0.22197284375 0.1496173796875 0.198838265625 0.142029759375 0.2017118921875 0.1328302359375 0.2140690296875 0.133579809375 0.21940473593749998 0.1295959984375 0.2149981515625 0.10957461718749999 0.23115803437500002
0 0.0393169703125 0.50946491875 0.0475414015625 0.5320819218749999 0.074534453125 0.5236335640625 0.07128978281250001 0.5065247953124999 0.057212828125000004 0.4751808796875 0.0508675390625 0.4749220921875 0.032211682812499996 0.48583253125 0.035949112500000005 0.4944731796875 0.042048017187499995 0.498966028125 0.0393169703125 0.50946491875
0 0.14070793125 0.497684653125 0.1352354078125 0.5006445421875 0.140831121875 0.4955676234375 0.15116021875000002 0.5002329953125 0.17279350468750002 0.4745896015625 0.1312203078125 0.442124278125 0.0913111640625 0.49036490937500005 0.120563359375 0.51596156875 0.1259126953125 0.5151187078125 0.0781695515625 0.5704670296875001 0.1377930859375 0.6206449609375 0.1983395625 0.5456592921875 0.14070793125 0.497684653125
0 0.08714552812500001 0.816991484375 0.103224821875 0.8685765828124999 0.0982554890625 0.8811062421875 0.1173226390625 0.9359962828124999 0.184245690625 0.9153830781250001 0.18984140625 0.9103061578125 0.173885303125 0.8566040265625 0.170897446875 0.8532990874999999 0.1592028265625 0.853883159375 0.142250771875 0.7990793828125 0.08714552812500001 0.816991484375
0 0.29173809375 0.05184658125 0.139031471875 0.1803690609375 0.179619146875 0.2297706328125 0.33232576875 0.10124815312499999 0.29173809375 0.05184658125
0 0.2961873203125 0.43081485312499995 0.20407735312500003 0.3559693828125 0.150492115625 0.4206286859375 0.24247889531250003 0.49759118437499994 0.295940940625 0.4350489140625 0.2961873203125 0.43081485312499995
0 0.14094585625 0.6939844421875 0.1703212421875 0.71746406875 0.1930736703125 0.6908052921875 0.2621535390625 0.742429921875 0.2663837296875 0.742602446875 0.3136236796875 0.67768435625 0.24354785781250002 0.6249580828125 0.19755024062499998 0.6867437562500001 0.17140909531249998 0.66233500625 0.16717890156249998 0.66216248125 0.14094585625 0.6939844421875
0 0.1998551625 0 0.2139618921875 0.0221488578125 0.22416779843749998 0.028931260937499998 0.24658194843749998 0.06273725625 0.276429234375 0.041672975 0.2667160875 0.026422448437500003 0.2822608984375 0.014324100000000001 0.2817577078125 0.0047543296875 0.2891033796875 0 0.1998551625 0
0 0.35297550625 0.31111275 0.314636546875 0.277718303125 0.3033219265625 0.289989175 0.2730737796875 0.263290871875 0.23440697031250002 0.3083990859375 0.2301767796875 0.3082265609375 0.2242010640625 0.3016166828125 0.2187285390625 0.3045765734375 0.21400558749999998 0.31287217031250003 0.2178662078125 0.31939578750000003 0.2133896359375 0.323457325 0.23654292500000001 0.3445611359375 0.24636883125 0.3396567390625 0.2589257828125 0.32425345 0.263032784375 0.32654300625 0.2678893578125 0.3341682703125 0.2611745 0.340260575 0.26092811875 0.3444946375 0.3246586546875 0.3969621234375 0.38732022499999996 0.32206271875 0.35595293125 0.2963797984375 0.3481189328125 0.30348748593749997 0.35297550625 0.31111275
0 0.30972782187500003 0.1799035765625 0.29989148593750004 0.1667700796875 0.2956612953125 0.16659755468749998 0.255752153125 0.2148381859375 0.29931725781249996 0.249506803125 0.3391032078125 0.2033832046875 0.30972782187500003 0.1799035765625
0 0.38851720625 0 0.3480856671875 0.030802065625000003 0.3255796203125 0.0532267796875 0.306800571875 0.06625425 0.32958429218749996 0.09370915156250001 0.342890815625 0.083641571875 0.34712100625 0.083814096875 0.3484865296875 0.0785646515625 0.36738876875000004 0.06342015 0.37149577031250003 0.06570970625 0.38032572187499997 0.059703664062499995 0.45716955156249994 0 0.38851720625 0
0 0.4824369375 0.21771717031249999 0.4167144953125 0.1630463890625 0.41248430625 0.16287386406249998 0.33602345 0.256308971875 0.40386098593749997 0.31106601718750004 0.4824369375 0.21771717031249999
0 0.42652251874999997 0.9921088671874999 0.3720987546875 0.8933357375 0.3075476078125 0.9278390359375001 0.3393653828125 0.9885542359375 0.42652251874999997 0.9921088671874999
0 0.4960323015625 0 0.4370532984375 0.050345948437499996 0.5271713609375 0.12298812343750001 0.5476855046875 0.098360115625 0.570089221875 0.11412821875000001 0.641950315625 0.026871676562500002 0.6090074953125 0 0.5354115203124999 0 0.5319549218749999 0.004348140625 0.5270286468750001 0 0.4960323015625 0
0 0.6351599109375 0.7629478109375001 0.5686566078124999 0.64882764375 0.4972674140625 0.6915402765625001 0.5636475265625001 0.8077774765625 0.6316792921875 0.7681109953124999 0.6351599109375 0.7629478109375001
0 0.534017371875 0.9937184484375001 0.665881846875 0.9921840671875 0.6714880765625 0.9766349234374999 0.553894634375 0.9389471203124999 0.55053720625 0.9419932734375 0.534017371875 0.9937184484375001
0 0.7391274359375 0.68867200625 0.7388810546875 0.6929060671875 0.6561062062499999 0.8401960671875001 0.643785203125 0.8333273999999999 0.6534774875 0.8125021421874999 0.6401605328125 0.8045318296874999 0.6348112 0.8053746875 0.6218846765625 0.82712906875 0.6034647703125 0.8157675531249999 0.5689153921875 0.88120321875 0.5946765390625 0.893925165625 0.6178193984375 0.8969910828125001 0.79702828125 0.9870601109375 0.8195343296875001 0.9646353968750001 0.8523903328125 0.982951840625 0.8605939062499999 0.9694930609375 0.8526262843750001 0.9606798875000001 0.8617026187500001 0.9504397828125001 0.875265953125 0.9541760359374999 0.9486261890625001 0.8775909078125 0.9338100921875 0.8589491796875001 0.88961860625 0.816827821875 0.8751929390625 0.8279107874999999 0.8603977031250001 0.8453448421875001 0.8327678390625 0.8283025687500001 0.8469366968750001 0.803415775 0.8408377921874999 0.7989229250000001 0.8588672671875001 0.7805597468750001 0.8684363609375 0.7618515203125 0.861341503125 0.756257025 0.854626646875 0.7623493296875 0.8476549765625 0.75463780625 0.93515278125 0.5990522046875 0.9291770640625 0.5924423265625001 0.9294234453125 0.5882082640624999 0.9361383046875 0.582115959375 0.6843689328125 0.4455854875 0.6192435546875 0.562825509375 0.615886128125 0.5658716593750001 0.60966403125 0.56349584375 0.585022028125 0.5497585093749999 0.5648878859375001 0.5860733171875 0.7393633875 0.6664000515625 0.733151721875 0.6820621250000001 0.7391274359375 0.68867200625
0 0.9976728953125 0.3883592828125 0.818522025 0.28978062968749996 0.8142918343750001 0.2896081046875 0.8106880249999999 0.2968883203125 0.8052155000000001 0.2998482078125 0.8001125468750001 0.2964570078125 0.8025972140625001 0.2901921765625 0.7994861671875 0.28900426874999996 0.7488992171875 0.3750064046875 0.7342167390625 0.3722855359375 0.7032711703125 0.4304409859375 0.9488184453124999 0.5645956421875 0.9938096812499999 0.48367042812500005 0.9971076953125 0.4855089921875 0.9976728953125 0.3883592828125
0 0.9405040874999999 0.8167810890625 0.9170020875 0.83810415625 0.9300726625 0.8503085312499999 0.9535746625 0.8289854625 0.9405040874999999 0.8167810890625
0 0.93051524375 0.9702226875 0.9302688640625 0.9744567500000001 0.9411011531250001 0.9886918937500001 0.9413882890625 0.9889782593750001 0.9686644531249999 0.9886608718750001 0.9721997765625 0.9279061921875 0.93051524375 0.9702226875