0 0.8867595906249999 0.12197332812499999 0.8364700468749999 0.1177691265625 0.8332751078125 0.1282156515625 0.8321991015625001 0.11732050624999998 0.8063615437499999 0.116762953125 0.8072091203125 0.108226284375 0.8242928968750001 0.11002076406250001 0.8301613109374999 0.105246121875 0.8320683546875 0.0860386171875 0.8274713031250001 0.07800825781250001 0.8056927953124999 0.08003349062500001 0.8022694250000001 0.071048203125 0.7070372875000001 0.073983565625 0.7045922421874999 0.08774349687500001 0.7065654234375 0.15479991875000002 0.7203400453125 0.1573250171875 0.7722270578125 0.15630595625000002 0.7751124265625 0.15984367187499998 0.773857596875 0.1942146578125 0.7769548578125 0.1956182046875 0.8333247109374999 0.192913596875 0.8826524625 0.195938559375 0.8867595906249999 0.12197332812499999
0 0.5444829578125 0.27686415468750003 0.6240168953125 0.2690452171875 0.6071104171874999 0.0807386421875 0.5211700640625 0.0878846515625 0.535191175 0.272653509375 0.5444829578125 0.27686415468750003
0 0.9378005546875 0.2707368984375 0.88741333125 0.278382771875 0.889891446875 0.30775480312500003 0.8929887078125001 0.3091583515625 0.9455114015625 0.3017367890625 0.947320765625 0.29437935937500004 0.9430332874999999 0.2723647578125 0.9378005546875 0.2707368984375
0 0.8200730796875 0.315516053125 0.7913501546874999 0.311420784375 0.7880740671875001 0.35528336718750003 0.81679699375 0.359378634375 0.8200730796875 0.315516053125
0 0.8096572171875 0.37695828124999997 0.792149653125 0.379432134375 0.78994956875 0.43418986249999997 0.8093807125 0.43407448593750003 0.8108805015625 0.44070129687500004 0.8578608890625 0.44563611718749996 0.8677883546875 0.4434442609375 0.8702334 0.42968432968750003 0.8708856171875 0.44484781093750003 0.916904215625 0.44860339062500004 0.9214351296875 0.370369825 0.8765902140625 0.3656593140625 0.8731833796874999 0.3782400078125 0.8723192703124999 0.3652106953125 0.8123141546875001 0.36106418281249997 0.8096572171875 0.37695828124999997
0 0.6166848109374999 0.5928169390625 0.7023967359375 0.566239115625 0.646416078125 0.3802974625 0.5731908781249999 0.40063940468750003 0.560704153125 0.40687528593750005 0.6166848109374999 0.5928169390625
0 0.9633150578125 0.5462046390624999 0.9665746093750001 0.48077607499999997 0.9537617781250001 0.479430215625 0.9163016015625001 0.49813785624999996 0.913987303125 0.5431796765625 0.917084565625 0.544583225 0.9633150578125 0.5462046390624999
0 1 0.5527175375 0.91046625625 0.5460444625 0.9037998703125 0.62405371875 0.917574490625 0.6265788156250001 0.992660959375 0.630955440625 1 0.5570375734375 1 0.5527175375
0 0.736842321875 0.653957834375 0.73182148125 0.650195809375 0.6518802906250001 0.6838490640625 0.7221570390625 0.85619740625 0.8007126515625 0.8256332484375 0.8044455953125 0.8206342953125001 0.743900953125 0.6697942453125 0.736842321875 0.653957834375
0 0.5839855046875 0.6939687906249999 0.5676185546875 0.6523557546875 0.4878892578125 0.6838748406249999 0.5042562078125 0.725487878125 0.5839855046875 0.6939687906249999
0 0.2922418515625 0.7528156515625 0.27152281093749997 0.7441700499999999 0.26417114062499997 0.7638838640625 0.255955359375 0.7705683640625 0.24485421093749998 0.7737151484375 0.24112126875 0.7787141 0.26893200781250004 0.846328075 0.2925364171875 0.8585113921874999 0.31046776875000004 0.851769203125 0.31323892343750004 0.8455910140625 0.32156891718749997 0.8486224203124999 0.33522932499999997 0.8414316109375 0.341097740625 0.8366569687500001 0.3472757296875 0.8178980828125001 0.3185031984375 0.7491048703125001 0.31230867500000004 0.7462977734375 0.2922418515625 0.7528156515625
0 0.530045690625 0.8025934515625 0.57968454375 0.9328801359375 0.6004366531249999 0.9846577 0.6035339125 0.9860612484375 0.6474005046875 0.9680265390624999 0.5741241765625 0.7824245734375 0.5337786343750001 0.7975944968750001 0.530045690625 0.8025934515625
0 0.157789778125 0.8465140296874999 0.22129940625 0.826229775 0.19935708125 0.7538411578125 0.13371197968749998 0.7739011015624999 0.1512691484375 0.83612519375 0.157789778125 0.8465140296874999
0 0.513251 1 0.5261354500000001 0.9941044968750001 0.5070950265625 0.9468195765624999 0.543169621875 0.93120103125 0.5107618296875 0.8555566984375 0.4444810484375 0.8820191421875 0.44919231249999997 0.8997654109375001 0.454001259375 0.905661603125 0.46958524687500003 0.9008292734375001 0.472584828125 0.9140828953125 0.43458664999999996 0.9273429609375 0.4277399125 0.909372384375 0.34993419375 0.94324995 0.3683072 0.9883083390625 0.44096210312500006 0.9959400109375001 0.4429662484375 0.9950723140625 0.44819898281250004 0.9967001734375 0.479613940625 1 0.513251 1
0 0.08430460625 0.945538159375 0.094232071875 0.943346303125 0.096693653125 0.9511523531250001 0.10171449218749999 0.9549143796875 0.135441725 0.9412056906249999 0.144066415625 0.9647540859375001 0.1740717921875 0.9679058515625 0.1906544265625 0.96102199375 0.1701142109375 0.9071102609375 0.16722884531249999 0.903572546875 0.161784215625 0.9040788546874999 0.15472558593750002 0.8882424437499999 0.13953231875 0.8456744781250001 0.1329140078125 0.8471357156250001 0.12339379531250001 0.8234932546874999 0.0896665625 0.8372019406250001 0.09382329375000001 0.8279346546875 0.09114981875 0.822262771875 0.0593461640625 0.8383299375 0.061807745312499995 0.8461359875 0.0504947015625 0.8514169375 0.050070915625000004 0.8556852718749999 0.08430460625 0.945538159375
0 0.42644283125 0.2798060234375 0.45043501875 0.2789125421875 0.447936740625 0.2524819125 0.42418950312500003 0.2542550671875 0.42644283125 0.2798060234375