0 0.8921323515624999 1 0.859385496875 0.8715203546874999 0.9540642953124999 0.8486679390624999 0.9366844796875 0.77744439375 0.8460084984374999 0.8006933875 0.8360014546875 0.7997019453124999 0.76399165 0.8167421140625001 0.76166349375 0.8205405359375 0.7558226390625 0.8179473156249999 0.7186536593749999 0.828366609375 0.7109338453125 0.79939820625 0.6871824578125 0.8061104859375 0.7041333765625 0.870240646875 0.7090552140625 0.8717355437500001 0.7358904 0.86432151875 0.7384840796875001 0.8696148375 0.7389129765625 0.876708221875 0.726148878125 0.8724218171875 0.733541946875 0.9053869296875 0.7362989984375 0.9086818937500001 0.74463138125 0.9054783375 0.7472250625 0.91077165625 0.769897846875 1 0.8921323515624999 1
0 0.3060163296875 0.8287829421874999 0.2970916765625 0.8268914671875001 0.2954170125 0.8226964703125 0.283408559375 0.8215067421875 0.207620534375 0.8230635312500001 0.19504076875 0.9769368281249999 0.348019515625 0.9920930875 0.3149616125 0.89211995 0.30993762812500003 0.879534959375 0.3040967734375 0.8769417390625 0.3072417984375 0.8631515453124999 0.3060163296875 0.8287829421874999
0 0.9312315953124999 0.7577660171875 0.9339886484375001 0.76106098125 0.9390738578125 0.7605575250000001 0.9347442921875 0.7641576578125 0.9720098234375 0.9129718078125 0.9879766703125 0.7176683890625 0.9251864421875 0.7329926125 0.9312315953124999 0.7577660171875
0 0.3272555578125 0.766421903125 0.324661878125 0.761128584375 0.3146548328125 0.76013714375 0.2953963859375 0.7612509390625 0.2940281734375 0.790326221875 0.227654925 0.7877794203125 0.22628671093750002 0.81685470625 0.2472198203125 0.8199359093749999 0.325928271875 0.8196757296875001 0.3272555578125 0.766421903125
0 0.475890553125 0.700566184375 0.4735623953125 0.7043646046875 0.48052656718750003 0.7302363328125 0.6095560671875 0.7067581078125 0.6128032421875 0.7040580078125 0.6075749578125 0.6692928296875 0.5997326953125001 0.666501321875 0.587274715625 0.596772675 0.582842996875 0.5892827125 0.45473251562500006 0.6138592593750001 0.47004969843750005 0.6979729671875 0.475890553125 0.700566184375
0 0.44860583906249996 0.6394412921875 0.4555087875 0.67840146875 0.4602672484375 0.681894721875 0.46384117187499996 0.6751979125 0.4569382234375 0.6362377375 0.454017796875 0.6349411265625 0.44860583906249996 0.6394412921875
0 0.77824541875 0.4696387640625 0.7070524828125 0.4766871609375 0.6908166125 0.4901876578125 0.7093403734375 0.6461352437500001 0.7977903468750001 0.6377747671875 0.77824541875 0.4696387640625
0 1 0.39540015624999997 0.9680522093749999 0.393760328125 0.9645804390625001 0.41154723125 0.9394811359374999 0.41006780468750004 0.9304955874999999 0.519977303125 0.9327625218750001 0.5292673328124999 0.98696394375 0.53262275625 0.9896800703125 0.5117391796875 1 0.51276161875 1 0.39540015624999997
0 0.5739998671875 0.5370358000000001 0.6077177015624999 0.6058489421875 0.6191338875 0.6019436406249999 0.6207063984375 0.59504854375 0.6422930015625 0.5901363296875 0.6313872359375 0.550779575 0.6335110937499999 0.5248009671875 0.630590665625 0.5235043562499999 0.5739998671875 0.5370358000000001
0 0.5373000484375 0.3813019734375 0.55819223125 0.360204634375 0.547654140625 0.341029715625 0.5479808859374999 0.33703300468749997 0.552147078125 0.3354312265625 0.550635790625 0.329237875 0.5225342093750001 0.27810475625 0.515284215625 0.2804082796875 0.50074330625 0.2608367828125 0.497332759375 0.2655352359375 0.5010088296874999 0.269928521875 0.48509970625000004 0.2794323109375 0.47358137187500005 0.27224751875000003 0.37320479687499997 0.32777535156250004 0.405738090625 0.38639843125 0.43106199062500006 0.372791053125 0.4378218609375 0.37648259375 0.43641272343750004 0.3813793359375 0.41108882500000005 0.394986715625 0.40432895156250004 0.3912951734375 0.3664449234375 0.3240838109375 0.31054854375 0.353800378125 0.3195753484375 0.36678194531249997 0.30675002500000004 0.3755839890625 0.367711646875 0.48134347968749996 0.4351875859375 0.4457232578125 0.4307558703125 0.4382332953125 0.4761550828125 0.4135203515625 0.473888153125 0.4042303234375 0.47713532656249996 0.401530225 0.48130151874999993 0.3999284453125 0.4868156234375 0.406518375 0.49081844218750004 0.4069149515625 0.5373000484375 0.3813019734375
0 0.7703618984375 0.3439561890625 0.781614709375 0.3420492453125 0.7911718999999999 0.17578924375 0.7802458359375 0.17369948125 0.702946525 0.1690629171875 0.6915512984375 0.3331262765625 0.69430835 0.3364212390625 0.7703618984375 0.3439561890625
0 0.51608045625 0.20897097343749998 0.5750406703125 0.3145321765625 0.5941357453125 0.3154167359375 0.5989960265625001 0.2312875578125 0.603488965625 0.22568907187499998 0.5998128953124999 0.2212957859375 0.6035704875000001 0.1753336328125 0.5974641093749999 0.1636486734375 0.51608045625 0.20897097343749998