0 0.8985133234375 0.44726399531250005 0.905428915625 0.44796694062500003 0.9337029859375001 0.4379537625 0.9272845843749999 0.42049205 0.9280680453124999 0.4135678125 0.9866411453125 0.39542821250000004 0.9943847421875001 0.39073716875 0.9919784578125 0.3080720828125 0.988726315625 0.29786604843750003 0.9817534671875 0.2951962 0.7690485671875 0.3649060875 0.7642151875 0.36805680937499996 0.7813881828125 0.41658827499999995 0.7805474640625001 0.421545609375 0.7592100453125 0.3653068140625 0.6617408921875 0.4007845578125 0.660900175 0.40574189374999997 0.691922453125 0.49014015781250003 0.7893916062499999 0.454662415625 0.8031655390625 0.45410139843749997 0.8870325234375 0.42508538749999997 0.8909679328125 0.424925096875 0.8940626249999999 0.429722140625 0.8985133234375 0.44726399531250005
0 0.8905974343749999 0.6829102453125 0.976432125 0.6538140890624999 0.9850472484375 0.6790632734375001 0.9960419249999999 0.6745174406250001 0.9967708109375 0.5492327328125 0.872107590625 0.5891399625 0.862383578125 0.593474496875 0.861542859375 0.598431834375 0.8854205296875 0.674259534375 0.8905974343749999 0.6829102453125
0 0.8880757593749999 0 0.8610061625000001 0.0047287140625 0.8602799546875 0.013619859375000001 0.8515111640624999 0.0169308703125 0.8506704484375 0.021888204687500003 0.8598581171875 0.06680644062499999 0.86289555625 0.06963658125 0.897187246875 0.0633167765625 0.889373684375 0.0656042625 0.8896599546875 0.0754387890625 0.9257235749999999 0.2315088734375 0.9260671015625 0.243310303125 0.96817235625 0.23470301249999997 0.97086626875 0.2257317203125 0.9642188484374999 0.2004023921875 0.9856918359375 0.1936200765625 0.976504165625 0.1487018421875 0.97335221875 0.141937890625 0.9400730093749999 0.14920107656249998 0.934609828125 0.130715840625 0.9678317875 0.12148575156250001 0.9564473984375 0.06878004062500001 0.95144225625 0.0660300453125 0.928001565625 0.0728925046875 0.92484961875 0.0661285546875 0.9255185718750001 0.055270503125 0.9568873343750001 0.05005436875 0.9617207140625 0.0469036484375 0.9529680015625001 0 0.8880757593749999 0
0 0.8855922921875001 0.68016025 0.8545127593749999 0.5937950796875 0.7569863531250001 0.6273059171875001 0.7542351843749999 0.634310303125 0.7852574640625 0.71870856875 0.8855922921875001 0.68016025
0 0.5494158875 0.19662046093750002 0.5299106078125 0.2033226296875 0.525077228125 0.20647335 0.5242365109375 0.2114306859375 0.51827614375 0.20970421562500002 0.5115323140625 0.2149019875 0.5315709843749999 0.260362875 0.5695118124999999 0.24404825625 0.5494158875 0.19662046093750002
0 0.44612793125000005 0.99737065625 0.3894777375 0.8608599781249999 0.315506528125 0.8914421703125001 0.3167480234375 0.9002531687499999 0.30595427656249996 0.9016774218749999 0.30511356093750003 0.9066347562500001 0.3347225796875 0.97632130625 0.33776001718750004 0.979151446875 0.3484965109375 0.975760290625 0.347598540625 0.9787507203124999 0.338829753125 0.98206173125 0.3441211671875 0.9946462515625001 0.355812884375 0.9902315703125 0.3589519375 0.99787783125 0.44612793125000005 0.99737065625
0 0.34840575937499996 0.9979391874999999 0.3570643078125 0.9978888140625 0.35592739375 0.99416538125 0.34840575937499996 0.9979391874999999
0 0.23154904843750002 0.748153621875 0.239419865625 0.747833040625 0.2658769390625 0.8107556406249999 0.310618853125 0.7912101546875 0.303130715625 0.770838159375 0.3361809109375 0.7557073562500001 0.30567392031249996 0.6890112359375 0.239516275 0.7173059390625001 0.23474015 0.7224235671875 0.23154904843750002 0.748153621875
0 0.33697655625 0.9860756859375 0.329545675 0.9676705968749999 0.31009764687499997 0.9763396703125 0.30919967656249997 0.9793300984375 0.31854100937499996 0.9956881390625 0.33697655625 0.9860756859375
0 0.213920884375 0.9987215968750001 0.294972171875 0.9982500546875 0.2627792875 0.9073744265625001 0.1925717234375 0.9318956093749999 0.191731009375 0.9368529484374999 0.213920884375 0.9987215968750001
0 0.25984713125000003 0.5697696953125 0.2313651015625 0.5049603359375 0.16908561093750002 0.53112784375 0.16824489375 0.5360851796875 0.1966696703125 0.5989276343750001 0.25984713125000003 0.5697696953125
0 0.138915878125 0.0361089203125 0.1577076125 0.0107280640625 0.10681870625 0.0128007859375 0.138915878125 0.0361089203125
0 0 0.41042598124999996 0.0020446078125 0.40993106875 0.0087884375 0.4047332953125 0.05118292343750001 0.3045447 0.00462696875 0.2956101375 0.0600089640625 0.3032005953125 0.0678797828125 0.3028800140625 0.0697329796875 0.29886605781250003 0.07615138125000001 0.31632776875 0.15917765 0.2922690921875 0.12819452656250002 0.1753768203125 0.1289779890625 0.1684525796875 0.13319966875 0.1781268140625 0.1400580078125 0.17686285468750002 0.1311566109375 0.1417791421875 0.12811917343749998 0.138949003125 0.085115946875 0.1505467234375 0.090865396875 0.1788664859375 0.051797578125 0.1903039140625 0.053897890625 0.2286184921875 0.0517011703125 0.2208310171875 0.0349470546875 0.2205287984375 0.0316414421875 0.24232504531250001 0.0033854703125000005 0.2867991359375 0 0.2952885890625 0 0.41042598124999996
0 0.013188150000000001 0.8604324796875 0.0162828421875 0.8652295249999999 0.05156434375 0.9996661609374999 0.095845065625 0.9994085421875001 0.0795145984375 0.9394543203125 0.08068074374999999 0.911837503125 0.07403332343749999 0.8865081734375 0.0700406609375 0.884701559375 0.0611392640625 0.849617846875 0.057146600000000006 0.8478112328125 0.13044885625 0.8280870921875 0.1332572765625 0.8230496125 0.0809367328125 0.6499185453125 0.0778992953125 0.6470884046875 0.013365828125000001 0.663501534375 0.0016861640625 0.6683303015625001 0.0072982484375 0.861126815625 0.013188150000000001 0.8604324796875
0 0 0.23113997031250003 0.0413865125 0.171035590625 0.0071339765625 0.14486138906249998 0.0260094609375 0.116523265625 0.0219022890625 0.11078284062499999 0.028875134375 0.113452690625 0.06115996875 0.1397070359375 0.0650953765625 0.139546746875 0.1040305859375 0.08971459375 0.0988536796875 0.08106388437499999 0.05054094218750001 0.045616173437500004 0.0258195984375 0.0761616375 0.0437398578125 0.0488470390625 0.032602582812499996 0.0384698609375 0.025858753125 0.04366763125 0.00035394687500000003 0.0811373359375 0 0.08089175937500001 0 0.23113997031250003
0 0.05762238125 0.2550514921875 0.056094612499999995 0.236405965625 0.0566671578125 0.25607501875 0.06770802031249999 0.2969793 0.06849148125 0.290055059375 0.05762238125 0.2550514921875