0 0.3911827671875 0.0193607921875 0.4428744203125 0.0423418453125 0.44714536562499996 0.042815298437499996 0.450878309375 0.03783823125 0.451302096875 0.0335725078125 0.44724304375 0.030966190625 0.4505522 0.03025485 0.5434700390625 0.0729004640625 0.5725671515624999 0.0082009296875 0.52620389375 0.0030613640625 0.3951571296875 0.0022989562500000003 0.39362781406249997 0.0056155499999999995 0.3911827671875 0.0193607921875
0 0.791706278125 0.0842458765625 0.7888209109375001 0.0806914953125 0.7144866390625 0.0465750046875 0.709156225 0.0567658625 0.696767178125 0.05107978125 0.69324613125 0.053923984375 0.6754455265625 0.0918432140625 0.6675393203125 0.084497721875 0.619906715625 0.064122984375 0.6066866296875 0.0885336984375 0.59643305625 0.08308434375 0.5907765359375 0.08569182187499999 0.5776706640625 0.11981877968750002 0.5921951812499999 0.1257415875 0.6049914796875 0.105596596875 0.642158615625 0.12265484062500001 0.65123850625 0.1290522640625 0.65081471875 0.1333179890625 0.635573375 0.1672082203125 0.7161021671875 0.2041677515625 0.7422162343750001 0.147762940625 0.7738079953125 0.1340142125 0.790858703125 0.0927773265625 0.791706278125 0.0842458765625
0 0.8381486640625001 0.0840033359375 0.8236241468750001 0.078080528125 0.820103096875 0.08092473125 0.8059542890625 0.147281346875 0.8535868921875001 0.1676560859375 0.8769463375000001 0.138978484375 0.8814291750000001 0.137319075 0.8351506078125001 0.2119739015625 0.8345149265625 0.2183724890625 0.9333177156250001 0.2778431078125 0.9839649078124999 0.19181262968749999 0.8911447499999999 0.1373179109375 0.8970131640625001 0.13257757187500002 0.8999962109374999 0.1242828484375 0.8854716921874999 0.1183600421875 0.8935732609375 0.10200732187499999 0.8908997859375001 0.096320078125 0.85352075625 0.0813946953125 0.8381486640625001 0.0840033359375
0 0.12100572968750001 0.076742746875 0.0453905515625 0.0446536046875 0.0331776640625 0.16758502343749998 0.045808875 0.1708335484375 0.052101078125 0.16182748593750002 0.07234672812500001 0.1101630140625 0.0799268265625 0.109925125 0.09423945 0.11798079531250001 0.1027813390625 0.1189277 0.12100572968750001 0.076742746875
0 0.14167669375 0.16205374374999998 0.13527027656249999 0.16134356562500002 0.10509716250000001 0.21514206093750002 0.13254872499999998 0.2322014703125 0.1629337359375 0.1762701109375 0.14167669375 0.16205374374999998
0 0.1137547921875 0.3670464 0.15978992187500002 0.39263492968749997 0.26437693125 0.19829728124999998 0.2183417984375 0.17270875000000002 0.1137547921875 0.3670464
0 0.290884765625 0.376978434375 0.3437501015625 0.39901142031250003 0.38574119218749997 0.3023177921875 0.3854150828125 0.2947344125 0.3027508171875 0.257538153125 0.2951707171875 0.25777604374999996 0.285683575 0.27720969218749997 0.2678499015625 0.27199822500000004 0.2343841671875 0.3480734109375 0.23705763906250002 0.3537606546875 0.24421395 0.357788490625 0.2305700796875 0.3864649296875 0.27510542031249996 0.40541814687500005 0.290884765625 0.376978434375
0 0.9269143515625 0.5596153140625 0.9236051953125 0.56032665625 0.9308591875 0.5525053875 0.9279738203125 0.548951003125 0.8431575484374999 0.4899526734375 0.8545682687499999 0.47288861249999997 0.8540302671875001 0.46743809374999995 0.7873737734375 0.421234609375 0.7459041515625 0.5018134078125 0.7922653921875 0.53498531875 0.7545121765625 0.589021703125 0.854179075 0.6615262234375 0.8732675765625 0.63237516875 0.8827712546875001 0.6345068671874999 0.8862923031250001 0.6316626640624999 0.9151940578125 0.5906613421875 0.9110373265625 0.59990413125 0.9150963765625001 0.602510446875 0.9379178203125 0.568382325 0.9269143515625 0.5596153140625
0 0.372603778125 0.4345552453125 0.40261460312499997 0.44758565624999996 0.41529668593749997 0.4177244203125 0.3852858625 0.4046940109375 0.372603778125 0.4345552453125
0 0.8333277609374999 0.48023759374999997 0.8300186078125 0.4809489328125 0.8402721796874999 0.48639828906250004 0.8333277609374999 0.48023759374999997
0 0.5259339859375001 0.4558652578125 0.4978467390625 0.4452044359375 0.48218160781249997 0.48336039218750004 0.510268853125 0.49402121250000003 0.513789903125 0.49117700937500003 0.5259339859375001 0.4558652578125
0 0.5583583140624999 0.5532609234375 0.47716229375 0.6208104750000001 0.5321961703125 0.6862108828125 0.54223785 0.6937930984375 0.6212983984375 0.626006821875 0.5583583140624999 0.5532609234375
0 0.6443978718750001 0.6760072312500001 0.8188393640625 0.7999278640624999 0.8778165515625 0.7169771515625001 0.703375059375 0.59305651875 0.6443978718750001 0.6760072312500001
0 0.5808897703125 0.8371625015624999 0.6726504609374999 0.9023215296875 0.6901414906250001 0.87838426875 0.6980476984374999 0.8857297578125 0.701568746875 0.8828855546875 0.7438048015625001 0.8271897609375 0.733763121875 0.8196075421875 0.74313605 0.7904576515625 0.6575698828125 0.7281416640625 0.6337866484375 0.761084990625 0.6285539140624999 0.75942674375 0.6250328656249999 0.7622709484375 0.6049825765625 0.7902372078125001 0.6086178375 0.7971092468750001 0.5808897703125 0.8371625015624999
0 0.53743043125 0.8291103203124999 0.4961561671875 0.885990909375 0.521260365625 0.9049464531250001 0.5301118265625 0.8919113921875 0.5355564546875 0.8914367765625 0.5596988640625 0.909207525 0.5806463328125 0.937405859375 0.62469175 0.8743634124999999 0.58356324375 0.842849746875 0.5792922968750001 0.8423762937499999 0.5696909406249999 0.8520937 0.53743043125 0.8291103203124999
0 0.926814009375 1 0.801414471875 0.91012651875 0.7940462671875 0.9082315453125 0.7665300921875 0.9461519375 0.7672799859375 0.94946959375 0.83899800625 1 0.926814009375 1
0 0.686534909375 1 0.6913978453125 0.9852629390625 0.6163136796875001 0.9478287921874999 0.6147162078124999 0.9530425843750001 0.6230627359375001 0.9776877 0.6354517828125 0.9833737828125001 0.6274226625 1 0.686534909375 1