0 0.8084346734375 0.5534105140625 0.8097673234375 0.5597990609375 0.9041724 0.5702834890624999 0.90867676875 0.5406211062499999 0.8736013640625 0.5294450734375 0.924908471875 0.53514313125 0.9246952421874999 0.5725627125 0.9821592046875001 0.5789445375 0.9851709984375001 0.570958296875 0.98930755 0.5711403374999999 0.9926638390625 0.5424078765625 0.9896753671875 0.541295915625 0.9942670890624999 0.4985030390625 0.99761685625 0.21062474375 0.904678853125 0.20110758125 0.8960432562499999 0.2750350515625 0.885541959375 0.2759489796875 0.8687505249999999 0.4196968390625 0.8048898328125 0.41468478593749997 0.795294728125 0.4968264203125 0.81261920625 0.49979053125000006 0.8123260218749999 0.5111989671875 0.8234936453125 0.513479309375 0.823680215625 0.5207806640625 0.8161374046875001 0.5230632468749999 0.792416196875 0.5214689109374999 0.7890579093750001 0.5502184812500001 0.8084346734375 0.5534105140625
0 0.9200842328125001 0.8611958 0.94327240625 0.6359911953124999 0.8251461203125 0.6239124312500001 0.8177632218750001 0.6782173015625 0.8019579468750001 0.8491170359375 0.9200842328125001 0.8611958
0 0.8762968703125 1 0.8850621265624999 0.9207518453124999 0.76717571875 0.9066195406249999 0.7621915968749999 0.9403890031250001 0.7561551718749999 1 0.8762968703125 1
0 0.853025178125 0.856868634375 0.8465484812499999 0.9123142390625001 0.8855418828125 0.9166447640625 0.8890600890625 0.85983050625 0.853025178125 0.856868634375
0 0.6664272171875 0.8881499906249999 0.6589910109375 0.9518097546875 0.6897752765625 0.9552285906250001 0.6963052796875 0.89042809375 0.6664272171875 0.8881499906249999
0 0.6506533109375 1 0.6517147265625 0.9874048359375 0.5696233546875 0.9782879421875 0.566768065625 1 0.6506533109375 1
0 0.7147758859375 0.4920445296875 0.7204529921875 0.41674840468749996 0.6691458859375 0.4110503453125 0.659550790625 0.41310500625 0.659017728125 0.42656698437499996 0.6343903156249999 0.423831915625 0.6288997890625 0.4263424203125 0.6200243171875 0.50232343125 0.62202329375 0.51190625 0.6888424718749999 0.51828695625 0.6874565125000001 0.52125330625 0.6555261671875 0.5187472796875 0.65216788125 0.5474968515625 0.654886490625 0.550919046875 0.71235045 0.557300871875 0.730154684375 0.5561579015625 0.7352987296875 0.49432375312500004 0.7147758859375 0.4920445296875
0 0.7763178046875 0.14316827031249998 0.7822347890625 0.0658186046875 0.7617119453125001 0.06353938125 0.74854534375 0.0516762203125 0.7054473734375 0.0468898515625 0.701902515625 0.06833806718749999 0.6969450421875 0.13747357031250002 0.7585135703125 0.1443112421875 0.7763178046875 0.14316827031249998
0 0.6965452328125 0.24767876875 0.69467951875 0.2547522015625 0.6918276359375 0.3147607296875 0.69430636875 0.32023646562499997 0.7438010687500001 0.3236530609375 0.753396165625 0.3215984 0.7565412328125001 0.2501814359375 0.6965452328125 0.24767876875
0 0.5036804296875 1 0.5071486234375 0.970309540625 0.46724902031250004 0.9648382828125 0.46447710156250005 0.9707709843749999 0.45626796406250003 0.9698592937500001 0.45613470156249997 0.9532030453125 0.390461603125 0.9459095296875001 0.3842570828125 0.994104725 0.4373399796875 1 0.5036804296875 1
0 0.46588977500000006 0.4425618625 0.46263810312500003 0.45260164375 0.4343858765625 0.44530364999999994 0.427482734375 0.4955014390625 0.43955656249999997 0.4989225140625 0.4332664359375 0.5616694703125 0.545475746875 0.5710109265625001 0.5536315843749999 0.5011905390625 0.5456623265625 0.498225309375 0.5500334296875 0.45190667968750003 0.46588977500000006 0.4425618625
0 0.5019779953125 0.4361688375 0.5033106468749999 0.44255738281249996 0.5557638359375 0.4473426328125 0.57295506875 0.2734765484375 0.5093342562500001 0.2664109546875 0.5058427062499999 0.2785042765625 0.4750584421875 0.27508544375 0.470554075 0.304747821875 0.45800049062500003 0.3054338296875 0.45560171406250005 0.3259692390625 0.44510041562499997 0.3268831671875 0.44318139375000004 0.34331149375000003 0.44379441249999996 0.3558606609375 0.45381595625 0.35905381406250003 0.45232338437499997 0.380729953125 0.506588978125 0.3877966671875 0.504909834375 0.40217145312499997 0.4944085375 0.40308538125000004 0.491716575 0.43502922499999996 0.5019779953125 0.4361688375
0 0.554751071875 0.006231753125 0.52620389375 0.0030613640625 0.485155821875 0.0028225546875 0.55368495 0.0113138046875 0.554751071875 0.006231753125
0 0.5168770859375 0.103954425 0.5151979421874999 0.1183292109375 0.5124526734375 0.15962795000000002 0.5502999953125001 0.164871284375 0.5582692640625 0.0877495421875 0.53273565 0.0838737421875 0.5314829546875 0.10349634062499999 0.5168770859375 0.103954425
0 0.44733930781250003 0.0140645515625 0.4133566796875 0.011330603125 0.4072531234375 0.0813789140625 0.39856423125 0.08457430625 0.39429974218749997 0.112183146875 0.3717246125 0.109676 0.3682863703125 0.112414428125 0.36468820625 0.1432175421875 0.3623693859375 0.18976409375 0.44789899999999994 0.1961425609375 0.4557883140625 0.0930096734375 0.4457667703125 0.08981652031250001 0.445873384375 0.07110673125 0.4654900234375 0.072245221875 0.4678354921875 0.061064709375000005 0.465356759375 0.055588971875000004 0.44598000000000004 0.0523969390625 0.44733930781250003 0.0140645515625
0 0.2561303296875 0.41406596718750005 0.27345480625 0.4170300796875 0.2839561078125 0.41611614843750006 0.2867280234375 0.4101834484375 0.309543028125 0.410637053125 0.3100760890625 0.3971750765625 0.3203375140625 0.398314690625 0.3175122890625 0.413602284375 0.302000215625 0.41291963750000005 0.294564009375 0.47657940312499997 0.2902195640625 0.4781771 0.2873410328125 0.5028195906249999 0.3055717140625 0.5069244328125 0.30149379375 0.541834625 0.2786787890625 0.5413810203125 0.27388123593749997 0.5824518375000001 0.30146713593749996 0.586555559375 0.30994280937499996 0.5406927734375 0.33481009687499996 0.5413743015625 0.3549598171875 0.368876871875 0.3405938296875 0.367281415625 0.33728885000000003 0.3866760921875 0.3402473453125 0.30795777343749997 0.269989925 0.30431549375 0.26154090937499996 0.3054573453125 0.2601549515625 0.3084236953125 0.2561303296875 0.41406596718750005
0 0.1547421328125 0.5879421312499999 0.14922494687500001 0.6351735703125 0.169747790625 0.6374527921875 0.1743587734375 0.589080621875 0.1547421328125 0.5879421312499999
0 0 0.95142994375 0.09642848125 0.9621390875 0.09671841406250001 0.9600911062499999 0.08054001718750001 0.9562141859375 0.0831253640625 0.9429801343750001 0.0965851515625 0.9434348578125 0.101862459375 0.8982569578125 0.06811970625 0.89346946875 0.0679331359375 0.8861681156250001 0.062922365625 0.8845715390625 0.00812370625 0.890966803125 0 0.8900646015625 0 0.95142994375
0 0 0.7060148093749999 0.017825435937500002 0.71002840625 0.00420571875 0.8177253406249999 0.0329377 0.8209162531249999 0.0308321078125 0.830043225 0.0378951625 0.8318677250000001 0.11073793125 0.8222759484375001 0.11553548437500001 0.78120513125 0.1014093703125 0.7775561343749999 0.1030885140625 0.7631813468749999 0.1176943828125 0.7627232625 0.12297169062499999 0.7175453640625 0.102688725 0.7132126015625 0.13859040312499998 0.45925730312499996 0.12470416875000001 0.453554765625 0.12728951718749998 0.44032071093749997 0.14485387031250002 0.4412312796875 0.15090411875 0.3805378640625 0.0706251546875 0.373702434375 0.0722509921875 0.3686825421875 0.06953238125 0.3652603484375 0.047863456250000005 0.36389393281250004 0 0.703052015625 0 0.7060148093749999
0 0.3239962703125 0.046146960937499995 0.3288676078125 0.0019132953125 0.23846555937499997 0.0013873515625000001 0.23426693593749998 0.040234003125 0.3239962703125 0.046146960937499995
0 0.2762488140625 0.22382528281249997 0.287877171875 0.158946140625 0.33301745625 0.165309365625 0.3434695625 0.098949553125 0.24425896875 0.0933336640625 0.221860909375 0.21575898124999998 0.2762488140625 0.22382528281249997