0 0.36542999374999996 0 0.349727796875 0.042296565625 0.28535693125 0.06884499375 0.28277499375000004 0.0750263390625 0.300623896875 0.1184839875 0.2998268484375 0.1290110953125 0.31507812031250004 0.1648973875 0.3783174234375 0.1393342078125 0.408869528125 0.11273245624999999 0.40918834843749996 0.1085216125 0.41808141406250005 0.102745034375 0.4415096515625 0.07251292499999999 0.4626433828125 0.0167459109375 0.460045753125 0.009174553125 0.435024059375 0 0.4164054046875 0 0.4163460859375 0.000024934375 0.4162780828125 0 0.36542999374999996 0
0 0.534323940625 0.29849270156249996 0.5349615796875 0.2900710140625 0.5556641609375 0.281878371875 0.5569551296874999 0.27878769999999997 0.53569585625 0.2245331 0.5306756984375001 0.2210376609375 0.5198383328125 0.224573896875 0.489270534375 0.23742294843749998 0.48895171406250004 0.24163379218749997 0.48700741562500005 0.2393934484375 0.4761700515625 0.242929684375 0.41293074687500003 0.2684928625 0.407751178125 0.26710284687499997 0.3996394671875 0.24859961562500002 0.34092639999999996 0.2702217953125 0.33753172187499997 0.27317754375000003 0.35456788437500003 0.3134096015625 0.42314616562499996 0.28713101406249997 0.451385590625 0.360874096875 0.460772578125 0.3625339546875 0.4653145078125 0.3723456578125 0.466142940625 0.3893239515625 0.4595129921875 0.3931300296875 0.45839712656250003 0.4078679828125 0.4796564 0.46212258281249996 0.482732259375 0.4633776765625 0.4937290328125 0.45773601875000003 0.496645484375 0.46109653437500003 0.5172514265625 0.5100201203125 0.5914875046875 0.478815284375 0.59504159375 0.4737541125 0.568921571875 0.41389865312499996 0.5535579671875 0.4213758890625 0.5533828656249999 0.40972860781250003 0.548522115625 0.40412775156249997 0.52442485625 0.41527614375 0.51127729375 0.3795247734375 0.5010775671875 0.3746393234375 0.5047910625 0.367472728125 0.5537983234375 0.3484015359375 0.534323940625 0.29849270156249996
0 0.476998484375 0.259907978125 0.46292584843749995 0.2642945421875 0.4786239640625 0.266359165625 0.48055257031250004 0.25484680625 0.476998484375 0.259907978125
0 0.18700293125 0.3767104 0.18732175 0.37249955625000003 0.1979997078125 0.37106874218749997 0.23730116093750003 0.3545485359375 0.25830686875 0.3283923484375 0.281113159375 0.320334625 0.276077309375 0.3030864890625 0.270897740625 0.3016964734375 0.16188644531250002 0.3454805171875 0.15833235625 0.3505416890625 0.17179873750000002 0.382082215625 0.18700293125 0.3767104
0 0 0.59473581875 0.010383020312500001 0.587525640625 0.018160218750000002 0.5964870125 0.0836626421875 0.568953334375 0.090786509375 0.5725836921874999 0.0977666609375 0.5920721734375001 0.10084251875000001 0.5933272671875 0.19238650156249998 0.5568855375 0.2860028109375 0.49307332812500004 0.29182001562500004 0.48604165468750005 0.2580665125 0.40136669999999997 0.2509426453125 0.39773634375 0.23137162187500002 0.4049437359375 0.1419313484375 0.4415203859375 0.1262489265625 0.45320846562500006 0.12317306718750001 0.4519533703125 0.11909367343749999 0.422072703125 0.12669576875 0.41938679375000004 0.1315408265625 0.41123495156249995 0.1444819 0.4078336359375 0.1478765796875 0.4048778875 0.14738265781249998 0.3974414515625 0.1637184109375 0.3910843859375 0.1520369203125 0.363889625 0.043025625 0.40767366718750003 0.041575245312499995 0.4128697625 0.06737645 0.4769360625 0.1207505375 0.4560292921875 0.0549449875 0.5015265171875 0.0414942984375 0.4837386921875 0 0.500891403125 0 0.59473581875
0 0.293176240625 0.3983293515625 0.287359034375 0.4053610234375 0.2941640828125 0.4132022234375 0.3051608578125 0.40756056718749994 0.32963970625 0.44721213750000005 0.352924228125 0.4328381515625 0.32471618593749996 0.386600471875 0.3175923203125 0.382970115625 0.293176240625 0.3983293515625
0 0 0.474681265625 0.0086319984375 0.4710528390625 0.012839417187499999 0.47132268125000004 0.018353498437499997 0.4822545546875 0.0411597890625 0.474196834375 0.0398531265625 0.4635348046875 0.026227335937500002 0.4340997 0.000038473437499999996 0.44495326718749995 0 0.445461409375 0 0.474681265625
0 0.3055738328125 0.4858659328125 0.3013664125 0.4855960921875 0.2379833921875 0.5270173921875 0.267004171875 0.576480665625 0.33137503437500004 0.5499322375 0.3055738328125 0.4858659328125
0 0.5477828703125 0.7489305453124999 0.5392086218750001 0.75049628125 0.515270771875 0.7595392515625 0.5159241031249999 0.764870265625 0.50185146875 0.76925683125 0.497165821875 0.7753032531249999 0.4483179703125 0.792269025 0.46406316406250003 0.8355917515625 0.469402140625 0.8348763453125001 0.47572896093750006 0.8490338109375 0.4666764875 0.8569158109374999 0.478039159375 0.8883214171875 0.534648515625 0.866564315625 0.541788075 0.8839473765625 0.5537569999999999 0.8794258906250001 0.5501872203125 0.8707343609375 0.555685609375 0.8679135312499999 0.5663635640625 0.86648271875 0.5721964640625 0.873203746875 0.608103240625 0.8596392906249999 0.568979371875 0.7481743390625 0.5537751796875 0.7535461531250001 0.549567759375 0.7532763109375 0.5477828703125 0.7489305453124999
0 0.171090875 0.7543904125 0.1694810875 0.7616919265625001 0.1771145703125 0.7865114234374999 0.2117303765625 0.7760376390625 0.20913274531249998 0.7684662796875 0.212686834375 0.7634051093750001 0.21770699218749998 0.7669005453125 0.22355558593749997 0.7873742765625 0.2440987578125 0.7812870546874999 0.2296445328125 0.73487365625 0.2081292109375 0.7398407046875 0.20293394999999997 0.7246979890625 0.17576083125 0.7345912890624999 0.1807966828125 0.7518394265625 0.171090875 0.7543904125
0 0.23808827031250002 0.9025511859375 0.34748115625 0.9095671062499999 0.353044796875 0.8221246437499999 0.244783471875 0.8141234734375 0.23808827031250002 0.9025511859375
0 0.1174111765625 0.9328931687500001 0.19427627187500002 0.9367650953125001 0.197305053125 0.89676208125 0.203775590625 0.8950614234375 0.2124307859375 0.8226267593750001 0.1273102609375 0.8161097249999999 0.1174111765625 0.9328931687500001
0 0.47858015781249996 0.9370159593749999 0.3386665515625 0.9841071937500001 0.340041628125 0.988426675 0.476721775 0.9971926671875 0.48342989375 0.9971536406249999 0.48815793906250005 0.964075796875 0.47858015781249996 0.9370159593749999