0 0.032659240625 0.48909888749999997 0.014709751562500002 0.49633045468750003 0.0031042796875000002 0.47029296875000004 0.002756465625 0.4737961125 0.0036093296875 0.6203910687499999 0.075466665625 0.5888171718749999 0.032659240625 0.48909888749999997
0 0.049797978124999996 0 0.046811773437499996 0.0300766734375 0.071723625 0.024184234375 0.0773599359375 0.04908821875 0.118481534375 0.0432776546875 0.11978330625 0.0403753984375 0.114851534375 0.0185844125 0.0852623390625 0.020541351562499997 0.10903168125 0.0159470984375 0.1107316078125 0.009034675 0.108686865625 0 0.049797978124999996 0
0 0.1716297640625 0.4165785421875 0.15464459531250002 0.37326151093750004 0.103001515625 0.393161865625 0.1197876078125 0.4384839828125 0.1701289140625 0.4214858828125 0.1716297640625 0.4165785421875
0 0.07122819999999999 0.947986178125 0.0957938546875 0.9353715890625001 0.09237846562499999 0.9289348499999999 0.0989946296875 0.923551825 0.0860376171875 0.9009178656250001 0.06036926875 0.914429628125 0.054656721875 0.9209205656250001 0.07122819999999999 0.947986178125
0 0.2038535734375 0.4493402671875 0.1805896921875 0.45905260312499996 0.17536706875000002 0.45040003593750005 0.1317492328125 0.4711433625 0.131351078125 0.47515353125 0.16581134375 0.546644090625 0.23359667812499998 0.5172963421875 0.23489845156250003 0.5143940859375 0.2038535734375 0.4493402671875
0 0.1305901359375 0.921805628125 0.1251684390625 0.9151581453125001 0.1189504296875 0.916531003125 0.11323788125 0.9230219406250001 0.11846050156250001 0.93167450625 0.10251732499999999 0.939116815625 0.0988110859375 0.9458184968750001 0.1079506734375 0.9609604890625001 0.16964472343749998 0.96744083125 0.20263377343750003 0.95165904375 0.20614093281249998 0.946962446875 0.1777151328125 0.896365703125 0.1305901359375 0.921805628125
0 0.22870577499999997 0.025478671874999997 0.2290121578125 0.0326018390625 0.21767883281249997 0.0344503796875 0.2228096828125 0.0542362828125 0.2601177390625 0.045999146875 0.266152203125 0.0668929640625 0.3114855015625 0.0594988015625 0.31679989375 0.057018031250000004 0.3171980484375 0.0530078609375 0.308238121875 0.0105338015625 0.23402016718750002 0.022997903125 0.22870577499999997 0.025478671874999997
0 0.2434587875 0.42817545468749996 0.2505804140625 0.4279105125 0.2540875734375 0.4232139140625 0.243535025 0.39678053125 0.2883487609375 0.496709559375 0.31913242343750003 0.4827221125 0.312500725 0.46784355 0.33816907343749997 0.4543317875 0.29405987499999997 0.3575157578125 0.24512764687500002 0.38073985625 0.23690332500000003 0.3819019671875 0.23730148125 0.3778917984375 0.267886065625 0.3659094375 0.2568280578125 0.33435797031250003 0.25411720937500004 0.3310342296875 0.2129038390625 0.3479781296875 0.2434587875 0.42817545468749996
0 0.33879880625 0.6215425703124999 0.34521589375 0.61816463125 0.359980140625 0.643014415625 0.3511585875 0.6501917828125 0.3543749 0.65863360625 0.386017009375 0.717672171875 0.43936001406249997 0.6908593921875 0.44507256249999994 0.6843684546875 0.3931372015625 0.58470436875 0.36947516406249997 0.598426871875 0.355507228125 0.5655567484375 0.3421675921875 0.5671945468749999 0.3337286609375 0.55010015625 0.30534946406249996 0.5602881765625 0.31751016718749997 0.5909424750000001 0.304951309375 0.5642983453125 0.298426915625 0.5585480359375 0.2494946875 0.5817721312499999 0.24578845 0.5884738125 0.251011071875 0.5971263796875 0.23617058750000003 0.6036715171875 0.2362778921875 0.61279976875 0.213917628125 0.6236200171874999 0.21783847656250002 0.6351748390624999 0.26476439531249996 0.61174 0.280034103125 0.6417078671875001 0.2988872078125 0.635584215625 0.3127478390625 0.6593260875 0.341525190625 0.6451278984375 0.34031519062500004 0.63689681875 0.33167718125 0.6218075125 0.3324734921875 0.613787175 0.33879880625 0.6215425703124999
0 0.3169411359375 0.37207517968750004 0.3315825421875 0.3675351265625 0.338106934375 0.3732854375 0.3402205515625 0.38262443125 0.397437803125 0.3065817125 0.4072547453125 0.2893789234375 0.30618807656249997 0.21494401875000002 0.28404242343749997 0.2440207703125 0.2746391703125 0.277474978125 0.30841043125 0.366114125 0.3169411359375 0.37207517968750004
0 0.2882132546875 0.7124638531249999 0.257935053125 0.7315693828125001 0.3052450265625 0.8165656484375001 0.38335276406249996 0.77513319375 0.322182159375 0.6663950562500001 0.3181695375 0.6659735703125 0.27615985468750004 0.690937809375 0.2882132546875 0.7124638531249999
0 0.3254873734375 0.398297821875 0.3349372265625 0.42562837656249997 0.34608700937500003 0.4460465078125 0.3746652828125 0.433853403125 0.3536674921875 0.3901148859375 0.34303870625 0.395076425 0.3372188515625 0.3924391109375 0.3254873734375 0.398297821875
0 0.44623309375 0.3664090484375 0.44131685625 0.36487965 0.3744351359375 0.3953353125 0.3920175390625 0.432637090625 0.4533857859375 0.40666728281250003 0.46110464531249995 0.40038708749999996 0.44623309375 0.3664090484375
0 0.48491915781249995 0.3238747359375 0.4199816140625 0.273494790625 0.4094601328125 0.28758458125 0.47259044375 0.3357487 0.47770575937500004 0.3352730140625 0.48491915781249995 0.3238747359375
0 0.5077722171875 0.5633167046875001 0.4755173390625 0.4900318046875 0.404423921875 0.5220710640624999 0.4366788 0.5953559640625 0.49784796875000004 0.5713912421875 0.5077722171875 0.5633167046875001
0 0.5141314671874999 0.8770009984374999 0.47181540312500003 0.89484206875 0.46630193281250004 0.8993279234375 0.4688137046875 0.9046567484375 0.4650001625 0.9022301781250001 0.44905698281250006 0.9096724875 0.44865882656249995 0.91368265625 0.48331817031249996 0.9831681296875001 0.4981586546875 0.9766229921875 0.5007621984374999 0.97081848125 0.5087874390625 0.9716614531250001 0.54839265625 0.950496640625 0.5141314671874999 0.8770009984374999
0 0.519164809375 0.377108790625 0.5040334765625001 0.3967923484375 0.5238057328125 0.4120381984375 0.538937065625 0.392354640625 0.519164809375 0.377108790625
0 0.6462246109375 0.7308224109375 0.6520444640624999 0.7334597234375 0.6604678625 0.7302925265625 0.6830272046875 0.71746719375 0.6530850218750001 0.651516203125 0.6485669406250001 0.645976634375 0.642548009375 0.6453444046875 0.5641338890625 0.67965369375 0.560626728125 0.6843502906250001 0.5704747375 0.7076706765624999 0.5450054671875 0.7191773546875 0.57263495625 0.777794434375 0.6162527921875001 0.7570511062499999 0.61233194375 0.7454962843749999 0.6462246109375 0.7308224109375
0 0.8392369437499999 0.1037908390625 0.8167571984374999 0.030519721875 0.694749865625 0.0177040703125 0.7312336265625 0.140057065625 0.8335243953125 0.1102817765625 0.8388387875 0.10780100781249999 0.8392369437499999 0.1037908390625
0 0.9640758203124999 0.43903721406249996 0.9489289546874999 0.438459184375 0.9466162593749999 0.43112527343749996 0.9485152640625 0.4222077640625 0.9618548984374999 0.42056996562500004 0.956585675 0.3511326390625 0.8638054625 0.3565819703125 0.8659501484375 0.406444140625 0.8753844671875 0.4135131078125 0.8763953921875001 0.4237492734375 0.8692737656249999 0.424014215625 0.86797199375 0.4269164703125 0.8720156828125001 0.4678611328125 0.8586760484375 0.46949892968749996 0.8573742765624999 0.47240118437499995 0.860207965625 0.505114765625 0.8702395171875 0.5061684796875 0.8650324312500001 0.5177775 0.8672533546875 0.5362447453125 0.8630416546875 0.5378283453125 0.8626435000000001 0.5418385140625 0.8660899578125001 0.5887984296875 0.8936728421875 0.5866307453124999 0.8937801500000001 0.5957589984375 0.89979908125 0.5963912265625 0.8941938374999999 0.612010415625 0.9020200046875001 0.614858471875 0.89843660625 0.6509499921875 0.900473984375 0.6916839109375 0.9027866796874999 0.6990178203124999 0.9292668718750001 0.697747309375 0.9317786421875001 0.7030761328125 0.932606021875 0.735578971875 0.9351177937499999 0.740907796875 0.9402331078125 0.7404321125 0.9428521859375 0.7548891890625 0.9366341765625 0.75626204375 0.9360369453124999 0.7622772984374999 0.9368487890624999 0.7745185484375 0.9422704875000001 0.7811660296875 0.94167325625 0.7871812828125 0.93746155625 0.7887648828125 0.9385797859375 0.8081292984375 0.9753795562500001 0.8050115265625 0.9896640109374999 0.6611403171875 0.9876178859375001 0.6613305921875 0.9851061140624999 0.6560017671875 0.988490434375 0.6219153296875 0.9773561875000001 0.6217587875 0.9746453374999999 0.618435046875 0.9765443421875 0.6095175375 0.987877665625 0.607668996875 0.9870502875 0.5751661593749999 0.9843394375000001 0.57184241875 0.9567565531250001 0.5740101015625 0.9549337843749999 0.5515326859374999 0.959145484375 0.5499490875 0.9597427156249999 0.543933834375 0.952666259375 0.472280678125 0.9671085875 0.46974570781249997 0.9640758203124999 0.43903721406249996
0 1 0.049767546875 0.9734406796874999 0.0469777546875 0.9911955484374999 0.0944276265625 1 0.09150944062500001 1 0.049767546875
0 0.97090094375 0.850119528125 0.9617829625000001 0.850073475 0.9643102703125 0.8756638875 0.9684556093750001 0.8747486484375001 0.97090094375 0.850119528125