0 0.23497132656250003 0.0226340046875 0.31194293125 0.025238748437500003 0.32371499843749996 0.024277803125 0.3254022109375 0.015252196874999999 0.23497132656250003 0.0226340046875
0 0.095073971875 0.034053725 0.10136708750000001 0.0345275640625 0.10921513281249999 0.033886934375 0.10946205625000001 0.032879237500000005 0.095073971875 0.034053725
0 0 0.16289705625 0.0862711828125 0.16414035 0.0989441796875 0.1621183203125 0.0980034546875 0.0901045140625 0.011034325000000001 0.0893034015625 0.007310579687500001 0.06788143437500001 0 0.06770202812500001 0 0.16289705625
0 0.48387905625 0.050705425000000005 0.4751300828125 0.0524071390625 0.46207643125000003 0.1344511796875 0.46345782968749993 0.1392761296875 0.6255839 0.165543590625 0.6284468390625 0.1643223484375 0.6402792484375001 0.0794153703125 0.5103461484375 0.0603954421875 0.48387905625 0.050705425000000005
0 0.24537415624999998 0.1896670421875 0.25248143125 0.19204950781250002 0.33356452812500004 0.19333109375 0.33748855 0.193010778125 0.3400311734375 0.1878655125 0.33983121875 0.1128286109375 0.247876984375 0.11144688750000001 0.24537415624999998 0.1896670421875
0 0.7403415015625 0.16802651875000002 0.7494509109374999 0.14654453437499998 0.7580397249999999 0.1428808078125 0.8140971453124999 0.15213047500000001 0.8188219562500001 0.161620215625 0.8348383625 0.1642629765625 0.842205934375 0.15773631562499998 0.8542983171874999 0.160699390625 0.8610852781249999 0.159157834375 0.8675320265625001 0.11715480781250001 0.8742589687500001 0.1027800984375 0.8730377265625 0.0999171609375 0.7208818703125 0.0748109203125 0.7181790890624999 0.077994175 0.708649228125 0.106423278125 0.6950351859375 0.1332106875 0.6922922859375 0.1600982328125 0.7403415015625 0.16802651875000002
0 0.2518806 0.2572763546875 0.24393241406250002 0.2687881265625 0.24653505625 0.2764760140625 0.25592465781249996 0.28262234531249997 0.2700791921875 0.2745541234375 0.2681771984375 0.2875474328125 0.2544431203125 0.28866853593749997 0.231639753125 0.2875673328125 0.22981800156249999 0.25315205625 0.0403438109375 0.2547931046875 0.02178478125 0.2572956046875 0.0215042640625 0.326446475 0.0251679890625 0.335035290625 0.052636148437499995 0.332793084375 0.072736734375 0.337077540625 0.24635467656249999 0.3347557421875 0.2718608234375 0.33267369375 0.275144215625 0.324505334375 0.27832746875000003 0.3272081140625 0.27992904375 0.3468282265625 0.2624311015625 0.35023165624999997 0.26437289062499997 0.410313240625 0.39450626875 0.40759088437499996 0.4032552390625 0.40588916875000003 0.40253469218750004 0.348670525 0.399351440625 0.34596774531249996 0.3688601859375 0.34746918125000004 0.369380778125 0.3296509234375 0.37510665468750004 0.3272084375 0.376267878125 0.3172382234375 0.3718836046875 0.251430765625 0.2693785421875 0.2538729265625 0.2682173203125 0.263843140625 0.263812825 0.258277421875 0.2518806 0.2572763546875
0 0.7305311234375 0.26560649375 0.766808271875 0.274495725 0.769671209375 0.27327448125 0.7718935171875 0.26420519531250003 0.7704719984375 0.2830845390625 0.786488403125 0.28572730156250004 0.78336516875 0.29585767343749997 0.7849067265625 0.3026446328125 0.839002134375 0.3120544578125 0.8407439703125 0.29709913593750004 0.836659790625 0.295457440625 0.839522728125 0.29423619687499997 0.9437895234375 0.3133761640625 0.9529390515625 0.2681898828125 0.9512373375 0.2594409125 0.7811030640625 0.23185206875 0.784586734375 0.201941425 0.7724943515625 0.1989783484375 0.7674091046875 0.209268878125 0.7464676125 0.21887865624999997 0.742123134375 0.2261460890625 0.736677453125 0.2562168890625 0.731692346875 0.25563627968749997 0.7289895640624999 0.25881953125 0.7305311234375 0.26560649375
0 0.599576734375 0.31876053125000003 0.504699540625 0.30576689687499997 0.494508828125 0.38658969375 0.585461996875 0.39990364375 0.5902869484375 0.3985222453125 0.599576734375 0.31876053125000003
0 0.668267028125 0.34969245937500004 0.65437279375 0.348851553125 0.654793246875 0.341904434375 0.669588409375 0.3416842578125 0.6877269859374999 0.3461288734375 0.69407359375 0.3149969890625 0.62714503125 0.3056471828125 0.6227604359375001 0.336618909375 0.643761946875 0.339842284375 0.6447228921875 0.3516143515625 0.6707095140625 0.3554183375 0.668267028125 0.34969245937500004
0 0.0494127734375 0.353794596875 0.049152476562500005 0.362703725 0.030433290624999998 0.3632442171875 0.032735515625 0.4035455296875 0.22008753749999999 0.40010262656249995 0.23276053281250003 0.39808059687499997 0.22981767656250002 0.34993124062500003 0.056199734375 0.3522530390625 0.0494127734375 0.353794596875
0 0.735375646875 0.3975417234375 0.732672865625 0.40072497656249995 0.7331533375 0.4066110125 0.7413216984375001 0.40989440468750005 0.7401604749999999 0.41986461718749996 0.77914040625 0.425570596875 0.782323659375 0.42827337656250003 0.7805218046875 0.4303955453125 0.78566706875 0.4329381703125 0.841724490625 0.44218783593750005 0.8555789296875 0.369953853125 0.921766721875 0.382326753125 0.9264716359375 0.35527905 0.9054701218749999 0.352055675 0.901225784375 0.3484519671875 0.891415728125 0.34925275624999996 0.8492525453124999 0.340843996875 0.844587753125 0.34418740937500003 0.8412042218750001 0.36322691093750004 0.751151978125 0.34885187812499996 0.742322765625 0.39796217968750003 0.735375646875 0.3975417234375
0 0.10486903750000001 0.5250502953125 0.107511475 0.6058130765625 0.179685440625 0.6068343640625 0.194320446875 0.604652175 0.1934798625 0.5217672265625 0.18637258750000002 0.5193847625 0.1075718171875 0.52186704375 0.10486903750000001 0.5250502953125
0 0.640237509375 0.587015590625 0.6528707078125 0.5119186703125 0.6496874546875 0.5092158890625 0.5236783765624999 0.48987564531250005 0.510764984375 0.5373442515625 0.5047987078125 0.5852333109375001 0.46581877968749996 0.5795273328125 0.4584711046875 0.6225914453125 0.4601728203125 0.631340415625 0.5242384421875 0.6419114640625 0.5287430765625001 0.6366060421874999 0.5337082875 0.6006492078125001 0.512706771875 0.597425834375 0.5111652171875 0.5906388734375 0.5137078390625 0.5854936078125 0.5418166281250001 0.5910994484375001 0.5477026609375 0.590618975 0.5511462109374999 0.5844126265625 0.5810568546875 0.5878962953125 0.5834393203125 0.5807890203125 0.5882642687499999 0.5794076203125 0.640237509375 0.587015590625
0 0.3566066734375 0.6328816484375 0.35848876875 0.58335089375 0.3483583953125 0.5802276578125001 0.34929944375 0.5554622828125 0.33858845937500004 0.5573241531249999 0.33552524375 0.580287678125 0.310920021875 0.5813086421875 0.30981881875 0.604112009375 0.27115920312499997 0.6023300515625001 0.27085878750000003 0.6349434765625 0.3422919828125 0.638987859375 0.3566066734375 0.6328816484375
0 0.827909846875 0.5874967109375 0.8221239515625 0.57710604375 0.8169786875 0.5745634203125001 0.8067481765625001 0.5823113265625001 0.8041054140625 0.5983277328125001 0.8139754890625 0.610360096875 0.8260678718750001 0.613323175 0.842024259375 0.603132784375 0.8407429984375 0.58743669375 0.827909846875 0.5874967109375
0 0.5946702484374999 0.7546672578125 0.5975331875000001 0.7534460171874999 0.59885456875 0.7454378140625 0.605821909375 0.685616528125 0.6041201921875 0.6768675578125001 0.4825156125 0.663093034375 0.477370346875 0.660550409375 0.4791121828125 0.6455950890625 0.45827082812500003 0.644333725 0.45098317187500003 0.7002309890625 0.4810539703125 0.7056766703124999 0.4789517015625 0.7404122625 0.5946702484374999 0.7546672578125
0 0.10663940000000001 1 0.1066695953125 0.91004486875 0.10921221875 0.9048996046875001 0.1191824328125 0.906060828125 0.12172505625 0.9009155625 0.12216573125 0.83372670625 0.048029754687499995 0.8328655749999999 0.0454470109375 0.8617151328125001 0.04664803125 0.9248198109375 0.0299709359375 0.92618115 0.035996715624999995 1 0.10663940000000001 1
0 0.6037591109375 0.8902061968750001 0.6064618921875 0.8870229453125 0.616392309375 0.8151092765625 0.51138474375 0.79899240625 0.502595653125 0.8243984171875001 0.496629378125 0.8722874765625 0.6037591109375 0.8902061968750001
0 0.7173554890625 0.9026593406250001 0.7873071484375 0.912749915625 0.7960561203125 0.9110482015624999 0.8050856109375 0.8401956171875 0.7271257515625 0.8287836609375001 0.7233618828124999 0.8310659875 0.651288059375 0.819173559375 0.6425390859375 0.820875275 0.63376989375 0.8828187281250001 0.6354716078125 0.8915677000000001 0.7073852765625 0.9014981171875001 0.7113092984375 0.9011778015624999 0.71295099375 0.897093621875 0.7173554890625 0.9026593406250001
0 0.233719859375 0.8937485921875 0.2352614171875 0.900535553125 0.3092972546875 0.912267825 0.3154837046875 0.8791739281250001 0.311980134375 0.872547125 0.2311573359375 0.8623564109374999 0.2375238453125 0.867761971875 0.233719859375 0.8937485921875
0 0.5468137328125 1 0.5542081328124999 0.9485658421875 0.543016678125 0.9445416812499999 0.4452765453125 0.932769290625 0.44013128124999995 0.930226665625 0.4429342 0.9161722734375 0.4410723296875 0.905461290625 0.3912212578125 0.899655171875 0.3845142125 0.9505673281250001 0.3727421453125 0.9515282734375001 0.3702595421875 0.9695066906250001 0.3973072453125 0.9742116031249999 0.40515529062500005 0.9735709734375 0.410080378125 0.9613184328125 0.4341049859375 0.9652825734375 0.42974696718749994 1 0.5468137328125 1
0 0.61058586875 0.9617395328124999 0.579453984375 0.955392925 0.573267534375 0.98848681875 0.5734143171875 0.9983502640624999 0.6039009546874999 0.9958616609375 0.61058586875 0.9617395328124999
0 0.7826955250000001 0.9812667875000001 0.7836832171875 0.9772359921874999 0.643039134375 0.9600779390625 0.6388663265625001 0.9930074624999999 0.7826955250000001 0.9812667875000001