0 0.3157299703125 0.009408943749999999 0.3340367359375 0.011116215625 0.3542115484375 0.015045198437499999 0.377458284375 0.0315456703125 0.3835605390625 0.032114759375 0.3986293421875 0.0232825609375 0.4137397359375 0.03902424375 0.45326114687499997 0.002636996875 0.27359421875 0.001591725 0.2721839765625 0.015585390625 0.312699640625 0.021411340625 0.3157299703125 0.009408943749999999
0 0.4241800203125 0.0492116453125 0.4688264125 0.14244159375 0.5243692859375 0.114861459375 0.5292054359375 0.1183837265625 0.539583496875 0.141874078125 0.54441965 0.14539634375 0.613765215625 0.11193718593749999 0.5999831484375 0.0799393765625 0.6159859703125 0.0722180328125 0.6194522015625 0.0674225390625 0.5915857250000001 0.009541228124999999 0.5218304687499999 0.0030359203125 0.5210866328125 0.00303159375 0.4241800203125 0.0492116453125
0 0.26442130937499997 0.035336454687500005 0.2695724515625 0.0015683265625000002 0.233285865625 0.0013572171875 0.2290738828125 0.0289687390625 0.26442130937499997 0.035336454687500005
0 0.425404865625 0.1220121390625 0.43327134999999994 0.11353200781249999 0.400310715625 0.06541312187500001 0.39173847500000003 0.05744743125 0.3493341390625 0.0872766015625 0.3907009703125 0.1453931921875 0.425404865625 0.1220121390625
0 0.18507135937500002 0.0658151125 0.2111201625 0.0856481515625 0.21892441875 0.0904709703125 0.253337828125 0.0957278328125 0.25663801875000003 0.092964353125 0.25819460781250003 0.0613732640625 0.18606760625000002 0.053623020312500005 0.18507135937500002 0.0658151125
0 0.6897534265624999 0.2981800578125 0.7602196875 0.22592290625000003 0.6586189078125 0.1273814484375 0.537653565625 0.2532828671875 0.568185471875 0.218251484375 0.5232901859375 0.1782333359375 0.4548580109375 0.25068018593749997 0.4738083140625 0.282136228125 0.49095279375 0.2980676078125 0.4950209640625 0.2984470015625 0.49958725781249996 0.2927303484375 0.4983211515625 0.29568352343750004 0.5029912640624999 0.3012378046875 0.5581607921875 0.3534753703125 0.6218606328125 0.28877719062499996 0.6264269265625 0.28306053750000004 0.624890965625 0.27677479531250004 0.64392411875 0.257051053125 0.6479922890625 0.257430446875 0.6897534265624999 0.2981800578125
0 0.0276792359375 0.1734750265625 0.028820809375 0.1720458625 0.0341550828125 0.1694720796875 0.059269862500000006 0.188194265625 0.1156635671875 0.11257722031249999 0.087746721875 0.09052246875 0.0800462796875 0.09697058593749999 0.027944540624999997 0.1702282203125 0.0276792359375 0.1734750265625
0 1 0.2602681484375 0.97886305 0.23402837031249998 0.9901957640625 0.220752746875 0.9810215828125 0.20761216875000002 0.9632751609374999 0.1865059015625 0.9482063609375 0.19533810000000001 0.9330959640625001 0.1795964171875 0.8553235718750001 0.24093470312499998 0.8915843921875 0.2862901125 0.9020869015624999 0.28317456406249997 0.9504900109375001 0.3429711015625 1 0.304146596875 1 0.2602681484375
0 0.57879246875 0.427061975 0.6205536078125 0.467811584375 0.7267200078125 0.3599812875 0.732220325 0.3553754890625 0.7435946296875 0.3666737484375 0.79579571875 0.3172832109375 0.798161884375 0.31340887500000003 0.7632709828124999 0.27637122812500003 0.707603665625 0.3305572609375 0.6923272296875 0.316847590625 0.664057671875 0.33673370468749997 0.5783565703125 0.419855071875 0.5759904046875 0.42372940468750003 0.57879246875 0.427061975
0 0.7923298234375 0.42240625468750004 0.7336943984375 0.475291734375 0.7534749046875 0.4965876984375 0.792662240625 0.518669775 0.8324305515624999 0.48347602187499994 0.8607832999999999 0.5127376765625 0.8963173984375 0.47919654375 0.924130428125 0.48998036406249995 0.9673649703124999 0.4499911140625 0.8684624390625 0.3435112921875 0.8120271406249999 0.3945544515625 0.83274166875 0.416961271875 0.828009334375 0.424709940625 0.8093082624999999 0.44036965156249996 0.7923298234375 0.42240625468750004
0 1 0.5390487703125 0.9677180156249999 0.5083778015625 0.9428524640625 0.53677136875 0.927576028125 0.523061703125 0.9131091671875 0.5370687890625 0.8950100359375 0.5579033859375 0.9082523874999999 0.571423359375 0.898185778125 0.5817458078125 0.8791732546875 0.563592715625 0.835440590625 0.6096780109375 0.843680746875 0.62170773125 0.8589571828125001 0.6354174 0.8648933984375 0.6380185046875 0.8694596921875 0.6323018515625 0.8708296125 0.6406196125 0.9129228328125001 0.677305190625 0.9210591750000001 0.678063978125 0.92666330625 0.6847291140625 0.9932274375000001 0.6100605546875 0.9965276265625 0.6072970765625 1 0.564802028125 1 0.5390487703125
0 0.9600598390625 0.7400549046875 0.9214328500000001 0.6985738296874999 0.884964728125 0.7310041046875 0.92359171875 0.7724851796875 0.9600598390625 0.7400549046875
0 0.87776308125 0.9320112765624999 0.8636283015625 0.941954334375 0.8777424500000001 0.9698881109374999 0.8846126890624999 0.9736000718750001 0.9081499125000001 0.961462628125 0.91381626875 0.9548248171875 0.9020060624999999 0.9363196546875001 0.87776308125 0.9320112765624999