0 0.5569030421875001 0.9935027703125 0.556929775 0.99358723125 0.6287398953125 0.9927516453124999 0.6233946296874999 0.9740770390625 0.5569030421875001 0.9935027703125
0 0.6110221218749999 0.8611449406249999 0.60257275 0.8326679531250001 0.570698978125 0.8440471875 0.5677534203125 0.8427465703125 0.5639860765625 0.8290635312499999 0.52805055 0.8400633531249999 0.5244847218750001 0.824348196875 0.5215391625 0.823047578125 0.493835765625 0.8440456125000001 0.507277296875 0.8945238203124999 0.517834715625 0.8914081156250001 0.5160982484375001 0.8779147843749999 0.5317721734374999 0.9265505796875001 0.59308580625 0.9076666421875 0.598480996875 0.9256036218749999 0.6014265562500001 0.9269042421875 0.6490356984375001 0.9118675078124999 0.6452683546875 0.8981844718750001 0.6378580078125 0.9005686765625001 0.62564129375 0.8584086484375 0.6110221218749999 0.8611449406249999
0 0.5206402046874999 0.8424475578124999 0.5134313765625 0.8427996453125 0.5152607375 0.8450214718750001 0.5206402046874999 0.8424475578124999
0 0.5100827875 0.8455632640624999 0.5071372296875001 0.8442626453125 0.5067341984375 0.84832688125 0.5100827875 0.8455632640624999
0 0.3507911015625 0.8706770390624999 0.28940029843750004 0.9213433765625 0.3058802828125 0.9618506968749999 0.3205151796875 0.9796252984375 0.4504913453125 0.9917665109374999 0.3507911015625 0.8706770390624999
0 0.3009466640625 0.618882440625 0.30581448125 0.6111333796875 0.3053028296875 0.6059582296875 0.2774908140625 0.6177168765625 0.25648459687499997 0.6331876750000001 0.26471672812499997 0.6431858874999999 0.2698946796875 0.6426440953125 0.2629959859375 0.6502034515624999 0.31432675 0.7216539453124999 0.372880615625 0.6789263734375 0.32154985156250004 0.60747588125 0.275274146875 0.6400701828125 0.2723285890625 0.6387695625 0.27273161875 0.634705325 0.2850097796875 0.6245720593749999 0.29313329062500004 0.6253308859375 0.3009466640625 0.618882440625
0 0.218209509375 0.7711273921874999 0.31973911718750003 0.8944386906249999 0.349876421875 0.8695661250000001 0.2481453 0.7482869453125 0.218209509375 0.7711273921874999
0 0.352308878125 0.7313547234375 0.360122253125 0.724906278125 0.3613156203125 0.692202671875 0.326201878125 0.7155849140625 0.341348428125 0.738534665625 0.352308878125 0.7313547234375
0 0.12444900625 0.8485087109375 0.1506960734375 0.9145396953124999 0.15689732812499999 0.9243482015625 0.16410615625 0.9239961140625 0.1722453890625 0.9452658359375 0.1655482125 0.950793071875 0.1717924515625 0.9657329515624999 0.2815308515625 0.97598373125 0.1649407625 0.6882156859374999 0.1292996484375 0.6859118843750001 0.0844345484375 0.70428135625 0.0810859609375 0.7070449734375 0.0861710171875 0.7177746859374999 0.0754120828125 0.7229225109375 0.08497765 0.75047829375 0.0923879953125 0.7480940875 0.0951320375 0.7514268265624999 0.103271271875 0.7726965453125 0.09657409375 0.77822378125 0.10817053750000001 0.8059692703125 0.115379365625 0.8056171843750001 0.12300695156250001 0.821711753125 0.1311461859375 0.8429814734375001 0.12444900625 0.8485087109375
0 0.1846863609375 0.22039430625 0.24131942187500002 0.3210532875 0.27603013125000003 0.30173528437499997 0.28283593125 0.305447434375 0.290463515625 0.3215420046875 0.352273075 0.287322321875 0.35267610625 0.283258084375 0.337731071875 0.2582762140625 0.3338708328125 0.25586468125 0.32534429062500003 0.25917009375 0.322600246875 0.25583735625 0.27471096875 0.1703517390625 0.1846863609375 0.22039430625
0 0.21874825625 0.4143137171875 0.23194109843750002 0.40529136406250005 0.22685604062500003 0.39456165 0.24431215312500001 0.38388658750000004 0.24105645937500003 0.3753787015625 0.247552121875 0.3718835828125 0.2346379671875 0.34709141875 0.20530672499999997 0.363835509375 0.2113064609375 0.3756761359375 0.21831377500000002 0.3773561671875 0.1954781953125 0.390605140625 0.1898972125 0.395211171875 0.191726575 0.397432996875 0.1829985203125 0.402770528125 0.1949979953125 0.426451778125 0.1643490390625 0.44614919531249997 0.175123696875 0.461512265625 0.14224235000000002 0.48305209531250004 0.2097429640625 0.5878026390625 0.1855896734375 0.6040049390625 0.20948000156250002 0.6421280515625 0.262763021875 0.61121378125 0.253817725 0.5980725375 0.2911638578125 0.572847884375 0.231383725 0.47292040156250004 0.24254568906250001 0.46370834062500005 0.2301431828125 0.44409132656250005 0.2305462140625 0.44002708906250004 0.23480948437500002 0.43837438124999994 0.21874825625 0.4143137171875
0 0.0845985328125 0 0.09741862031250001 0.0256067640625 0.11225503437499999 0.041349246875 0.13402159062500002 0.09055416250000001 0.1518035625 0.10759726562500001 0.160330103125 0.104291853125 0.174127490625 0.08917314062500001 0.21919410625000002 0.0687715515625 0.2294413890625 0.0584485765625 0.2298444203125 0.054384337500000005 0.20366504531250001 0 0.0845985328125 0
0 0.1151420484375 0.36361690156250004 0.1343660765625 0.40745696093749995 0.17648713124999998 0.3857547515625 0.1655881296875 0.3406414 0.1151420484375 0.36361690156250004
0 0.0642614890625 0.349634853125 0.1540845796875 0.30162440468749996 0.069793846875 0.14915926875000002 0.03279919375 0.1708395296875 0.022467209374999998 0.27502922343749997 0.0642614890625 0.349634853125
0 0.13915381875 0.16281655781249998 0.12461181562500001 0.13377045 0.109791128125 0.1385388609375 0.09121881875 0.15013512812500002 0.105760821875 0.179181234375 0.13915381875 0.16281655781249998