0 0.7102089328125001 0.9158656953125 0.6851274796875 0.964049496875 0.7005630093749999 0.9722560640625 0.73237570625 0.967022703125 0.7185467359375 0.958551846875 0.7228790484375 0.952466259375 0.7223683640624999 0.9557740109375 0.7370352546875 0.9662561828125 0.8429427953124999 0.9488338140625 0.7526485953125001 0.9002875031249999 0.736030896875 0.9288111156250001 0.7143863406250001 0.9151784890625001 0.7102089328125001 0.9158656953125
0 0.5255825265625 0.96020728125 0.5289394359374999 0.9736245859375 0.45970240625000003 0.9957602515625 0.4577729328125 0.9974044515625 0.5509869078125 0.9968621484375 0.5608238703125 0.9952439140625 0.560161046875 0.9867563140625 0.5482024875 0.9543370156250001 0.5386254312500001 0.9548379125 0.5255825265625 0.96020728125
0 0.3777492953125 0.9684079593750001 0.3771296703125 0.990001484375 0.3043348609375 0.9912308296875001 0.3044365859375 0.9982965359374999 0.4394931015625 0.9975108 0.438878346875 0.9680231140625001 0.3777492953125 0.9684079593750001
0 0.4160745265625 0.922343803125 0.4044087703125 0.9231883046875 0.40219918125 0.8408091609375001 0.3048506125 0.842853996875 0.30639460937499996 0.93393926875 0.33461508906250004 0.9357443234374999 0.33470701875 0.9615191109375001 0.3383737421875 0.9641396562500001 0.3833038515625 0.963195884375 0.3832119203125 0.9374210984375001 0.40236602968749996 0.9364193015625 0.40403597812500003 0.9651582359375 0.4352116265625 0.9654025703125001 0.433265884375 0.8593392703125 0.41411177656250003 0.860341065625 0.4160745265625 0.922343803125
0 1 0.5996107921875 0.9449283984375001 0.560252071875 0.9580802453124999 0.536596928125 0.944635596875 0.5269882703125 0.921241103125 0.559850440625 0.9198639546875 0.564375309375 0.9296418828125 0.571363425 0.921797753125 0.5694300859375 0.8786754890624999 0.6377749734375 0.9006758234375001 0.6534982312500001 0.844912396875 0.7421905125 0.9107125296874999 0.7818712750000001 0.9604107171875 0.7016988171875 0.9368323640625 0.6830114109375 1 0.7256055875 1 0.6510289671875 0.9805572421875001 0.637133565625 0.9711350937500001 0.6322360812500001 0.9673134624999999 0.6350139203125 0.969557075 0.6292719359375 0.9356901093750001 0.6069041656249999 0.9491977359374999 0.5853396515625 0.9476197171875 0.58237550625 1 0.6180102609375 1 0.5996107921875
0 0.0757128515625 0.8590568140625001 0.2028599171875 0.8617811796874999 0.21712506562499997 0.8572853265625 0.220281103125 0.8632136171875 0.2331691015625 0.86324263125 0.245701321875 0.8611810125 0.2483007125 0.8575296609375 0.24678566875 0.8233923437499999 0.21978743125000003 0.822460803125 0.21509933750000002 0.826455759375 0.216648403125 0.7724719484375 0.21400305 0.76323590625 0.0760566890625 0.760138921875 0.0757128515625 0.8590568140625001
0 0.350032628125 0.717217546875 0.3408573171875 0.732696471875 0.356051903125 0.6958103296875 0.34698553125 0.6930034796875 0.3462739765625 0.6888222171875 0.3583584875 0.658895178125 0.31929274687500003 0.6438301109375 0.3255128921875 0.6299119078125 0.3058021328125 0.621334059375 0.2967357625 0.6185272078125 0.28842691249999997 0.6327890140625 0.265405209375 0.6236812546875 0.2515877703125 0.656042528125 0.24201071562499998 0.6565434265625 0.22681612968749998 0.6934295671874999 0.2501936125 0.704627959375 0.24743931875 0.7136776921875 0.25110604062499997 0.7162982359375001 0.29592720781250004 0.733640240625 0.2872625796875 0.745811415625 0.2858854328125 0.7503362828125 0.2895521546875 0.7529568265625 0.34257322968750004 0.7743228 0.3530627125 0.7854921781249999 0.388306825 0.8033350828125 0.39661567343750004 0.7890732765624999 0.4049704875 0.7876988640625 0.466392340625 0.82057781875 0.515453890625 0.8060594484375001 0.5215191296875 0.7975396265625 0.5070701234375 0.7504859046875 0.4398928421875 0.7153300078125 0.39918610625 0.7284739640625 0.3943431109375 0.7378673015625 0.3901657015625 0.7385545078125 0.3734101109375 0.7284159390625 0.3602582609375 0.7520710828125 0.3697433875 0.7257953968749999 0.350032628125 0.717217546875
0 0.5527747640625 0.722550228125 0.5491080421875 0.7199296859375 0.5771446609375 0.6701851624999999 0.488322825 0.6213966390625 0.46186422499999996 0.6741053078125 0.5281750421875 0.7104783218749999 0.5167561187499999 0.7316992296875 0.5630003984374999 0.7574037640625 0.578751634375 0.7300972671875 0.5583293171875 0.7173381546875001 0.5527747640625 0.722550228125
0 0.8746240343749999 0.576115840625 0.8791112546875001 0.5646318703125 0.8003771593750001 0.5120347015625 0.78886630625 0.507480821875 0.7266818625 0.6026022921874999 0.8172825906250001 0.661843975 0.8746240343749999 0.576115840625
0 0.70384401875 0.645044109375 0.7434664109375 0.6696888203125 0.7682380515625 0.6323017828124999 0.72825988125 0.605566440625 0.706598315625 0.635994375 0.70384401875 0.645044109375
0 1 0.4998389953125 0.9942078328124999 0.50916215 1 0.5130646453125001 1 0.4998389953125
0 0.6189118578125 0.41723549374999996 0.6000675609375 0.407440528125 0.5704529234375 0.45422090312499996 0.5711644796875001 0.458402165625 0.6250979812499999 0.4914384171875 0.6368726812500001 0.47230814062500004 0.6822504984375 0.4992297921875 0.6954023453125 0.47557464843749997 0.7041129374999999 0.47629086875000004 0.7101781765624999 0.4677710453125 0.7420364265625 0.41524868593750003 0.74305779375 0.4086331875 0.6559688828125 0.3574104296875 0.6189118578125 0.41723549374999996
0 0.040312031250000005 0.455465596875 0.005216500000000001 0.4483049375 0.0062759156250000005 0.5393508546875 0.014484996875 0.5875892625 0.040312031250000005 0.455465596875
0 0.8479627593749999 0.2301888015625 0.9846440875000001 0.3330991578125 0.9672211703125001 0.23071819218749998 0.9412428609375001 0.2105454 0.9516404140624999 0.19593998906250001 0.9460398937500001 0.18826466875 0.8812611296874999 0.14196840625 0.8592437859375 0.17030571249999998 0.8812441203124999 0.18602896875 0.8479627593749999 0.2301888015625
0 0.3712327421875 0.166768975 0.2587236109375 0.1175788234375 0.20294317187500002 0.2503316671875 0.3133636 0.2998654234375 0.3712327421875 0.166768975
0 0.8847269828125001 0.1370999359375 0.8889043890625 0.1364127296875 0.8961918703125 0.1287664234375 0.9160115703124999 0.119058496875 0.9241655124999999 0.1101950703125 0.9075648265625 0.09465812031250001 0.8947227906249999 0.1075165015625 0.8884566828124999 0.10854730937499998 0.876234271875 0.0998121671875 0.8736348843749999 0.10346351875 0.8801018671874999 0.1099217234375 0.82596749375 0.069396459375 0.8152141625 0.0819112375 0.793925384375 0.0703692421875 0.7622220421875 0.11749322031250001 0.775511784375 0.1325002609375 0.7599154578125 0.154408375 0.7683622 0.17880875000000002 0.8114964062500001 0.21147238437500002 0.874593278125 0.12802118906249998 0.8847269828125001 0.1370999359375
0 0.6056697359375 0 0.5963990359375 0.013673293750000001 0.5936907062500001 0.0356104203125 0.7070033234374999 0.11475662499999999 0.729933096875 0.09808959687499999 0.757659903125 0.0591418359375 0.772682571875 0.0717146421875 0.7922554359375 0.0416303078125 0.7515657109375 0.0107137015625 0.73770230625 0.03018758125 0.6954631703125 0 0.6056697359375 0
0 0.1012503484375 0.15745356875 0.1136276625 0.16079033125 0.119228184375 0.16846565156249999 0.15793814687500002 0.1814400875 0.172220303125 0.1328836671875 0.13019939687499998 0.11937932343749999 0.1257121765625 0.130863290625 0.1100239171875 0.12699661874999998 0.1012503484375 0.15745356875
0 0.1336192828125 0.10162345937499999 0.1505757828125 0.048328779687500004 0.02790170625 0.068509334375 0.0746878765625 0.083378925 0.0764208015625 0.08094469062500001 0.0792210609375 0.08478234999999999 0.1336192828125 0.10162345937499999
0 0.23107903749999997 0.0350855546875 0.22625080625 0.046625621875 0.28502730625 0.0702685359375 0.3037607375 0.02312901875 0.23107903749999997 0.0350855546875