0 0.6509687828125 0.26141078906250004 0.716074040625 0.303941909375 0.7673686187500001 0.224066390625 0.768339578125 0.23547717812500002 0.7838937078125 0.23651452343749998 0.7863063625 0.1784232359375 0.774913678125 0.17531120312499998 0.7448246562499999 0.1763485484375 0.75090388125 0.2012448125 0.76640973125 0.2105809125 0.768448209375 0.2168049796875 0.706436878125 0.1773858921875 0.6509687828125 0.26141078906250004
0 0.7738809875 0.53112033125 0.7752985421874999 0.465767634375 0.719294015625 0.4636929453125 0.7171831156249999 0.4699170125 0.6601352078125 0.46887966875 0.6712623484375 0.5176348546875 0.7540929875 0.5446058093749999 0.760317053125 0.5446058093749999 0.7738809875 0.53112033125
0 0.6728987734375 0 0.66475670625 0.03112033125 0.7465922468749999 0.050829875000000004 0.7593871156249999 0 0.6728987734375 0
0 0.7261457296875 0.355809128125 0.6928179375 0.37863070468750004 0.6557632234375 0.328838175 0.5630472906249999 0.3962655609375 0.607284959375 0.45954356875 0.6114343375 0.45954356875 0.6406127515625 0.43672199218749996 0.6447621296875 0.43672199218749996 0.6509379156249999 0.44502074687500004 0.6634343281249999 0.43672199218749996 0.68197375625 0.45954356875 0.7215497562500001 0.4325726140625 0.7246798953125 0.42946058125000003 0.722641415625 0.4232365140625 0.7559812796875 0.3983402484375 0.7261457296875 0.355809128125
0 0.27326540781249997 0.6369294609375 0.365305409375 0.685684646875 0.4334630421875 0.560165975 0.3414230390625 0.5114107890625 0.27326540781249997 0.6369294609375
0 0.2733874046875 1 0.279910546875 0.9211618250000001 0.2965080578125 0.9211618250000001 0.29996409062499996 0.8620331953125 0.2294608828125 0.855809128125 0.22400258125 0.9024896265625 0.1825088046875 0.9024896265625 0.1747185171875 1 0.2733874046875 1
0 0.192214428125 0.48236514531249997 0.183903603125 0.484439834375 0.0954215390625 0.5373443984375 0.13341100156250002 0.604771784375 0.1542303109375 0.5923236515625 0.162529065625 0.5923236515625 0.232278578125 0.5497925312499999 0.192214428125 0.48236514531249997
0 0 0.7802846625 0.0389757578125 0.7894190875 0.044132306249999996 0.7946058093749999 0.0440960953125 0.800829875 0.037727185937500005 0.825726140625 0.0490957296875 0.8329875515625 0.0615317921875 0.835062240625 0.08351518125 0.800829875 0.0690527109375 0.79045643125 0.079715840625 0.7406639 0.1180553375 0.7479253109374999 0.1525954921875 0.695020746875 0.1547184609375 0.6867219921875 0.16512811562500002 0.680497925 0.1860439859375 0.6514522828125 0.16436235 0.633817428125 0.137198271875 0.6670124484375 0.1061624328125 0.6524896265625 0.091518909375 0.6732365140625001 0.035574732812499996 0.66078838125 0.009502315625 0.684647303125 0 0.701574209375 0 0.7802846625
0 0 0.9674606421874999 0.0088679390625 0.9719917015625 0.058184389062499994 0.875518671875 0.0055151937499999994 0.835062240625 0 0.8462493078125 0 0.9674606421874999
0 0.055736909375 0.5829875515625 0.0557851890625 0.5746887968750001 0.040351759375000004 0.5529045640625 0.0163902421875 0.5705394187499999 0.042197115624999997 0.5923236515625 0.055736909375 0.5829875515625
0 0 0.1623519453125 0.0106020859375 0.13900415 0.010638296875 0.1327800828125 0 0.1280872203125 0 0.1623519453125