0 0.45202613906250005 0.61111784375 0.433959165625 0.5880021765625 0.4140689625 0.5761397953125 0.38329684531249997 0.5717378125 0.35122760625 0.5858780265625 0.266903609375 0.6509459890625 0.27184012812499997 0.6544266453125 0.2838246453125 0.6460141828125 0.2158955828125 0.6988614265625 0.225192121875 0.7140637171875001 0.2152686875 0.72263229375 0.19226519375 0.6960359703125001 0.18895738125 0.6988921625 0.174206240625 0.9245669671875 0.1808218640625 0.9188545828124999 0.19615752656250002 0.9365854640625001 0.20703944062500002 0.9291250671875 0.3845082640625 0.7913726296875 0.39663690625000003 0.780899925 0.392802990625 0.7764672046875 0.449850140625 0.7310803578125 0.41084075468750003 0.681524484375 0.40451338281250004 0.68311638125 0.3921972828125 0.6666497953125 0.405284403125 0.65728526875 0.40078025781250004 0.64762388125 0.40653113125000007 0.6542729625 0.4152078375 0.6487166921874999 0.4480410359375 0.6532747921875 0.4579644703125 0.6447062140625001 0.45202613906250005 0.61111784375
0 0.9123470296875 0.7692187609375 0.89758080625 0.7877763265625 0.9023732000000001 0.7933172265625 0.9770912203125001 0.8507557390624999 0.97932895 0.8187677375 0.9123470296875 0.7692187609375
0 0.8709379171875 0.73915715 0.787831440625 0.6831544171874999 0.773065215625 0.7017119828125 0.777857609375 0.707252884375 0.8549249640625 0.760727025 0.8641277734375 0.76245966875 0.8757303109375 0.74469805 0.8709379171875 0.73915715
0 0.68603109375 0.627806884375 0.6736142015625 0.642400078125 0.6733259515625 0.646520565625 0.690434446875 0.668528053125 0.6834297828125 0.70942070625 0.6787311171875 0.7173494515625001 0.7037019640625 0.7306322453125 0.7359223921875 0.6699023609375 0.738848225 0.6576970109375 0.68603109375 0.627806884375
0 1 0.5048526265625 0.9380879375 0.460494353125 0.9001166375 0.5145751578125 0.8968088249999999 0.5174313515625 0.8751457890625 0.501292365625 0.8440783609375 0.54554029375 0.8923409515625 0.581298921875 0.8983800750000001 0.5838275140625 0.9051398234375 0.5760548859375 0.96437805625 0.6178227609375 0.9965305203125 0.5728739109375 1 0.523278225 1 0.5048526265625
0 0.40443281718749996 0.284411796875 0.33613590000000004 0.23885103281250003 0.28171926875 0.32068244375 0.35001618749999996 0.3662432078125 0.40443281718749996 0.284411796875
0 0.72376358125 0.266140590625 0.7202541859375 0.33111634218749997 0.7273959125 0.332692871875 0.7277778921875 0.342042028125 0.733817015625 0.34457062031249996 0.7269564765625 0.3834030296875 0.7608922796875001 0.387009065625 0.7765232531249999 0.35609003281249996 0.78037129375 0.271463903125 0.72376358125 0.266140590625
0 0.725572684375 0.34394615625 0.70870204375 0.33334807187500004 0.702900775 0.3422288828125 0.7020360250000001 0.354590346875 0.7068284203124999 0.36013124687500003 0.7191949156249999 0.3610679421875 0.7248520593750001 0.354247378125 0.725572684375 0.34394615625
0 0.276638625 0.31926203124999997 0.284212728125 0.3146578265625 0.307561928125 0.2770743453125 0.2968745359375 0.266944609375 0.2678681890625 0.3113486546875 0.276638625 0.31926203124999997
0 0.4653572171875 0.27245720625000003 0.4626259046875 0.2670724203125 0.45615440781250005 0.2707245625 0.45960634375 0.2658081234375 0.45289699062500005 0.2580508640625 0.448774825 0.25773863124999996 0.40505265 0.3051703546875 0.42163504218750003 0.3198889296875 0.4653572171875 0.27245720625000003
0 1 0.06312301249999999 0.990730775 0.07821025000000001 0.9855060046874999 0.0788500828125 0.9139628828124999 0.0330434375 0.9115058171875001 0.0328573265625 0.86667676875 0.10402356093750001 0.92716173125 0.142779128125 0.9223189406250001 0.15276811875000001 0.9363141453124999 0.1600416609375 0.9430738921874999 0.15226903281249998 1 0.1898480515625 1 0.06312301249999999
0 0.2681413546875 0.100110928125 0.3467003546875 0.1174527375 0.35255201875000003 0.0930420375 0.414283709375 0.128785296875 0.4603118828125 0.048389665625 0.38362650781249996 0.00426468125 0.33649573125 0.08561237656250001 0.2753838734375 0.07062767656249999 0.2681413546875 0.100110928125
0 0.24240655000000003 0.0681298203125 0.276414865625 0.001608134375 0.23847259375 0.0013873921875 0.23349198906250002 0.0622766890625 0.24240655000000003 0.0681298203125
0 0.6650699640625 0.014191131249999999 0.7044347921874999 0.038919996875 0.7112882703125 0.0446170140625 0.709465040625 0.0558702984375 0.7570574031249999 0.0864002578125 0.7906182890625 0.036127709375 0.780889375 0.027106153124999997 0.7834677171875 0.0231591265625 0.6650699640625 0.014191131249999999
0 0.55551073125 0.0203907328125 0.612017653125 0.0567738234375 0.6388187921874999 0.014273906250000001 0.6356651828125 0.0119638765625 0.56458926875 0.0065802562499999995 0.55551073125 0.0203907328125