0 0.9722000078124999 0.6795407953125 0.9922300749999999 0.661927878125 0.99388248125 0.5199204484375 0.8933906578125 0.6157675499999999 0.889316353125 0.6215144609375 0.8941784546875 0.62663825 0.89010415 0.6323851640625 0.8111438171875 0.707815015625 0.9722000078124999 0.6795407953125
0 0.8402842953125 0 0.8282885562500001 0.01983420625 0.8586236218750001 0.0393517390625 0.8661041046875001 0.0359894703125 0.8796362125 0.0145057015625 0.8773924921875 0.0008958546875 0.8665058328124999 0.0018734796875 0.8638297921874999 0 0.8402842953125 0
0 0.7563286953125 0.521531175 0.7569697578125 0.5254197031250001 0.7637821140625001 0.5301889906249999 0.732176328125 0.569977 0.7939547890624999 0.6218270265625 0.8258811046875 0.5839832828125 0.8349642453125 0.5903423328125 0.8404944750000001 0.5873345640625 0.876495096875 0.5437439093750001 0.7939590390625 0.475641753125 0.7563286953125 0.521531175
0 0.6021275828125 0.46345191874999997 0.6655357656249999 0.51300318125 0.695511828125 0.47551393906249995 0.70459496875 0.481872990625 0.711754921875 0.4765664546875 0.744175565625 0.435629065625 0.661960040625 0.36947117343749997 0.6243296968750001 0.4153605953125 0.6321036453125 0.4259626765625 0.6021275828125 0.46345191874999997
0 0.4743496234375 0.3585166015625 0.5354870203125001 0.40647810156249997 0.5674133359375 0.36863435624999996 0.5784467296875 0.3746389078125 0.616077075 0.3287494828125 0.53191129375 0.26294609375 0.49428095 0.308835515625 0.5036846234375 0.3171388296875 0.4737085578125 0.35462807343749997 0.4743496234375 0.3585166015625
0 0.5790636375 0.7500006609375001 0.641471753125 0.7386566218749999 0.616346384375 0.714187059375 0.5790636375 0.7500006609375001
0 0.4416526515625 0 0.3968107046875 0.008151003125 0.3971514296875 0.012094125 0.388041225 0.017755159375 0.3958151734375 0.0283572375 0.39319679218750003 0.0368432953125 0.401785603125 0.0462959921875 0.41869682187499996 0.039216953124999995 0.417414696875 0.0314398984375 0.46503564375 0.021782485937500002 0.46079785156249997 0 0.4416526515625 0
0 0.26061376875 0.2621971625 0.16564968124999999 0.374579015625 0.23196971406250003 0.42960856875 0.32661326874999996 0.315282453125 0.26061376875 0.2621971625
0 0.1963408453125 0.09165017812500001 0.16868969843749998 0.106689015625 0.16365379687499998 0.1066031359375 0.1537828625 0.0893733828125 0.0799396234375 0.1288288625 0.0794452953125 0.13192250781249998 0.10888430625000001 0.1886496765625 0.112611015625 0.19297858437499998 0.116511521875 0.1922695828125 0.193934734375 0.15016083593750001 0.191517215625 0.1415889 0.19396180000000002 0.1381407515625 0.219983225 0.1254006796875 0.2331948 0.10197264843750001 0.2100196859375 0.077148584375 0.1953792515625 0.0858173859375 0.1963408453125 0.09165017812500001
0 0.153956659375 0.0843354734375 0.1664189109375 0.10509925312499999 0.17471425625 0.10058760156249999 0.16711410468750001 0.0849476109375 0.176544840625 0.0812308421875 0.1846393234375 0.093777184375 0.192934665625 0.089265534375 0.177881096875 0.064967728125 0.15576018125 0.0769987984375 0.153956659375 0.0843354734375
0 0.2484707078125 0.7490160671874999 0.1757087328125 0.8133065953124999 0.1842975453125 0.8227592921875001 0.29432660781250003 0.8017578421874999 0.2484707078125 0.7490160671874999
0 0.119295203125 0.4711161625 0.119936265625 0.4750046890625 0.1155414296875 0.47880733906249995 0.0929803109375 0.46989188593750003 0.0959462890625 0.4513300078125 0.087998540625 0.445765840625 0.057729012499999996 0.469290734375 0.054790099999999994 0.47583252812500004 0.0297302703125 0.49440539218749996 0.02760621875 0.499797803125 0.0658349015625 0.548919671875 0.06892054843749999 0.5493600515625 0.0855383015625 0.528316665625 0.1603972625 0.470653809375 0.1661012890625 0.46260813437500004 0.14050865625 0.42921213125 0.1354727578125 0.429126253125 0.104388365625 0.4538005296875 0.119295203125 0.4711161625
0 0.03385020625 0.7569888609375 0.0295087921875 0.761115553125 0.0398632125 0.823922896875 0.0491431125 0.81929118125 0.088522846875 0.7901052515625 0.0909674296875 0.7866571046875 0.07833137812499999 0.7709312359375 0.0788257078125 0.7678375890625 0.140820690625 0.7235269453125001 0.11944909374999998 0.6913662046875 0.11604291874999999 0.6889815609375 0.101723015625 0.6995946265625 0.0735390640625 0.6626646 0.0197631109375 0.7020006734375001 0.021057446875 0.7098517953125 0.0436285390625 0.74319626875 0.033703471875 0.7500066859375 0.031258890625 0.753454834375 0.03385020625 0.7569888609375
0 0 0.5821225671875 0.0054019687500000005 0.6148895671875 0.065139709375 0.5690713140625 0.0202724671875 0.5101422453125 0 0.5261239828125001 0 0.5821225671875