0 0.9392117171875001 1 0.9410275406249999 0.9844551328125 0.928746671875 0.9689959375000001 0.8885119765624999 1 0.9392117171875001 1
0 0.959552071875 0.756960278125 0.9537728375000001 0.7633661015625 0.9168012171875001 0.8559136484375 0.9541712265625 0.8719348484375 0.9674270703125 0.75845443125 0.959552071875 0.756960278125
0 0.9567914859375 0.504951775 0.9948319375000001 0.44996010625 0.99513415625 0.42398745781249997 0.8953355546875 0.35918715 0.85255890625 0.42390619531249996 0.8532039093750001 0.42699825156250004 0.8672907875 0.4356103625 0.8652525750000001 0.4444452734375 0.9567914859375 0.504951775
0 0.94120819375 0.526377703125 0.9287209234375 0.5471406625 0.930010928125 0.5533247734375 0.9226578859375 0.564589853125 0.9554498671875 0.5853473921875 0.9839848343750001 0.5391828484375 0.972993975 0.5299077640625 0.98333983125 0.53609079375 0.9866680515624999 0.53343999375 0.99399110625 0.5222208578124999 0.9948189375000001 0.451077240625 0.9547532734375 0.5137866843750001 0.94120819375 0.526377703125
0 0.7744876875 0.24810569531249999 0.7751326890625 0.2511977515625 0.7929605890625 0.26223895 0.7758034890625 0.2885241328125 0.78679435 0.2977992171875 0.7769902921875 0.312819321875 0.7736620734375 0.3154701203125 0.72327439375 0.28168355625 0.7179079609375 0.2931692625 0.7104259203125001 0.2883110921875 0.74270190625 0.244575634375 0.739657490625 0.23618306718749998 0.7563501875 0.2138735390625 0.7487391484375 0.1928921203125 0.7390898953125 0.180745609375 0.7186303796875 0.1663917265625 0.7051885062500001 0.16087166875 0.612823990625 0.0902054015625 0.6075091625 0.0926355703125 0.5598820859375 0.1558091296875 0.56602251875 0.1635387265625 0.6528916015624999 0.2295674546875 0.6603736421875 0.2344256234375 0.6654562734375 0.23398328125 0.6605542437499999 0.2414933359375 0.6845225765625 0.2602641296875 0.6705130968749999 0.2768308046875 0.6760085265625 0.2814683453125 0.662231246875 0.29604719375 0.6873089859375 0.31393438906250004 0.692623815625 0.31150422031249997 0.7046466859375 0.29471691718750004 0.69915125625 0.29007937500000003 0.706633296875 0.2949375453125 0.6921594125 0.31547987499999997 0.689889 0.32630261250000003 0.789374353125 0.38769162968750004 0.8067636546875001 0.3594186171875 0.807408659375 0.362510675 0.7951535875 0.38128580625 0.81870911875 0.3949767171875 0.8213407328125 0.3982894015625 0.816206503125 0.40778728124999997 0.8395298328124999 0.42346602187500004 0.8446124625 0.42302367968750004 0.85955075 0.3985056953125 0.8417228484375 0.387464496875 0.8393234359375 0.382163984375 0.8689678109375001 0.33511584375000003 0.86370458125 0.3284904734375 0.8725282312499999 0.3304772171875 0.8847833015625 0.31170208593750004 0.919794096875 0.33069242499999996 0.9097578374999999 0.3477003578125 0.9123894531250001 0.35101304375 0.99546925 0.395189478125 0.9967668921874999 0.283670465625 0.958829725 0.2635442953125 0.953747096875 0.2639866375 0.9475034593749999 0.274368115625 0.9173430921874999 0.2569232625 0.9122604640624999 0.2573656046875 0.9080034375 0.2679677109375 0.87761086875 0.252510684375 0.8682712140625 0.2635551359375 0.8743342515625001 0.24610594375 0.8875439249999999 0.2536138296875 0.8935553593750001 0.245220178125 0.81213010625 0.19288453125 0.8090340890625001 0.193547503125 0.7744876875 0.24810569531249999
0 0.8289160890625 1 0.87030934375 0.952437934375 0.8742825671875 0.9528791921875 0.894277678125 0.9712087296874999 0.9047267390625 0.9592806796875 0.9419821515625 0.9332139578125 0.9481096875 0.9238263921875 0.9484170125 0.9211954453125 0.93372610625 0.90914048125 0.8891950578125 0.8941268812500001 0.8852218359374999 0.8936856234375 0.874772775 0.9056136734375 0.8652525203125 0.9095904125000001 0.8252622984375 0.8729313375000001 0.7969337375000001 0.8828737265625 0.7551374953125001 0.9305859234374999 0.754569890625 0.9526726546875001 0.8068155203125 1 0.8289160890625 1
0 0.962390090625 0.7240508078125 0.95601745625 0.7183090390625 0.9575396640625 0.722505321875 0.962390090625 0.7240508078125
0 0.7699725984375 0.769130634375 0.7723720125 0.774431146875 0.8412325968750001 0.8223509640625 0.8524556578125001 0.8296382203125001 0.8661297343750001 0.8331704500000001 0.911357396875 0.764696378125 0.8928844953124999 0.7505631265625 0.8977865250000001 0.743053071875 0.8953871124999999 0.7377525609375 0.8738181921875 0.724282278125 0.8800618265625 0.7139007984375 0.83142855625 0.6823226906250001 0.7699725984375 0.769130634375
0 0.8627242015625001 0.11292475312500001 0.8710834468750001 0.1188871515625 0.94660046875 0.1615053734375 0.9883193140625 0.08861438906249999 0.9151964125 0.046262053125 0.9016173984375 0.044753996875 0.8631886046874999 0.10894909687500001 0.8627242015625001 0.11292475312500001
0 0.7512675125 0.6019368296875001 0.7583883546875 0.5926595781249999 0.7577433515625 0.5895675234375 0.7513191140625 0.5928812906250001 0.7420826625 0.5858146640624999 0.734961821875 0.5950919156250001 0.7012926359375 0.5732301484375 0.6813749203125 0.5800793984375 0.6421586921875 0.64015981875 0.7449206640625 0.707953575 0.7130574796875 0.756768915625 0.7172113015625 0.764277884375 0.7319431828125 0.775982053125 0.765147978125 0.724295284375 0.7684761953125 0.7216444875 0.773971628125 0.726282028125 0.7772998453125 0.72363123125 0.82188250625 0.6520651046875 0.8157420734375 0.64433550625 0.753899128125 0.6052495140625 0.7512675125 0.6019368296875001
0 0.8060928374999999 0.4771406171875 0.80054580625 0.4815586140625 0.79814639375 0.4762581015625 0.82394654375 0.44489195 0.8026098234375001 0.4294338390625 0.7995654078125 0.42104127187499996 0.7663606234375 0.39520385 0.7111999046874999 0.4625747765625 0.7107355015625 0.4665504328125 0.7188625453124999 0.47450065781250006 0.7870265234375 0.5283839593749999 0.7909997453125001 0.528825215625 0.8181415046874999 0.49458763906250003 0.8144004828125 0.492158553125 0.8208247203125 0.488844784375 0.8402006328124999 0.46079240156249995 0.8227339328125 0.4638866265625 0.8193541124999999 0.47559296250000005 0.8103498625000001 0.46653850781250006 0.8060928374999999 0.4771406171875
0 0.8390912453125001 0.30662762187500003 0.8341892156249999 0.3141376734375 0.8337248125000001 0.31811333125 0.8390912453125001 0.30662762187500003
0 0.8266039718749999 0.32739058125 0.8143489 0.3461657109375 0.813884496875 0.35014136875 0.827248975 0.3304826375 0.8266039718749999 0.32739058125
0 0.8007264515625 0.101005375 0.80382246875 0.1003424046875 0.8370788656249999 0.039600098437499995 0.8329405203125001 0.0371268859375 0.6597301 0.017890503125000002 0.65694225 0.022614928125 0.6426231687499999 0.01599064375 0.7020667 0.0497761234375 0.712464159375 0.046903612500000004 0.7117675546875 0.0528670953125 0.8007264515625 0.101005375
0 0.7276087515625 0.8389295640625001 0.6527883437499999 0.71282366875 0.595383015625 0.74772746875 0.6675718093749999 0.870520678125 0.672190034375 0.8740539921874999 0.6883667265625 0.86477565625 0.6839291015625 0.8683100546875 0.688495725 0.88089890625 0.6816070875 0.8881883296875 0.6910241375 0.9023226671875 0.7136250656249999 0.8897305640625 0.7125672609375 0.881558625 0.6959003703125 0.8605782890624999 0.6905855390625 0.863008459375 0.7276087515625 0.8389295640625001
0 0.6460723390625 1 0.42159322968749996 0.779773934375 0.4143433890625 0.7729279359375 0.40838355625 0.77226605 0.3928260703125 0.750402115625 0.360085690625 0.7205890375 0.30118395 0.7855308796875 0.2814468375 0.799447840625 0.20742620937499998 0.88183995625 0.1832514703125 0.8992913140625 0.1823226640625 0.907242625 0.17525342500000002 0.9074643359375001 0.1697063921875 0.9118823328125 0.1206109859375 0.964824746875 0.4373399765625 1 0.6460723390625 1
0 0.586998028125 0.24238560625 0.6299036671875 0.271314 0.6481443687499999 0.28743508125 0.6657142703125001 0.26622978124999996 0.65209179375 0.25364201249999996 0.6498729828124999 0.2554092125 0.6514467921875 0.2505499578125 0.6488151765625 0.247237271875 0.604155128125 0.2161004234375 0.5988402984375 0.21853059218749998 0.584598615625 0.23708509375000003 0.586998028125 0.24238560625
0 0.552425821875 0.3402336640625 0.5487364109375 0.2512248515625 0.520691653125 0.250123875 0.5191436484375 0.211693265625 0.516512034375 0.20838058125 0.4862484625 0.20904680312499999 0.48292024375000003 0.2116976015625 0.48599045625 0.2543244953125 0.4758251984375 0.255209178125 0.482378425 0.3455428484375 0.552425821875 0.3402336640625
0 0.481294796875 0.535709153125 0.37850701875000003 0.5112052609375 0.360395315625 0.511207428125 0.29401154531249996 0.493766909375 0.27827345000000003 0.542359453125 0.2359612125 0.5255786546875 0.21596610156249998 0.5072491171875 0.21000626875 0.5065872296875 0.19746739375 0.5364057265625 0.18864374374999998 0.5344189828125 0.184851121875 0.5410454359375 0.1841545171875 0.54700891875 0.18877274375 0.5505422328125 0.2751516265625 0.5863122875 0.2834334765625 0.5670958984375 0.34385741406250003 0.58387453125 0.347185634375 0.581223734375 0.35691229375 0.541024840625 0.3561640875 0.5560438624999999 0.342361003125 0.6139125734374999 0.455959040625 0.6406238390625 0.4597516640625 0.6339973859375 0.481294796875 0.535709153125
0 0.4525018421875 0.4721030078125 0.45554625781249997 0.4804955765625 0.4484770171875 0.4807172875 0.36723236406250004 0.43544935156250003 0.3619691359375 0.42882398437499997 0.322572315625 0.404312503125 0.31725748593750003 0.406742671875 0.2998681828125 0.43501568281249997 0.290193125 0.46615903750000004 0.2908381296875 0.4692510921875 0.33186035937499997 0.4798477796875 0.3381039953125 0.4694663015625 0.3451732359375 0.4692445890625 0.3544096875 0.476311215625 0.46264129374999996 0.5145081890625 0.47169714531249995 0.5145071046874999 0.47997899374999997 0.4952907171875 0.4817076078125 0.463264846875 0.47708938281249996 0.45973153437500003 0.4557010609375 0.4533289609375 0.4525018421875 0.4721030078125
0 0.42809494687500005 0.1039212453125 0.3985795828125 0.089568446875 0.43206817031250006 0.10436250312499999 0.4393696125 0.1021529609375 0.45546890468749995 0.0676958390625 0.45306949375 0.0623953265625 0.4444780453125 0.0584207546875 0.4498444765625 0.0469350484375 0.41062825781249995 0.029491278125 0.4062422328125 0.0239701375 0.40149500937499993 0.004313575 0.39688218750000004 0.00230899375 0.3722709015625 0.002165809375 0.3437542765625 0.059316279687499994 0.34527648437499997 0.06351256250000001 0.34241266875 0.062187706249999995 0.3324280109375 0.07014010000000001 0.32951259374999997 0.07787078124999999 0.3228561546875 0.08317237656250001 0.271281653125 0.1801390046875 0.3232431421875 0.20906631406249998 0.3629753765625 0.1359547015625 0.386453509375 0.12446682656250001 0.3945031578125 0.10723826562500001 0.4043846125 0.11739694687499999 0.43002995781250003 0.11319741093749999 0.42809494687500005 0.1039212453125
0 0.39396135625 0.0860351328125 0.3915103421875 0.08979015781250001 0.39104594062500003 0.0937658125 0.396825171875 0.0873599890625 0.39396135625 0.0860351328125
0 0.3739146453125 0.0767611328125 0.371050828125 0.075436275 0.369889821875 0.0853754140625 0.3739146453125 0.0767611328125
0 0.27489362812499996 0.5540657890625 0.2722104140625 0.5598086437500001 0.27086880468749996 0.562680071875 0.27373262187499997 0.5640049265625 0.27489362812499996 0.5540657890625
0 0.2189847765625 0.0162622203125 0.2815243265625 0.049384728125 0.28683915625 0.046954559374999996 0.31097993281249997 0.0018092281250000001 0.22292478437500002 0.0012969390625 0.2163531609375 0.012949534374999998 0.2189847765625 0.0162622203125
0 0.17974220000000002 0.001045709375 0.11920524375 0.000693515625 0.1654752734375 0.026428490625000002 0.17974220000000002 0.001045709375
0 0.1108821421875 0.226761065625 0.075871346875 0.2077707234375 0.061371665625 0.1940787296875 0.039828542187499996 0.21484277187499998 0.0244258515625 0.24333641093749997 0.0279346703125 0.247753325 0.021742635937499998 0.2490792640625 0.020450784375 0.25152472812500004 0.0139094796875 0.3075234359375 0.0480329734375 0.325495975 0.069911503125 0.284633028125 0.0822955734375 0.28198114687500003 0.1108821421875 0.226761065625
0 0.09168685625 0.0293085875 0.049100149999999995 0.006263665625 0.0324755078125 0.1485836609375 0.09168685625 0.0293085875