0 0.9724822218750001 0.23131438593750003 0.857919525 0.3737151390625 0.9224537265625001 0.42403664843750005 0.988165246875 0.3417259640625 0.9815974375 0.23927839999999997 0.9724822218750001 0.23131438593750003
0 0.9960074078125001 0.464051415625 0.9479035250000001 0.5190207124999999 0.9023274421874999 0.47920064531250006 0.88829714375 0.4952333578125 0.8222118249999999 0.437494259375 0.7552040609375 0.51636293125 0.8906556625000001 0.6326869390625001 0.9026816343749999 0.6189446125 0.927611240625 0.63870495625 0.9416415390624999 0.6226722437500001 0.95061951875 0.6284955625 0.9961381234375001 0.663800165625 0.9971926671875 0.48253960781250005 0.9960074078125001 0.464051415625
0 0.9680651328125001 0.061750375 0.970309628125 0.0632062046875 0.966484125 0.0035343203125 0.9485995609375 0.0265560890625 0.919249584375 0.0049544359375 0.9152409265625 0.0095352109375 0.90398414375 0.0017208890625000002 0.8552898093750001 0.064257465625 0.9222400546875 0.11871067500000002 0.9680651328125001 0.061750375
0 0.8351758734375 0.8913740234375 0.9448202046875 0.9406926953125 0.9844663 0.955123803125 0.9945722328125 0.9329538656249999 0.99542329375 0.7866690937499999 0.8999335953125 0.74385340625 0.8351758734375 0.8913740234375
0 0.9967336078125 0.56144506875 0.9506610203125 0.6123655 0.9519376578125 0.615501696875 0.9798610203125 0.581295578125 0.9842813906250001 0.5831368890624999 0.9904316124999999 0.578406421875 0.9966957234375 0.5679568328125 0.9967336078125 0.56144506875
0 0.8409591656250001 0.6963687078125 0.8303470734375 0.715387925 0.8220552828125 0.720268084375 0.7914956421875 0.78046193125 0.814874134375 0.7928046859375 0.8190200296875 0.79036460625 0.8181551031250001 0.7936504953125 0.8238521140625 0.7986280031249999 0.84837000625 0.811966259375 0.8525159015625 0.8095261796875001 0.8636354468749999 0.8151998062500001 0.8742475390625 0.796180590625 0.860849190625 0.788515959375 0.8956919624999999 0.728022728125 0.8409591656250001 0.6963687078125
0 0.789561575 0.699961315625 0.7957117984375001 0.69523085 0.8206414046875 0.7149911921875 0.8295236453125 0.702543753125 0.7964809859375 0.673674203125 0.7585647421874999 0.6526713187500001 0.6899643640625001 0.740252465625 0.7387799125 0.797048403125 0.7298019359375 0.7912250859375 0.680121459375 0.7377150359375 0.6708275046875001 0.7437403875 0.6778011546875 0.7518540953125 0.6760713015625 0.758425871875 0.652156596875 0.7880512171875 0.6885759625000001 0.8360373328125 0.7357734203125 0.800483984375 0.7432002828125001 0.798889715625 0.746934465625 0.79002755 0.730708359375 0.7718091359375 0.789561575 0.699961315625
0 0.685952815625 0.191134259375 0.678937665625 0.199150615625 0.6796238546875 0.2098540921875 0.6696022125 0.22130602968750002 0.6931179421875 0.23578947968750003 0.705967340625 0.23489132656249997 0.7047322 0.21562506875 0.717402859375 0.2287162828125 0.7063790531249999 0.2413134140625 0.699679878125 0.23748109843749998 0.63668076875 0.31176899687500004 0.6390968124999999 0.3159006953125 0.6320816625 0.3239170515625 0.62866345625 0.320930546875 0.634539203125 0.3119186890625 0.6644668921875 0.27542218281249997 0.64053945 0.25451664687500003 0.6365307921875 0.259097421875 0.6069063406249999 0.233214378125 0.5696890265625 0.27344585 0.5755232734375 0.28056405156249997 0.5866843171875 0.2701076171875 0.5756605109375 0.2827047484375 0.5644037281250001 0.27489042656249996 0.5336111140625001 0.314672821875 0.589304575 0.361311709375 0.6153608453125 0.3315366734375 0.616637484375 0.33467287031250004 0.5967314375 0.35971743906250003 0.6252164890625 0.38460498125 0.637379696875 0.373003353125 0.665906246875 0.3817608328125 0.6784811703125 0.376581290625 0.6851803453125 0.3804136046875 0.6933348953125 0.3733927515625 0.715120771875 0.3944479796875 0.7061012953125 0.404754721875 0.6941168234374999 0.40236698437499996 0.7012277109375 0.41262138593750003 0.6833259921875 0.43537556874999994 0.6868814359375001 0.44050276874999994 0.79183420625 0.315976040625 0.7529573 0.27998828750000004 0.783583915625 0.3047261375 0.7947449609375 0.2942697015625 0.76525774375 0.270527353125 0.7771464781249999 0.2546443328125 0.7237318203124999 0.20999645 0.6990766875000001 0.1945174984375 0.685952815625 0.191134259375
0 0.5200849828125 0.5231210765625 0.5133858078125 0.5192887609375 0.5009896234375 0.5104789390625 0.5049982796875 0.5058981640625 0.5013056 0.49863026875000005 0.4542741390625 0.46966336875000003 0.44712175312499997 0.47553903125 0.4100001765625 0.5340412578125 0.4148322609375 0.5423046546875 0.41096084062499993 0.5490261249999999 0.4079543484375 0.55246170625 0.39669756562499997 0.5446473859375 0.374196740625 0.579549621875 0.37447121562499996 0.5838310140625 0.44287683749999995 0.627431053125 0.46679154218749996 0.597805709375 0.4937254765625 0.6152756640625 0.5000129375 0.612685890625 0.5516020046875 0.645634796875 0.5550202109375 0.648621303125 0.5212211015625 0.691839278125 0.5631045015625 0.7243914499999999 0.607199728125 0.674002928125 0.6660369203125 0.7193469296874999 0.760556334375 0.5998500515625 0.6869069156250001 0.541564528125 0.65310780625 0.5847825046875 0.6486874359375 0.5829411921875 0.6287813875 0.6079857625 0.6017102171875 0.5883751125 0.5639024499999999 0.6361738640625 0.602026190625 0.5765264421875 0.6017517140625 0.5722450515624999 0.5782359859375 0.5577616015625 0.5527286671875 0.5960994187499999 0.5808307640625 0.5479039343750001 0.5326599046875 0.517941534375 0.528239534375 0.5161002234375001 0.5200849828125 0.5231210765625
0 0.631698315625 0.9722557046875 0.6244086921875 0.9759906703125001 0.6215394359374999 0.9815669453125 0.6276805578125 0.9918891328124999 0.7581455515625 0.9827698406250001 0.717210990625 0.9135964484375 0.6364346624999999 0.9622483453124999 0.6291865375000001 0.9498532484375 0.6250406421875 0.9522933281249999 0.6220341484375 0.9557289093750001 0.631698315625 0.9722557046875
0 0.6069638609375 0.0998924953125 0.6536538671875001 0.0396463046875 0.6119077046875 0.0092348296875 0.5652177 0.0694810203125 0.6069638609375 0.0998924953125
0 0.57845005 0.14166589375 0.6000859484375 0.11004954687499999 0.5650389625 0.083470384375 0.5332441828125 0.1243979734375 0.530965378125 0.122406971875 0.4942012765625 0.1529304671875 0.459881978125 0.12092472031249998 0.4538689921875 0.1277958828125 0.4495858609375 0.1280952671875 0.424381778125 0.104053534375 0.4200986453125 0.10435291875 0.36484237343750003 0.1651978765625 0.4642448265625 0.2560879140625 0.521505425 0.19295256875 0.4940225390625 0.166919834375 0.494887465625 0.16363394375 0.499033359375 0.1611938640625 0.5353569859375 0.19090922187499998 0.57845005 0.14166589375
0 0.5170690328124999 0.308303078125 0.5498659781249999 0.26623029531250003 0.5262130109375 0.24960615156250002 0.49341606718750003 0.29167893437500003 0.5170690328124999 0.308303078125
0 0.58519033125 0.850789828125 0.5581606578125 0.8150491171875001 0.5458602109374999 0.82451005 0.5343289515625 0.8124143390624999 0.505582165625 0.833776284375 0.5027129109375 0.8393525609375001 0.5459686875 0.8933116875 0.5747154765625 0.871949740625 0.5777219703124999 0.868514159375 0.5730271234375001 0.8623914562499999 0.58519033125 0.850789828125
0 0.56854923125 0.9938720265625 0.565933028125 0.996205184375 0.5689924078125 0.9959913390624999 0.5728323640624999 0.99357264375 0.5690024453125 0.984164053125 0.5659959531250001 0.987599634375 0.56854923125 0.9938720265625
0 0.5378334421875001 0.6154180203124999 0.5120389078125 0.5989435671875001 0.5056142109375 0.59939264375 0.5258489703125 0.6130302828125 0.5378334421875001 0.6154180203124999
0 0.44498643125 1 0.4483470453125 0.9979733890625001 0.42290998437500005 0.953520203125 0.36901335468749996 0.9852412375 0.3640025328125 0.9909672046875 0.36914543437499997 1 0.44498643125 1
0 0.3778959859375 0.25137211718749997 0.39438382656250004 0.2233410421875 0.35733251250000003 0.19905226874999998 0.340981909375 0.2292240390625 0.3778959859375 0.25137211718749997
0 0.272757915625 0.7253336125 0.2507933 0.7182677515625 0.22970635156250002 0.7584468796875 0.2184495703125 0.7506325578124999 0.2111599453125 0.7543675234375 0.18848038125 0.8032591265625 0.2474963109375 0.8346137609375001 0.2505028046875 0.8311781796875 0.25123049218750004 0.8257515968750001 0.211309921875 0.8070390984375001 0.2056129109375 0.802061590625 0.20875664062500002 0.8007667046875 0.3111113484375 0.8538203421875 0.31539448124999997 0.8535209578125 0.3584333046875 0.7698768125 0.272757915625 0.7253336125
0 0.2086802078125 0.4975814265625 0.1904625140625 0.5321842796875 0.21739645 0.5496542343749999 0.2097908484375 0.5652378703125 0.2354481453125 0.5795716265624999 0.240733440625 0.57812705 0.247474115625 0.565829303125 0.2742708140625 0.5811585609375001 0.2782794703125 0.5765777875 0.273543125 0.5865851453125 0.2925012453125 0.5970865875 0.314590359375 0.5557622656250001 0.3108976765625 0.5484943703125 0.2964971640625 0.541974934375 0.33334426562499997 0.47919131562499995 0.3330697890625 0.47490992500000007 0.249398728125 0.4280763375 0.2136910296875 0.49185545937499997 0.20854296875 0.4954407328125 0.192865815625 0.4857850984375 0.176103503125 0.5095347828125 0.17250655625 0.5205376421875 0.18918587656250002 0.5290480828125 0.2086802078125 0.4975814265625
0 0.22575232656250002 0.0760067921875 0.2243384484375 0.0707299015625 0.2110773375 0.065205965625 0.2050643515625 0.072077128125 0.2017833859375 0.0712313171875 0.17600158906250002 0.1052877453125 0.1816986 0.11026525312499999 0.1858444953125 0.107825175 0.2696112921875 0.17292951875 0.29252383437499996 0.1444493671875 0.2943909234375 0.14001828593750001 0.28983331562500003 0.13603627812500002 0.29525585 0.1367323953125 0.29826234375 0.1332968140625 0.2360069453125 0.08496630937500001 0.22575232656250002 0.0760067921875
0 0.2183254625 0.0776010625 0.21404233125 0.0779004453125 0.2875545109375 0.13404527500000002 0.2183254625 0.0776010625
0 0.1603531953125 0.028971171875 0.2277981546875 0.057586343750000005 0.2302141953125 0.0617180421875 0.25054920625 0.016215753125 0.163095534375 0.022328621875 0.1603531953125 0.028971171875
0 0.19994466093750002 0.7304231406249999 0.2133430109375 0.7380877703125 0.220495396875 0.732212109375 0.245316528125 0.683170815625 0.2406216828125 0.6770481125 0.256107359375 0.6501622328125001 0.25469348125 0.6448853390625 0.23915356562499998 0.637370403125 0.23600983593749997 0.6386652875000001 0.192106084375 0.725595325 0.1761129578125 0.7277883609375 0.15361213125 0.7626905984375 0.1601740671875 0.7643822171875 0.1619996578125 0.776081196875 0.16814988125000002 0.7713507296875 0.1788577140625 0.77060226875 0.183868534375 0.7648763015625 0.1833195828125 0.7563135203125 0.19994466093750002 0.7304231406249999
0 0.19184763124999998 0.6041221125 0.1875644984375 0.604421496875 0.1759502421875 0.6245859078125 0.15636016875 0.63778180625 0.16775419062500002 0.6477368218749999 0.1521312765625 0.6724820078125 0.177925809375 0.6889564609375001 0.1915443953125 0.6665016640625 0.199108496875 0.6670480890625 0.22434133906249998 0.6244288796874999 0.19184763124999998 0.6041221125
0 0.042656225 0.3909203875 0.033678246875 0.38509707187500003 0.011451896875000001 0.4242806984375 0.10865854531250001 0.480919609375 0.1697363234375 0.3766619765625 0.0725296765625 0.320023065625 0.0481617578125 0.35935638281250004 0.057276974999999994 0.36732039843750003 0.04566271875 0.3874848078125 0.042656225 0.3909203875
0 0.1471714109375 0.8803314953125 0.1533631328125 0.8594709671875 0.175685221875 0.838558096875 0.1862015765625 0.8012681234375 0.1083232640625 0.7776828015625 0.0845585375 0.8599797203125 0.1471714109375 0.8803314953125
0 0.1163089265625 0.2814832125 0.074837240625 0.25535312656250003 0.038855065625000004 0.3148508578125 0.062370795312500005 0.32933430625 0.07225519999999999 0.3157416734375 0.0765383328125 0.3154422890625 0.0813704171875 0.3237056875 0.09021115625000001 0.3273883109375 0.116583403125 0.2857646046875 0.1163089265625 0.2814832125
0 0.08652793125 0.5383739953125 0.0908110640625 0.5380746109375 0.11130756093750001 0.5054627593750001 0.0877918328125 0.4909793109375 0.071029515625 0.5147289953125 0.067432571875 0.52573185625 0.08652793125 0.5383739953125
0 0 0.339773046875 0.026912093749999998 0.296333059375 0.025498215624999997 0.29105616562500003 0 0.2764697140625 0 0.339773046875
0 0.027559675 0.8768655765625001 0.019711948437499998 0.871895046875 0.020784690624999998 0.8886281500000001 0.027559675 0.8768655765625001