0 0.5650567515625 1 0.67957294375 0.9784065421875001 0.68610863125 0.9687550109374999 0.6203383953125 0.9169608203124999 0.554104528125 1 0.5650567515625 1
0 0.8648236203125 0.74141570625 0.8165183140625001 0.6821187109375 0.760347465625 0.728491796875 0.7562626625 0.7345240046875 0.759079284375 0.7382024687500001 0.7566284015625 0.74182179375 0.728542978125 0.7650083359375001 0.7490762953125001 0.789551140625 0.7645130703125 0.7824307703125 0.7844573796875001 0.7660413015625 0.7884851953124999 0.7705437765625 0.7815552734375 0.778164859375 0.7988777359375 0.79699875 0.8648236203125 0.74141570625
0 0.3528592078125 0.7737569953125 0.36105731093750004 0.7564252406249999 0.3242987515625 0.734941909375 0.3140724921875 0.7526560953125 0.327789865625 0.763750625 0.303960209375 0.7493009265625 0.2393633078125 0.8551444796875 0.23812361875 0.8595878109375 0.2748821796875 0.8810711453125 0.2883477875 0.86379853125 0.3194446078125 0.8831922765625 0.3742379796875 0.7918260203124999 0.333451603125 0.7658402140625 0.348802896875 0.7745218640625 0.3528592078125 0.7737569953125
0 0.604274353125 0.5905908 0.6607777625 0.632556040625 0.6639886171875 0.638264953125 0.652551165625 0.6551551328125 0.70260436875 0.6909698875 0.7160699765625 0.6736972734375 0.7225486765625 0.6745804203125 0.7780735265625001 0.597809740625 0.6634612796875 0.5110248015625001 0.6128666890625001 0.5752894937499999 0.604274353125 0.5905908
0 0.0423801375 0.76641799375 0.05787892343749999 0.770445184375 0.10095926562499999 0.5970961031249999 0.0044365312499999995 0.570994309375 0.0423801375 0.76641799375
0 0.8381059093750001 0.5117699640625 0.8108659390625 0.528482725 0.841791796875 0.5794805046875 0.8600736890625 0.5707712609375 0.8817612125000001 0.6066727515625 0.952494884375 0.564920415625 0.90548625625 0.4906454125 0.853034475 0.5236885015625 0.8457388140625 0.5240117953125 0.8381059093750001 0.5117699640625
0 0.40160597343750004 0.526724303125 0.35413675625 0.6124999265625 0.4757359109375 0.6811291015625 0.52281089375 0.59332303125 0.40160597343750004 0.526724303125
0 0.9475786734374999 0.35010680625 0.884900634375 0.40086408437500004 0.9388391859375 0.46751800781249997 0.993341828125 0.42338124375 0.9890698671875 0.40137905625 0.9475786734374999 0.35010680625
0 0.4460306140625 0.4794089296875 0.4662551796875 0.4861192703125 0.463353075 0.498242825 0.49732350625 0.5107803546875 0.51270329375 0.5141946625 0.517210825 0.504925565625 0.5738282124999999 0.5258214484375 0.5948174328125 0.4660868265625 0.574198634375 0.4573460390625 0.5791573875 0.43957271093749994 0.47400674374999996 0.40151854531250003 0.4460306140625 0.4794089296875
0 0.2960895890625 0.4813723515625 0.26005782499999996 0.5502577921875 0.300872696875 0.570976259375 0.31969129218750003 0.5379607656250001 0.3520278 0.5529111796875 0.37701634375 0.502946365625 0.2960895890625 0.4813723515625
0 0.0419003640625 0.4282731453125 0.0283492734375 0.46134777812500005 0.07564284375 0.482949390625 0.0912220890625 0.4494923234375 0.0419003640625 0.4282731453125
0 0.594741315625 0.33034244375 0.5783736046875 0.35973861406249996 0.612315540625 0.3775434828125 0.6282890203125 0.346116865625 0.594741315625 0.33034244375
0 0.9438073031249999 0.2981982828125 0.9655432265625 0.280208109375 0.9597572218750001 0.2504080328125 0.923924665625 0.22827987031250002 0.8873038937500001 0.256233040625 0.8852472453125 0.26188281406249997 0.9438073031249999 0.2981982828125
0 0.8366663640625 0.10371281406249999 0.7917335125 0.17006709375 0.865616371875 0.22033155 0.910549221875 0.1539772703125 0.8366663640625 0.10371281406249999