0 0.000830021875 0.14266863125 0.0010404750000000001 0.1788423796875 0.0150924703125 0.18733479687500001 0.0383099609375 0.1527334796875 0.0097190796875 0.1303351296875 0.000830021875 0.14266863125
0 0.002011653125 0.345773803125 0.002328884375 0.4003012078125 0.0271545875 0.36396432500000003 0.002011653125 0.345773803125
0 0.054379117187500006 0.7057600468749999 0.0616836234375 0.6956251 0.085420428125 0.6459798578125 0.0235151453125 0.6148986984375 0.016738434375 0.622179084375 0.034261928125 0.7288980328125 0.0459707046875 0.7031032765624999 0.054379117187500006 0.7057600468749999
0 0.0413975609375 0.5781508328125 0.0721040234375 0.5952265999999999 0.09532151093749999 0.5606252828125 0.08256274218750001 0.54968121875 0.0541180125 0.534241778125 0.0328429984375 0.568535153125 0.03348150625 0.572423690625 0.0413975609375 0.5781508328125
0 0.1293780171875 0.6709293140625 0.10236780937500001 0.7370525296875 0.1167498015625 0.745744384375 0.18949833124999999 0.776103996875 0.207553853125 0.734341490625 0.186213565625 0.7257552984375 0.1992263109375 0.6957640640625 0.13569780625 0.6669351156250001 0.1293780171875 0.6709293140625
0 0.151423421875 0.2225762546875 0.135272059375 0.2091777 0.1373876390625 0.2038551171875 0.10990066875 0.1942484828125 0.050972264062499995 0.278398425 0.0924950171875 0.3067261984375 0.151423421875 0.2225762546875
0 0.17028209218749998 0.4709414328125 0.183387071875 0.4718562125 0.1981691875 0.44657167812500004 0.187672146875 0.43726394218750003 0.1812062125 0.4342992296875 0.1776405109375 0.43685938125 0.126259225 0.4031124078125 0.12107030156250001 0.40792477031249996 0.10555744375000001 0.398414753125 0.09045607343749999 0.42175502031249995 0.1082306609375 0.4329013625 0.0861440390625 0.46832084375000005 0.1428603953125 0.5042143640625001 0.1698166890625 0.46203825312499996 0.17028209218749998 0.4709414328125
0 0.2017235265625 0.37718485625 0.23566507187500002 0.3229295296875 0.226618153125 0.3163842234375 0.23116856874999997 0.307683325 0.1833529828125 0.2713761984375 0.2021931609375 0.2404611390625 0.1697173265625 0.2186786734375 0.14618058437499998 0.2513357203125 0.1642744265625 0.264426334375 0.11720094218749999 0.32974043124999997 0.1793985203125 0.3747394109375 0.18847239843750002 0.36931116406250003 0.1933151125 0.37452808593750003 0.2017235265625 0.37718485625
0 0.2378488296875 0.7185669734375 0.221351253125 0.7151977015625001 0.19903761250000002 0.7795789281250001 0.2570848953125 0.7993024203125 0.2588542671875 0.8040091203124999 0.25494235781249996 0.8165985546875 0.2877644015625 0.8283517390625 0.294749653125 0.8162725234374999 0.32016359687499996 0.740427965625 0.2407760234375 0.7121182828125 0.2378488296875 0.7185669734375
0 0.17517871875 0.45221124843749994 0.1821370140625 0.4521055859375 0.18086000156249998 0.4443285125 0.17517871875 0.45221124843749994
0 0.3276652671875 0.355224365625 0.317925925 0.36873762656250003 0.2813920328125 0.3525856859375 0.25130848437500003 0.4181986796875 0.33455405312500003 0.45786603125 0.33843900625 0.457250146875 0.3685225578125 0.39163715312499997 0.346863015625 0.38110669375 0.352717403125 0.36820931562500003 0.3276652671875 0.355224365625
0 0.42332629375 0.773945525 0.415729490625 0.77016265 0.3568705921875 0.751565265625 0.33032578749999997 0.8265916593749999 0.399043215625 0.8506082453125 0.4058823203125 0.8315701203125 0.41736407499999995 0.8347371125 0.42550714999999995 0.8115025078125001 0.42649186875 0.8053617609374999 0.415502471875 0.799124396875 0.4239648 0.7778340609375001 0.42332629375 0.773945525
0 0.5073678796875 0.89128699375 0.5112528328125 0.8906711093749999 0.533231628125 0.9031458375 0.55549135625 0.8627117171875 0.55485285 0.8588231796875 0.53626665 0.848802940625 0.5228424171875 0.8459438921875 0.5322894640625 0.818512809375 0.4668184796875 0.7899918031250001 0.4562405703125 0.8166047234375 0.44928227343750005 0.8167103843750001 0.44392024531249996 0.8265373890625 0.44583576562499994 0.838203 0.42372218593750005 0.8855960312500001 0.49565910312500006 0.9170817484375 0.5073678796875 0.89128699375
0 0.534024746875 0.622739496875 0.5691510734375 0.5453552312500001 0.5673817015625 0.5406485296875 0.48558625 0.5037436109375 0.48219365468750003 0.5012891203125001 0.48367072968749997 0.49207799999999996 0.42385407343750003 0.467647809375 0.41915750625000003 0.46938979999999997 0.39573995625 0.520979309375 0.439059040625 0.5420402296875 0.439697546875 0.545928765625 0.42343835468749996 0.580424421875 0.5280242109375 0.6286779640625 0.534024746875 0.622739496875
0 0.59581796875 0.8473417578125 0.5394435875 0.9470458484375 0.61071504375 0.9866165812500001 0.6654662015625 0.8891647015625 0.65917336875 0.88118535 0.59581796875 0.8473417578125
0 0.5843829984375 0.607774096875 0.5701471515625001 0.606041153125 0.5517454203125001 0.65783294375 0.6773792703125 0.700754859375 0.7052280484375 0.6215319859374999 0.617432059375 0.5905655328125 0.6089697328125 0.6118558703125 0.5895719203125 0.602961734375 0.5843829984375 0.607774096875
0 0.6562844953125 0.9424871578125 0.67904794375 0.9658093328125 0.70137295 0.9682547765624999 0.7141856328125 0.9552517375 0.67753255 0.9201673343750001 0.6562844953125 0.9424871578125
0 0.7572251156250001 0.5255141531249999 0.7066015265625001 0.5145881796875 0.7008663312500001 0.5464180187500001 0.7495474421874999 0.557651934375 0.7572251156250001 0.5255141531249999
0 0.915564715625 0.9193372468750001 0.8417122765625 0.8761859187500001 0.8038588203125 0.9430306796875 0.8260065265625001 0.9554786312499999 0.9021300671875 0.9434107265625 0.915564715625 0.9193372468750001
0 0.9278311265625 0.9333516843749999 0.9238000234375001 0.927008659375 0.9157108640624999 0.9262961578125 0.9049241718750001 0.9429677765625 0.9238579843749999 0.9399661890625 0.9278311265625 0.9333516843749999