0 0.39414910625 0.097326303125 0.3951064921875 0.0943387203125 0.40399997968749995 0.0912587921875 0.39882059375 0.072468259375 0.4047495875 0.0704149734375 0.4067797859375 0.074359940625 0.4137123359375 0.0732871234375 0.415973396875 0.097072353125 0.41898406406250005 0.100013765625 0.43978171093749996 0.09679531875 0.43745139218749995 0.0670580125 0.4651815859375 0.0627667515625 0.457657996875 0.0033254499999999998 0.408275584375 0.0039000671874999996 0.40499129843750004 0.0059225765625 0.404057 0.010894184375000001 0.3951635109375 0.0139741125 0.3982896109375 0.0268356546875 0.37851860937500004 0.033018595312499996 0.368552303125 0.029165975 0.292455871875 0.0548551234375 0.2945553296875 0.0647521671875 0.28269734375 0.0688587375 0.286873171875 0.0866688015625 0.2919602125 0.09752323125 0.304844840625 0.09638115625 0.32544695 0.1616231609375 0.32843453125 0.16258054375 0.40649190468749996 0.134884284375 0.39414910625 0.097326303125
0 0.6291754171874999 0.08764649062499999 0.6301327984375 0.08465890937500001 0.6255875921875 0.035104425 0.6136372609375 0.031274890625 0.611332940625 0.00355663125 0.5384638265625 0.003132690625 0.536986759375 0.0093474078125 0.5353512703125001 0.0031145828125 0.495636559375 0.0028835296874999998 0.46845705156250006 0.0031997906249999998 0.48021184375 0.07548977500000001 0.5059811 0.073205628125 0.5089917671874999 0.0761470375 0.5091071984375 0.08606716875 0.51209478125 0.087024553125 0.541809003125 0.08271020625 0.5467344390625 0.079676453125 0.54764565 0.0727208171875 0.549722021875 0.080633834375 0.593301340625 0.074173859375 0.59547005625 0.090022984375 0.611342265625 0.08983829531250001 0.6291754171874999 0.08764649062499999
0 0.236499821875 0.10610575 0.1168702421875 0.1422229265625 0.13959489375 0.2193460015625 0.1445665046875 0.22028029999999998 0.26221205625 0.1841862078125 0.2415637765625 0.1149761515625 0.236499821875 0.10610575
0 0.7308347171875 0.21246630312499998 0.755646590625 0.21316973906249997 0.7563269375 0.186373840625 0.7315150671875 0.18567040625 0.7308347171875 0.21246630312499998
0 0.2674267671875 0.2912774546875 0.30811084843750003 0.29179619843750004 0.3079261578125 0.2759239890625 0.2870823375 0.27517438125 0.28673604531249997 0.2454139875 0.2698602796875 0.24461820781250002 0.2669650421875 0.251596928125 0.2674267671875 0.2912774546875
0 0.446335421875 0.3189600859375 0.46218454531250003 0.3167913703125 0.46340672656250004 0.25129541875 0.3969303046875 0.2510767921875 0.394727653125 0.31757630312499996 0.40268684375 0.319467984375 0.4027330171875 0.32343603593750003 0.39878805 0.3254662359375 0.39911125625 0.3532426015625 0.44973855625 0.3556299421875 0.4523798453125 0.3268269328125 0.44640468125000005 0.32491216562499997 0.446335421875 0.3189600859375
0 0.139260840625 0.2759022921875 0.0375105828125 0.3137957203125 0.0662104 0.3928335625 0.073189121875 0.3957288 0.0889920734375 0.38959203124999997 0.098254940625 0.41825652343749997 0.1032727234375 0.4231588734375 0.139827146875 0.40983560781249995 0.1275766953125 0.38021373125 0.130471934375 0.373235009375 0.1709713234375 0.3578815453125 0.139260840625 0.2759022921875
0 0.19975125 0.35853880781249997 0.2414388859375 0.36003802500000004 0.24109259375 0.33027763125 0.2004085109375 0.329758884375 0.19975125 0.35853880781249997
0 0.757447315625 0.3679237875 0.7572626265625 0.35205157656249997 0.75044550625 0.36304452187499997 0.757447315625 0.3679237875
0 0.40276973125 0.582386090625 0.6171830828125 0.5917969359375 0.6213697609375 0.525274340625 0.6200429984375 0.49651750312500004 0.568435228125 0.4951337203125 0.5643286578125 0.483275734375 0.4065177703125 0.478166996875 0.40276973125 0.582386090625
0 0 0.7565365765625 0.0008822750000000001 0.8323592156249999 0.0485076984375 0.8325608687500001 0.052914390624999995 0.8702111953125 0.12331269375000001 0.86641559375 0.1224123296875 0.7890385703125 0.1164371640625 0.787123803125 0.1153412640625 0.7782072265625 0.08560395781249999 0.7805375484375 0.0837122734375 0.7884967406250001 0.067840065625 0.7886814296875 0.0632717703125 0.73714291875 0 0.739502209375 0 0.7565365765625