0 0 0.5039493953124999 0.0099663078125 0.5098045390625 0.040362271875 0.455861440625 0.00019321875 0.43493745156249997 0 0.43825590156249994 0 0.5039493953124999
0 0 0.6377456578125 0.1375921765625 0.71036828125 0.14965876250000001 0.693835009375 0.1792241953125 0.636819103125 0.1744853875 0.6315218984375 0 0.540805878125 0 0.6377456578125
0 0 0.838953659375 0.045925440625 0.863084671875 0.078803075 0.801193625 0.0628083625 0.7811697609375 0.019700109375 0.75871475 0.014492384375 0.7614710078125 0.010945725 0.7703728812499999 0 0.7641431125 0 0.838953659375
0 0.12328266875 0.12395975781249999 0.129203696875 0.126289671875 0.1314509078125 0.12236845625 0.180597415625 0.1451400171875 0.1878178921875 0.1424892734375 0.20177007656249998 0.11090851406249999 0.1771382078125 0.1005294171875 0.1779588125 0.08643585468750001 0.15427470625 0.0771161984375 0.1550953109375 0.0630226375 0.0960022734375 0.037710128125 0.0931589890625 0.0345318046875 0.097653409375 0.026689373437500004 0.0868763484375 0.0210756203125 0.080369171875 0.028812537500000002 0.0753959078125 0.0275420640625 0.04760876875 0.0886902171875 0.12328266875 0.12395975781249999
0 0.1254722046875 0.225050121875 0.0717835234375 0.332298940625 0.1768281 0.383244784375 0.2283867984375 0.2779038140625 0.22175246875000001 0.2704877265625 0.1254722046875 0.225050121875
0 0.15504139374999998 0.584053803125 0.15374194375 0.5890344609375 0.1565852265625 0.592212784375 0.2192348515625 0.6257897875 0.2291813828125 0.628330734375 0.261941790625 0.568453053125 0.2612284859375 0.56336688125 0.188749559375 0.525235565625 0.18437236562499998 0.53106463125 0.16293546875 0.5178237578125 0.14247611093749998 0.557141434375 0.099367859375 0.5346864203125 0.08245516093750001 0.5651022234374999 0.1185773953125 0.5861812468750001 0.12733178125 0.574523115625 0.1333700390625 0.5748396640625 0.150898659375 0.5858561375 0.15504139374999998 0.584053803125
0 0.27869138437499996 0.8702383593749999 0.2670837890625 0.8615517984375 0.2715782125 0.8537093671875 0.26683940625 0.8484121625000001 0.22005733906249997 0.81970601875 0.1813759078125 0.8772537859374999 0.1765198703125 0.8739699453125 0.16457051250000002 0.8884898531250001 0.1599588609375 0.8983456515625001 0.1657626578125 0.9026889312499999 0.128263446875 0.95726940625 0.16603826875 0.98348384375 0.31451622968750004 0.9912676171875001 0.2363460625 0.9387013640624999 0.27869138437499996 0.8702383593749999
0 0.2114495125 0 0.2097615296875 0.0083323640625 0.24469161874999998 0.015212309375 0.24900710625000003 0 0.2114495125 0
0 0.325750028125 0.148710440625 0.3262189453125 0.14065697500000002 0.24463394374999997 0.12022389062500001 0.2391917609375 0.12700688124999998 0.2227579078125 0.1665355875 0.2965362828125 0.199686246875 0.3025745390625 0.2000027953125 0.30493898124999996 0.1940682125 0.314533825 0.20264925625000002 0.33040138125 0.2075201171875 0.3523946484375 0.15919505312499999 0.325750028125 0.148710440625
0 0.27832225781250003 0.0270729125 0.25941665937499997 0.0917159375 0.25622168749999996 0.0945777125 0.25231341406249996 0.0923533140625 0.24900120937499998 0.0972284546875 0.2638037765625 0.1030532390625 0.26782928125 0.10326427187500001 0.27007649375 0.09934305624999999 0.319574690625 0.11607451875000001 0.32276966093750004 0.11321274374999998 0.3427402515625 0.04761579375 0.27832225781250003 0.0270729125
0 0.283009903125 0 0.282806753125 0.0020641109375 0.3116985859375 0.008627509375 0.31381870312500004 0 0.283009903125 0
0 0.266672546875 0.7645936843750001 0.3063513671875 0.7939372031249999 0.326478890625 0.7949923625 0.3472998625 0.766800959375 0.29210517187499996 0.72654648125 0.266672546875 0.7645936843750001
0 0.3195585953125 0.49776136875 0.3144681 0.4985042625 0.3076092375 0.512281275 0.32324233593749996 0.5211788687500001 0.316617934375 0.5309291515625 0.3174484640625 0.53400195625 0.35866119375 0.5543380890625 0.363751690625 0.5535951953125 0.375222203125 0.5299623828125 0.37450890000000003 0.5248762109375 0.3195585953125 0.49776136875
0 0.45262101250000003 0.06751273906250001 0.45238655312500003 0.07153947031249999 0.5002534625 0.133624428125 0.529838746875 0.11094126093750001 0.54689845 0.1300111984375 0.5879641734375001 0.1008615875 0.5320363296874999 0.0211881984375 0.5118988828125 0.0029666703125 0.46337822500000003 0.0387937546875 0.45993886718750004 0.028515892187500003 0.43247364062500004 0.032124840625 0.43319686874999996 0.0543773828125 0.4360401515625 0.057555706250000005 0.4545066078125 0.0524652515625 0.459118259375 0.0426094546875 0.495612034375 0.09198111875000001 0.4663486640625 0.057125079687500004 0.45262101250000003 0.06751273906250001
0 0.4339120484375 0.26747335 0.5342178171875 0.31312198750000003 0.5421515968749999 0.3155574171875 0.546763246875 0.30570161875 0.5504370640625 0.31195275 0.5995835734375 0.3347243109375 0.6047912953125001 0.3319680515625 0.6140146 0.31225645625 0.6104580125 0.3039919609375 0.6263057203125 0.2745300828125 0.6236968953125 0.2673250265625 0.5804714140625 0.24688338124999998 0.57538091875 0.24762627343750002 0.5673398359374999 0.264370578125 0.5688737453125 0.255363190625 0.5778625890625 0.239678325 0.52089953125 0.21245796874999998 0.532604503125 0.18479842500000002 0.47658920625 0.1586375078125 0.47126425312500003 0.163407134375 0.42727771875 0.2600572625 0.4339120484375 0.26747335
0 0.42186102031250006 0.9252023734374999 0.43843195625 0.9179930374999999 0.4460041203125 0.9093021968749999 0.41414185000000003 0.8844074734375 0.4124907125 0.895428228125 0.40385355624999997 0.9050729937499999 0.40907120625 0.9194831046875 0.42186102031250006 0.9252023734374999
0 0.50223026875 0.48108405468750004 0.5297054203125 0.494641475 0.5759490921875 0.4112364984375 0.50062688125 0.3699268625 0.43841827499999997 0.48480708124999994 0.48235705781249993 0.5103348999999999 0.48744755156249997 0.5095920078125 0.50223026875 0.48108405468750004
0 0.5100529875 0.08667963281249999 0.5279432234375 0.108822378125 0.511235209375 0.083712340625 0.5100529875 0.08667963281249999
0 0.6218070078125 0.889235528125 0.5439931984374999 0.83870746875 0.5328743734375 0.85630018125 0.49402608593749997 0.8300294687499999 0.4685934625 0.8680766703125 0.46930676406250005 0.8731628453125 0.4819793484375 0.8808954796874999 0.47382103593749997 0.89965315 0.5749672625 0.965540965625 0.580057759375 0.9647980703125001 0.62441583125 0.8964405828125 0.6218070078125 0.889235528125
0 0.5488932296875 0.3037937703125 0.551140440625 0.29987255468749996 0.5513748984375 0.295845821875 0.5488932296875 0.3037937703125
0 0.5535048812500001 0.29393797187500004 0.555752090625 0.29001675625 0.5559865515625 0.285990025 0.5535048812500001 0.29393797187500004
0 0.5581165328125001 0.284082175 0.5603637453125 0.2801609578125 0.560598203125 0.27613422656250003 0.5581165328125001 0.284082175
0 0.5627281828124999 0.27422637656250004 0.5649753953125 0.2703051609375 0.5652098546875 0.266278428125 0.5627281828124999 0.27422637656250004
0 0.6405698906249999 0.1682437484375 0.6378438359375 0.163052059375 0.6425826406249999 0.1683492640625 0.6382054484374999 0.17417833124999998 0.6410487328125 0.17735665312499999 0.681909775 0.20373288281250002 0.6870002703125 0.20298999062499998 0.709120690625 0.16981792812500002 0.6984608578125 0.162190809375 0.6931359046875001 0.1669604328125 0.6939664359375 0.170033240625 0.6891104 0.1667494015625 0.7069708578125 0.137393040625 0.643725159375 0.09671649843749999 0.6385174359375 0.0994727578125 0.626216390625 0.12003276249999999 0.6105832906249999 0.11113516875 0.5916578390625 0.1414454546875 0.6353621656249999 0.1710000078125 0.6405698906249999 0.1682437484375
0 0.6402815109375 0.6933016484375 0.6370865390625 0.6961634234375 0.6312827421875 0.69182014375 0.6179167046875 0.7133340734375 0.5828594625 0.6913011250000001 0.5595568203125 0.7274404765625 0.6655590828125 0.7966121312500001 0.6734928609375 0.799047559375 0.7390235953125 0.69645856875 0.6659485953125001 0.6512277140625 0.6402815109375 0.6933016484375
0 0.6682842375 1 0.6711203718750001 0.9958255671874999 0.6704070703125 0.99073939375 0.6372453499999999 0.970825328125 0.6074057546875 0.9632024906250001 0.5884803078124999 0.9935127765624999 0.5980734046875 1 0.6682842375 1
0 0.7107162312499999 0.010360156249999999 0.7695510046875 0.050805460937500005 0.7929808031250001 0.029819110937499997 0.8603990125 0.1201924265625 0.8987486078125 0.10301749687499999 0.8846394906249999 0.0679461453125 0.8868867015624999 0.0640249296875 0.8743214203124999 0.037112559375 0.8795291437499999 0.0343563 0.8843851812500001 0.0376401390625 0.9117728828124999 0.10471003281249999 0.9955753156249999 0.069722796875 0.978026396875 0.0243735609375 0.8679966703125 0.0186053875 0.8699343015625001 0.02577525625 0.8664311046875 0.018523315625 0.7107162312499999 0.010360156249999999
0 0.7813074859375 0.31698755625 0.79279785 0.32768748125 0.8119974609374999 0.362015940625 0.8256178078125 0.370808015625 0.8311772218750001 0.3620116578125 0.8360332578125 0.365295496875 0.8447876437499999 0.3536373671875 0.8549785578125 0.36931795 0.8855413796875 0.3991933296875 0.8900457265625 0.40851726718750003 0.92697864375 0.398336359375 0.9736236296874999 0.39472313125 0.9710148046875 0.38751807656250004 0.9772875187500001 0.383807890625 0.969822659375 0.37331899687500003 0.974551540625 0.361449834375 0.9504958921875 0.3238375375 0.9115204484375001 0.28241382187499997 0.8688035875000001 0.3225841859375 0.898496175 0.280721284375 0.7583745046875 0.1734097546875 0.7531667796875 0.1761660125 0.707264871875 0.23636452187499998 0.7079781734374999 0.24145069375 0.7901791 0.3033160578125 0.7813074859375 0.31698755625
0 0.75927639375 0.5046569375 0.7222560265625 0.5683503187500001 0.7955654859375 0.609554440625 0.83235139375 0.5498877921875 0.8315208625 0.546814984375 0.75927639375 0.5046569375
0 0.795110784375 0.027911260937499998 0.8016179593749999 0.0201743453125 0.7964102343749999 0.022930603124999997 0.795110784375 0.027911260937499998
0 0.9618907578125 0.5788933625 0.957376484375 0.5524030546875001 0.9615192171875 0.550600721875 0.96544734375 0.5871578578125 0.980504221875 0.6232886484375 0.990676528125 0.6219520015625 0.99548545 0.5393608249999999 0.9669614015624999 0.54381773125 0.9592620828125 0.53735556875 0.9565360281249999 0.532163878125 0.9628087421875 0.5284536953125001 0.938147096875 0.46657549062500003 0.9238233734374999 0.4698636109375 0.9072226625 0.4255738390625 0.8358484265625 0.455154075 0.8354967390624999 0.46119417343749997 0.8491270125 0.48715261875 0.926706359375 0.5417074109375 0.93475736875 0.5421294750000001 0.9410300828124999 0.5384192890625 0.92435184375 0.5648083609375 0.9543185921875 0.5875842015625 0.9618907578125 0.5788933625
0 0.9572206796874999 1 0.9639072671875001 0.9950184656250001 0.9611812125 0.9898267765625001 0.9494563875 0.9831535812500001 0.9459097265624999 0.9920554562499999 0.9375070296875 0.9976734875 0.9717936843749999 0.9462567921874999 0.9730210765624999 0.9251768515625001 0.9090245625 0.8800584125 0.9051162875 0.8778340140625 0.900856325 0.8816497156249999 0.893157003125 0.8751875531250001 0.84583841875 0.9423800859375 0.8456039578125001 0.9464068171875001 0.9260910453125 1 0.9572206796874999 1
0 0.96862434375 0.7579731390625 0.9858664640624999 0.704562803125 0.9872018234375 0.681628596875 0.9852728046875001 0.6800849609374999 0.882133678125 0.64842436875 0.871142009375 0.6811700843749999 0.8717380796875001 0.6882696234375001 0.8846451265624999 0.6919755265624999 0.87436675625 0.7298074171875 0.96862434375 0.7579731390625
0 0.88409868125 0.770707834375 0.8711916359374999 0.7670019296875 0.865280534375 0.7818383843750001 0.9075582546875 0.801220590625 0.9247054109375 0.76677805625 0.9129805875000001 0.7601048625 0.9145144953125 0.7510974734375 0.8967514140624999 0.74410773125 0.88409868125 0.770707834375
0 0.9981254406250001 0.32220950937500004 0.978664496875 0.30814839374999997 0.966597909375 0.324681665625 0.9847226046875001 0.342797678125 0.99194308125 0.3401469375 0.9875658875 0.3459760015625 0.9978901140625 0.3626587078125 0.9981254406250001 0.32220950937500004