0 0.12218275625 0.9081092906249999 0.051666871875 0.9847159 0.2640083125 0.9933646359375 0.2934572640625 0.9606531703125001 0.22214993437500002 0.8973449546875001 0.1717771375 0.9525179484375 0.12218275625 0.9081092906249999
0 0.6950155078125 1 0.661374359375 0.9226527250000001 0.6582284953124999 0.9214648765625 0.5776099953125 0.9595102046875 0.5960292765624999 1 0.6950155078125 1
0 0.9102837046875001 0.8575510062499999 0.7971168546875 0.8847331796875 0.787432775 0.889637328125 0.8133423296875 0.9828879734375 0.9906474671875 0.9375171375000001 0.9955516265625001 0.7690406000000001 0.9806408718749999 0.7714004859375 0.9782149796875 0.78189884375 0.963328875 0.7834119609375 0.959586278125 0.7663040578125 0.9447001703125 0.7678171765624999 0.9439185734375 0.7582478921875 0.9386549265624999 0.7569737859375001 0.9152360625 0.76025879375 0.91196695625 0.763304790625 0.9207072390625 0.8272437796875 0.9323242374999999 0.8287766609375 0.9579225046875001 0.8234609859375001 0.9663320171875001 0.8259229421875001 0.9108382953125 0.8384986984375 0.9074459453125 0.8457785421875 0.9102837046875001 0.8575510062499999
0 0.5596169828125 0.8856569015625 0.5609531718749999 0.8761738734375 0.555339275 0.8505120203125 0.5521934093749999 0.849324171875 0.47116304062500003 0.865098678125 0.46783231406250003 0.8702615984375001 0.47356945 0.8916896046874999 0.480950884375 0.8930499703124999 0.5470951453125 0.8787885828125 0.5555662796874999 0.8791336140625001 0.5596169828125 0.8856569015625
0 0.1876460015625 0.807983125 0.060452559375000006 0.6978905531249999 0.013225628125 0.754251396875 0.140480690625 0.8622270437499999 0.1876460015625 0.807983125
0 0.8080528375 0.8004012812499999 0.7664787625 0.8082454046875001 0.75525096875 0.7569216984375 0.7521051046875 0.75573385 0.7317704859374999 0.7623236296875 0.7412502234375 0.8008595406250001 0.7017939281250001 0.808789921875 0.7044468234375 0.8269131562500001 0.6990599343749999 0.829872896875 0.6564577765624999 0.8366154265624999 0.6551215890625001 0.8460984546875 0.65989226875 0.8643079468750001 0.7494553921875 0.8467615515625001 0.7578649046875 0.8492235046875001 0.8165661125 0.835718678125 0.8080528375 0.8004012812499999
0 0.589755740625 0.7607781890624999 0.5843688499999999 0.7637379296875 0.5386824484375 0.767175690625 0.5416855921875 0.809686671875 0.5477924578125 0.8184131390625 0.54760759375 0.8247639093749999 0.566667646875 0.82554023125 0.55171991875 0.829170271875 0.560418059375 0.8581368984375001 0.59878465 0.8512218484374999 0.5943220765625 0.8224277390625 0.6305092609375 0.8175433562500001 0.628164471875 0.7888355046875 0.6770583578125 0.78446866875 0.680327465625 0.7814226718749999 0.6790723796875 0.7516994859375 0.7088445921875001 0.748673253125 0.707034915625 0.738002378125 0.70286096875 0.7357129390625 0.714539590625 0.7351288953124999 0.715752534375 0.7298797171875 0.7108164703125001 0.6809317078125 0.7077938500000001 0.6755100125 0.6889186609375 0.6683829203125 0.581508428125 0.6799038171875 0.589755740625 0.7607781890624999
0 0.5398142921875 0.8011327203124999 0.5170506015624999 0.709069925 0.513966359375 0.7057651515625001 0.4970240890625 0.7050750875 0.4382612578125 0.720696840625 0.46760530781250004 0.8416400046874999 0.5413774874999999 0.8202712890624999 0.53847810625 0.810615746875 0.531035053125 0.8113723046875 0.5311582968749999 0.8071384593750001 0.5398142921875 0.8011327203124999
0 0.3341427984375 0.8012333859374999 0.3257332859375 0.7987714312499999 0.32930731562500004 0.67598988125 0.211801134375 0.6701441 0.20769199375 0.7748886734375 0.21610150625000002 0.777350628125 0.21456097500000001 0.8302737125 0.30453596875 0.8349981375000001 0.306961859375 0.8244997796875 0.3323752640625 0.8255348765624999 0.3341427984375 0.8012333859374999
0 0.8743008640625 0.818995334375 0.898686184375 0.818928840625 0.9020169125 0.81376591875 0.8951479296875 0.75838088125 0.9015629015625001 0.75652273125 0.9018710078125001 0.745938115625 0.8953717515624999 0.6778515390625001 0.890231346875 0.6723435859375 0.8710480515624999 0.675801109375 0.8499318359375 0.67282160625 0.7670301687500001 0.6800421609375 0.7674420375000001 0.702312984375 0.758786040625 0.708318721875 0.76553178125 0.7679376046875 0.8664654203125 0.7603917828125 0.8731690171875 0.7850383046875 0.8707431265625001 0.7955366625 0.8743008640625 0.818995334375
0 0.656003765625 0.7793722421875 0.6614522765624999 0.774295578125 0.655098925 0.774036803125 0.656003765625 0.7793722421875
0 0.0124213671875 0.6726204640625 0.050129604687499996 0.6519022828125001 0.0381623578125 0.62598165625 0.027819925000000002 0.6170826734375 0.0157294359375 0.5953958921875 0.011801971875000001 0.5846387609375 0.0182785671875 0.5806636875 0.0032172265625000003 0.5529944015625 0.0039465953125000005 0.678362059375 0.008062559375 0.67668179375 0.0082474234375 0.6703310234375001 0.0124213671875 0.6726204640625
0 0.540670625 0.5531939234375 0.53785234375 0.504332171875 0.5347681 0.5010274 0.5114108609375 0.502195484375 0.50941631875 0.4978753796875 0.4797673484375 0.4966677671875 0.47945924375000004 0.5072523859375 0.318446065625 0.5028136984375 0.3167628140625 0.5970599140624999 0.4703329375 0.6022551593750001 0.4716075015625 0.59488905625 0.4769943953125 0.5919293156250001 0.5087611484375001 0.5932231875 0.510836790625 0.55833708125 0.518341465625 0.5554636000000001 0.5374015156249999 0.556239921875 0.540670625 0.5531939234375
0 0.722407625 0.5012520031250001 0.7229232578125 0.556378265625 0.725884259375 0.563916884375 0.8022477109375 0.5627883265625 0.8030487875000001 0.5352683234375 0.8614418890625 0.5323481109375 0.8582117406249999 0.46121553750000005 0.7882016375 0.46260286875 0.7828147484375 0.4655626078125 0.7823834 0.480381071875 0.7769965078125 0.48334081093750003 0.7218725140625 0.48321502499999996 0.7197742093749999 0.44603948125 0.7367781 0.444612621875 0.735461390625 0.4170063625 0.6919543953125 0.41841345781249994 0.6899598546875 0.414093353125 0.6773147734375 0.41145888125 0.6728132421875 0.45684334531250004 0.696047240625 0.45990910625000003 0.6970558437500001 0.498099984375 0.7001400859375 0.50140475625 0.722407625 0.5012520031250001
0 0.21565742499999999 0.3555653484375 0.1278002171875 0.3509271796875 0.12221216406249999 0.5064779109375 0.210069375 0.51111608125 0.21565742499999999 0.3555653484375
0 0.4569646984375 0.47878354375 0.4603570484375 0.47150369843749995 0.46019166250000004 0.4407651828125 0.28229784062499996 0.43351950937500006 0.28118865937500004 0.4716241296875 0.4569646984375 0.47878354375
0 0.16326424374999998 0.22520565312500002 0.1604264828125 0.2134331875 0.155286078125 0.207925234375 0.144882025 0.2011431734375 0.1321753234375 0.2006256265625 0.01514263125 0.21493374375 0.0108331203125 0.21730153749999997 0.0106174453125 0.22471077031250003 0.01837278125 0.2860663203125 0.0088175453125 0.2865441734375 0.005977367187500001 0.3841150921875 0.007436796875 0.37039821875 0.013851770312500001 0.3685400703125 0.019215996875 0.29351868125 0.022835353125 0.314860428125 0.0482487578125 0.3158955265625 0.06428618593749999 0.3112501515625 0.060605209375 0.2920253265625 0.068109884375 0.28915184531250004 0.117003771875 0.28478501093749997 0.11784698906249999 0.29223736875 0.12099285468750001 0.2934252171875 0.1465295 0.29022646875 0.1531293359375 0.2820175484375 0.20311292500000003 0.27663537968749996 0.195154240625 0.222265675 0.16326424374999998 0.22520565312500002
0 0.3300598828125 0.39519564375 0.464569953125 0.3996145671875 0.4661299625 0.30960219843750003 0.3030606234375 0.30296033125 0.3005114921875 0.3176925359375 0.24121355000000003 0.3152773109375 0.23895304374999998 0.3565141859375 0.29927906875 0.360031 0.29956769375 0.38653567187500004 0.30265193749999997 0.38984044375 0.3300598828125 0.39519564375
0 0.7834082984374999 0.372331725 0.7794808375 0.3615745921875 0.7722842671875 0.35386345937499997 0.749358375 0.34021308125 0.741299109375 0.3621388734375 0.7348225171875 0.3661139453125 0.734699275 0.370347790625 0.750428596875 0.376287034375 0.75441768125 0.3849272453125 0.775410653125 0.39214059218749997 0.7834082984374999 0.372331725
0 0.1630404203125 0.30573499375 0.1623204453125 0.2940487875 0.1527596078125 0.2947190890625 0.1507650671875 0.2903989828125 0.1513618 0.3063190390625 0.1630404203125 0.30573499375
0 0.7228520859375 0.23104238281249997 0.7247850062500001 0.23747940937499998 0.7523161921875 0.2386007640625 0.7546804625 0.230219328125 0.7969745125000001 0.2340614125 0.7992771624999999 0.2277968984375 0.8183372125 0.228573221875 0.8202701328125 0.23501025000000003 0.8605080234375 0.23664915312499998 0.8624409406250001 0.24308618124999998 0.8899721265625 0.2442075359375 0.8922747765624999 0.2379430234375 0.910306746875 0.23761775312500003 0.9130797015625 0.14235620625 0.9089057546875001 0.14006676875 0.9084938875 0.11779594374999999 0.89790496875 0.117364653125 0.8960336703125 0.108810703125 0.86214913125 0.107430575 0.8597848640624999 0.115812009375 0.7623668171875 0.111844140625 0.7634736859375 0.013335584375 0.6413418625 0.0083611140625 0.640355921875 0.042231885937500005 0.6466476531249999 0.044607584374999995 0.6460930625 0.06365989375 0.6375603062499999 0.065431784375 0.636389503125 0.1056533265625 0.62997453125 0.10751147812499999 0.6291734546875001 0.1350314796875 0.63758296875 0.137493434375 0.638241321875 0.151296565625 0.6615369421875 0.15224540312499998 0.6634082390625 0.1607993546875 0.7025564265625001 0.16345358906250002 0.7014472453125 0.201558209375 0.7098567578125 0.20402016406249998 0.710145384375 0.23052483437500002 0.7228520859375 0.23104238281249997