0 0.7458499578125 1 0.7681693109375 0.9448863640624999 0.7857040515625 0.955656178125 0.7924837921875 0.9476866109375001 0.8004639421874999 0.9285562625000001 0.802461096875 0.9185916578125 0.8000708609375 0.91500313125 0.7829334328125 0.9074224125000001 0.7701643484375 0.9401037750000001 0.7135700515625001 0.917359503125 0.679096890625 1 0.7458499578125 1
0 0.32253484062500004 0.8980661890625001 0.3596014765625 0.909641215625 0.36718431093750004 0.887321771875 0.3635979 0.8845299890625 0.364396759375 0.8805441484375001 0.389140303125 0.8088032265624999 0.37638603437499996 0.8052104671875 0.373995796875 0.8016219375 0.3807818890625 0.7781063171875 0.3098377125 0.754558953125 0.2735212609375 0.858184490625 0.3269285796875 0.8761440593750001 0.32253484062500004 0.8980661890625001
0 0.4883530546875 0.91367996875 0.49991114999999997 0.9180694734375001 0.4955216453125 0.92962756875 0.5038906421875 0.9344143875 0.5453425515625 0.9447953546875001 0.5521244078125 0.9316437703125 0.5951698078125001 0.9444170890624999 0.6099381625 0.8965891031250001 0.607547928125 0.8930005765625 0.5732709578125 0.8830211562500001 0.587642 0.8320040734375 0.58325884375 0.8280161171874999 0.5182913140625 0.810849059375 0.4883530546875 0.91367996875
0 0.20022917968749998 0.7274082421875 0.1416419625 0.704264540625 0.13765400156250002 0.7086476937499999 0.10612860312500001 0.7935401984375 0.124062775 0.8023170937499999 0.12725398906250002 0.7967377625000001 0.136421846875 0.7975387390625001 0.13881631562500002 0.7907632328124999 0.15834609375 0.7967504609375 0.15515064843749998 0.812693828125 0.1878320109375 0.8254629140624999 0.2081839328125 0.77046210625 0.18985032968749999 0.7636781328125 0.18746009218749998 0.7600896046875001 0.20022917968749998 0.7274082421875
0 0.9429346656250001 0.8227730234375 0.9177039890625001 0.8142011218749999 0.8985503609375 0.8632231671874999 0.8726423875 0.85803056875 0.8610652468750001 0.9002792218750001 0.9057041359375001 0.9154448921875 0.9152820078125 0.8883428609375 0.9288739749999999 0.892927471875 0.9429346656250001 0.8227730234375
0 0.7371449328125 0.7790491 0.7407271093750001 0.792204915625 0.7135996812500001 0.8448112562500001 0.715989915625 0.848399784375 0.7745750171875 0.8767255046875 0.7821493890625 0.87513413125 0.8116734015624999 0.8105702671874999 0.8236288109375 0.8181488671875 0.8419645296875 0.8197508234375 0.8535332062500001 0.7982302406249999 0.8551309281249999 0.7902585578125 0.852343378125 0.783480934375 0.8551372781250001 0.7747125046875001 0.8284346781249999 0.7631417109374999 0.81527039375 0.787451959375 0.7965394765625 0.7774788890625 0.7965437093750001 0.767114853125 0.7734275203125 0.7583358437500001 0.7682433859375 0.76351574375 0.750309215625 0.7547388515625 0.7371449328125 0.7790491
0 0.5454399078125001 0.7064225421875 0.5490284359375 0.7040323093749999 0.572586384375 0.6071780453125 0.5064226796875 0.5908077328125 0.48166855468750003 0.688458740625 0.5454399078125001 0.7064225421875
0 0.22779413593750003 0.579532665625 0.20706818125 0.57434218125 0.2034754203125 0.5870964515625 0.19988689375 0.5894866859375 0.1966999140625 0.5847019828125 0.18075654531250002 0.5815065359375 0.17716801875 0.583896771875 0.1715759859375 0.6117976656249999 0.1747608515625 0.6217643859375 0.19150519531250002 0.615791971875 0.1954973875 0.6010447812499999 0.202670209375 0.6066283453125 0.22778143750000002 0.6106247703125 0.2317757453125 0.5906955609375 0.22779413593750003 0.579532665625
0 0.8683608234375001 0.6053057625 0.8651696093749999 0.61088509375 0.8639755499999999 0.606499821875 0.8456440625000001 0.5945338296875 0.8364719703124999 0.6040968859375 0.8376639125 0.6136641765624999 0.8225194078125 0.6064828906249999 0.81853145 0.6108660453125 0.7774408765625 0.6917684765625001 0.8479813875 0.7276727984375 0.88986870625 0.64796654375 0.9078028781249999 0.6567434390625 0.9249551203124999 0.6280500328125 0.8982546375 0.6112972234375 0.8890846609375 0.6156782625 0.8683608234375001 0.6053057625
0 0.9680770953125 0.6973273171875001 0.9623979046875 0.694634334375 0.9448462328125 0.725320659375 0.9605352125 0.7349568109375 0.9680770953125 0.6973273171875001
0 0.1915348265625 0.5432437234374999 0.19791301875 0.542449096875 0.201507896875 0.5245128078125 0.191942721875 0.5205227328124999 0.2007301984375 0.4766784734375 0.132573575 0.45990873125 0.1110106625 0.55198040625 0.1851460515625 0.5699484421875 0.1915348265625 0.5432437234374999
0 0.4598310828125 0.4767842953125 0.42316176250000004 0.468398365625 0.416375671875 0.4919139875 0.42516103125000004 0.4532517453125 0.4179966765625 0.426940109375 0.3952778 0.42135019375000005 0.39248601875 0.4249366046875 0.349438503125 0.41734530468750003 0.3378550109375 0.4751400109375 0.317526371875 0.473138625 0.3063465421875 0.518576375 0.37450316875 0.5353461171875 0.37729495156250004 0.53175970625 0.385266634375 0.5333574296875 0.41396215625000005 0.5453276546875 0.44385596875 0.5513191156249999 0.4598310828125 0.4767842953125
0 0.8559975171875 0.6204481515625 0.854401909375 0.6232378171875 0.8595839281250001 0.6232399328125 0.8591866140625 0.6200508375 0.8559975171875 0.6204481515625
0 0.4231511796875 0.4943084546875 0.421154025 0.504273059375 0.4259366125 0.506268096875 0.4291299421875 0.495506746875 0.4231511796875 0.4943084546875
0 0.5706569578125 0.451318084375 0.594939690625 0.5318485984375 0.624038878125 0.5314618656250001 0.6878250453125 0.5131515421875 0.6918130031249999 0.5087683875 0.6890254546875 0.5019907625 0.7069659749999999 0.4952216046875 0.6926372625 0.44259833437499996 0.6926414953125 0.4322343 0.6882583390625 0.4282463390625 0.67151399375 0.43421875468750004 0.6814637828125 0.47249003125 0.6663362109375 0.42385260156250004 0.5706569578125 0.451318084375
0 0.3334718546875 0.4711520546875 0.3370603828125 0.4687618171875 0.340255828125 0.45281845 0.3286998484375 0.44324692656250003 0.3219158765625 0.4615805296875 0.3334718546875 0.4711520546875
0 0.85523251875 0.5415217109375 0.938125753125 0.58819373125 0.9732312140625 0.5216390640624999 0.9620725515625 0.5152566375000001 0.9712425265625001 0.510875596875 0.9716461890625 0.49851864062500006 0.9676624640625 0.4925377609375 0.9321935531250001 0.4729910515625 0.9282055937499999 0.4773742078125 0.9329860640625001 0.48455126249999997 0.9278019296875 0.48973116406250006 0.9341780078124999 0.49411855156250006 0.9501213749999999 0.4973139984375 0.9493203953125 0.506481859375 0.9548997281249999 0.509673071875 0.9497177109375 0.5096709546875 0.8919314703125 0.4773593921875 0.85523251875 0.5415217109375
0 0.124238440625 0.37220962968750004 0.1314260765625 0.3415190703125 0.09595293125 0.3323363953125 0.091563425 0.34389448906250003 0.0919670890625 0.3315375328125 0.0245390140625 0.31630422187499996 0.0161392765625 0.358213890625 0.0716215171875 0.3709922875 0.0831796125 0.37538179375 0.084373671875 0.379767065625 0.1003170390625 0.3829625109375 0.124238440625 0.37220962968750004
0 0.7400573515625 0.48008768125 0.8006544218749999 0.462174675 0.796677046875 0.44064774218749997 0.774383 0.37088069375 0.713386496875 0.390786621875 0.7400573515625 0.48008768125
0 0.9608954234375 0.46941522343750003 0.9600965609375001 0.47340106562499995 0.9529195046875 0.4781815359375 0.9549103109375 0.4837629828125 0.9847998921875 0.5001184796875 0.990778653125 0.501316771875 0.9971530484375 0.4951672125 0.9972396390625 0.48028365468749995 0.9963685671875 0.47859789687500004 0.9972549109375001 0.4776586046875 0.9978678750000001 0.3722990625 0.9302154453125 0.436317496875 0.9608954234375 0.46941522343750003
0 0.2980664359375 0.2961448125 0.274151384375 0.29135164375 0.21795016875 0.2821605046875 0.21196082187499998 0.30687229843749997 0.24065846249999998 0.3136605046875 0.2458425953125 0.3084806046875 0.2948688734375 0.317270196875 0.2980664359375 0.2961448125
0 0.811033271875 0.42590478281250005 0.8313682625000001 0.412360115625 0.8321671234375 0.4083742734375 0.7995005749999999 0.359331065625 0.790727915625 0.3669012015625 0.8042619984374999 0.41314627968749995 0.811033271875 0.42590478281250005
0 0.055361262499999994 0.1676910734375 0.05336410781249999 0.177655678125 0.059342871875 0.17885397187500002 0.0458436109375 0.2100070046875 0.0407296875 0.23552243125 0.046163771874999995 0.23943834218750001 0.0904032296875 0.256596934375 0.0844160015625 0.2761267125 0.10952511093749999 0.2853051546875 0.11351307031249999 0.2809219984375 0.1238898046875 0.24983412500000002 0.11352788437500001 0.244647875 0.1055477359375 0.263778221875 0.10275807031249999 0.262182615625 0.10355693125000001 0.2581967734375 0.133480375 0.1916399890625 0.10000226718750001 0.17767472812500001 0.1067820078125 0.169705159375 0.1071835546875 0.1625302203125 0.06692993750000001 0.146170490625 0.055361262499999994 0.1676910734375
0 0.43756243437500003 0.3448330375 0.5140922890625 0.35602556406249997 0.51848814375 0.328921415625 0.545594409375 0.328135253125 0.5507912421875 0.291863246875 0.5452203765625 0.2679439625 0.5615652890625 0.263964471875 0.5655532484375 0.25958131406249996 0.5512287687499999 0.1965940078125 0.544856925 0.18184258281250001 0.5241267374999999 0.187016134375 0.5376523546875001 0.2539892828125 0.52967855625 0.2575735796875 0.515728109375 0.25477756406249996 0.506158703125 0.26115152343750003 0.4639079328125 0.2547563984375 0.45792493749999996 0.2639221421875 0.448757078125 0.2631211625 0.43756243437500003 0.3448330375
0 0.3849687921875 0.286613503125 0.3889567515625 0.2822303453125 0.40093120937500004 0.24317079062500002 0.31045725625 0.21363619531250003 0.302077675 0.2347594640625 0.271786546875 0.225578903125 0.25542258281249997 0.2761965546875 0.259805740625 0.2801845140625 0.36144047343749997 0.31091951875 0.3702216015625 0.2826213109375 0.3849687921875 0.286613503125
0 0.9178796546875001 0.38409365625 0.9282521562499999 0.3633698171875 0.9194858437500001 0.3553939015625 0.9202847046875 0.351408059375 0.94581864375 0.29640936875 0.9378490765624999 0.28962962812500004 0.888429715625 0.267286903125 0.8581089593750001 0.33065459218750004 0.8290013093749999 0.3517693953125 0.8616678546875001 0.40081260468749996 0.8807982031250001 0.4087927546875 0.9178796546875001 0.38409365625
0 0.9517529609375 0.4064300328125 0.960126190625 0.4008528171875 0.96650861875 0.3896941515625 0.957744421875 0.3765362203125 0.94099584375 0.39287266718749997 0.9517529609375 0.4064300328125
0 0.6030298968750001 0.2432533296875 0.73937489375 0.1990625515625 0.738979696875 0.1906914375 0.7119051796875 0.1137473359375 0.5751607515625 0.1599310359375 0.6030298968750001 0.2432533296875
0 0.41610534374999997 0.1778038296875 0.4304531046875 0.1837889421875 0.4380295921875 0.17701555 0.44639858906249996 0.1818023703125 0.4503971296875 0.15150912656249999 0.44521722812500003 0.1463249921875 0.43845230312499994 0.1180204359375 0.43646361406249995 0.10725696874999999 0.43886019843749996 0.09529944375 0.4253113 0.085328490625 0.41772846562500004 0.1076479359375 0.4141399359375 0.1100381703125 0.3487750953125 0.089682015625 0.3252298453125 0.15544417500000002 0.324029434375 0.166604953125 0.4017491171875 0.1925467875 0.4252943671875 0.12678463125 0.4240897265625 0.1483094484375 0.41610534374999997 0.1778038296875
0 0.3140690640625 0.1542437640625 0.32363635468749996 0.153051821875 0.330821875 0.12754328125 0.328032209375 0.1259476734375 0.3100853375 0.1482628859375 0.3140690640625 0.1542437640625
0 0.12000131875 0.01066245 0.1164064421875 0.0285987390625 0.0940552515625 0.09874616875 0.1729711078125 0.12389125781250002 0.1765596375 0.121501025 0.2001091203125 0.04537483125 0.1789858515625 0.0369952515625 0.183373240625 0.0306191734375 0.19054817968749999 0.0310207203125 0.1965354078125 0.0114909421875 0.19015933125 0.007103554687499999 0.1689496921875 0.0009829203125 0.11728384843749999 0.0006823374999999999 0.12000131875 0.01066245
0 0.9665805765625001 0.2135055515625 0.95781638125 0.20034761875 0.9243255749999999 0.21747446250000002 0.8964119828125 0.2429745390625 0.8952136921875 0.24895330000000002 0.899197415625 0.2549341796875 0.9203206843749999 0.263313759375 0.9322866765625 0.244982275 0.9414524203125 0.2509652703125 0.9474332984375 0.24698154374999998 0.9554092140625 0.2382152328125 0.9542151546875 0.233829959375 0.958600428125 0.2326359015625 0.9590040906249999 0.22027894374999998 0.9665805765625001 0.2135055515625
0 0.6171682921875 0.017023085937499998 0.6098815984375 0.0590951625 0.6907946078125 0.0742756484375 0.6971536171875 0.0330541296875 0.6171682921875 0.017023085937499998
0 0.9227871125 0.0803496515625 0.9518672484374999 0.12660107812500002 0.9881498375 0.1058878234375 0.978028775 0.08934847343749999 0.9253692671874999 0.0787942015625 0.9227871125 0.0803496515625