0 0.7658059625 0.0802959078125 0.7740214390625 0.0426283234375 0.7373127859374999 0.0350298265625 0.7286878390625 0.0704255328125 0.7446393171875 0.0923179171875 0.7499216984375 0.0781015078125 0.7658059625 0.0802959078125
0 0.8754460328125001 0.2528084828125 0.9589450062499999 0.270092328125 0.975540471875 0.20900748593750001 0.998724821875 0.2133666171875 0.998955834375 0.17365902187499999 0.9850278921875001 0.17050962812499998 0.987504571875 0.149151096875 0.759154334375 0.100790246875 0.733954190625 0.2213333015625 0.8754460328125001 0.2528084828125
0 0.7732781765625 0.4361559171875 0.7901655437499999 0.3587281046875 0.7392506296875 0.347095428125 0.7421837250000001 0.3236442515625 0.6821033828124999 0.30902081875 0.6586616875 0.4014953140625 0.6803519625 0.40707864687499995 0.6842650984375 0.39914016874999997 0.6831576625 0.41422076875 0.7249071515625001 0.42286269218749994 0.7260817953125 0.42748007499999996 0.7732781765625 0.4361559171875
0 0.8437286796875 0.43324184531250004 0.8695938999999999 0.43968936875000003 0.866204390625 0.4652331875 0.899147565625 0.47423936875 0.9137598859375 0.47726404218749996 0.91721660625 0.471418209375 0.9518881406249999 0.47750147187499997 0.9694937390625 0.40678368593750003 0.9081414499999999 0.392990528125 0.9133566234374999 0.3590761359375 0.8632572375 0.348705828125 0.8601596328125 0.357906675 0.8534407921874999 0.3587030296875 0.8525279625 0.36288831718750003 0.8583339703125 0.36627725 0.8437286796875 0.43324184531250004
0 0.77618118125 0.4378503828125 0.8150276640625 0.444797840625 0.8315559171875 0.3640150140625 0.7927094328125001 0.35706755625 0.77618118125 0.4378503828125
0 0.9645313765625 0.6846141953125 0.9666357390625 0.6849688625 0.992974184375 0.564208290625 0.970944253125 0.5601822750000001 0.9627287765625001 0.5978498609375 0.9831471046875 0.6042634640625 0.9645313765625 0.6846141953125
0 0.686373659375 0.6095400671875 0.726035671875 0.61774989375 0.7299488078125 0.6098114140625001 0.7500080203125 0.6128700078125 0.7625258390625 0.545473315625 0.673579971875 0.5281555531250001 0.677425896875 0.500519090625 0.631501459375 0.491012975 0.61288573125 0.5713637031250001 0.67006306875 0.5842926703125 0.668596521875 0.596018259375 0.686111846875 0.6007373953124999 0.686373659375 0.6095400671875
0 0.8180420265624999 0.581023184375 0.8217906515625 0.558834378125 0.793381540625 0.5540474015625 0.7857197796875 0.5841746859375 0.7912940640625 0.5536153046875001 0.77459426875 0.5501585359375001 0.7600862796875 0.611675475 0.8114576093749999 0.6212155078125 0.8217605593749999 0.5839800187499999 0.8180420265624999 0.581023184375
0 0.6437113421875 0.60508343125 0.61321475625 0.5998643578125 0.6023881796875 0.61949450625 0.5981831375 0.6437759562500001 0.6349421468750001 0.650291315625 0.6437113421875 0.60508343125
0 0.79364840625 0.9379420515625 0.8395728437500001 0.9474481671874999 0.8458653578125 0.9235988140625 0.7991253921875 0.912830328125 0.79364840625 0.9379420515625
0 0.6347756609374999 0.9411436999999999 0.6323290734375 0.9373565906250001 0.576782796875 0.9269523640624999 0.56263391875 0.9918243171875 0.5705274 0.99564534375 0.5703086749999999 0.9966481937499999 0.8989659015625 0.994736121875 0.6506599265624999 0.9433381000000001 0.6458339625 0.9554618640625 0.633309115625 0.9528692875000001 0.6347756609374999 0.9411436999999999