0 1 0.4741856734375 0.9769753234375 0.46993396093750006 0.9739371296874999 0.4748029390625 0.96282496875 0.547454715625 0.997148296875 0.5549446453125 0.9938352625 0.57555925625 0.9987557734375001 0.57564514375 1 0.5043634453125 1 0.4741856734375
0 0.8998867531249999 0.6566091375 0.9067582906249999 0.6577134828125 0.9097621296874999 0.654812709375 0.9030673484375 0.6999783390625 0.9786542546874999 0.7121261343749999 0.9816924484375 0.7072571562500001 0.9950476531250001 0.6188941015625 0.9980171312499999 0.6179619265625 0.9982826171875001 0.6027522140625 0.9040586671874999 0.5867894234375 0.8965000265624999 0.6250491609375 0.9043041328125 0.629122990625 0.8998867531249999 0.6566091375
0 0.9716552593750001 0.8311165953125 0.99370488125 0.8650105140625 0.994581625 0.8147819453125 0.9716552593750001 0.8311165953125
0 0.887433721875 0.0165305359375 0.8562616125 0.1104890078125 0.8895149531250001 0.12288226875 0.8627602234375 0.1893545921875 0.854475146875 0.212835621875 0.8564089953125 0.2148381796875 0.8456354062500001 0.2116969203125 0.8415615765625001 0.2195010265625 0.8043718296875 0.2070390546875 0.7764440453125 0.2843193234375 0.8733032906249999 0.3184952703125 0.8782409781249999 0.31759705625 0.9072731062500001 0.23344525156249998 0.8995033546875 0.2274032171875 0.920112984375 0.1746052578125 0.930606753125 0.1373811546875 0.940447775 0.13755293125 0.9706529578125 0.042593179687499996 0.887433721875 0.0165305359375
0 0.9409984765624999 0.8955520046875 0.9402033281250001 0.8847097046875 0.9440023156249999 0.89265123125 0.94700615625 0.8897504578125 0.9399235078125001 0.8443443421874999 0.9320506906249999 0.8442069218749999 0.9241041828125001 0.7918949140625 0.8352945109375 0.8041263624999999 0.8341558109375 0.8129661031250001 0.8412728156249999 0.856404015625 0.83654125625 0.8454930046875001 0.8295666562499999 0.8502932718749999 0.8379254250000001 0.878986828125 0.8449687375 0.870250153125 0.85291524375 0.9225621609375001 0.9141013484375 0.9137861484375 0.915274403125 0.9029782031250001 0.9182782421875 0.9000774312500001 0.9379946374999999 0.898452778125 0.9409984765624999 0.8955520046875
0 0.9489494546874999 0.6092298375 0.9440117671875001 0.6101280515624999 0.9448412718749999 0.619002146875 0.9489494546874999 0.6092298375
0 0.8512801187499999 0.39587860468749997 0.8408550625 0.4291663 0.851594296875 0.4342757625 0.854632490625 0.4294067859375 0.8649544828125 0.4020237015625 0.8650575484375 0.396119090625 0.85832343125 0.3871419296875 0.8512801187499999 0.39587860468749997
0 0.8193472171874999 0.4770265703125 0.824353615625 0.4721919484375 0.8295661453125 0.45554810156250003 0.8304643593750001 0.46048578906250004 0.822247990625 0.480030409375 0.8310533765624999 0.4831373140625 0.8444822734375 0.4469488453125 0.8435840593749999 0.4420111578125 0.8357112421874999 0.44187373750000003 0.8347786734374999 0.43890425468750005 0.85338574375 0.38804014375 0.853488809375 0.38213553125 0.8476185515625 0.3800642625 0.851589315625 0.37816476718750003 0.8640512875 0.34097501874999997 0.798511534375 0.317189775 0.7850139265625 0.3573146515625 0.786947775 0.35931721250000004 0.77517290625 0.3571428765625 0.7481089812499999 0.4413290359375 0.766686678125 0.448544125 0.7695874515625001 0.45154796406250003 0.7684487515625 0.46038770468749995 0.8193472171874999 0.4770265703125
0 0.8078178140625001 0.5171858031250001 0.8000137078125 0.5131119734375 0.8041218921875 0.5033396625 0.7943495828125 0.49923147968750003 0.7936231421875 0.484452771875 0.7759436625 0.4821753703125 0.7680021359375 0.48597435781250004 0.7503913625 0.4797605515625 0.7454193203124999 0.48262696875 0.7493213734374999 0.4846638828125 0.7452131890625 0.4944361921875 0.7491152421875 0.49647310781250004 0.7440401328124999 0.5052441375 0.7264293625 0.4990303296875 0.7195234703125 0.4998941890625 0.6821031984375 0.6134316359375 0.7554814140625 0.6393225046875 0.7624216609375 0.6364904421875 0.7708098046875 0.6071048 0.7807195359375 0.6033401671874999 0.8077147484375 0.523090415625 0.8078178140625001 0.5171858031250001
0 0.765233290625 0.0242415375 0.7695132499999999 0.0046282078125 0.6848804734375 0.0031509359374999996 0.71029535 0.013438575 0.7040815421875 0.031049345312499997 0.7068792484374999 0.039957796875 0.7646836078125 0.055732804687500005 0.7729686859375 0.032251774999999996 0.772070471875 0.0273140875 0.765233290625 0.0242415375
0 0.6511128265624999 0.8097710765624999 0.685161315625 0.8330066390624999 0.7091526906250001 0.7556576609375 0.72486396875 0.7579007046874999 0.758072990625 0.6600401812500001 0.7081758046875 0.642434390625 0.7032037609375 0.6453008078125 0.69402046875 0.6638441484375 0.67250764375 0.6555934265625 0.646548065625 0.73290805 0.67002909375 0.741193128125 0.655461496875 0.7862213375 0.6511128265624999 0.8097710765624999
0 0.6110755640625001 0.227290703125 0.6022014671875 0.22812020624999998 0.576899615625 0.32414994531249997 0.617058846875 0.33567934843749997 0.6168183609375 0.349456778125 0.6628822046875 0.361089246875 0.6881840578125 0.26505950624999997 0.69805943125 0.263263078125 0.706550640625 0.22797282343749997 0.7095888343750001 0.2231038453125 0.722364984375 0.22431125624999998 0.73068441875 0.198862021875 0.7327900421875 0.1910235609375 0.72988926875 0.1880197234375 0.7142123453125 0.183808475 0.7121754328125001 0.187710528125 0.7112428609375 0.18474104375 0.7340955375 0.11623180625 0.7331973234375 0.1112941171875 0.6685901390625 0.09047835625 0.6636524500000001 0.0913765703125 0.6386597953125001 0.1696924734375 0.638522375 0.17756529062499998 0.6649728875 0.1849178 0.66783930625 0.1898898421875 0.66362805625 0.20556676562499998 0.6752998609375 0.21364571250000003 0.6547196046875 0.2083644734375 0.6463314609374999 0.23775011406250002 0.6110755640625001 0.227290703125
0 0.614374678125 0.8278334453125 0.58434126875 0.9129521765625 0.6596876890625001 0.9388774 0.6938979921875 0.8400499515625001 0.6361966984375 0.81837033125 0.6332272156250001 0.8193029015625 0.6280833953125 0.8320103390625 0.614374678125 0.8278334453125
0 0.6896080703125 0.7474412906250001 0.67690063125 0.7422974734375 0.67292986875 0.7441969671875001 0.6896080703125 0.7474412906250001
0 0.559779778125 0.4026032703125 0.5455900875 0.4259812328125 0.5450747609375 0.4555042953125 0.538826596875 0.4750832703125 0.6220801875 0.49917771093749996 0.6250840265625001 0.49627693749999996 0.6398921109375 0.43747130156249997 0.6487318515625 0.43861 0.651735690625 0.4357092265625 0.6644725031250001 0.382773846875 0.6615717296875 0.37977000781250003 0.5988296828124999 0.364893215625 0.5936171546875 0.3815370609375 0.5964148625 0.3904455140625 0.5650610171875 0.382023015625 0.559779778125 0.4026032703125
0 0.5413200890625001 0.5578165546875 0.5381101203124999 0.572526553125 0.51359345625 0.5671766046875 0.48846338125 0.653365325 0.5638785109375 0.6753541390625 0.5921842015625 0.5764236265625 0.5952223937500001 0.571554646875 0.6049947046875 0.5756628312500001 0.611900596875 0.5747989718750001 0.6202543859375 0.5473815359375 0.6036448937500001 0.5402008015625 0.47826386562499995 0.504542603125 0.4688400890625 0.5368633734375 0.5413200890625001 0.5578165546875
0 0.45080262343750005 0.7806801984375 0.47528493281250006 0.787998353125 0.4740431671875 0.8027427062499999 0.4769439390625 0.8057465453124999 0.522006503125 0.8183459375 0.5251134078125 0.809540553125 0.5232482703125 0.8036015843750001 0.548343990625 0.71938106875 0.4748970640625 0.6974266078125 0.45080262343750005 0.7806801984375
0 0.463353228125 0.9639980250000001 0.491771946875 0.9713848875 0.5053382625 0.9273236031250001 0.504508759375 0.91844950625 0.49373516874999995 0.9153082484375 0.5042289375 0.8780841453124999 0.5013281640625 0.8750803062499999 0.4268799578125 0.8540927703125 0.42180485 0.8628638000000001 0.40506291875 0.9196668796875 0.41355910781249994 0.9404876218749999 0.47229603593749997 0.9592321109374999 0.480168853125 0.9593695312499999 0.49269953437499997 0.918243375 0.4935977484375 0.9231810640625 0.48310398125000004 0.9604051671875 0.4801001421875 0.963305940625 0.46639142343750006 0.9591290453125 0.463353228125 0.9639980250000001
0 0.42045387187500005 0 0.39594233437500004 0.088672478125 0.4752938734375 0.110730003125 0.5052775671874999 0.00001595625 0.504363434375 0 0.42045387187500005 0
0 0.423914434375 0.12164599375 0.41241938593749994 0.15983702187499998 0.446708359375 0.1692951546875 0.45816905312499995 0.13307233125 0.423914434375 0.12164599375
0 0.3457469359375 0.990492853125 0.37180380625 0.997838490625 0.3936687640625 0.9982201453125 0.40851835468750003 0.9472904468750001 0.34094168593749996 0.9274072562500001 0.327306659375 0.9754049484375 0.3457469359375 0.990492853125
0 0 0.5657285187500001 0.1770698875 0.6154446671875 0.18110936093750002 0.6096087640625 0.22520500000000002 0.621206878125 0.24840122656250002 0.5330155999999999 0.25824224687499997 0.533187375 0.2625565609375 0.5116058390625 0.256720659375 0.507566365625 0.25678937031250004 0.5036299578125 0.2651775140625 0.474244315625 0.2682157078125 0.4693753390625 0.279023653125 0.47054839375 0.3495105453125 0.21091224375 0.2613192671875 0.18771601875 0.235285996875 0.21285605468750002 0.20199830156249998 0.20243099843749998 0.173996828125 0.22753667968750002 0.14264298125 0.21911418125 0.10759819374999999 0.25295653906250004 0.0908219078125 0.3117278203125 0.10187531875 0.3552344421875 0.10667558749999999 0.36220904374999996 0.137062509375 0.3696302625 0.147286415625 0.4042627875 0.1796071859375 0.4136865671875 0.186964675 0.44334704843750006 0.1927662234375 0.4493547265625 0.1905575328125 0.46309780156249997 0.18555113437499998 0.46793242343749997 0.077815234375 0.43651982968749997 0.0737414046875 0.444323934375 0.06783679375 0.4442208703125 0.030612690625 0.433727103125 0.0274027203125 0.44843710156250005 0.0195299046875 0.44829967968749995 0 0.519577928125 0 0.5657285187500001
0 0.2942445078125 0.7828694781250001 0.28910068906249997 0.795576915625 0.310088225 0.7211287093750001 0.3072905171875 0.712220259375 0.2308741078125 0.6911983687500001 0.224832075 0.69896811875 0.2179605375 0.697863775 0.1528579484375 0.9310150546875 0.1442980296875 0.9702417171875 0.1492013640625 0.9713117078125 0.1522052015625 0.9684109328125 0.1489952328125 0.98312093125 0.1627726609375 0.9833614171875 0.2012448609375 0.9948613734375 0.2348938140625 0.99544871875 0.257619384375 0.9072492249999999 0.26442221250000003 0.9122899765625 0.26742604999999997 0.909389203125 0.2820623578125 0.8604245859375 0.2752595296875 0.8553838328125 0.2701500671875 0.86612306875 0.2733256828125 0.8533812734374999 0.282165421875 0.854519975 0.28844794218750003 0.83297279375 0.2885510078125 0.8270681812499999 0.28074690156250004 0.8229943531250001 0.2895866421875 0.824133053125 0.29259048125 0.8212322796875 0.300978625 0.7918466390625001 0.3010816890625 0.785942025 0.2942445078125 0.7828694781250001
0 0.2206538375 0 0.23671894999999998 0.0179694921875 0.25809259687499997 0 0.2206538375 0
0 0.13185048906250002 0.7810192812500001 0.13488868437499998 0.776150303125 0.1496330375 0.77739206875 0.162198075 0.7342977078125 0.1357819171875 0.7249769953125 0.1346775734375 0.7318485328125 0.129705528125 0.7347149515625 0.0669978390625 0.7178699546875 0.063994 0.7207707265625001 0.04286904375 0.8030917484375 0.0457698171875 0.8060955875 0.12025237656250001 0.8251149203124999 0.13185048906250002 0.7810192812500001
0 0.132507196875 0.01024405625 0.103538796875 0.034348459375 0.1373124453125 0.0733296546875 0.1662464890625 0.051193456250000005 0.132507196875 0.01024405625
0 0.12399159374999999 0.15972450625 0.126023528125 0.0997114578125 0.0778197046875 0.0978856546875 0.07668100312500001 0.1067253953125 0.077755975 0.1579330578125 0.12399159374999999 0.15972450625
0 0 0.99134863125 0.0668797828125 0.992516021875 0.068195796875 0.987616984375 0.08615178125 0.9928524171875001 0.09002124375000001 0.9929199578125001 0.1033780046875 0.9459018109375 0.0867685140625 0.9387210781249999 0.0005454375 0.91555920625 0 0.9174051593750001 0 0.99134863125