0 1 0.397543634375 0.9697265625 0.422309959375 0.9873046875 0.4474960453125 0.9619140625 0.4692758671875 0.970703125 0.479915784375 0.978515625 0.47396550312499997 1 0.49706902499999994 1 0.397543634375
0 0.8658056109375 0 0.8349609375 0.039112475 0.896484375 0.084295021875 0.931640625 0.0389640671875 0.939453125 0.0447325359375 0.9482421875 0.035841203125 0.9736328125 0.00038950625 0.97316606875 0 0.8658056109375 0
0 0.9140625 0.4004967328125 0.9638671875 0.338393765625 0.90234375 0.2873518421875 0.8505859375 0.34947753593750003 0.91015625 0.40054218593749996 0.9140625 0.4004967328125
0 0.83174060625 0 0.84375 0.0087367671875 0.85124626875 0 0.83174060625 0
0 0.7119140625 0.21241925468749998 0.7578125 0.24997111562500002 0.765625 0.24402083437500002 0.8046875 0.2748163 0.8447265625 0.2225925921875 0.83203125 0.210045003125 0.75 0.14849952187499998 0.7431640625 0.153461878125 0.7080078125 0.20074595781250001 0.7158203125 0.2065144265625 0.7119140625 0.21241925468749998
0 0.7021484375 0.8492516374999999 0.7421875 0.8907779296875 0.7900390625 0.8443226875000001 0.748046875 0.8028191234375001 0.7021484375 0.8492516374999999
0 0.66796875 0.46586029218749997 0.681640625 0.44616995625 0.689453125 0.4499852984375 0.6953125 0.44796399375 0.70703125 0.455640134375 0.7509765625 0.391652221875 0.712890625 0.3657282046875 0.708984375 0.36577365781250004 0.697265625 0.3756756421875 0.642578125 0.3392026140625 0.5908203125 0.4150001828125 0.66796875 0.46586029218749997
0 0.6025390625 0.7664263234375001 0.646484375 0.7961884109375 0.6982421875 0.7223439671875 0.7001953125 0.718414990625 0.685546875 0.709796378125 0.6845703125 0.704924928125 0.7197265625 0.6556877234375 0.65234375 0.60862023125 0.5888671875 0.700179159375 0.6279296875 0.7290215015625 0.6025390625 0.7664263234375001
0 0.65625 0.260918528125 0.6494140625 0.2658808828125 0.6318359375 0.29147604843749997 0.63671875 0.29825516875 0.6796875 0.3270520578125 0.7021484375 0.2945641375 0.69140625 0.283946946875 0.65625 0.260918528125
0 0.5732421875 0.9405953484375 0.607421875 0.98218981875 0.6416015625 0.953471790625 0.60546875 0.9119000453125 0.5732421875 0.9405953484375
0 0.4638671875 0.2582742921875 0.515625 0.34067984687499997 0.5849609375 0.2978808625 0.533203125 0.21547530781250002 0.4638671875 0.2582742921875
0 0.3671875 0.6920164484375 0.357421875 0.6843175828125 0.35546875 0.686293434375 0.3603515625 0.6794006796875001 0.3232421875 0.6368637359375 0.314453125 0.62817694375 0.3125 0.6301527953125 0.3046875 0.620478078125 0.2841796875 0.6392713953125 0.2919921875 0.6489461140625 0.2431640625 0.6905299046875 0.2890625 0.743706765625 0.34375 0.69424229375 0.3486328125 0.693208915625 0.2919921875 0.7446492390625 0.38671875 0.8538985578125 0.462890625 0.8393403421875 0.470703125 0.8372963109375 0.4736328125 0.8323794078125 0.4697265625 0.8402373609374999 0.4736328125 0.8538637828125 0.46484375 0.858848865625 0.42578125 0.8690690234374999 0.4228515625 0.8739859265625001 0.427734375 0.8885775468749999 0.4443359375 0.8854546828125001 0.3876953125 0.93103563125 0.4365234375 0.994920590625 0.464193359375 0.994598621875 0.509765625 0.959888653125 0.5126953125 0.956924875 0.4775390625 0.9124120796874999 0.5185546875 0.8982629453125 0.5048828125 0.85350015625 0.5009765625 0.824248734375 0.49609375 0.8194227390625001 0.4697265625 0.8246123609374999 0.4619140625 0.77782826875 0.4365234375 0.7488268406249999 0.4111328125 0.7256847859375 0.3837890625 0.6927998343749999 0.375 0.6841130421875 0.3671875 0.6920164484375
0 0.4541015625 0.6236223 0.48046875 0.636010803125 0.4951171875 0.607520040625 0.46875 0.5951315375 0.4541015625 0.6236223
0 0.4658203125 0.541454690625 0.4443359375 0.5163140578125 0.4892578125 0.47477572031250004 0.4775390625 0.44756832968750004 0.451171875 0.419554828125 0.443359375 0.42355198437499997 0.40234375 0.46113861875 0.3681640625 0.42345039843750004 0.3720703125 0.41949869531250006 0.3642578125 0.4098239765625 0.310546875 0.352831771875 0.2470703125 0.40923445156250005 0.4140625 0.5899085093750001 0.42578125 0.5800065234375 0.4228515625 0.5868765515625001 0.439453125 0.6052380625 0.447265625 0.6051471562499999 0.4541015625 0.6001848 0.4755859375 0.5628254312500001 0.466796875 0.5502323890625 0.4609375 0.55030056875 0.443359375 0.568083234375 0.4287109375 0.577042746875 0.4658203125 0.541454690625
0 0.3837890625 0.226002959375 0.380859375 0.22506048750000002 0.2783203125 0.283870825 0.306640625 0.3352991015625 0.353515625 0.35233178593750003 0.359375 0.35226360625 0.375 0.3442692921875 0.4287109375 0.313370871875 0.4111328125 0.2784191609375 0.4287109375 0.270402121875 0.404296875 0.2091627671875 0.388671875 0.21520395625000002 0.3876953125 0.22009813125000002 0.40625 0.267733790625 0.3837890625 0.226002959375
0 0.3466796875 0.8338566421875001 0.365234375 0.8561016765625 0.3759765625 0.8510938671874999 0.3515625 0.8250107625 0.3466796875 0.8338566421875001
0 0.2138671875 0.43891767968749995 0.2392578125 0.4034659828125 0.15625 0.3409553046875 0.1162109375 0.3756008890625 0.20703125 0.4419269109375 0.2138671875 0.43891767968749995
0 0.1240234375 0.15090060624999999 0.1162109375 0.1431790140625 0.1728515625 0.089785565625 0.1689453125 0.08201851875 0.1171875 0.0289098375 0.107421875 0.0348828453125 0.0556640625 0.085289790625 0.0927734375 0.1278267328125 0.1083984375 0.14131679531250002 0.103515625 0.1403970484375 0.099609375 0.134583128125 0.0986328125 0.139477303125 0.0810546875 0.15725996874999998 0.091796875 0.171783409375 0.10546875 0.169671196875 0.1044921875 0.1647997484375 0.109375 0.15986011875 0.115234375 0.1597919390625 0.1240234375 0.15090060624999999
0 0.0419921875 0.9995113765625 0.1005859375 0.9988295765625 0.048828125 0.9730646453125 0.0458984375 0.9740752984375 0.0361328125 0.99372018125 0.0419921875 0.9995113765625