0 0.899738784375 0.918248021875 0.9238297 0.9488148203125 0.988088759375 0.8972420031249999 0.963997840625 0.8666752046875 0.899738784375 0.918248021875
0 0.92232695625 0.5648555078124999 0.8781151046875 0.46766020468749997 0.8715986640625 0.4679257296875 0.673994090625 0.5575682671875 0.7182944484375 0.656935715625 0.92232695625 0.5648555078124999
0 0.8216982140625 0.8985825140625 0.8975260781250001 0.8639443359375001 0.8481733578125 0.7473767234375 0.7488059078125 0.7916770828125 0.7980701203125 0.906072546875 0.8216982140625 0.8985825140625
0 0.679894590625 0 0.6774902625 0.0026085890625 0.759642765625 0.176585065625 0.8503216265625 0.1326387390625 0.788293334375 0 0.679894590625 0
0 0.6853028625 0.8084070328124999 0.6663730953125 0.8244086375 0.656976440625 0.80738549375 0.6270974265625 0.8216574921875001 0.6514335890625 0.8315446375000001 0.652652425 0.8347586046875 0.6083649531249999 0.8691994875000001 0.6405451796875 0.9114033203125 0.64619681875 0.9166124171875 0.66104781875 0.907304271875 0.69087888125 0.9452523171875 0.70807904375 0.9401999562500001 0.755491975 0.9023680890625 0.737052696875 0.8770103859375 0.7496430390625 0.8656186015625 0.7472938765625 0.8613628140625 0.7140718296874999 0.8202893109374999 0.701392978125 0.829508946875 0.6853028625 0.8084070328124999
0 0.6151175453125 0.0203803609375 0.60738226875 0.0174319171875 0.5401544875 0.049543915625000004 0.63345353125 0.2567903875 0.6411888109375 0.2597388328125 0.7073747703125 0.22875715937500002 0.7081510671875 0.221110390625 0.6151175453125 0.0203803609375
0 0.3835385109375 0.6912456359375 0.42775035937499994 0.7884409390625 0.648894521875 0.6891362234375 0.6045941640625 0.589768771875 0.3835385109375 0.6912456359375
0 0.033852349999999996 0.2790465125 0.07815270937499999 0.3784139609375 0.340901425 0.25892008125 0.3503663078125 0.25091928124999996 0.3073732953125 0.15693794218749998 0.30189867187499997 0.156073140625 0.033852349999999996 0.2790465125
0 0.116002959375 0.8000557953125 0.1649131359375 0.905762671875 0.17142957812499998 0.905497146875 0.356178284375 0.8207299546875 0.3095287625 0.71710671875 0.29006794375 0.7200754390624999 0.116002959375 0.8000557953125
0 0.0029596906249999997 0.5087275203125 0.0082019390625 0.6373815406250001 0.0689514546875 0.739964015625 0.1613599203125 0.6850684453125 0.044344271875 0.48313985625000005 0.0386926328125 0.47793075781249994 0.0029042078125 0.4991909953125 0.0029596906249999997 0.5087275203125
0 0.0881319640625 0.9437033265625001 0.09413763593749999 0.9576010140625 0.083453915625 0.96238785 0.0988562421875 0.9933086843750001 0.10537268281250001 0.9930431578125001 0.129865584375 0.9800785031249999 0.1095879109375 0.936301803125 0.0881319640625 0.9437033265625001