0 0.2282427078125 0.8996327359375 0.22162623906249998 0.903132803125 0.1540805953125 0.8382188156250001 0.0733188140625 0.9206186890625 0.0975077 0.9458874578125 0.0664733046875 0.9168205625000001 0.030721653124999998 0.953803334375 0.1406069546875 0.964720125 0.1540940328125 0.9504697999999999 0.169382746875 0.9623821749999999 0.180790065625 0.953121975 0.19803640625000002 0.970425578125 0.2259995890625 0.973203640625 0.2627004171875 0.9352758187499999 0.2282427078125 0.8996327359375
0 0.7350159281249999 0.9915531578125 0.7658190406250001 0.994613359375 0.7699159265625 0.9954869125 0.9308920890625 0.9945503812500001 0.940358815625 0.918412015625 0.8198836734375 0.9002070625 0.8128147203125 0.9358819828125 0.7831523390624999 0.9318957609374999 0.778819575 0.952252284375 0.77904525625 0.9314877328125 0.7461886046874999 0.92822351875 0.743450175 0.9248334187499999 0.743676978125 0.9134231156249999 0.67819159375 0.90483863125 0.665196659375 0.9939709484374999 0.682794540625 0.9959937703125 0.7337025625 0.9956975968749999 0.7350159281249999 0.9915531578125
0 0.28665801874999997 0.9345378921874999 0.4676008953125 0.9784977687499999 0.4744419265625 0.9448789015625 0.3633205578125 0.91720973125 0.36286359375 0.911967590625 0.38020025 0.8773127359374999 0.30056688125000003 0.8558898562499999 0.3042169984375 0.8510557421874999 0.315854478125 0.8584479843749999 0.3213302140625 0.8558739359375 0.354180146875 0.803012659375 0.351669640625 0.7975665046875 0.30466388437499997 0.7721096453125 0.21338967968749997 0.7152317781249999 0.1449525015625 0.8269184796875001 0.24603856875000002 0.888928521875 0.27227875468749996 0.8956928046874999 0.26931464374999997 0.9130672531249999 0.28939420625 0.919219496875 0.28665801874999997 0.9345378921874999
0 0 0.861905128125 0.0206015609375 0.834312190625 0.0180910546875 0.8288660359375 0.0025744171874999998 0.8190097140624999 0 0.8221049890625001 0 0.861905128125
0 0.3069610265625 0.9012170859375 0.30764479375 0.895048925 0.2905315796875 0.89023073125 0.29714580625 0.868022165625 0.2957760328125 0.861649990625 0.27570094843750004 0.8929147437499999 0.3069610265625 0.9012170859375
0 0.38566142812500004 0.7531334562499999 0.379729846875 0.7598196125000001 0.36900853906250003 0.78162015 0.3975313078125 0.7958866390625 0.4125865015625 0.7630838265625 0.3943314359375 0.749837403125 0.38566142812500004 0.7531334562499999
0 0.416232140625 0.72083271875 0.4360837796875 0.7290410140625 0.4828616140625 0.7565539265625 0.4860558859375 0.75583191875 0.530082975 0.677057996875 0.5275724703125 0.6716118421874999 0.457063834375 0.633426553125 0.40687724375 0.720942684375 0.40162943125000006 0.7214606781249999 0.376300934375 0.7064721796875 0.374704359375 0.71151030625 0.3692286234375 0.714084353125 0.40253552187499997 0.6664652171875 0.398199396875 0.658758996875 0.3701324734375 0.6403804 0.3902075578125 0.6091156453125001 0.3810805859375 0.6071695578125 0.3174163390625 0.563428146875 0.264262278125 0.6402559828125 0.3219938234375 0.6813292984375 0.3167460109375 0.68184729375 0.2626657015625 0.6452941109375 0.24190572968750002 0.6733727765624999 0.2425906171875 0.6765588640625 0.32952981875 0.7350847578125 0.338655671875 0.7276765968750001 0.34436045000000004 0.73240074375 0.35188860625 0.7206764625 0.35987484687500004 0.72354856875 0.3623842328125 0.7196404750000001 0.3664913125 0.720048503125 0.36922974218750004 0.7234386046875 0.3614736625 0.7372189390624999 0.365352821875 0.7396830203125 0.364896978125 0.743795128125 0.3480116859375 0.7369208796875 0.335465878125 0.7658155984375 0.3601094875 0.7776180078125 0.3744809140625 0.75098335625 0.3712855234375 0.7423511140625 0.3906801984375 0.74531726875 0.3984385171875 0.7502454296875001 0.416232140625 0.72083271875
0 0.67087344375 0.76483888125 0.6847912640625 0.761024834375 0.677942396875 0.7291639609375 0.6731504265625 0.7255698453125 0.6603733375 0.7284578734375 0.658776759375 0.7334960015624999 0.665853553125 0.7633008203125 0.67087344375 0.76483888125
0 0.3566783359375 0.705562078125 0.352571253125 0.7051540515625 0.34595590625 0.71800836875 0.3566783359375 0.705562078125
0 0.9127230984375 0.6901278390625001 0.90975115 0.6420225484375 0.9006241781250001 0.6400764609375 0.8837400078125001 0.6425564625 0.883510965625 0.6352582671875 0.8784910734375 0.63372020625 0.795438871875 0.6431381328125 0.8054909703125 0.7491109890625001 0.9325792203125 0.7357531296875 0.9293793484374999 0.68970389375 0.9127230984375 0.6901278390625001
0 0.355965453125 0.468519775 0.35231533593750003 0.473353890625 0.3372556625 0.46873970781249996 0.3048638140625 0.536197375 0.36487570156250004 0.5660644031250001 0.3689816640625 0.55711818125 0.3721759359375 0.5563961749999999 0.444966034375 0.5927294234375 0.4499848046875 0.5849132359375 0.46002458593749995 0.58798935625 0.46048155 0.5932314984375 0.44725085625 0.6189401296875 0.4477078203125 0.624182271875 0.5150210625 0.6537353203125 0.5273389484375001 0.626896653125 0.511594390625 0.6190963859374999 0.515015465625 0.6069640765625001 0.46572824375 0.5833592546874999 0.48466147812499993 0.543666275 0.4433605 0.5229335625 0.49765081406249995 0.4077627125 0.4634232671875 0.38877207343750003 0.45429741406249996 0.3961802359375 0.40318457499999993 0.3703153484375 0.355965453125 0.468519775
0 0.724474390625 0.6090649499999999 0.674276603125 0.6030385921875 0.6751838109375 0.5573973828125001 0.585739703125 0.5401965765625001 0.5818616640625 0.5470867453125 0.5718286 0.600136115625 0.558366625 0.5998380546875001 0.55494443125 0.602616115625 0.554490825 0.625436721875 0.5645306078125001 0.6285128421875 0.5636200359375 0.64609130625 0.651010603125 0.6630880984374999 0.6560293734375 0.655271909375 0.7128436328125 0.6577981984375 0.724474390625 0.6090649499999999
0 0 0.555288240625 0.019195953125 0.5286040578125 0 0.5145136609375001 0 0.555288240625
0 0.846994115625 0.5526399265624999 0.8453941796875 0.5296153078125 0.8401385265625001 0.46465356093750004 0.8374001 0.461263459375 0.7493280062500001 0.4691433265625 0.7459058125 0.4719213875 0.7502497734375 0.5451073515625 0.7472800640624999 0.51571055625 0.7445416375 0.51232045625 0.711914025 0.5163544359375 0.7110023359375 0.5245786515625 0.73040373125 0.5836702984375 0.7785468609375 0.5801383906249999 0.7792295078125 0.56461598125 0.7993079515625 0.561413975 0.841062534375 0.5593260828125 0.8250911734375 0.5629361171875 0.8257771796875 0.5754764515625 0.8349041515625 0.5774225390625001 0.8540697875 0.5730905 0.862056028125 0.57596260625 0.8873822859375 0.57224260625 0.897193025 0.5680205328125 0.8787089171875 0.5474759140625001 0.8752844828124999 0.5315454765625 0.8467639531250001 0.535987484375 0.85041743125 0.5592161171875001 0.84425680625 0.5586040750000001 0.846994115625 0.5526399265624999
0 0.058205390625 0.4670005703125 0.0988125234375 0.4097132078125 0.014611750000000001 0.35457741249999997 0.0096581 0.3618061578125 0.002228471875 0.42882773125 0.058205390625 0.4670005703125
0 0.1535766 0.440098228125 0.1757052234375 0.409037490625 0.13052396718749998 0.3764864484375 0.10497314687499999 0.4103252484375 0.1334970359375 0.4339459859375 0.0994974109375 0.41289929531249997 0.08307244375 0.439329934375 0.1227768453125 0.4651007734375 0.1392018140625 0.438670134375 0.1535766 0.440098228125
0 0.038791678125 0.30501219062499996 0.013240857812500001 0.338850990625 0.09287870312499999 0.397690865625 0.1186574484375 0.36179601250000004 0.050657078125 0.310348378125 0.038791678125 0.30501219062499996
0 0.40432306562500003 0.35068083125 0.4234920609375 0.3744115359375 0.441287921875 0.363707321875 0.45224163281249996 0.377267725 0.46707114218749995 0.3652294625 0.4330692796875 0.3254742734375 0.40432306562500003 0.35068083125
0 0.10746461562500001 0.256749175 0.10404242187499999 0.259527234375 0.07711622812499999 0.24022261718750001 0.0463187140625 0.28393365937500004 0.128465946875 0.3388654390625 0.1337137609375 0.33834744687499996 0.1398732640625 0.3296052390625 0.1512828171875 0.33905353437499997 0.1565306296875 0.338535540625 0.22884696875000002 0.22931291874999998 0.22839000468749998 0.22407077812499998 0.1585651359375 0.1797173265625 0.10746461562500001 0.256749175
0 0.66648916875 0.3548999671875 0.8067991546875 0.24099948593749998 0.8022351078125001 0.2353493171875 0.7283076375 0.228004834375 0.6940856906249999 0.2557854390625 0.6815342828125 0.2379089140625 0.61423111875 0.29254410468750003 0.6559924203125 0.3465817046875 0.64458510625 0.35584190625 0.6655797171875 0.3818326796875 0.7146311765625 0.3420138109375 0.7025367328125001 0.3293794296875 0.666261246875 0.3569560203125 0.6578180390624999 0.3488417703125 0.66648916875 0.3548999671875
0 0.9092516328125001 0.2813189578125 0.851753609375 0.28496082968750003 0.8554138046875 0.3643149546875 0.8738956734375 0.366151075 0.8757246515625001 0.39647388906250003 0.9612873609375001 0.39250211562500004 0.962652653125 0.361457296875 0.9978795703125 0.35865295 0.9984272093750001 0.264521846875 0.9188333296875 0.26979868906250004 0.9092505125000001 0.271964709375 0.9092516328125001 0.2813189578125
0 0.042890920312500004 0.2399404765625 0.0247226828125 0.22591079375 0.019979728125 0.26869629375000004 0.042890920312500004 0.2399404765625
0 0.258275828125 0.18858395156250002 0.260786334375 0.19403010625 0.36301424843749996 0.264468378125 0.36848998437499997 0.2618943296875 0.39084653281250004 0.2287775375 0.38126259687499997 0.22158930937500002 0.3839999046875 0.2156251625 0.390161646875 0.2255914515625 0.4011119984375 0.21108910781249998 0.3876489015625 0.201436796875 0.39152694062500004 0.1945466296875 0.26420740781249996 0.18189779687500002 0.258275828125 0.18858395156250002
0 0.568131453125 0.2120917859375 0.56014633125 0.21857392656250002 0.5984832015625 0.2566810890625 0.6320202625 0.225714396875 0.6235770546875 0.2176001484375 0.568131453125 0.2120917859375
0 0.404762115625 0.2062549921875 0.41092161718750003 0.197512784375 0.4017946453125 0.195566696875 0.404762115625 0.2062549921875
0 0.9589626921875001 0.7920358203125 0.8319762421875 0.7828436921875 0.8272453656250001 0.8397540515624999 0.952667953125 0.8508986125 0.9589626921875001 0.7920358203125