0 0.7536730687500001 0 0.7951158671874999 0.0324760015625 0.8028169078125 0.022452759375 0.8067533156250001 0.022361146874999998 0.838725553125 0.049180312500000004 0.8436288875000001 0.048081796875 0.8815640234375 0 0.7536730687500001 0
0 0.590279028125 0 0.5125533515625 0.08827214375 0.492630825 0.07495417343750001 0.46659257343749994 0.10607661718750001 0.45930379375 0.13971591249999998 0.456334309375 0.1388006203125 0.4350963265625 0.162920534375 0.4311255625 0.16104414218750002 0.42729222031249997 0.1670397640625 0.41935069374999995 0.1632869796875 0.3933124421875 0.194409425 0.3973862703125 0.20218983124999998 0.38194983437499996 0.220268315625 0.4389197078125 0.26914695625 0.44668945937500004 0.2630597234375 0.4526627828125 0.26685831250000003 0.456496125 0.2608626875 0.4604325328125 0.2607710765625 0.47645300625000003 0.27614866562499996 0.5372318296875 0.20484163125000002 0.5202100765625 0.1885029453125 0.5028397890625 0.20859523906250002 0.49583083281249996 0.20186754375 0.5092990656249999 0.1838348640625 0.49327859218750003 0.168457278125 0.496248075 0.1693725703125 0.5184186265624999 0.14227774531249998 0.5023981531249999 0.12690015937500002 0.5246030625 0.1017733390625 0.5685906562499999 0.140125696875 0.6603110609375 0.0365977 0.6582397921875 0.030739495312499997 0.6659751890625001 0.02268425625 0.6405772140625 0 0.63449874375 0 0.6292713937500001 0.006803625000000001 0.6212882671875 0 0.590279028125 0
0 0.3717358171875 0 0.33324064375 0.00089589375 0.3116297359375 0.0269932921875 0.3825488140625 0.08539131718750001 0.41248911875000005 0.0522092546875 0.402441965625 0.0406302578125 0.419777896875 0.018569959375 0.3970305390625 0 0.3717358171875 0
0 0.9882786343750001 0 0.971459090625 0.0392004046875 0.9655544765625 0.0393378234375 0.9579565015625 0.055265079687499996 0.9011434609375 0.1845595296875 0.9003139578124999 0.19343845312500002 0.9211347 0.20181351250000001 0.8812796828125 0.287399615625 0.8843178765624999 0.29225091718749996 0.9736085203125 0.3315177453125 0.9784774984375 0.328451225 0.9964930046875 0.2889235390625 0.9914493140625 0 0.9882786343750001 0
0 0.1902144921875 0.1213683515625 0.24414617187499998 0.1653956921875 0.252882846875 0.1583015515625 0.2952901046875 0.10612571562499999 0.29125063125 0.1003133125 0.3028193703125 0.0862624484375 0.24988897031250001 0.0431962078125 0.2430861421875 0.0482765375 0.2392871546875 0.0562401671875 0.2632491546875 0.07537053906249999 0.260314028125 0.07642325 0.23034434843749999 0.05152628124999999 0.20047275468749998 0.08864435000000001 0.20651478750000002 0.09637894999999999 0.189144503125 0.1164712453125 0.1902144921875 0.1213683515625
0 0.7490420609374999 0.156598509375 0.7021193390625 0.11929886406250001 0.694315234375 0.12341809687500001 0.6663481140624999 0.100443325 0.66241170625 0.1005349375 0.6171380296875 0.15769949375 0.6820494296875 0.2103309234375 0.7052212640625 0.1841971984375 0.7023892 0.1911539203125 0.715337125 0.199712203125 0.7490420609374999 0.156598509375
0 0.1045410984375 0.1765199234375 0.11023958125 0.16457448125000002 0.111275215625 0.167503584375 0.0828171625 0.229198803125 0.17511164375 0.2713489265625 0.1780467734375 0.27029621718749997 0.2083012546875 0.1987151703125 0.143802115625 0.16969979375 0.15033010156249998 0.14887542812500001 0.1432867890625 0.1401797296875 0.1173909390625 0.12306316718750002 0.1075155640625 0.121324190625 0.059031917187500005 0.16379742656250001 0.039521653125 0.17409550625 0.0210813765625 0.1892906921875 0.0401744 0.2114875859375 0.0663844265625 0.1902051625 0.08075087343750001 0.16722957031250002 0.1045410984375 0.1765199234375
0 0.5401669578125 0.2037889203125 0.5102953640625 0.24090698906250002 0.5532816781250001 0.2782982484375 0.58515583125 0.243102375 0.5401669578125 0.2037889203125
0 0.32534790625 0.30525976718750003 0.31750944531249997 0.3074109953125 0.295721778125 0.3000428421875 0.285532225 0.3367028515625 0.328071921875 0.3485100546875 0.3382271203125 0.309882040625 0.32534790625 0.30525976718750003
0 1 0.48981875312499995 0.9965448859375 0.29189545156249996 0.9141351921875 0.477608940625 0.9171733859375 0.48246024375 1 0.518758034375 1 0.48981875312499995
0 0 0.5018531515625 0.0158046078125 0.5073753125 0.019741015625 0.5072837 0.023540003125 0.499320071875 0.0393887015625 0.5048576375 0.0442576796875 0.501791115625 0.0798670921875 0.398584584375 0.08162916406250001 0.386730753125 0 0.358548975 0 0.5018531515625
0 0.3210236296875 0.3959253796875 0.301856915625 0.42590350312499997 0.2563133796875 0.41121300156249996 0.25144440156250003 0.41427952343749996 0.2329304359375 0.48164972500000003 0.25174861718749997 0.488102584375 0.2547524546875 0.49098588281250005 0.253888596875 0.49789680000000003 0.31918288437500003 0.5160652515625 0.333171425 0.47144161249999994 0.33807475625 0.4703430953125 0.381615734375 0.48311139843750006 0.38268572343749996 0.48800850625000003 0.377055953125 0.50388995625 0.399844896875 0.5122192078125 0.403918728125 0.5199996140625001 0.42163256406249994 0.5195873625 0.44345458437499996 0.52892351875 0.4502917671875 0.5258111921874999 0.46718107968749994 0.47816683906249996 0.47899030624999994 0.477892003125 0.4902498484375 0.4461291 0.487246009375 0.44324580312500006 0.4396999140625 0.426633103125 0.43379530156249996 0.426770521875 0.43096323906249995 0.4337272453125 0.42605990625 0.43482576249999993 0.39829891562499997 0.4236590171875 0.380482015625 0.41816725625 0.378548165625 0.42018106718750003 0.37841074531249996 0.41230905 0.3210236296875 0.3959253796875
0 0.5682122390625 0.5132228234375 0.5458305734375 0.5846206453125 0.6022851203124999 0.603979225 0.6052202484375 0.6029265140625 0.6154441562499999 0.5682345062499999 0.6500423265624999 0.576288925 0.6686937140625 0.5167907390625001 0.5845468890625 0.4902014265625 0.5682122390625 0.5132228234375
0 0.14490595 0.571310078125 0.1495000859375 0.5524995234375 0.126745496875 0.546138275 0.11921623125 0.5660015421875 0.09939677031250001 0.5585875828125 0.0964959953125 0.5616082984374999 0.08154053125 0.6072388421875 0.09638795 0.6118153093750001 0.0974579390625 0.6167124171875 0.0824681203125 0.66037495625 0.152803159375 0.6853169078125 0.15656779375000002 0.675385275 0.1743846953125 0.6808770359375 0.1818796046875 0.659045765625 0.198695228125 0.6635764265625 0.2117511984375 0.621927696875 0.1850258453125 0.6136900562500001 0.1760830390625 0.608976171875 0.177982534375 0.6049943578125 0.17497869531250002 0.602111059375 0.1551935890625 0.596665103125 0.1521897484375 0.59378180625 0.1568525953125 0.578907259375 0.122185715625 0.566916834375 0.14490595 0.571310078125
0 0.43854627031250004 0.586133059375 0.41675860625 0.57876490625 0.41019626562499995 0.59762126875 0.4043260078125 0.5997266906250001 0.40063008437500003 0.6135943312500001 0.3977293109375 0.6166150453125 0.3927916234375 0.6157455578125 0.3852967140625 0.637576828125 0.41602718593750004 0.6496588671875 0.42086180781250004 0.6446243390624999 0.43961626249999997 0.5910301671875 0.43854627031250004 0.586133059375
0 0.5356654140625 0.7354707078125 0.5564224265625 0.6837987359375 0.5999977578125 0.6985350421875001 0.6169901375 0.6567946984375 0.6328044796875 0.6603642609375 0.63580831875 0.663247559375 0.63394318125 0.6691973765625 0.6488249546875 0.6757418484375 0.6667842578125 0.6329946015625 0.628112259375 0.617159778125 0.617716575 0.6420117640624999 0.6108793953125 0.6451240921875 0.5117477312500001 0.6060862921875 0.4712349859375 0.7103913390625001 0.5356654140625 0.7354707078125
0 0.01874420625 0.84495675 0.025375257812500003 0.830036396875 0.03134858125 0.8338349875000001 0.0362519125 0.8327364718749999 0.0646069 0.765137240625 0.0040769390625 0.7379074250000001 0.0059284171875 0.843967715625 0.013875228125 0.848023271875 0.01874420625 0.84495675
0 0.1638466109375 0.753968028125 0.10452564687499999 0.73959816875 0.09765410937499999 0.740742490625 0.09136660937499999 0.7753428859375 0.1506875734375 0.78971274375 0.1575591109375 0.7885684234375 0.1638466109375 0.753968028125
0 0.4469488453125 0.8418820015625 0.44207986874999994 0.844948521875 0.437417021875 0.8598230687499999 0.4324449796875 0.856985578125 0.4313749890625 0.8520884687500001 0.41556064531250003 0.84851890625 0.394042840625 0.9130058125 0.3951128296875 0.9179029203125 0.4079920453125 0.92252519375 0.3929678703125 0.964219728125 0.47317828593750005 0.9909006546875 0.478012909375 0.9858661296875001 0.505955634375 0.8946508468750001 0.511860246875 0.8945134296875 0.4985981453125 0.9243541343749999 0.4987012109375 0.9302581453125001 0.503673253125 0.9330956374999999 0.5157623 0.8924538125 0.5246707515625 0.8951996937500001 0.531267446875 0.8783113374999999 0.51041235 0.867968275 0.5005369734375 0.8662292984375 0.5014351890625 0.8612863859375001 0.4944605875 0.856526696875 0.4469488453125 0.8418820015625
0 0.5352282484375 0.992409778125 0.5436071546875 0.996152384375 0.6503868609375 0.9936673109375 0.6701754546875 0.9400490703125 0.6077819421874999 0.9188599046875 0.609509659375 0.90503806875 0.5520881890625 0.8866863953124999 0.5285678234375 0.949251103125 0.5296378140625 0.9541482109375 0.5465565015625 0.964582884375 0.5352282484375 0.992409778125
0 0.211556434375 0.9987691999999999 0.22556745312499998 0.962209209375 0.2304707875 0.96111069375 0.2502902484375 0.968524653125 0.2644505640625 0.9337410343749999 0.1702565875 0.895572721875 0.15599320625 0.924452328125 0.129161928125 0.9992485578125001 0.211556434375 0.9987691999999999
0 0.7028054203125 0.9481492953125 0.7058436140625 0.953000596875 0.6926502234374999 0.9867773078125 0.6922165078125 0.9926938140624999 0.7721912984375 0.9908325687499999 0.7902015515625 0.9352869125 0.7476274984375 0.9215117062499999 0.7531542046874999 0.899726240625 0.7077824453125 0.8948757625000001 0.6918257015625 0.9395452078125001 0.6918944109375 0.9434812156250001 0.7028054203125 0.9481492953125
0 0.91049881875 0.9876137546875 0.9109834609374999 0.973820846875 0.9166475875 0.9599074 0.8364028156250001 0.9312584703125 0.8166470828125 0.9838915421875001 0.8162133656250001 0.9898080484375 0.91049881875 0.9876137546875
0 0.9678208937500001 0.95871645 0.9542839515624999 0.9728131203125001 0.9508988 0.9866735296875 0.9835554484375001 0.9859135140624999 0.9990373203124999 0.9422395234375 0.9979673281249999 0.9373424140625 0.97718094375 0.9309353609375 0.9678208937500001 0.95871645