0 0.77585823125 0.13278661875 0.843984496875 0.07425770625 0.8427058000000001 0.0377658359375 0.8276717859374999 0.0265169109375 0.7288747156250001 0.019030517187500002 0.7007591125 0.043185304687499995 0.7020378109375 0.0796771765625 0.7221568046875 0.0943443328125 0.7303507421875 0.0929432890625 0.7317517859375 0.10113722812499999 0.77585823125 0.13278661875
0 0.9995184406250001 0.08859093125 0.9998036921875 0.0395602859375 0.8846535187500001 0.030834728125 0.8964372203125001 0.10249565624999998 0.9074182484375 0.1043387203125 0.9995184406250001 0.08859093125
0 0.996999240625 0.5216046453125001 0.9976074734375 0.41705810625 0.9226276531250001 0.42394727187500003 0.931398578125 0.521665165625 0.9358913921875001 0.5290824125 0.996999240625 0.5216046453125001
0 0 0.7048418734374999 0.0025742015625 0.7050369359374999 0.0399801078125 0.6916958375 0.0362789828125 0.7005141296875 0.0417158234375 0.7221565125 0.0662976359375 0.7179533796875 0.0715371453125 0.702174859375 0.0733952078125 0.7043376 0.1053942671875 0.6956416546875 0.10088645781250001 0.6750806421875 0.1101617640625 0.6727505671875 0.1126291796875 0.6668717078124999 0.11881271874999999 0.665318325 0.1228485140625 0.678766771875 0.11156280625 0.68094450625 0.11002442187499999 0.6879047359375 0.1280556578125 0.7701487890625 0.1309950890625 0.771382496875 0.17211711406250002 0.7623668796875 0.177371621875 0.7597321265625 0.1787576703125 0.7547822953125001 0.18046339218750002 0.758955434375 0.1864945890625 0.75941245 0.19886166562500002 0.7563056859375 0.20411617343750002 0.7536709328125 0.20394883749999998 0.7425375671875 0.20627891250000002 0.7518128749999999 0.20921834218750002 0.7530465828125 0.239207 0.7441982984375 0.2331458078125 0.717453746875 0.23747128593750003 0.7137376265625 0.2179016640625 0.638453803125 0.1726064984375 0.6491751421874999 0.176337615625 0.6666443875 0.1648995703125 0.6708325203125 0.15793934062499998 0.6692941359375 0.15576160625 0.6580084281249999 0.14339453124999998 0.6611151937499999 0.1406074390625 0.6578710859375 0.1370286609375 0.6383914421875 0.089875434375 0.64695004375 0.0864789875 0.6517475359375 0.0912914765625 0.6682877484375 0.097017996875 0.6727655640625 0.0957842890625 0.6757049953125 0.06919207499999999 0.6797557859375 0.0668769984375 0.683624246875 0.0631608765625 0.6792987703125 0.0487834015625 0.682253196875 0.0422951859375 0.6878273781249999 0.029730781249999998 0.6535132421875 0.0236995828125 0.6530562234375 0.027872720312499998 0.651350503125 0.028177396875 0.6473297062500001 0.0035056078125 0.5726702328125 0 0.5716885953124999 0 0.7048418734374999
0 0.3252145390625 0.6364757703125 0.321665753125 0.6432836609375 0.325229534375 0.6496195375 0.31456818124999997 0.6568994406249999 0.3481956046875 0.720105871875 0.35485115624999997 0.72566505625 0.40878227968749997 0.69436770625 0.3652402 0.6152454140625 0.3252145390625 0.6364757703125
0 0.16072643281250001 0.6725382421874999 0.159340384375 0.677488071875 0.1629041671875 0.6838239500000001 0.16072643281250001 0.6725382421874999
0 0.1652342421875 0.6930992578125 0.16384819374999998 0.6980490859375 0.1674119765625 0.7043849640625 0.1652342421875 0.6930992578125
0 0.1697420515625 0.7136602703125 0.16835600312500001 0.7186101 0.17191978593749999 0.7249459765624999 0.1697420515625 0.7136602703125
0 0.2064912375 0.8023775421874999 0.23915963750000002 0.83821506875 0.24982099062500002 0.8309351656249999 0.2629797546875 0.8440639359375 0.303295096875 0.8056690140624999 0.2904410125 0.7885194453125 0.2947664890625 0.7848033234375 0.29522350468749997 0.7787721249999999 0.31036267500000003 0.7657657 0.2795523359375 0.7320909125 0.2064912375 0.8023775421874999
0 0.17424985937499998 0.7342212828125 0.1728638125 0.7391711140624999 0.177980978125 0.7516905281249999 0.17424985937499998 0.7342212828125
0 0.144730840625 0.88363020625 0.1870865734375 0.87167515625 0.16596356875 0.790207796875 0.14942335625 0.79502028125 0.147869971875 0.78883674375 0.07057575 0.8082540296875 0.079286690625 0.8533968546875 0.086733928125 0.8751915765625 0.13821263125 0.862916853125 0.144730840625 0.88363020625
0 0.218263953125 0.8204561421875001 0.21069436874999997 0.8269593546875 0.209780334375 0.839021753125 0.22417280625 0.8492110921875 0.23420980781249998 0.836829021875 0.218263953125 0.8204561421875001
0 0 0.885417290625 0.0010784328124999998 0.8848765359374999 0.007886321875000001 0.888425321875 0.0083583359375 0.8955378890624999 0.036960946875 0.8916394375 0.040205054687500005 0.888852346875 0.0311444484375 0.80829901875 0 0.8110944703125 0 0.885417290625