0 0 0.9205252515625 0.08410415 0.9358601171875 0.11277765312500002 0.8836336499999999 0.039589853125000005 0.8426667999999999 0.034048151562500004 0.842761265625 0.016335576562500002 0.8793079328125 0.012542615625 0.8819310421875001 0.00097479375 0.8787169625000001 0 0.880643575 0 0.9205252515625
0 0.2467110671875 0.96108895625 0.24721437656249998 0.9656003078125 0.29821844999999997 0.9748999749999999 0.295617540625 0.953432734375 0.2508939796875 0.9563271562500001 0.2467110671875 0.96108895625
0 0.40362743749999996 0.9609725296875 0.3794526640625 0.8935856609374999 0.36584062031250003 0.8955233343750001 0.3031210828125 0.918339321875 0.30214016250000003 0.9358387953125 0.31763848437500003 0.9784408656249999 0.3569218109375 0.9856034671874999 0.4042063234375 0.969917240625 0.40362743749999996 0.9609725296875
0 0.6253127171874999 1 0.6189738828125 0.9615657078125001 0.535647346875 0.9762048015625 0.5392986625 1 0.6253127171874999 1
0 0.1811333578125 0.8662648984375 0.1725785984375 0.8647050921874999 0.1676157828125 0.8737442718749999 0.15115544218750002 0.933722065625 0.2196879953125 0.9517422078125 0.2368337703125 0.881945334375 0.1948398703125 0.8698689265624999 0.216616721875 0.87162975 0.222170509375 0.8472297875000001 0.188825834375 0.8422548875 0.18531627343749998 0.8615030984375001 0.1811333578125 0.8662648984375
0 0.7135969234374999 0.90921009375 0.7027024546875 0.9204824296874999 0.7118361015625 0.9309869453124999 0.7063888656249999 0.9366231140625001 0.7090119734375 0.9404160765625 0.75138374375 0.9746592890624999 0.766851075 0.9564864640625 0.75771743125 0.9459819453125 0.8158882703125 0.88145545625 0.8166681734375001 0.8771780765624999 0.7491286265625 0.8173529640625 0.6867748703125 0.8866412531250001 0.7135969234374999 0.90921009375
0 0.5723148578125 0.7508624265625 0.553752084375 0.73753378125 0.5320576109374999 0.7656201546875 0.6581096125 0.85600206875 0.708587978125 0.815485590625 0.665826259375 0.7833810671875 0.6833378156250001 0.76005649375 0.6811046593750001 0.7541248406250001 0.602966125 0.6978916734375 0.5725158765625 0.7376403328125 0.5781520453125 0.7430875671875 0.5723148578125 0.7508624265625
0 0.425384540625 0.6113730187499999 0.3913302625 0.664828190625 0.4155292046875 0.6836040703124999 0.42486387031249995 0.68088649375 0.4623793734375 0.705405090625 0.47073311562500003 0.7201869890625 0.5142747390625 0.7480141312499999 0.545894840625 0.7018494 0.4898165625 0.6640021593750001 0.48758340625 0.6580705078125 0.502176371875 0.638633359375 0.4995532609375 0.6348404000000001 0.440461925 0.595338884375 0.425384540625 0.6113730187499999
0 0.9578942359375 0.757081896875 0.9594185234375001 0.7547817328125 0.9657633562499999 0.7199834609375 0.9610259296875 0.7156668796875 0.9664731640625 0.7100307109374999 0.964629959375 0.70196036875 0.9413053843749999 0.6844488109375 0.93537373125 0.68668196875 0.91669231875 0.7164226140625 0.9412812171875 0.7330598 0.9466219 0.746187428125 0.9293113578125001 0.7562899078124999 0.9106299484375 0.7860305546874999 0.9223867015625 0.8003280343749999 0.9266640828125 0.8011079375 0.9387284062499999 0.7834195296875001 0.9381374359375 0.7987803140625 0.9498897124999999 0.8070425484375001 0.95764749375 0.7644949515625 0.9493394734375 0.755522090625 0.9578942359375 0.757081896875
0 0.7891508093749999 0.6887481531249999 0.823653253125 0.711612475 0.8739426859374999 0.6600125968749999 0.84760505 0.6408467671875 0.8420633484375 0.640941234375 0.8624935 0.6137292296875 0.862399034375 0.6081875296875 0.782121809375 0.5515644078124999 0.7604273390625 0.5796507828124999 0.758867534375 0.58820554375 0.7542002015625 0.5895643296874999 0.7333801015625 0.6189150234375 0.732210246875 0.6253310953125 0.8008251812499999 0.6731984359375 0.79615785 0.6745572234375 0.78613775 0.6870938796875 0.7567870578125 0.6662737765625 0.74637700625 0.6809491249999999 0.703000146875 0.7128163765625 0.7509136187500001 0.746965121875 0.7872010515625 0.699441603125 0.7891508093749999 0.6887481531249999
0 0.9433133546875 0.752213546875 0.939508309375 0.7791421515625 0.9475907343750001 0.7529934484374999 0.9433133546875 0.752213546875
0 0.3552098 0.5720604406249999 0.35336659375 0.563990096875 0.33480381875 0.550661453125 0.3443395 0.5347217859375 0.26454669375 0.4815016765625 0.2611436828125 0.4819860953125 0.25034368125 0.49880013281249996 0.25530649843750003 0.48976095468749997 0.2526833890625 0.485967990625 0.2289688640625 0.470595125 0.225565853125 0.4710795421875 0.209803034375 0.4969327578125 0.24489644687499998 0.5044363 0.247815040625 0.500548871875 0.2482994578125 0.50395188125 0.2378894078125 0.5186272296875 0.22408842812500002 0.5094814984375 0.2202954671875 0.5121046078125 0.1704783703125 0.59141299375 0.2424963171875 0.6387959171875 0.2484279703125 0.6365627593750001 0.265455109375 0.6098351734375 0.3115253734375 0.635913578125 0.3552098 0.5720604406249999
0 0.12215077968750002 0.6080139296875 0.138008065625 0.587702415625 0.11905533906250002 0.5765124593750001 0.10455683906249999 0.6014913078124999 0.12215077968750002 0.6080139296875
0 0 0.5479406906250001 0.0220343765625 0.5632420296875 0.0635801125 0.4989989421875 0 0.45553015625000004 0 0.5479406906250001
0 0.10459309375 0.528574821875 0.09797600468749999 0.540627059375 0.1091538734375 0.5459798296875 0.11109154531250001 0.559591871875 0.1291699046875 0.5695175046875 0.141624178125 0.549690409375 0.16213671093749998 0.5523256 0.16068345625 0.5421165671875 0.11364435625 0.50923214375 0.101485565625 0.5213788484374999 0.10070566249999999 0.525656228125 0.10459309375 0.528574821875
0 0.8370060671875 0.6444387125000001 0.81122315 0.6828285828125 0.8146261593749999 0.682344165625 0.8412834468750001 0.6452186140625 0.8370060671875 0.6444387125000001
0 0.10960424843750001 0.4223136625 0.1014394375 0.41861516718749997 0.0976464765625 0.42123827656249996 0.0760464703125 0.4548663515625 0.1614754421875 0.5135336921875 0.196014140625 0.46348153124999997 0.1847418046875 0.45258706406250004 0.1964161765625 0.43703734687500007 0.1347017296875 0.393742871875 0.129160028125 0.39383733906249996 0.113397209375 0.41969055468749994 0.10960424843750001 0.4223136625
0 0.797741825 0.617391471875 0.8059066343750001 0.62108996875 0.8020192046875 0.618171375 0.797741825 0.617391471875
0 0.3421063421875 0.528790134375 0.3630209109375 0.504981140625 0.3258008921875 0.47278215156250003 0.304886325 0.4965911453125 0.3421063421875 0.528790134375
0 0.6314809125 0.4445453078125 0.6255492609375 0.4467784640625 0.6118306640625 0.4674799296875 0.6069743984375 0.45775531562499994 0.5793724453125 0.43946385625 0.544833746875 0.489516015625 0.661362153125 0.5715321015625 0.6838365265624999 0.539168346875 0.6018105671875 0.4800165859375 0.6172658156249999 0.48614925781249996 0.6833521078125 0.5357653375 0.688893809375 0.5356708703125 0.7093239625 0.5084588671875 0.710493815625 0.502042796875 0.6314809125 0.4445453078125
0 0.35896871875 0.44236815468749996 0.355861190625 0.43517218125 0.358779784375 0.43128475312500003 0.4099435859375 0.3809491921875 0.3865245421875 0.357895934375 0.38059289218750003 0.3601290921875 0.301802965625 0.4407841796875 0.3287194859375 0.46889472187500003 0.3346511375 0.46666156562500005 0.35896871875 0.44236815468749996
0 0.9933716546875001 0.5685656015625 0.9968365875 0.5495621609375 0.9968704390625 0.54374374375 0.980465284375 0.53027418125 0.9750180484375001 0.53591035 0.9740492140624999 0.5291043281250001 0.9567507578125 0.514901315625 0.9313577921875 0.551152496875 0.9788813093750001 0.5874399328125001 0.9933716546875001 0.5685656015625
0 0.283831159375 0.41209475468749995 0.33140301562499996 0.3511602109375 0.23159418125000003 0.274402425 0.184022325 0.33533696874999996 0.283831159375 0.41209475468749995
0 0.475545459375 0.4271622609375 0.5334208171875 0.3703161640625 0.46918981249999997 0.30446493281250003 0.41092450312500006 0.3634497203125 0.475545459375 0.4271622609375
0 0.30885834375 0.32937127187500004 0.32742112031250004 0.3426999171875 0.333837190625 0.3438697703125 0.34209646562499996 0.3531099671875 0.3413165625 0.357387346875 0.3253648125 0.372157159375 0.3431476859375 0.389763184375 0.4208622234375 0.32106586875 0.423780815625 0.3171784375 0.4137728 0.3054096 0.40813663125 0.299962365625 0.40045624062499996 0.29966688124999996 0.45006023749999996 0.25788608125 0.3586293140625 0.1472992046875 0.2795559875 0.21132918906249998 0.297917746875 0.237879928125 0.3107498875 0.240219634375 0.312404159375 0.237206575 0.3079378453125 0.2253432703125 0.313089596875 0.22738749375 0.328343828125 0.24674225624999999 0.3195880484375 0.2584045453125 0.3522352015625 0.2975040203125 0.34542917968750003 0.2984728578125 0.33200607031249996 0.31149393281250004 0.3337548078125 0.3140225734375 0.328603059375 0.3119783515625 0.30885834375 0.32937127187500004
0 0.7718666484375001 0.4502539828125 0.816330978125 0.38212346406250003 0.7244859359375 0.32228626718750003 0.6796316546875001 0.392555475 0.7718666484375001 0.4502539828125
0 0.37438992187500003 0.3214316484375 0.37701303125 0.3252246109375 0.3996763375 0.3039442609375 0.37438992187500003 0.3214316484375
0 0.576196828125 0.17812953125 0.47995576875 0.1605817203125 0.46565829062499997 0.1723384734375 0.46487838750000005 0.17661585468750002 0.6208357999999999 0.345373571875 0.6614006156250001 0.29862995468750003 0.647020753125 0.2805395140625 0.6705584296875 0.26052348125 0.62926205 0.21432250000000003 0.62498466875 0.213542596875 0.6115615578125 0.22656367031250002 0.6055354375 0.22325512656250002 0.571623965625 0.18503001875 0.576681246875 0.181532540625 0.576196828125 0.17812953125
0 0.10360450624999999 0.1704084671875 0.0564709390625 0.131982340625 0.0475020578125 0.18117221562500002 0.0455523015625 0.1918656671875 0.0809291140625 0.21599431406249997 0.105542178125 0.1840205109375 0.098157271875 0.1760446359375 0.10360450624999999 0.1704084671875
0 0.9985494984375001 0.255137875 0.9590223765625 0.24793082187499998 0.950361065625 0.265134809375 0.9983663203124999 0.2866236125 0.9985494984375001 0.255137875
0 0.27191185 0.1381172203125 0.2853349609375 0.12509614687499998 0.25840635624999997 0.12129110000000001 0.27191185 0.1381172203125