0 0.8610338703125 0.9512096640625 0.8577336796875 0.9540117312499999 0.8552430671875 0.984523009375 0.8553067671875001 0.9950578171875 0.9404364328125 0.9945625484375 0.940695275 0.953617090625 0.8610338703125 0.9512096640625
0 0.8472930609375 0.8436107843749999 0.8501779796875001 0.7957267609375 0.84017359375 0.792862471875 0.8505100609375 0.7916585890625 0.8504684671874999 0.7670835281249999 0.8586048078124999 0.767747690625 0.8572764812500001 0.784020371875 0.8619465921874999 0.7895206875 0.8802533578125 0.79101505625 0.887787759375 0.7865109859375 0.8853799984374999 0.7658380515625 0.89384841875 0.7624340453125 0.8889497109375 0.67193805 0.8758111765625 0.669841740625 0.812090371875 0.6728308140625 0.8099940625000001 0.685969346875 0.8121113359375001 0.735285515625 0.8088111453125 0.7380875812500001 0.7760997421875 0.7374650125 0.7748336390625 0.7404331187500001 0.778652915625 0.7939834984374999 0.776868059375 0.8409335 0.8472930609375 0.8436107843749999
0 0.69243171875 0.5207522531250001 0.7016268640625001 0.5962416703125 0.8803149109374999 0.577041803125 0.8716178890625 0.49545012968749996 0.69623003125 0.5118479296875 0.69243171875 0.5207522531250001
0 0.6335900031249999 0.9531199765625 0.629044653125 0.9963741718750001 0.71356714375 0.9958824343750001 0.7162195140625001 0.9567935046875 0.6335900031249999 0.9531199765625
0 0.706962146875 0.8946086624999999 0.6985765749999999 0.8468284562499999 0.6707013234375 0.849672115625 0.6694352203125 0.8526402234375 0.6776547484375001 0.9024545156249999 0.684691025 0.9040527 0.70553 0.8996108546875 0.706962146875 0.8946086624999999
0 0.6617760359375 0.783419103125 0.6650346296875 0.7560419734375 0.6232528640624999 0.7536551765625 0.61999426875 0.78103230625 0.6617760359375 0.783419103125
0 0.603119646875 0.7745357453125 0.600379803125 0.7579309828125 0.5482615703125 0.7567480671875 0.5488012859375 0.775220875 0.5425329890625 0.7767568390624999 0.538880090625 0.8215067109374999 0.54118403125 0.8309091578125001 0.5543225656249999 0.8330054656250001 0.5399179281250001 0.8338772640625001 0.5373650921875 0.8776931171875001 0.6118582640625 0.8807024828125 0.6153451234375 0.8379866937499999 0.603306653125 0.8349563625 0.6156772046875 0.8339185234375 0.618292265625 0.7767980953125 0.603119646875 0.7745357453125
0 0.39358757031249997 0.594644490625 0.4207574 0.675696446875 0.5963319265625 0.6193849234375 0.5753681687500001 0.5501015781249999 0.5691620953125 0.5383329671875 0.39358757031249997 0.594644490625
0 0.44558236406249996 0.9234395734374999 0.5078710234375 0.9254526937499999 0.5088672703125 0.91324818125 0.49024904999999996 0.8779423468750001 0.4473672203125 0.8764895703125 0.446101115625 0.8794576796875001 0.44558236406249996 0.9234395734374999
0 0.36814171406249996 0.8812844656250001 0.3650701234375 0.9690822125 0.4393972546875 0.9741256625 0.444565153125 0.873189384375 0.3702380234375 0.8681459328125 0.36814171406249996 0.8812844656250001
0 0.3381072578125 0.70990255625 0.3415734875 0.7050664015625 0.3078032796875 0.62961858125 0.1454711015625 0.6992969 0.17627320468750002 0.77347861875 0.1811093546875 0.77694485 0.3232044984375 0.7168766093750001 0.3381072578125 0.70990255625
0 0.296677865625 0.5652336124999999 0.33588583125000004 0.5489815578125 0.3041497078125 0.47369977656250006 0.2649417421875 0.489951828125 0.296677865625 0.5652336124999999
0 0.23426375 0.288826621875 0.242026415625 0.26898389218749996 0.2231177078125 0.262321290625 0.21657955312500002 0.25462085 0.21334158749999999 0.24411834062499999 0.20850543593749998 0.2406521109375 0.144826225 0.268216246875 0.13376337031250002 0.29086104218750003 0.140571384375 0.3077978890625 0.14650760000000002 0.310330096875 0.14380935 0.318300396875 0.150949446875 0.331169071875 0.15561955624999999 0.33666938750000003 0.173594240625 0.342231925 0.23837351718750002 0.3137337671875 0.2409057234375 0.307797553125 0.23426375 0.288826621875
0 0.1921921671875 0.5157517390625 0.0694000375 0.5651098359375 0.020623587500000002 0.5856999171874999 0.019357484375 0.588668025 0.0374775796875 0.630076115625 0.21234635000000002 0.55732586875 0.19702831875 0.5192179671875 0.1921921671875 0.5157517390625
0 0.1421898640625 0.162547634375 0.1628837625 0.22259457343750003 0.23123308437499998 0.20053075312500002 0.210705228125 0.138449728125 0.15192439062500002 0.15617552031249998 0.1421898640625 0.162547634375
0 0.0063660390624999995 0.43426213125 0.0072354890625 0.43615322812499996 0.00580334375 0.441155421875 0.0027819093749999997 0.47816952187500006 0.00291240625 0.5006000125 0.009996296875000001 0.5152126921875 0.0545385359375 0.496324615625 0.07018864999999999 0.5303643453125 0.1414022609375 0.49829614062500005 0.11477214843750001 0.43571699218750004 0.09800134218749999 0.44049092187500005 0.0925010265625 0.44516103124999995 0.0974409953125 0.45989775 0.084904403125 0.46296967499999997 0.0714544171875 0.4270619 0.0883912640625 0.4202538859375 0.0544550125 0.3468401484375 0.0120152265625 0.365056703125 0.0063660390624999995 0.43426213125
0 0.046400853125 0.09432309531250001 0.048704796875 0.1037255390625 0.0413364375 0.10619552343750001 0.037870206249999996 0.11103167656249999 0.051652275000000004 0.14287128124999998 0.029450784375 0.151462315625 0.027117754687500002 0.1800431125 0.0340306359375 0.195695271875 0.0848411734375 0.1752712328125 0.0881413609375 0.172469165625 0.087539421875 0.1673009328125 0.10244218281249999 0.1603268765625 0.14258417031249998 0.14517488750000002 0.14104820625 0.1389065921875 0.16331932656249998 0.129462553125 0.1495372578125 0.0976229484375 0.1584415796875 0.10142125937499999 0.16377585625 0.098785234375 0.147793659375 0.06881367187500001 0.1404253015625 0.0712836578125 0.1351532515625 0.060615109375 0.1310850796875 0.060283026562499994 0.046400853125 0.09432309531250001
0 0.6870220890625001 0.40857100625 0.688402646875 0.43136744531250004 0.7134804515625001 0.42855343437500004 0.7112688265625 0.4060044921875 0.6870220890625001 0.40857100625