0 1 0.28723229843750003 0.9255639328124999 0.3118236015625 0.9316508375 0.327026203125 0.9160831249999999 0.350184865625 0.9048063859375001 0.37346835624999997 0.9023612765625 0.386276246875 0.9083483078125001 0.40576895312500005 0.93164904375 0.41932582187499995 0.9282560343749999 0.4267398796875 1 0.4606045328125 1 0.28723229843750003
0 1 0.21538426406250002 0.9967163546875 0.206568309375 0.9870366953125 0.20735996874999998 0.9838933703125001 0.20404876875000003 0.9637867921875 0.14550823906250002 0.955554403125 0.1302432234375 0.9481700406250001 0.1246621453125 0.9027153203125 0.140511846875 0.8907403625000001 0.1476762453125 0.877118390625 0.1794775265625 0.8674378328125 0.22641899531249998 0.8735247375 0.241621596875 0.885000325 0.2559077109375 0.9066549421874999 0.24795165 0.9361424546875 0.27242101875 0.9404334296875 0.27254584843749996 0.9644332796875 0.25607199999999997 0.9729153546875 0.2606117609375 0.9880835734375 0.2546135078125 0.9850900578124999 0.24486715625 0.997065015625 0.2377027578125 1 0.23412249531249998 1 0.21538426406250002
0 0.9747603234375 0.319694290625 0.9715670609375 0.31852814375 0.973612675 0.322880659375 0.9747603234375 0.319694290625
0 0.7974393390625 0.005439259375 0.8316155265624999 0.10517266562500001 0.8390997625000001 0.1064636390625 0.8499270718749999 0.1024856109375 0.8580595875 0.12204073124999999 0.9457258296875001 0.091320228125 0.9447279921874999 0.08807144375 0.9404370156249999 0.087946615625 0.9274142843750001 0.09400728124999999 0.9223751578125 0.0799084109375 0.9224750296875 0.075618309375 0.9278637156249999 0.0747018203125 0.9312067890625 0.0694328140625 0.9211285312499999 0.041235073437500006 0.9320057765625 0.03511199375 0.9219299109374999 0.009060829687499999 0.7974393390625 0.005439259375
0 0.7153026234375 0.490306203125 0.7544680046875001 0.6062835296875 0.8312569999999999 0.5816861062500001 0.8367963921875001 0.5281846546875 0.8116007515625 0.45769030781250003 0.7153026234375 0.490306203125
0 0.6564328546875 0.16017851249999998 0.6554849515625001 0.15478467812500002 0.64465764375 0.1587627078125 0.6370235984375 0.163906884375 0.6390692125 0.16825940156250002 0.6357760765625 0.17138335625 0.62065779375 0.17523655625 0.619460209375 0.180567978125 0.667805878125 0.3172041546875 0.6720469171875 0.3194740359375 0.6655105812500001 0.3235768953125 0.6654107078125 0.327866996875 0.6694519984375 0.3387170828125 0.6736930375 0.34098696093749997 0.66830435 0.34190345 0.6649612765625 0.3471724578125 0.7011830765625 0.4512583796875 0.704326403125 0.4545695765625 0.806063153125 0.418892140625 0.7729846765625 0.31811741875 0.767845675 0.308308653125 0.7613592765625 0.3102664609375 0.7582159515625 0.3069552625 0.7531768234375 0.2928563921875 0.7034311296875 0.3085812671875 0.6979925078125 0.3116428046875 0.698940409375 0.3170366421875 0.6785832515625 0.315371175 0.7586653828125 0.28764980156250003 0.7082740984375 0.14666110625 0.6964489515625 0.1473903515625 0.6617716031249999 0.1614070765625 0.6564328546875 0.16017851249999998
0 0.7020284171875 0.5993917421875 0.6879579078125 0.604348675 0.6804736734375 0.603057696875 0.6633606109375 0.554263521875 0.57464659375 0.583880290625 0.5712535859375001 0.5912943484375 0.61256445 0.7073340875 0.7012784671875 0.6777173171875 0.7058690624999999 0.664971840625 0.72208505625 0.660077321875 0.7020284171875 0.5993917421875
0 0.6110235859375 0.4046322078125 0.5288459046875 0.4301461171875 0.5255028328125 0.435415125 0.5627224703125 0.5427498281250001 0.640609178125 0.517111090625 0.6489913781250001 0.525940953125 0.6717437078125 0.5169435765625 0.6646090296875 0.5006372421874999 0.6441020609375 0.5054069296875 0.6110235859375 0.4046322078125
0 0.5766797109375 0 0.540729059375 0.0119235453125 0.5394815375 0.01940001875 0.5748053734374999 0.1159470515625 0.6494988203125 0.0891421640625 0.6213595984375 0.0067564140625000005 0.618101871875 0.00022213125 0.6104661546875 0 0.5766797109375 0
0 0.5045482265625 0.36719065624999997 0.5391756390625 0.355318984375 0.55189875 0.3621286265625 0.5941102703125 0.347257825 0.5548949546874999 0.23342555312500002 0.467228715625 0.26414605468749996 0.5045482265625 0.36719065624999997
0 0.47600233750000004 0.6711637828125 0.42625664218750003 0.6868886578125 0.41862259843749994 0.6920328328124999 0.454744525 0.8004088578124999 0.4621788234375 0.8038448859375 0.5487473515625 0.7741657015625 0.5255973234375 0.708023871875 0.5267949093750001 0.70269245 0.5441086140625 0.696756615625 0.5453062 0.69142519375 0.50100181875 0.565639103125 0.49785849375 0.562327903125 0.4794970140625 0.56716000625 0.46437962656250004 0.5248633984375 0.38000652343749997 0.5524599453125 0.3766135140625 0.5598740015625 0.4098418 0.654213571875 0.461782915625 0.6364060625 0.467121665625 0.637634625 0.4712128921875 0.6463396578125 0.47600233750000004 0.6711637828125
0 0.30226313125000004 0 0.31171036406249997 0.0277994265625 0.3169492390625 0.033318092187499995 0.3233857 0.033505334375 0.42111438906250004 0 0.30226313125000004 0
0 0.3771717859375 0.0747803546875 0.3719329125 0.06926169062500001 0.3654964515625 0.069074446875 0.300732346875 0.08436241718750001 0.292898553125 0.0980868015625 0.292598934375 0.11095710781250001 0.325926196875 0.24715638125 0.38959258750000003 0.23290972812500002 0.39752535624999996 0.26104505312500004 0.4191300359375 0.255234046875 0.4162363953125 0.24119759062499999 0.424918215625 0.237157146875 0.42501809062499996 0.2328670453125 0.4152893921875 0.1896539484375 0.3917907015625 0.09237766875 0.3771717859375 0.0747803546875
0 0.23496592343749997 0.3271506484375 0.2287782484375 0.36238795625 0.2014852625 0.381985759375 0.1958968296875 0.39148245312499996 0.2270803984375 0.435319696875 0.2208427890625 0.47270205781249997 0.28495771406250003 0.48529975312499996 0.2989283453125 0.48463292031250005 0.30900839687500004 0.42053104374999994 0.3179898390625 0.403620290625 0.3204349453125 0.3908124 0.3188387640625 0.36715442187499997 0.32347929531249997 0.3522638921875 0.322631265625 0.342579953125 0.23496592343749997 0.3271506484375
0 0.17188800937499998 0.8694543875 0.2030724765625 0.867141821875 0.28849335625 0.840649009375 0.2516732109375 0.7161538921874999 0.17498408906250001 0.7364612125 0.17188800937499998 0.8694543875
0 0.24209432187500002 0.666505640625 0.25177398125 0.6657139828124999 0.2640494578125 0.599529465625 0.273729115625 0.5987378078125001 0.2771720609375 0.5891786984375 0.2917428328125 0.516621446875 0.291992515625 0.5058961890625 0.2888491921875 0.5025849906250001 0.2397027390625 0.49256925 0.23506220781249998 0.5074597796875 0.18052707031249998 0.4983605265625 0.1769815578125 0.6506591625 0.24209432187500002 0.666505640625
0 0.19680017656249998 0.1221224890625 0.20882506875 0.1128130390625 0.2092245625 0.09565263125 0.1933081890625 0.087676840625 0.19006499062499999 0.0886557453125 0.1892660015625 0.12297656406249999 0.19680017656249998 0.1221224890625