0 0.9818185140625 0.833928890625 0.9484276125 0.8493822484375 0.9641222375 0.8869155796875001 0.9975131421875 0.871462221875 0.9818185140625 0.833928890625
0 0.48232665937499997 0.589732425 0.51533523125 0.6033966921875 0.532780025 0.563933209375 0.5039138796875 0.5500276703125 0.4987961625 0.551364865625 0.48232665937499997 0.589732425
0 0.8480787796874999 0.3574884328125 0.8506325312499999 0.365652653125 0.895947753125 0.3765219015625 0.9046149390625 0.3469217359375 0.9031571109375 0.3397328046875 0.8589378140624999 0.32983884375 0.8102141875 0.3139725140625 0.8022810203124999 0.3383343296875 0.8080019093749999 0.3473532046875 0.8480787796874999 0.3574884328125
0 0.7261695031250001 0.28042012031249997 0.7149485656250001 0.3018560640625 0.7591576484375 0.3294156578125 0.763300075 0.329174390625 0.7774468828125001 0.304450671875 0.774279746875 0.30359601718749996 0.7667186984375001 0.3165058390625 0.7730631859375 0.30054951406249997 0.7354296484375 0.27884165781250003 0.7314078546875 0.281154140625 0.7311665859375001 0.2770117125 0.7261695031250001 0.28042012031249997
0 0.0017709437500000001 0.30439945 0.0021519390625 0.3698868921875 0.0813881984375 0.360578275 0.077276409375 0.30782264062500003 0.07350609999999999 0.296611915625 0.0017709437500000001 0.30439945
0 0.3106201921875 0.24643239218750002 0.3560560484375 0.2593728546875 0.36839333750000003 0.20358093125 0.32722054375 0.19247041250000002 0.3221028265625 0.1938076078125 0.3106201921875 0.24643239218750002
0 0.2509475359375 0.2031475296875 0.2508371171875 0.1834106828125 0.267406825 0.18244560625 0.2656177359375 0.11604612968750001 0.24892739062499997 0.114939990625 0.2497922609375 0.09410721875 0.1759625859375 0.0932117078125 0.1501327296875 0.095755246875 0.150594840625 0.1393713703125 0.14766897031249998 0.14265914375 0.0636038609375 0.1444380171875 0.065865275 0.23678798437499998 0.1697878671875 0.2369699 0.1727137359375 0.23368212812500003 0.17187950937500002 0.2015179984375 0.1752777015625 0.2241807140625 0.20634590937500003 0.2223711984375 0.20721077812500002 0.20153842656249998 0.2509475359375 0.2031475296875
0 0.6120727593749999 0.17691878125 0.6605449046875 0.20630832031250002 0.6918850203125 0.1556443265625 0.6454840921875 0.126134153125 0.6404870078125 0.129542559375 0.6120727593749999 0.17691878125
0 0.33819 0.184557675 0.3647436625 0.1944414203125 0.3709675171875 0.17641388281249998 0.348676915625 0.16836008125 0.3414879859375 0.16981790937500002 0.33819 0.184557675
0 0.2542659515625 0.1530764953125 0.25512060625 0.149909359375 0.25195346875 0.1490547015625 0.25109881093749997 0.1522218390625 0.2542659515625 0.1530764953125
0 0.27881989687500003 0.039421432812500004 0.2870815640625 0.008805765625 0.19021966562499998 0.0144473296875 0.27881989687500003 0.039421432812500004