0 0.0077537578125000005 0.66635628125 0.011243425 0.9662575421874999 0.2880630921875 0.9839897421874999 0.176289740625 0.6350499359375 0.1677094265625 0.6162290546875 0.0077537578125000005 0.66635628125
0 0.1160413671875 0.6172184796875 0.1125157546875 0.6223665390625001 0.11743510625 0.630205115625 0.140492221875 0.6220090625 0.1387241328125 0.615447128125 0.1335552125 0.611891684375 0.1160413671875 0.6172184796875
0 0.211557528125 0 0.20188933593749997 0.0111679640625 0.237822203125 0.040339204687500005 0.2528086984375 0.0230279375 0.22444309687500003 0 0.211557528125 0
0 0.26069314062500004 0.1460578796875 0.2868295609375 0.2326396953125 0.3633122578125 0.211744221875 0.3689803078125 0.20673340156250003 0.342719103125 0.12229315 0.26069314062500004 0.1460578796875
0 0.44980926875 0.07433924374999999 0.4446403515625 0.0707838015625 0.37812114375 0.105214859375 0.3747203140625 0.10822135156249998 0.379514884375 0.11820149687499999 0.3756043578125 0.1115023203125 0.3520481140625 0.1282646375 0.3703317890625 0.14663230625 0.37714401406250003 0.15889125312500002 0.39276498593750003 0.1491440890625 0.4080116125 0.14582161875 0.41785031874999995 0.161498771875 0.4788262578125 0.12993696875 0.44980926875 0.07433924374999999
0 0.41250579062500004 0.29012998749999996 0.43066468125 0.3106392234375 0.4577465390625 0.2887288484375 0.46279067500000004 0.29442585781249997 0.3972908625 0.3482682515625 0.40927200468749997 0.364082640625 0.393401465625 0.37811294218749997 0.4014720828125 0.38722815625 0.3946704234375 0.39324114374999997 0.41472218437499997 0.41817075 0.45710349375000003 0.48429756562500004 0.561530959375 0.408228825 0.49544749374999997 0.3244620234375 0.5001067171875 0.3183118015625 0.4069096984375 0.20163958124999998 0.3652156953125 0.23443652343750002 0.393213290625 0.2706229140625 0.3865364140625 0.2744943328125 0.40356169375000006 0.296005734375 0.41250579062500004 0.29012998749999996
0 0.5325990796875 0 0.500176675 0.0034058218750000003 0.505762203125 0.0736242953125 0.508788684375 0.0770425015625 0.5975020890625 0.0676782875 0.6010277015625001 0.062530228125 0.5963473484375 0.0321365875 0.60504188125 0.030543971875 0.6057905765625 0.017694575 0.6034038265625 0.002494771875 0.5644576265625 0 0.5325990796875 0
0 0.585533509375 0.29154058125 0.59523686875 0.29108736875 0.5982633500000001 0.29450557499999996 0.6287882984375 0.34267643593749997 0.7091603890625 0.2919362734375 0.7105435640625 0.2866509765625 0.6385213515625 0.175634265625 0.5480715546875 0.233252340625 0.585533509375 0.29154058125
0 0.7424536859375 0.5509412921875 0.7263124515625 0.5327108609375 0.7877875203125 0.49258279062500004 0.7937051359375 0.48328883749999996 0.750065434375 0.42030575 0.748297346875 0.4137438140625 0.7572414421875 0.4078680671875 0.7264669296874999 0.3639803390625 0.717647615625 0.36771451875 0.7097017812499999 0.35645773593749996 0.63915783125 0.40460311875 0.7163489609375 0.5191752734375 0.6790223546874999 0.4770174 0.64639723125 0.5017970296875001 0.7097037796875 0.5778624906250001 0.7424536859375 0.5509412921875
0 0.72813993125 0.20609488593749997 0.723605490625 0.2101035421875 0.7645930609375 0.26324372500000004 0.79620935625 0.23732469374999998 0.8026366671874999 0.23773640468749999 0.8656196968750001 0.190181471875 0.962746371875 0.12869197968749999 0.906491046875 0.042330401562499995 0.852826465625 0.0775848875 0.8564768624999999 0.0702952609375 0.8486558078125 0.056896912499999994 0.841469234375 0.051062665625 0.8328994859375 0.050513714062500006 0.8113608953125 0.069554834375 0.7995256656249999 0.08814274062500001 0.8089794593749999 0.09197266093749999 0.8135139 0.0879640046875 0.819941209375 0.08837571718750001 0.8217093 0.0949376546875 0.8176739906250001 0.0903800453125 0.7840400390625 0.114020275 0.7642378421875 0.0848075359375 0.7574361828125 0.09082051875 0.7515080015625 0.0818425421875 0.7501248265625 0.0871278390625 0.754160134375 0.09168544687499999 0.7137245234375 0.12133866093750001 0.7234384484375 0.139157378125 0.779308859375 0.21367172499999998 0.7561058328125 0.1874654765625 0.74942895625 0.191336896875 0.7394654671875001 0.177801309375 0.718051659375 0.1947008640625 0.72813993125 0.20609488593749997
0 0.8415326265624999 0.1606942578125 0.8118917234374999 0.115804365625 0.8084908937499999 0.118810859375 0.8323284 0.15258120625 0.8415326265624999 0.1606942578125
0 0.8300294828125001 0.0997697375 0.8248605640625 0.09621429375 0.82763748125 0.1039156328125 0.8309135265625001 0.1030507046875 0.8300294828125001 0.0997697375
0 0.8232423859375 0.5668641609375 0.8759615328124999 0.6401018656249999 0.9410869984374999 0.592684171875 0.9514142718749999 0.5815231296875 0.9005879968749999 0.5127057921875 0.8232423859375 0.5668641609375
0 1 0.1278988609375 0.9523048812500001 0.1602665234375 1 0.23215797500000002 1 0.1278988609375
0 1 0.255867515625 0.9503717484375 0.3041631765625 0.9521398375000001 0.3107251125 1 0.36477992656249997 1 0.255867515625
0 1 0.40073562812499997 0.99755819375 0.39854206875 0.9779124749999999 0.4220035609375 1 0.440172634375 1 0.40073562812499997
0 1 0.027899478125 0.94448914375 0.024343625 0.964224209375 0.07941341406249999 1 0.05971334375 1 0.027899478125
0 0.9361390296875 0.240039378125 0.9106277140625 0.207795478125 0.8660850531250001 0.24438233125000003 0.9197721703124999 0.31370320625 0.95064981875 0.28924154999999996 0.9220124203125 0.255030465625 0.9361390296875 0.240039378125