0 1 0.8143971640625001 0.9648595390624999 0.8135357640624999 0.9623619531250001 0.824193340625 0.9514186453125 0.8267021281250001 0.9498064421875 0.8702659640625001 0.9525067515625001 0.8812541703125 0.9605773531249999 0.88016509375 0.9631425140625 0.8767227796875 0.9633452374999999 0.8983685625 1 0.898545653125 1 0.8143971640625001
0 1 0.6438010281250001 0.9759587453125 0.6427810921875 0.9724943671874999 0.7351014203124999 0.9739645046875 0.7379991984375 1 0.7383446593749999 1 0.6438010281250001
0 0.9622821421875001 0.322625721875 0.964367365625 0.3295687125 0.9618697781250001 0.34022628906249996 0.96535756875 0.3428517984375 0.986302928125 0.345185625 0.9770546796874999 0.284362921875 0.972887575 0.2840406296875 0.9695349343749999 0.2958456453125 0.9689570953125 0.264961990625 0.9634516546875 0.262608753125 0.8644516421875 0.26151941875 0.8563810390625 0.26260849531249997 0.8559011046875 0.272993803125 0.8526532843749999 0.265175640625 0.8437276265625 0.2674121578125 0.8435179890625 0.306658509375 0.8456032125 0.313601503125 0.8539813562499999 0.314535034375 0.8565465171875 0.3110927171875 0.8557590375 0.31945541718750003 0.8612644796875 0.32180865625 0.9622821421875001 0.322625721875
0 0.9361515046875001 0.0153561046875 0.8852709000000001 0.0192733953125 0.88776156875 0.0695079546875 0.8911445406249999 0.0917566390625 0.9084483375 0.0904536546875 0.9119361265625001 0.0930791625 0.9146364374999999 0.10406737031249999 0.9491854234374999 0.10107593125 0.9361515046875001 0.0153561046875
0 0.9716132406250001 0.363680775 0.9372456124999999 0.36109408906249996 0.896277521875 0.36249425625 0.893712359375 0.365936571875 0.8940805609375 0.43606657968749996 0.8950031875000001 0.44213440000000004 0.9025262765625 0.44421537187500004 0.9703389078125 0.44332092031250003 0.9716132406250001 0.363680775
0 0.883745421875 0.503512715625 0.87594511875 0.5334628375 0.8767932546875 0.5932075375 0.8798011062500001 0.60621835 0.9479212796875001 0.6073465078125 0.9525040921875 0.6036319234375 0.9500809968749999 0.560612625 0.9538087546874999 0.5580454765625 0.9545962328125001 0.549682778125 0.9538832453125 0.5043686000000001 0.9451975593749999 0.5014124640625 0.9442073578124999 0.48812937968750003 0.907274565625 0.488985009375 0.905084521875 0.5016651921874999 0.883745421875 0.503512715625
0 0.8583736828124999 0.7835270234375 0.8610739921875 0.79451523125 0.9191059140625001 0.797004734375 0.9201706062499999 0.756610940625 0.8612836312500001 0.755268878125 0.8587184703125 0.75871119375 0.8583736828124999 0.7835270234375
0 0.8635082625000001 0.43812800625000003 0.8150170828125001 0.43744720625 0.8135096953125001 0.46138786875 0.8141247796875 0.46543308281250007 0.819630221875 0.46778632187499997 0.8629235062499999 0.4681364921875 0.8654886671875 0.4646941765625 0.8635082625000001 0.43812800625000003
0 0.756367415625 0.15329024062500002 0.7528796265625 0.150664734375 0.6974804390625 0.15194817656249998 0.69624335 0.20474988437500002 0.757147978125 0.205819678125 0.756367415625 0.15329024062500002
0 0.5696633453125 1 0.597968140625 0.996180446875 0.595892915625 0.9531142046875001 0.5928174875 0.932888128125 0.5893296984374999 0.9302626203125 0.5322204046875 0.9338409421874999 0.5329706390625 0.9523166796875 0.48423948906250003 0.9568285328125 0.48637996406250006 1 0.5696633453125 1
0 0.47958804375 0.05956897343749999 0.42076864062499997 0.0654421703125 0.421518875 0.0839179078125 0.407395321875 0.0858237921875 0.4066078421875 0.09418649375 0.3896115875 0.097512084375 0.3998280703125 0.1714733984375 0.3958975890625 0.15239476093749998 0.3927173421875 0.151791859375 0.388749615625 0.159551659375 0.3915175 0.177755128125 0.40926398906249994 0.1929052765625 0.42742284374999995 0.1904548546875 0.42386747968750005 0.1806140828125 0.4743087375 0.1738073546875 0.4788543015625 0.196931209375 0.5022110515625 0.1948114171875 0.519139734375 0.1842705640625 0.5270076125000001 0.161535703125 0.5202416734375 0.117038334375 0.48488384218749997 0.10116856562500001 0.47958804375 0.05956897343749999
0 0.5480045828125 0.4621262578125 0.54249914375 0.45977302187499997 0.4815269421875 0.451487965625 0.44086639375000003 0.45491074062500003 0.44212689374999997 0.49705487187499997 0.4461249484375 0.5233487703125 0.4516303875 0.5257020078125 0.554290584375 0.517008934375 0.5480045828125 0.4621262578125
0 0.507732984375 0.353002628125 0.4979522765625 0.3563865828125 0.49665453125000003 0.34108089218750004 0.4874213328125 0.3412947984375 0.4861911640625 0.33320436875000004 0.377717984375 0.33752159375 0.38078649531250003 0.418639809375 0.5227046750000001 0.41084144375 0.5192913765625 0.354539059375 0.507732984375 0.353002628125
0 0.36239885 0.0268763625 0.364791615625 0.0358419609375 0.45650850781249996 0.029657673437499997 0.45427405 0.004157840625 0.361581725 0.016666084375 0.36239885 0.0268763625
0 0.593530475 0.9782023046875 0.588332578125 0.9778716734374999 0.5898702921875 0.9879847109375 0.594453103125 0.9842701265624999 0.593530475 0.9782023046875
0 0.3882185984375 0.31855968125 0.3915339953125 0.3335931046875 0.4515159921875 0.3285950734375 0.450218246875 0.31328938281249996 0.3882185984375 0.31855968125
0 0.19553512343749999 0.17530419218749999 0.2006957765625 0.2024732625 0.2823244140625 0.19765031718749998 0.28940481406249996 0.1832781578125 0.2892020921875 0.16163237187499999 0.32264709375 0.1581512359375 0.3167058796875 0.0784527296875 0.3115079828125 0.0781220984375 0.310412959375 0.084462190625 0.26944486875 0.0858623578125 0.270195103125 0.104338096875 0.1926017640625 0.1086165015625 0.19553512343749999 0.17530419218749999
0 0.1741422859375 0.048152178125 0.1789953953125 0.073298640625 0.27444004375 0.06454720625 0.2725197015625 0.0286844421875 0.173845825 0.0419998578125 0.1741422859375 0.048152178125
0 0.2226361265625 0.326455228125 0.23494475 0.3464673984375 0.2542661984375 0.3448921453125 0.2581966828125 0.363970784375 0.3291219828125 0.3564639703125 0.3209231515625 0.28223038749999996 0.3012941609375 0.2817830328125 0.23067639843749999 0.291312453125 0.203831859375 0.29080673749999997 0.1127300546875 0.3010362421875 0.12106403437499999 0.389700346875 0.12253417343749999 0.392598125 0.21363597968749998 0.38236862031249996 0.21442346093750003 0.3740059203125 0.2168162265625 0.38297151875 0.2116859046875 0.38985615 0.23535019687499997 0.389758965625 0.23312982343750002 0.3683854515625 0.225914275 0.368327090625 0.213125715625 0.358700228125 0.207829915625 0.31710063593750004 0.21138527968749998 0.32694140625 0.2226361265625 0.326455228125
0 0.41507895 1 0.41307421875 0.9695280000000001 0.40938370468749996 0.94525670625 0.4058959171875 0.9426311999999999 0.3563097125 0.9482904890625001 0.35958198750000003 1 0.41507895 1
0 0.098683653125 0.5268874968749999 0.10445939062500001 0.5581017828125 0.220388084375 0.5486502640625 0.22172307500000002 0.537117515625 0.21526467968750002 0.49464275625000004 0.245529434375 0.49055872031250003 0.240166059375 0.441743865625 0.23466062031249998 0.43939062656249994 0.1839118203125 0.4441747484375 0.18496959531249998 0.46467309375 0.0955778984375 0.4726077203125 0.0939353640625 0.482117859375 0.098683653125 0.5268874968749999
0 0.0077584984375 0.1861947 0.013841778125 0.21943159375 0.0784065875 0.21071898125000002 0.0720530125 0.14862104375000001 0.0576219171875 0.1485043203125 0.049183115625 0.0794633890625 0.0811579796875 0.07308447500000001 0.07839009531249999 0.054881006249999996 0.036961009375 0.0604716 0.03632698125 0.062621265625 0.04648280625 0.06847518124999999 0.0008561234375000001 0.0735750296875 0.0021735515625 0.1867945671875 0.0077584984375 0.1861947
0 0.005063821875 0.4351837625 0.0723632140625 0.42826589843749996 0.06416438125 0.3540323171875 0.022648778124999998 0.3586025296875 0.01625795625 0.32334303124999997 0.01277016875 0.32071752343750004 0.0036732859375000005 0.3156813921875 0.005063821875 0.4351837625