0 0.9265500515625 0.8583475265624999 0.9643036265625 0.8775042171875 0.9715010015625 0.8004065593749999 0.9602114203125 0.7942686671875 0.956996934375 0.796934228125 0.9260274796875001 0.853356 0.9265500515625 0.8583475265624999
0 0.9776603765624999 0.7344278703125 0.9672683859375001 0.75044279375 0.9697509703125 0.7556172937500001 0.9754480859375001 0.7581257421875 0.9776603765624999 0.7344278703125
0 0.9575301421875 0.2829389109375 0.9697337312500001 0.3216429984375 0.96918480625 0.32752304374999996 0.944566775 0.3370874296875 0.9645577125000001 0.398266559375 0.9693662625 0.39970400625 0.971848846875 0.4048785078125 0.943388334375 0.4556032109375 0.9463934875 0.465769234375 0.9438845468749999 0.47146630624999997 0.9495552593750001 0.484846815625 0.9970580296874999 0.5114995734375001 0.9984590953125 0.27067680312500003 0.9575301421875 0.2829389109375
0 0.9193823640625001 1 0.9579087718749999 0.9354161062499999 0.8970443984375001 0.8990891781249999 0.8374578156249999 0.9973240999999999 0.838080596875 1 0.9193823640625001 1
0 0.7465185859375 0.7219265265625 0.7491841484374999 0.7251410125 0.8015029140625 0.75770453125 0.79969951875 0.7664331109375 0.802365078125 0.7696475984375 0.8256759265625 0.784674884375 0.8224614421875 0.78734044375 0.8190903359374999 0.7810944484375 0.816058828125 0.78179999375 0.8040630484375001 0.8044052984375 0.827373896875 0.8194325859375 0.84007521875 0.79985879375 0.8368870906250001 0.7916527828125 0.8449101265625 0.7904246671874999 0.8347704578125 0.7825582515625 0.8287074375 0.783969340625 0.8301448812500001 0.779160790625 0.8534557312500001 0.794188078125 0.8584472562500001 0.7936655109374999 0.8933367406249999 0.7376096875 0.8803485343749999 0.7284888015625001 0.8921613390625 0.7078435109375001 0.8971528640624999 0.7073209406250001 0.9064040140625 0.7141158625 0.9094355249999999 0.71341031875 0.9233913171875001 0.6909879906249999 0.9104031125000001 0.681867103125 0.9129120546875 0.6761700328125 0.9184525046875001 0.6697674203124999 0.9314407078125001 0.67888830625 0.9418160671875 0.663051565625 0.9393334812499999 0.6578770656249999 0.8683294406250001 0.61368371875 0.878155871875 0.603727025 0.8808477874999999 0.596069940625 0.8245050859375 0.5324857765625 0.79790068125 0.552738759375 0.7202041046875001 0.622592234375 0.7253522484375 0.630981221875 0.7226603328125 0.6386383062500001 0.73243405 0.650424753125 0.7422341265625 0.6513396296875 0.7626700828125 0.67598401875 0.757129634375 0.6823866328125 0.7478784843749999 0.6755917109375 0.744846971875 0.6762972546875 0.7237303078124999 0.7118907640625001 0.7395670453125 0.722266121875 0.7500990234375 0.7153409390625 0.7465185859375 0.7219265265625
0 0.8526275234374999 0.40066855468749996 0.8445781312499999 0.412768240625 0.8451006984375 0.41775976562499995 0.9121847125 0.46158715937499994 0.915216221875 0.46088161562499996 0.933640971875 0.43294519375 0.9188757265625 0.4216813140625 0.9279966140625 0.40869311250000007 0.9220390187499999 0.3666179203125 0.9090508156249999 0.35749703125 0.913519771875 0.3519829375 0.9110371875000001 0.3468084375 0.8969774875000001 0.3385760703125 0.906464325 0.321667834375 0.887962025 0.3080779921875 0.8947569484375 0.29882684375 0.8874658125 0.292214896875 0.893894784375 0.28688377656249997 0.89052368125 0.2806377828125 0.8933722156250001 0.281892253125 0.8956981796875001 0.278155196875 0.906386775 0.28014156875 0.9077715078124999 0.297076159375 0.949297775 0.2969986109375 0.9514671218749999 0.28435 0.9440720796875001 0.24708335781250002 0.9084258593750001 0.24770983281249997 0.9052113734375 0.2503753921875 0.9046360921875 0.2671270078125 0.879653628125 0.2064704484375 0.8734339890625 0.1989699828125 0.8578577749999999 0.228160875 0.836401515625 0.25680284375 0.83373595625 0.2535883578125 0.8607326671875001 0.21854377500000002 0.840270353125 0.20477095781250002 0.8515342296874999 0.1900057125 0.7896247187500001 0.143695734375 0.781052759375 0.1508038921875 0.7643274984375 0.139357040625 0.7494831859375 0.160707875 0.7443086859375 0.163190459375 0.7418261015625001 0.1580159578125 0.7505810375 0.148947784375 0.689822090625 0.0691345734375 0.5568000734375 0.1703994828125 0.6193360609375 0.252355684375 0.7109357171874999 0.18182301875 0.66891171875 0.24017845312500002 0.6834939859375 0.25340234375000004 0.6677611531250001 0.2736816828125 0.7519100171875001 0.33590747187500003 0.7587049390625 0.326656321875 0.773470184375 0.3379201984375 0.777939140625 0.3324061046875 0.768452303125 0.3493143390625 0.8463815265625 0.40403965937499997 0.8526275234374999 0.40066855468749996
0 0.7235746328125 1 0.7362689328124999 0.9799693265625 0.736634884375 0.97604929375 0.729160771875 0.9713973625 0.73540676875 0.968026259375 0.74489360625 0.9511180250000001 0.7347539375000001 0.943251609375 0.722575184375 0.967816928125 0.7200926 0.9626424265625 0.7875456015625 0.8542678359375 0.7907600875 0.8516022765625 0.8055253296875 0.8628661546874999 0.83003945625 0.8226470718750001 0.8102826875 0.8119057640625 0.794000928125 0.8380651468750001 0.711785721875 0.786893903125 0.664194915625 0.8625235218749999 0.65630214375 0.8835347609375 0.6653703171875 0.8922896984375001 0.6490885578125 0.91844908125 0.6312918046875 0.9078907484375 0.625411759375 0.9073418234374999 0.6259343296875 0.9123333468749999 0.6187734546875 0.9255045281250001 0.5982057171874999 0.955217990625 0.600505325 0.9623525046875001 0.663962615625 1 0.7235746328125 1
0 0.87270056875 0.28095101875 0.866297953125 0.27541056875000003 0.8678920187499999 0.2795135734375 0.87270056875 0.28095101875
0 0.859712365625 0.27183013125 0.8533097515625 0.26628968125 0.8549038140624999 0.2703926875 0.859712365625 0.27183013125
0 0.8218891968750001 0.6558101062499999 0.7888558234375 0.68139420625 0.792409903125 0.6856801875 0.8218891968750001 0.6558101062499999
0 0.8467241609375 0.2627092453125 0.840321546875 0.25716879375 0.8419156109375001 0.26127179843750004 0.8467241609375 0.2627092453125
0 0.565966075 0.5063730265624999 0.604722875 0.47242629531249997 0.6182336484375 0.48653870781249997 0.60555868125 0.49524093125 0.6190694546875 0.50935334375 0.6415708546875 0.49069442499999993 0.6355341890624999 0.4812339453125 0.6264396609375 0.48335057812500004 0.6328686296875 0.478019459375 0.6323460625 0.473027934375 0.6815806046875 0.5280401375 0.669846871875 0.516070715625 0.6546629640625 0.530470009375 0.652885925 0.52832701875 0.6389564875 0.5398777781249999 0.6412297390624999 0.5578838640625 0.6522842843750001 0.5559502046875 0.6707865843749999 0.569540046875 0.6763270359375 0.5631374328125001 0.6770589375 0.555297371875 0.6644366828125 0.5422564546875 0.672120125 0.5340768015624999 0.6783397640625 0.54157726875 0.67191079375 0.5469083859375 0.708523084375 0.588879671875 0.7136975828125001 0.5863970890625 0.7006566656250001 0.5990193421875001 0.715761503125 0.6172347593749999 0.8130845875 0.538339465625 0.7995738140624999 0.524227053125 0.7817243484375 0.5354118609375 0.76868343125 0.5480341140625 0.77027749375 0.5521371203125 0.7606340406250001 0.5601338 0.7513828890625 0.553338878125 0.7183495140625 0.5789229796875001 0.7506773453125 0.5503073671875 0.738055090625 0.53726645 0.794321765625 0.48518337031250003 0.7089974984375 0.39319140625000004 0.626831965625 0.4685589796875 0.6282694125 0.463750428125 0.6888220671874999 0.40811326875000004 0.65754089375 0.3725709546875 0.5852017953125 0.43798183125 0.5873184265625 0.4470763625 0.5810987890625 0.4395758953125 0.66112133125 0.36598536406250004 0.5957104531249999 0.2936462640625 0.50711595 0.3743449546875 0.5214113375 0.3588741671875 0.48639311249999995 0.321005884375 0.4806960421875 0.31849694375 0.40780801406249995 0.3897878671875 0.443714759375 0.42872764218750004 0.43425427968749997 0.43476430781250003 0.428374234375 0.43421538125000003 0.4136089890625 0.422951503125 0.398764678125 0.44430233750000003 0.388911890625 0.46513060156249997 0.3924659703125 0.4694165828125 0.391002165625 0.485096703125 0.40487889218750006 0.49528908437499997 0.4234602578125 0.4762642171875 0.4472424828125 0.44388519375 0.4413360828125 0.4542078390625 0.44489016093749995 0.45849382031249997 0.43093436875 0.4809161484375 0.5086015500000001 0.5702161953125 0.5737797796875 0.5179764984374999 0.56063495625 0.49994405625000005 0.565966075 0.5063730265624999
0 0.7956319875 0.312309740625 0.8024269078125 0.30305859062499996 0.8074184343749999 0.302536021875 0.802975834375 0.2971785453125 0.7917119578125 0.3119437890625 0.7956319875 0.312309740625
0 0.6454336125 0.7352264484375 0.7109777921875 0.6790667218750001 0.6894703390625 0.655310853125 0.6925018484375001 0.6546053078125 0.7013870484375 0.6653202609375 0.7087045390625 0.6610606359375 0.6900456203124999 0.6385592375 0.6738692875 0.6212323390625001 0.6654803015625 0.6263804828125 0.6526750734375 0.6152995828125001 0.5890909078125001 0.6716422843750001 0.6454336125 0.7352264484375
0 0.7130447515625 0.5616224375 0.684429140625 0.5292946078125 0.712861775 0.563582453125 0.7160762625 0.5609168921875 0.7130447515625 0.5616224375
0 0.6447498656249999 0.9437462999999999 0.6420843046875 0.9405318156250001 0.6413524046875 0.9483718765625 0.6447498656249999 0.9437462999999999
0 0.6421106625 0.929660246875 0.6328331546875 0.9337368937500001 0.6381642750000001 0.9401658656249999 0.6376417062499999 0.9351743406249999 0.6421106625 0.929660246875
0 0.5629842390625 0.6336173859375 0.5903453796875 0.6687937500000001 0.6453575828125 0.61955920625 0.6371779265625 0.6118757640625 0.6243199859375 0.6225380015625 0.6028125328125 0.598782134375 0.5629842390625 0.6336173859375
0 0.6730366859375 0.0171516265625 0.6084433 0.0111215765625 0.607084315625 0.01297180625 0.6182691234375 0.0308212734375 0.6060128203125 0.0138603265625 0.5724568750000001 0.0344529015625 0.5679879203125 0.039966996875 0.56176828125 0.03246653125 0.5681972515625 0.0271354109375 0.5538355765625 0.006023725 0.5218304734375 0.0030359203125 0.5190534234374999 0.0030197640625000003 0.5322114375 0.0208103453125 0.5413059671875 0.0186937125 0.5318454859374999 0.024730375 0.516931203125 0.0030074171875 0.41913156875 0.0024384359375 0.439149496875 0.0328821546875 0.4519547265625 0.04396305625 0.5002480375 0.11964690468750001 0.502913596875 0.12286139062500001 0.5100481125 0.12056178125000001 0.5057621328125 0.1241158609375 0.5292032437499999 0.158926275 0.6068471078125001 0.1108159375 0.6082845531250001 0.1060073890625 0.602953434375 0.09957841875 0.6418668546874999 0.0745432421875 0.64437579375 0.068846171875 0.6873922203125 0.0422169328125 0.6730366859375 0.0171516265625
0 0.5867695015625001 0.4529564078125 0.592100621875 0.459385378125 0.5933550921874999 0.4565368421875 0.5890954671874999 0.449219353125 0.5805235078125001 0.4563275125 0.5867695015625001 0.4529564078125
0 0.500468528125 0.8373535234375 0.49790687499999997 0.864793734375 0.524222878125 0.88998705 0.5387012390625 0.8725562453125001 0.500468528125 0.8373535234375
0 0.5533701765625 0.48246053906249997 0.5309742046875 0.45763317499999995 0.548561628125 0.48102309375 0.5533701765625 0.48246053906249997
0 0.45645967656249997 0.8322565734375 0.4650316375 0.8251484124999999 0.4760598296875 0.8340863265625 0.490355215625 0.8186155375 0.4860955921875 0.8112980453124999 0.4569310546875 0.7848502625 0.442818640625 0.7983610359375 0.457217934375 0.8135449421875001 0.448280025 0.8245731328125 0.45645967656249997 0.8322565734375
0 0.29872332031250004 0.5417262875 0.3360675125 0.5758575140625 0.36018933125 0.55043003125 0.40445870624999997 0.595093234375 0.3930118546875 0.6118184921875 0.43728123124999996 0.6564816953125 0.5014143203125 0.5942589468749999 0.467101640625 0.559422175 0.482468521875 0.543062865625 0.4218398375 0.4830327828125 0.3982669453125 0.50258021875 0.3616282984375 0.471480503125 0.29872332031250004 0.5417262875
0 0.49339432656250004 0.4472051046875 0.46922131250000004 0.4202347515625 0.4885857734375 0.44576765937499996 0.49339432656250004 0.4472051046875
0 0 0.4878756453125 0.0130061453125 0.47847715781250005 0.0307765421875 0.4999070625 0.0329195328125 0.49813002031250003 0.062763259375 0.5384808875 0.10936011875 0.50526605625 0.10381966875 0.511668671875 0.119996003125 0.52899556875 0.1112410640625 0.5380637421875 0.1606585859375 0.5911159296874999 0.1681590515625 0.5848962921874999 0.164604971875 0.5806103125 0.1729676015625 0.5863337390625001 0.2787060265625 0.49141872812500004 0.28618013593749997 0.49607065937500006 0.3043955546875 0.48096582187500003 0.29728739531250004 0.472393859375 0.31375212812500003 0.44427446093749995 0.25811496875 0.3837218078125 0.2709729125 0.3730595671875 0.26582476875 0.3646705828125 0.2726196875 0.355419434375 0.28440613593749997 0.3456457140625 0.32546102656250003 0.3929744765625 0.34581943437499996 0.376092596875 0.346185384375 0.37217256875000004 0.3301920265625 0.35288565625 0.350810959375 0.37557002968750003 0.48762274375 0.25488794375 0.4295030015625 0.1891607890625 0.4082560734375 0.20497117187499997 0.39474529999999997 0.1908587578125 0.4036832125 0.17983056875 0.3507116125 0.1224924015625 0.2224717890625 0.236066328125 0.24379626562499998 0.2617822125 0.241653275 0.26355925 0.2658262890625 0.2905296046875 0.272255259375 0.28519848593749997 0.3248609078125 0.3464566859375 0.277403403125 0.2935874703125 0.271889309375 0.289118515625 0.2656433125 0.2924896203125 0.213560234375 0.23622294687499998 0.20159081093750003 0.2479566796875 0.2838835671875 0.340654190625 0.24531126093750003 0.2984999265625 0.23783715156250002 0.29384799687499996 0.1308442546875 0.391611540625 0.10531134687499999 0.41097600156249997 0.1067224359375 0.4170390234375 0.10136495937500001 0.4214816234375 0.06370753125 0.3695272875 0.12101934218749999 0.32742725625 0.1126830703125 0.31083225937500003 0.1742808625 0.26517815 0.092929340625 0.1518089984375 0.0761513671875 0.1621052859375 0.07063727343750001 0.15763632968750002 0.0429613765625 0.17877783281249998 0.030522096874999998 0.1637768984375 0.026317439062499996 0.1664598625 0 0.44836996406249996 0 0.4878756453125
0 0.4635242421875 0.417725809375 0.456546346875 0.42893697656249996 0.4642297859375 0.4207573203125 0.4635242421875 0.417725809375
0 0.3114682375 0.9452552187500001 0.28599588125 0.9853848453125 0.3947549390625 0.995537940625 0.3114682375 0.9452552187500001
0 0.3014370359375 0.745620565625 0.3279360109375 0.7688538640625 0.344557365625 0.7496460218750001 0.344610078125 0.7279028796875 0.33287634375 0.7159334578125 0.3289563140625 0.71556750625 0.3014370359375 0.745620565625
0 0.33893784375 0.7886633468750001 0.29430251875 0.7479201734375 0.2274775125 0.81780000625 0.2790380234375 0.8690751578125001 0.3347821265625 0.8120005499999999 0.3372910671875 0.80630348125 0.3301829078125 0.7977315203125 0.33893784375 0.7886633468750001
0 0.251847178125 0.1755415484375 0.2132733515625 0.207528265625 0.2228640953125 0.221274728125 0.28874786874999997 0.1720665390625 0.33500513593750003 0.13190016875 0.3225658578125 0.1168992375 0.34381278593750003 0.1010888546875 0.2759220953125 0.0016052671875 0.252198621875 0.0014672484375 0.1380112046875 0.0818764515625 0.2172197390625 0.1970226453125 0.251847178125 0.1755415484375
0 0.2661537234375 0.890608965625 0.20534206406250002 0.8325388953124999 0.10331433593749999 0.9406514406250001 0.13484543124999998 0.9712743453125 0.187765871875 0.9762146812499999 0.2661537234375 0.890608965625
0 0.2892192453125 0.124660228125 0.2636863375 0.14402468906250002 0.272388559375 0.1566996578125 0.3182798765625 0.1204533171875 0.2982874203125 0.1334151640625 0.29313927500000003 0.125026178125 0.2892192453125 0.124660228125
0 0.0012911703125 0.8263410531250001 0.05977686250000001 0.888148178125 0.167318684375 0.7845045890625 0.108832990625 0.7226974640625 0.0012911703125 0.8263410531250001
0 0.183842209375 0.4380781390625 0.1776225703125 0.43057767187499996 0.1818821953125 0.43789516562499997 0.1783017609375 0.44448075156250005 0.183842209375 0.4380781390625
0 0.1268248796875 0.1381679609375 0.1726356046875 0.20867731093750003 0.18405610156250002 0.202823621875 0.13842835 0.1303542578125 0.1268248796875 0.1381679609375
0 0.09381938125 0.078739515625 0.12094635312499999 0.06347805937499999 0.12434381406249999 0.058852482812499995 0.0891782390625 0.0005188234375 0.0717643234375 0.0004175125 0.057103184375000005 0.0061135328125 0.049446096875 0.0034216171875 0.04212860625 0.007681240625 0.04176265625 0.011601271875 0.05046488125 0.0242762375 0.039932903125 0.0312014203125 0.0514573078125 0.056002428125 0.0378938203125 0.0636331578125 0.036169059375 0.0609301640625 0.030871490624999998 0.11767726406250001 0.08916745000000001 0.0862136234375 0.092381934375 0.083548065625 0.0902653015625 0.07445353437499999 0.09381938125 0.078739515625
0 0.0034154 0.4647306953125 0.009818015624999999 0.47027114687499993 0.014992515625 0.4677885625 0.008955853125 0.45832808125 0.004669871875 0.4618821609375 0.0034154 0.4647306953125