0 0.07196560468749999 0.1860174046875 0.020696662499999997 0.2036075328125 0.014574240625000002 0.2990689203125 0.020094909375 0.31496403281249996 0.097973790625 0.2903648796875 0.10605363593749999 0.28335271875 0.07196560468749999 0.1860174046875
0 0.183052984375 0.08551517656249999 0.41934914687499997 0.0024397015625 0.0337424578125 0.0001963078125 0.024826718749999997 0.13921133593749999 0.183052984375 0.08551517656249999
0 0.21596427031249998 0.45613322656250005 0.21956608906250002 0.450960278125 0.2120003125 0.43296135312499995 0.2190649234375 0.4247831953125 0.1976608859375 0.3676169421875 0.13076853125000001 0.3908696671875 0.1175284234375 0.35937154375 0.058437860937499995 0.3799475796875 0.081733340625 0.4416135625 0.11409476874999999 0.4299050703125 0.1197691 0.443404265625 0.115152046875 0.447411215625 0.1291293328125 0.48441080468750003 0.21596427031249998 0.45613322656250005
0 0.34907893749999996 0.992262021875 0.338856509375 0.9533684656249999 0.221648578125 0.9793463875 0.22004535781249998 0.98249239375 0.34907893749999996 0.992262021875
0 0.41469826875000004 0.586628003125 0.41830008750000003 0.581455059375 0.391082690625 0.5129573453125 0.319712309375 0.5380492828125 0.325845765625 0.5613854171875 0.2744179640625 0.5814524984375 0.293193378125 0.6286175515625 0.2951689046875 0.665797571875 0.30942424687500003 0.6984616921875 0.3530502578125 0.6810712984375 0.3447473 0.657570903125 0.39271231093750003 0.6405090343750001 0.3778588140625 0.600175709375 0.41469826875000004 0.586628003125
0 0.61122365625 0.1397162390625 0.612655975 0.13437903125 0.59037573125 0.0738790453125 0.577135621875 0.0423809234375 0.5739508859375 0.0410506625 0.3997249015625 0.1062767625 0.393077375 0.10795171562500001 0.38841828125 0.09561851875 0.3830640453125 0.094123996875 0.30592234375 0.12422461874999999 0.346838971875 0.2340573921875 0.350023709375 0.23538765156250002 0.597789571875 0.1452338765625 0.61122365625 0.1397162390625
0 0.4597307875 0.6662767453125 0.3649550328125 0.6993987484375 0.4087783421875 0.8148972499999999 0.4479263234375 0.799346071875 0.44049957656250005 0.779179409375 0.44410139375 0.7740064640625001 0.49091214218749996 0.7579463296875 0.49234445937500004 0.7526091218750001 0.4597307875 0.6662767453125
0 0.49300713749999997 0.504337475 0.4826737109375 0.4785050828125 0.4480037546875 0.49221705 0.46022862656249997 0.5225491734375 0.49143579062500004 0.5118424171875 0.49300713749999997 0.504337475
0 0.4582888890625 0.8927067796875001 0.480679025 0.8835107140625 0.489357025 0.8841677578124999 0.49895327187499994 0.90449868125 0.56063041875 0.8775837015624999 0.5550951140625 0.8619167734375001 0.5469732281249999 0.8525887859375001 0.5670548359375001 0.8453961953125001 0.5472641874999999 0.7970651453125 0.5271825781249999 0.8042577359375 0.5244149265625 0.796424271875 0.51919971875 0.7927620156249999 0.4566463640625 0.8163432609375001 0.4572445171875 0.8240124640625 0.4381781421875 0.832371053125 0.43674582500000003 0.8377082609375 0.4582888890625 0.8927067796875001
0 0.5094448875 0.485977684375 0.521669759375 0.516309809375 0.549094034375 0.4966035890625 0.576977434375 0.4867343125 0.5695506859374999 0.4665676484375 0.5620269515625 0.4649088671875 0.5152162062500001 0.48096899843749996 0.5094448875 0.485977684375
0 0.5650272937499999 0.2821620609375 0.5773071125 0.27764615937500003 0.5736632515625 0.2664789609375 0.5772650687499999 0.2613060140625 0.5938838890625 0.2571186359375 0.5771260421875 0.26347375 0.57583275 0.2666432203125 0.6108939796875 0.3488043890625 0.68702044375 0.31753776875 0.6883137359375 0.31436829843749997 0.6532525078125 0.23220712968749999 0.6106417343749999 0.2507635203125 0.5882224593750001 0.19243126875 0.5469049781249999 0.20781818749999997 0.563927975 0.24831577187499998 0.554693865625 0.25632966874999996 0.554415809375 0.260665140625 0.5650272937499999 0.2821620609375
0 0.6314834046875 0.7075981953125 0.634668140625 0.7089284546875 0.614447503125 0.71828878125 0.617076128125 0.72828998125 0.6547917890625 0.7180760109375 0.65664119375 0.706235596875 0.6535954859374999 0.7027376015625 0.6414546953125 0.70508576875 0.69389773125 0.686184684375 0.6953300515625 0.6808474765625 0.660824934375 0.5900153687499999 0.5747271781250001 0.623794415625 0.5898587296875 0.65979226875 0.589441646875 0.666295475 0.58048559375 0.6699739015625 0.5802075375 0.6743093703125 0.6001372140625 0.7204726875 0.6314834046875 0.7075981953125
0 0.7324151 0.42553133125000003 0.694560409375 0.4379130375 0.6882879265625 0.4167446390625 0.685103190625 0.4154143796875 0.6382924437499999 0.4314745125 0.64631734375 0.459310378125 0.655134371875 0.4577996875 0.65453621875 0.450130484375 0.6573038718750001 0.45796395 0.617001625 0.47451686562499995 0.6438019374999999 0.5495177828125 0.7629983015625 0.5095317125000001 0.7324151 0.42553133125000003
0 0.6708028765625 0.927312253125 0.67426566875 0.924307040625 0.7086575671875 0.9149305453125001 0.6856401421875 0.848929090625 0.6155630515625 0.8708515546875001 0.633504296875 0.93102301875 0.6395957125 0.9380190078125 0.646007225 0.9570196718749999 0.671582096875 0.949153865625 0.6708028765625 0.927312253125
0 0.8875971937499999 0.096382821875 0.896692278125 0.0905366625 0.8829930453125 0.0492016015625 0.816378746875 0.0681188546875 0.8063233750000001 0.0379509921875 0.8009691390624999 0.036456471875 0.789843584375 0.0399706375 0.7817637375 0.046982796874999996 0.780192390625 0.0544877390625 0.7680515984375 0.05683590468750001 0.793739690625 0.14917870625000001 0.896776359375 0.123216953125 0.8875971937499999 0.096382821875
0 0.8160848578125 0.6845446328125 0.7370517125 0.7101455234375 0.7481223203125 0.741479384375 0.7411967390624999 0.74748980625 0.7588178875 0.7956565953125 0.7988420765625001 0.78343915 0.797645771875 0.768100740625 0.8409937265625 0.7550458203125 0.8160848578125 0.6845446328125
0 0.841148984375 0.8715945703125 0.8467812765625 0.8687536203124999 0.847198359375 0.8622504140625 0.82593335 0.8029164265625001 0.74906970625 0.8286815781250001 0.7672890046874999 0.8845175718749999 0.77495176875 0.8840086171875001 0.7767041859375 0.890676084375 0.7832126859375 0.89116886875 0.841148984375 0.8715945703125
0 0.8775938406250001 0.592269075 0.8403631109375 0.50994364375 0.78547251875 0.5330159359375 0.8247337218749999 0.6176733624999999 0.8716834921875 0.59944549375 0.8775938406250001 0.592269075
0 1 0.41088246093749997 0.8860324984375 0.44369707812500003 0.8939183703125 0.47370067968749996 0.8992726062499999 0.47519520000000004 0.9192151875000001 0.4701703453125 1 0.447291878125 1 0.41088246093749997