0 0.6038652265625 0 0.6150655046875 0.008421709375 0.6120060671875 0.0209247171875 0.6174840234375 0.025543818750000002 0.6250911921875 0.0187608765625 0.6490288328125 0.0370601328125 0.6772365437500001 0 0.6038652265625 0
0 0.7236201640625 0 0.7225991484375001 0.0010577671875 0.744076846875 0.02670949375 0.749988928125 0.0241532703125 0.763301390625 0.037263896875 0.7824019953125 0.0213189359375 0.7935232734375 0.0325819234375 0.8115282875000001 0.0157131421875 0.806815190625 0.007968290625 0.8133267656250001 0.0002615296875 0.841543378125 0.0334809609375 0.8488817859375001 0.0358981296875 0.887124146875 0 0.7236201640625 0
0 0.7169144015625 0.018888459375 0.6577726828125 0.10664952812499999 0.7021958265625 0.13845179375 0.7062474609375 0.138097503125 0.7135238968750001 0.1272649890625 0.7265056265625 0.1363260453125 0.7692340203125 0.07243193125 0.7691100796875 0.0459325671875 0.7550327578125 0.035947693749999995 0.7472602234375 0.0407058484375 0.7169144015625 0.018888459375
0 0.8060294499999999 0.073292878125 0.8002827328125001 0.0778738875 0.8046650968750001 0.08156916875 0.785399128125 0.0954893421875 0.7880864078125 0.1034113421875 0.7534407359374999 0.12887261249999998 0.756128015625 0.13679460937500001 0.7941015515625 0.1895533171875 0.8287472250000001 0.164092046875 0.8327988578125 0.16373775468750001 0.8373465890625 0.169457821875 0.8729224875 0.1428955859375 0.8565920140625 0.11781338906250001 0.8832997875 0.0950854875 0.8338742390625 0.027014220312499997 0.8097917765625 0.0444144375 0.8060294499999999 0.073292878125
0 0.713606746875 0.078315834375 0.7165627906250001 0.07703772187499999 0.708128790625 0.07369673437499999 0.713606746875 0.078315834375
0 0.9722080453125 0.1719396984375 0.8741625656249999 0.208043028125 0.893304259375 0.2675465859375 0.896591034375 0.270318046875 0.922430553125 0.26194079375 0.924022240625 0.26893897031249997 0.9313606484375001 0.271356140625 0.9789880500000001 0.254955925 0.9722080453125 0.1719396984375
0 0.8505347750000001 0.25599218125 0.8830512359375 0.2419329515625 0.8715372562500001 0.21337071093749999 0.8368296125000001 0.22558229999999999 0.8452221859375 0.2533978671875 0.8505347750000001 0.25599218125
0 0.9839267312500001 0.3154265 0.8090673390625 0.32283490000000004 0.7777498656249999 0.326593053125 0.7770469765625 0.3429684859375 0.814524415625 0.3896528375 0.8541105234374999 0.3872108875 0.8574383859375001 0.46543086406249995 0.9956900109375001 0.45945930781250005 0.9839267312500001 0.3154265
0 0.9781396703125 0.5068770234375 0.9888887921875 0.5385650156249999 0.9962272000000001 0.540982184375 0.9968540000000001 0.5407513765624999 0.997107121875 0.49724353906249996 0.9807649828124999 0.501549340625 0.9781396703125 0.5068770234375
0 0.9647854499999999 0.6181640703125 0.9528787671875 0.5723025749999999 0.9495919953125 0.569531115625 0.8986778171875001 0.5831598703124999 0.9105845015625 0.629021365625 0.919948725 0.6312613875 0.9647854499999999 0.6181640703125
0 0.730018065625 0.6539874515624999 0.6868764234375 0.662858053125 0.7069688875 0.758984903125 0.7181935625 0.7590229953125001 0.8004252125000001 0.7416360875 0.798771553125 0.7213882265625 0.8258720281249999 0.7159595796875 0.8159911609374999 0.6699209390624999 0.8359185953124999 0.664099909375 0.8249421375000001 0.6171374484375 0.7406846703125 0.634701503125 0.73510331875 0.6413072984375 0.70800284375 0.646735946875 0.7117857171875 0.6555817640625 0.730018065625 0.6539874515624999
0 0.7658213 0.6426996828125 0.732808740625 0.6506845546875 0.7490152734375 0.6492673890625 0.78109760625 0.6423834828125 0.7658213 0.6426996828125
0 0.9449607437499999 0.8126063953125 0.9954181249999999 0.7875573874999999 0.9959245796875 0.70050535625 0.9675757921875 0.71478426875 0.96149834375 0.71531570625 0.958976428125 0.7094184921875 0.9530643453125001 0.7119747171874999 0.9071939984374999 0.7373978953125 0.9449607437499999 0.8126063953125
0 0.8893748968749999 0.7940157203125 0.8689102734375 0.718313875 0.815804915625 0.7300949906249999 0.8157015203125001 0.7413198859375 0.82826966875 0.7952805234375 0.889106134375 0.80321583125 0.8893748968749999 0.7940157203125
0 0.5767168 0.8753958703125001 0.57340948125 0.8349001515625 0.5268157 0.8389745046874999 0.5240250234375 0.8422774015625001 0.5280972015625001 0.8796473703125001 0.5767168 0.8753958703125001
0 0.4138581046875 1 0.4082429578125 0.9859724968749999 0.4609556140625 0.956892128125 0.4693896125 0.9602331156250001 0.49566325625 0.9446805406250001 0.46924512500000004 0.8960094953125 0.45057865 0.9047791296875 0.42668243281249996 0.862005296875 0.4206049828125 0.862536734375 0.26728350624999997 0.9462977984375 0.2677796046875 0.95237215625 0.294751803125 1 0.4138581046875 1
0 0.9951479546875 0.833995634375 0.967864765625 0.8432315125000001 0.9347488125 0.8624412796875 0.912692165625 0.8796643515625 0.9185008546875 0.8883330234375 0.9429760187499999 0.888232059375 0.9949312234375001 0.8712486875 0.9951479546875 0.833995634375
0 0.19425071562500001 0.9638999421875001 0.23859134218750003 0.9447282671874999 0.222033534375 0.9043716015625 0.175501721875 0.9216956390625001 0.188938125 0.961305628125 0.19425071562500001 0.9638999421875001
0 0.7727660015625 0.9275868859375 0.7678875374999999 0.9178172468750001 0.6597749453125 0.9680559875 0.6569842703125001 0.9713588859375 0.6642192812500001 0.9850009500000001 0.6610082859374999 0.9873209781250001 0.7827823703125001 0.9766725468749999 0.79610415 0.9510366796874999 0.7954426859375 0.9429375359375 0.7877115765625 0.9232211140625 0.7844248031250001 0.9204496531249999 0.7727660015625 0.9275868859375
0 0.9280465843749999 0.963970040625 0.9944255562500001 0.9581655874999999 0.9946613531249999 0.9176353515625 0.9832855593750001 0.907138934375 0.9280465843749999 0.963970040625