0 0 0.2610671453125 0.0019992 0.264192809375 0.08261428125 0.21277556875 0.0924764609375 0.22699910625 0.10920705312500001 0.21882698125000002 0.11946555625 0.211296075 0.12307586875000001 0.20225231250000003 0.1386397265625 0.1931100234375 0.133554590625 0.1708128921875 0.1759314421875 0.1438134984375 0.12761116875 0.0715119109375 0.0842436875 0.09969520937500001 0.08144790156250001 0.1054009953125 0.09166229218750001 0.12393267187499998 0.047304179687499996 0.153299875 0.0381464171875 0.1476926203125 0.015472045312499998 0.162968175 0.0172772015625 0.15844629375 0.0287024375 0.15188555312500002 0.0054778765625 0.12052798437500001 0 0.1232601390625 0 0.2610671453125
0 0 0.12102365625 0.0481409421875 0.08372840468750001 0.05514134375 0.08954939687499999 0.063594690625 0.0865403703125 0.13009885937500001 0.0354354 0.125564115625 0.029370125000000004 0 0.0418102984375 0 0.12102365625
0 0.0339169828125 0.9738313062499999 0.0401689421875 0.9704974984374999 0.0428327390625 0.9365750593750001 0.0350178125 0.934092040625 0.081841378125 0.934881825 0.088842134375 0.8342984078125 0.0874992984375 0.831174171875 0.026388715624999996 0.8285425890625 0.0233067171875 0.8440485593749999 0.0339169828125 0.9738313062499999
0 0.0804773734375 0.67877785625 0.0104393828125 0.6866578125 0.0181309765625 0.7807399046875 0.0527175109375 0.7781606890625 0.0902072078125 0.7711891468750001 0.0804773734375 0.67877785625
0 0 0.41190961093749995 0.0184428671875 0.4786296890625 0.021943067187500002 0.48154018593750003 0.1026901375 0.45833960156250003 0.0976050015625 0.4360424703125 0.1186503203125 0.42744286875000004 0.09978459843750001 0.3695952328125 0 0.399474678125 0 0.41190961093749995
0 0.0516404296875 0.29944771875 0.0683487875 0.35750909062499997 0.1563824734375 0.3303293140625 0.139674115625 0.2722679421875 0.0516404296875 0.29944771875
0 0.2776549890625 0.94914025625 0.20550432187499998 0.9975410437500001 0.3086231734375 0.9963411484375 0.2776549890625 0.94914025625
0 0.1481697984375 0.7752183765625 0.1453740140625 0.7809241609375001 0.1448015875 0.8005245328124999 0.1385056 0.8033198234375 0.1370526546875 0.8121498421875 0.135577471875 0.8872133609375 0.164151503125 0.8908969625 0.22176188749999998 0.8906180484374999 0.22295085625 0.8253547171875001 0.23017147656249998 0.8072671984375 0.23039169531249998 0.783358684375 0.2366876796875 0.7805633953125 0.24377631093750002 0.73425921875 0.23875716875 0.7260704171875 0.24148695937500003 0.7062563046875 0.2336720328125 0.7037732859375 0.2321530921875 0.6984949796875 0.2490160296875 0.6121351015625 0.2474970875 0.60685679375 0.2342007015625 0.6038310874999999 0.21496053593750003 0.6079088125000001 0.203359196875 0.6123154828125 0.19847204375 0.6323433328125 0.20214834843750001 0.6374079015625 0.169083484375 0.6319977078125001 0.15963950625 0.6361906390625001 0.1438331921875 0.7354749421875 0.150657490625 0.7391418640625 0.14665085625000002 0.7699400703125 0.17971571875 0.7753502625 0.167938275 0.7776028640625 0.1481697984375 0.7752183765625
0 0.1873545421875 0.7756792109374999 0.18204918750000001 0.77729059375 0.18753064531250002 0.7778332796874999 0.190040215625 0.7819276828125 0.1873545421875 0.7756792109374999
0 0.312768884375 0.43426892187500005 0.3069352171875 0.4294180953125 0.2729898328125 0.41323754843750005 0.2288957015625 0.49903806250000005 0.270832115625 0.519855696875 0.276423684375 0.5084441265625 0.29923004375 0.521385228125 0.3035447703125 0.52095775 0.3364557640625 0.4579803765625 0.3326033546875 0.45076173906249994 0.311139834375 0.44094487187500003 0.312768884375 0.43426892187500005
0 0.2236129375 0.32801154062500004 0.24018930468750002 0.35785625625 0.3079262015625 0.3218297796875 0.2935071984375 0.29177132499999997 0.2236129375 0.32801154062500004
0 0.23167031875 0.240352546875 0.2659897890625 0.3010121453125 0.29414561875 0.286279278125 0.26180740625 0.2232518703125 0.23167031875 0.240352546875
0 0.285382753125 0.6845352171875 0.36166087343750003 0.6997789546875001 0.37858980625 0.627527403125 0.30429294375 0.60991585625 0.285382753125 0.6845352171875
0 0.343520734375 0.9035273328125 0.34532589062499996 0.8990054546874999 0.3478354625 0.9030998546875001 0.4203931609375 0.9393416078125 0.4608769828125 0.86258485625 0.4492096484375 0.8528832 0.45451500312500004 0.8512718156249999 0.4613393 0.8549387390625001 0.4756704328125 0.8307179546875 0.48306715625 0.81478450625 0.46977077031250003 0.8117588 0.535064446875 0.6793418421874999 0.47067388125000004 0.6498912453125001 0.4379389921875 0.715022690625 0.4426059265625 0.7189033515625 0.437124465625 0.718360665625 0.43415257656249995 0.7219123796875 0.385985815625 0.8244027703125001 0.3576979984375 0.8109189812500001 0.30567882968750004 0.9061907343750001 0.3060310375 0.910498875 0.3549678515625 0.937137503125 0.36254067968750003 0.9233581234375 0.38050400156249997 0.9302644921875001 0.38329978593749997 0.92455870625 0.343520734375 0.9035273328125
0 0.33652318124999997 0.0464710671875 0.40228662656249997 0.0019540375 0.26949095624999997 0.015110675 0.291042453125 0.0488055203125 0.3241514296875 0.0281531296875 0.33652318124999997 0.0464710671875
0 0.3717454078125 0.051667521875 0.3479043046875 0.065972909375 0.357480271875 0.08999663125 0.3420706359375 0.06112208125 0.325163940625 0.0671401359375 0.2721763765625 0.0973622984375 0.3110526703125 0.173856815625 0.3195720140625 0.184956115625 0.363291703125 0.1610809578125 0.358734878125 0.1452460390625 0.37861346406249996 0.13567626875 0.3779090484375 0.1270599859375 0.403907515625 0.112540859375 0.3717454078125 0.051667521875
0 0.45693848125000003 0.2690649328125 0.4628822578125 0.2619615046875 0.46539183125 0.2660559046875 0.47582643750000003 0.26067906875 0.46462141875 0.24333129531250003 0.4934156703125 0.2231063828125 0.4631247125 0.17181949218749998 0.4571149421875 0.1648145921875 0.45396695 0.1662122390625 0.44859559843749996 0.15371529374999998 0.445271503125 0.1529588671875 0.350897715625 0.208996515625 0.3810125703125 0.2581293375 0.38037415 0.26362138281249997 0.3565330453125 0.2779267703125 0.38028591875 0.31574655156250003 0.4031363921875 0.30262506875 0.4065705984375 0.2914272375 0.45011418281250004 0.265398009375 0.45693848125000003 0.2690649328125
0 0.429509659375 0.119776175 0.5026620203125 0.070184059375 0.4591847859375 0.00391720625 0.4424541921875 0.01208933125 0.3838750625 0.053723062499999995 0.429509659375 0.119776175
0 0.594897475 0.9057663343750001 0.5935546359375 0.9026420984374999 0.5301547 0.8720075984375001 0.5206006140625 0.8881547875000001 0.5116189531249999 0.8847016046875 0.5064897 0.8884670578125 0.480337009375 0.9410030265625 0.49416170781249996 0.95049094375 0.47936826093749996 0.98235784375 0.5039361515625 0.9940684750000001 0.516012640625 0.9939279531249999 0.5229827328125001 0.9932373953125 0.53673654375 0.9658165328124999 0.528569409375 0.9590253750000001 0.49929096250000005 0.946725490625 0.4944479234375 0.9406907578125001 0.5601813250000001 0.9732655890625 0.5718927765624999 0.956904659375 0.6105050921874999 0.97696586875 0.61481981875 0.9765383890624999 0.6184301296875 0.9674946296875 0.6295691531250001 0.9707340734375001 0.6325410406249999 0.967182359375 0.6368998828125 0.9406922968749999 0.633223578125 0.935627728125 0.5891298015624999 0.9150238328125001 0.594897475 0.9057663343750001
0 0.44692243125 0.1864538296875 0.43589351875000004 0.1712601265625 0.44610790624999996 0.1897918046875 0.44692243125 0.1864538296875
0 0.643790884375 0.7456587296875 0.59908056875 0.7707177921875 0.601722128125 0.8030288484374999 0.5950298187499999 0.8275785812500001 0.608502309375 0.8327583562499999 0.6299217171875 0.86863780625 0.7386262765625 0.8947837828124999 0.7575142328125 0.88639791875 0.7697098796875 0.902561784375 0.7963026546875 0.9086131953125 0.8038754828125001 0.8948338171874999 0.8660426875 0.9103898234375001 0.8587560734374999 0.9143690156250001 0.8576553359375 0.927507178125 0.889905671875 0.9362553468750001 0.8952110281250001 0.9346439640625 0.8939783 0.9195654703124999 0.9019033359374999 0.9100942328125001 0.91249216875 0.866700553125 0.90696659375 0.8922204499999999 0.9104667921875 0.895130946875 0.9415503984375 0.9029089515625 0.9455129171875001 0.89817333125 0.958809303125 0.9011990375 0.962309503125 0.904109534375 0.9616710812499999 0.909601578125 0.9925785812499999 0.9152255140625 0.9946572359375001 0.9067070609375 0.995135278125 0.8245384937500001 0.9294870953125001 0.8085573296874999 0.9244238390625 0.8264311109375001 0.9299494140625001 0.8009112125 0.9242918484375 0.7982144546875001 0.8355318687500001 0.7766070375 0.8335506078125 0.778974846875 0.830864934375 0.7727263765625 0.8064295250000001 0.766461225 0.791680190625 0.7722655390625001 0.77640254375 0.77160764375 0.747476303125 0.763615903125 0.7411143250000001 0.7523028625 0.7354567609375 0.7496061046875 0.6711321890625 0.7342638375 0.64938245625 0.734247159375 0.643790884375 0.7456587296875
0 0.57143259375 0.3261243203125 0.5752850031250001 0.333342959375 0.5922576953124999 0.3414332328125 0.5830558156250001 0.3618885625 0.6729384140625 0.41052873125 0.680048925 0.40439546562500006 0.719718221875 0.3309766890625 0.62534479375 0.28060992812499996 0.6120042906250001 0.3036468078125 0.5915313984374999 0.2926460375 0.57143259375 0.3261243203125
0 0.6314406578125 0.8739161140625 0.629987709375 0.8827461328125 0.635645275 0.885442890625 0.7310534468750001 0.9085631609375 0.7361827 0.9047977078124999 0.734487653125 0.89736533125 0.6314406578125 0.8739161140625
0 0.5899690546875 0.10062149843749998 0.6120268828125 0.1310089015625 0.589880825 0.15274666718750002 0.6278106046875 0.20436250625 0.7005444093750001 0.2427583296875 0.711089125 0.22542723750000002 0.7223382578125 0.21671242343750002 0.7632840421875 0.2387139640625 0.805925228125 0.161743471875 0.807554278125 0.15506752031249998 0.8028873453125 0.151186859375 0.81618373125 0.1542125640625 0.8540478734375 0.0853156671875 0.8582306109375001 0.0566715328125 0.7841539703125 0.015151471875 0.7796631390625001 0.013424879687499999 0.7719142046874999 0.0250501890625 0.75377478125 0.01598975 0.7149200109375 0.086070553125 0.7164389515625 0.0913488609375 0.7334116421875 0.0994391328125 0.73026365 0.10083677656250001 0.7109574921874999 0.090806171875 0.728084409375 0.060879603125 0.7277321999999999 0.0565714625 0.6493408328125 0.015478881250000001 0.622065521875 0.0409821015625 0.5899690546875 0.10062149843749998
0 0.69506188125 0.5614288703125 0.772924934375 0.596059240625 0.8054837218750001 0.528773728125 0.7274445625 0.49198928437499995 0.69506188125 0.5614288703125
0 0.7707665031250001 0.9154862078124999 0.7932206546875 0.9241191687500001 0.799802853125 0.9115236921875001 0.764404525 0.9041731687500001 0.7707665031250001 0.9154862078124999
0 0.7282823921875 0.1032045859375 0.7253105046874999 0.1067563015625 0.7286346 0.1075127265625 0.7282823921875 0.1032045859375
0 0.7902293796875 0.14266910625 0.7506264328125 0.12379180468749999 0.79273895 0.1467635078125 0.7902293796875 0.14266910625
0 0.931489878125 0.952764840625 0.936443025 0.94684531875 0.9573122406250001 0.9360916421875001 0.969838215625 0.9163927390625 0.96400455 0.9115419125 0.9108190015625001 0.899439090625 0.90331216875 0.9273267953125 0.8939341859375001 0.9456280546875 0.9097107843750001 0.9549225890624999 0.931489878125 0.952764840625
0 0.9224425796875 0.8287989203125001 0.9144734281250001 0.86433274375 0.9227947875 0.8331070609375001 0.9224425796875 0.8287989203125001
0 0.995690109375 0.4478434953125 0.9506217124999999 0.4286193296875 0.9148048234375 0.5092567453125 0.99675393125 0.5463157515625 0.9972180906249999 0.466533478125 0.995690109375 0.4478434953125
0 0.9853586734374999 0.7205042140625 0.9959249703124999 0.68880204375 0.99600094375 0.675743246875 0.9748361921875001 0.6716018109374999 0.9624863203125 0.6934547875 0.9574230625 0.7113285687500001 0.9853586734374999 0.7205042140625
0 0.9492577078125001 0.1725153625 0.9537485390624999 0.17424195468749998 0.97428746875 0.1860505015625 0.96510645625 0.073750115625 0.9204415765625 0.1525693640625 0.9170073703125 0.1637671953125 0.94331393125 0.17961879375 0.9492577078125001 0.1725153625