0 0 0.8719678156249999 0.0125152203125 0.874780090625 0.0203730078125 0.8416495062499999 0.009648542187500001 0.8395221890625001 0.0070378140625 0.8362512046875 0.0110818859375 0.818699284375 0.008471157812500001 0.8154283 0 0.8131422031250001 0 0.8719678156249999
0 0 0.7455377750000001 0.01323190625 0.74901306875 0.050805943750000006 0.6151396625000001 0 0.601446465625 0 0.7455377750000001
0 0 0.5418654046875 0.0196307765625 0.5489377875 0.030508815625 0.524115028125 0.0746864453125 0.538751465625 0.11187654843749999 0.4338013890625 0.020680203124999998 0.403230790625 0 0.464244228125 0 0.5418654046875
0 0.17179535937499998 0.26232940625 0.1635024546875 0.2564629734375 0.088943109375 0.228641884375 0.0738418296875 0.2640064640625 0.0729203953125 0.2718994953125 0.076631725 0.2742875484375 0.07617100624999999 0.2782340640625 0.0544149265625 0.32787958281249996 0.13135464375 0.3609449140625 0.17179535937499998 0.26232940625
0 0.039390365625 0.92654696875 0.0203729984375 0.91855321875 0.013718196875 0.93283415625 0.04212906875 0.9458114125 0.037957021875000004 0.9473698734375 0.036693020312500005 0.9552268546875 0.0547731875 0.957129484375 0.06137679687499999 0.951831903125 0.0713845953125 0.9259188171874999 0.1457135828125 0.9557131640625001 0.19923354375 0.8305090390625001 0.2062466765625 0.8302483015625001 0.2287450171875 0.8426033640625 0.235169459375 0.8302956828125 0.24021175156250002 0.8298275484375001 0.25528742968749996 0.837406503125 0.26677975468750004 0.8585908640625 0.281881034375 0.823226284375 0.21653602656249998 0.7933785984374999 0.2180973453125 0.788549153125 0.21351577187499998 0.785070771875 0.1450993171875 0.7558986187500001 0.0709750703125 0.9208819734375 0.04714576875 0.9113830984375 0.039390365625 0.92654696875
0 0.044048740625 0.80119474375 0.044227909375 0.8082048437499999 0.0358838125 0.8113217687500001 0.027206975 0.83437866875 0.029587346874999997 0.839622909375 0.07289473125 0.8531690187500001 0.08226264375 0.8241923453125001 0.045968393749999996 0.8103854984375 0.0759405859375 0.8185333078125 0.086639459375 0.7867004484375 0.05776786874999999 0.777669709375 0.051061875 0.80093400625 0.044048740625 0.80119474375
0 0.17632575 0.197887434375 0.1891746359375 0.1732720734375 0.20227946874999997 0.18064363125 0.2426178015625 0.0999948421875 0.1737918234375 0.06578584374999999 0.1390076890625 0.1330366234375 0.1354755265625 0.1376586734375 0.1297933515625 0.1350632203125 0.126491546875 0.13771201093750002 0.11364266249999999 0.1623273734375 0.1140521859375 0.16736421562499998 0.11886411875 0.168869340625 0.11284920312499999 0.1862138640625 0.14213031874999998 0.200281446875 0.1498857203125 0.18511757812500002 0.17632575 0.197887434375
0 0.1291022484375 0.37169413281249997 0.11707241406249999 0.40638317968750004 0.15446726718749998 0.4193070953125 0.167828059375 0.38176186093750003 0.132404053125 0.3690453421875 0.1291022484375 0.37169413281249997
0 0.2116729296875 0.5701456953124999 0.18610313437499998 0.6353698796875 0.1887138625 0.6386408640625 0.2650136953125 0.6686426078125 0.2709774203125 0.6602814421875001 0.2965472140625 0.595057259375 0.2882543125 0.589190825 0.21763665468750001 0.56178453125 0.2116729296875 0.5701456953124999
0 0.19214363437499998 0.7288892453125 0.18884182968750002 0.7315380359375 0.17860367187499998 0.7594243796875 0.1987216421875 0.7665352000000001 0.2146931640625 0.732260946875 0.21561459843750003 0.724367915625 0.2070913390625 0.720474740625 0.201767496875 0.731899490625 0.19214363437499998 0.7288892453125
0 0.32961648125 0.32887486250000003 0.3496320671875 0.3539524015625 0.40883419062500004 0.30824743906249996 0.42646940781250003 0.3280807359375 0.479067925 0.2876733546875 0.4293104953125 0.32937846249999997 0.43540219531249996 0.33701075625 0.45139931093749996 0.3366966796875 0.48881976250000003 0.306677059375 0.498443628125 0.3096873078125 0.5429539984375 0.30438376875 0.54671651875 0.29778846406250004 0.5408807796875 0.2452393765625 0.53827005 0.2419683921875 0.49596088125 0.2455060703125 0.465374396875 0.268254853125 0.41687115468749997 0.2052232421875 0.358539271875 0.25201853125 0.3826757140625 0.284520965625 0.32961648125 0.32887486250000003
0 0.3830596671875 0.1017902078125 0.3541880671875 0.1696631796875 0.41013957031250003 0.1945273625 0.41802294843750004 0.195356953125 0.42710931093750004 0.177336896875 0.4280307453125 0.169443865625 0.40333120468750006 0.15885466406249998 0.41999380000000003 0.11866063906249999 0.3830596671875 0.1017902078125
0 0.357285040625 0.7412738125 0.34812189375 0.73431705 0.3499647625 0.7185309890625 0.3486849953125 0.7124038171875 0.343233178125 0.7078351078125 0.34832666093750003 0.698383615625 0.3360920703125 0.6921023859375001 0.307783571875 0.7380621265625 0.3070924953125 0.7439819 0.31464312968749997 0.7647514656250001 0.3202741140625 0.7763302750000001 0.35933266875 0.766458028125 0.3615850640625 0.755708809375 0.357285040625 0.7412738125
0 0.358539190625 0.9441519421875 0.3165280515625 0.9846747171875 0.4040762953125 0.9938876750000001 0.40581385625 0.992073025 0.358539190625 0.9441519421875
0 0.41546333906250005 0.7983323109375 0.41679429843750004 0.7954761234375 0.4080150859375 0.759596028125 0.38170303437499997 0.76281963125 0.3731285796875 0.7679098125 0.3516284578125 0.7726385390625 0.35843682499999996 0.8083112359375001 0.41546333906250005 0.7983323109375
0 0.45398442812499995 0.4598149109375 0.4616374484375 0.46261775937499994 0.47297619687500003 0.5107521968750001 0.5460510171874999 0.4914758375 0.52099315 0.38996272187500003 0.442005796875 0.4086168875 0.45398442812499995 0.4598149109375
0 0.4595129921875 0.7969752875 0.45470106093749996 0.7954701640625 0.4246008859375 0.8482326078125 0.4645552734375 0.8734108656249999 0.4909953015625 0.8861807234375 0.5394473703125 0.8043882671875 0.4767642828125 0.76882820625 0.46281479843750006 0.7943264984375 0.4595129921875 0.7969752875
0 0.5039465890625 0.68979121875 0.5090656625000001 0.7142999031249999 0.569573146875 0.7086822890625 0.5731053109375 0.704060240625 0.570648159375 0.67383918125 0.565657059375 0.6653239578125001 0.5605123937500001 0.606855096875 0.5645052749999999 0.598286534375 0.5734892546875 0.5982331953125 0.5719535359375 0.5601191046875 0.5693428078125 0.556848121875 0.5614594296875 0.55601853125 0.472669046875 0.56465235 0.47064700937500004 0.573428309375 0.480936340625 0.69036603125 0.5039465890625 0.68979121875
0 0.550043925 0.2521961390625 0.5442593671875 0.2675674046875 0.548840940625 0.2710457859375 0.5712113046875 0.2674073875 0.5784547984375 0.2651733921875 0.578915515625 0.261226878125 0.5754857359375001 0.24788220781249998 0.561459465625 0.24840368124999998 0.550043925 0.2521961390625
0 0.6945810546875 0.2274562234375 0.78193809375 0.239645309375 0.7880042015625001 0.21331742656250002 0.794684603125 0.1560929515625 0.7070972046875 0.145877125 0.6945810546875 0.2274562234375
0 0.715338925 0.0838232046875 0.7199205 0.08730158593750001 0.7365574984375 0.0900510953125 0.7296211453125 0.11528864999999999 0.7317711578125 0.1225061484375 0.790435771875 0.132674596875 0.7897446953125 0.13859436875 0.8063816953125 0.1413438796875 0.8102466015625 0.11678185625 0.7947102046875 0.1131494171875 0.7960923578125 0.10130987031250001 0.762818359375 0.0958108515625 0.762178475 0.09274726562499999 0.770906503125 0.060707007812500005 0.8188466562500001 0.0687481390625 0.8251943140625 0.031463640625 0.7286229375 0.021301149999999998 0.715338925 0.0838232046875
0 0.8449027140625001 0.41805617812499996 0.8289056 0.41837025624999996 0.827395471875 0.4142163421875 0.8195120953125 0.4133867515625 0.800443534375 0.414376359375 0.8000340171874999 0.332435803125 0.7981143640624999 0.323245046875 0.781247009375 0.3224687953125 0.7893607453125 0.32132512968750004 0.790742896875 0.30948558125000003 0.78813216875 0.3062145984375 0.7499950484375 0.30819381562500003 0.7481265875 0.2900197 0.70824898125 0.2898182609375 0.70297633125 0.292259653125 0.7032322828125 0.324246571875 0.690946496875 0.3269487015625 0.6897947046875 0.33681498906249996 0.6924822078124999 0.441966503125 0.782552359375 0.4394598546875 0.782168425 0.4683831890625 0.7889512 0.47009570937499995 0.827088321875 0.46811649375000003 0.8276002296874999 0.45518661875 0.844697946875 0.45398961406250005 0.8469503406250001 0.44324039531250004 0.8449027140625001 0.41805617812499996
0 0.7418556749999999 0.6598958671874999 0.745413428125 0.6892339953125 0.7647123484375 0.6862711296875 0.7572896874999999 0.6814950234375 0.7771005140625 0.6656022828125 0.8245799578125 0.6006862187500001 0.7905381015625 0.5761301546875 0.7844464015625 0.5684978593750001 0.782168415625 0.5452869015624999 0.7642004578125 0.5453935796875 0.758851025 0.522858153125 0.7062269171875 0.5293053578125 0.7029251125 0.5319541484375 0.7106293140625 0.6026773515625 0.71933174375 0.613580628125 0.7071739328125 0.6322762171874999 0.7418556749999999 0.6598958671874999
0 0.839092528125 0.70708211875 0.8276769859374999 0.710874575 0.8304668812499999 0.721155659375 0.8210221859375 0.7251555140625 0.8096578359375 0.7199646125 0.7870571125 0.7255762671875 0.7820660125 0.71706104375 0.7456181875000001 0.730204275 0.760719459375 0.7717434062499999 0.7440312687499999 0.7779772546875 0.77162308125 0.8577845359375 0.8559342750000001 0.8277056187499999 0.8307228312499999 0.7531425781250001 0.826141259375 0.7496641984375 0.7991381296875 0.7588075734374999 0.79199701875 0.7430748515625 0.7935583375 0.7382454046875 0.8427014734375 0.7274368890625 0.8444931515625 0.7206341859375 0.839092528125 0.70708211875
0 0.834664575 0.2921351 0.833128846875 0.330924721875 0.862921871875 0.33206243125 0.8656349859375 0.317366696875 0.8661980859374999 0.2954534640625 0.863817715625 0.2902092234375 0.834664575 0.2921351
0 0.857418846875 0.49028450625 0.8681689031250001 0.5263719984375 0.8949416749999999 0.5192018796875 0.8967333515625 0.512399178125 0.8887731921875 0.48659276875 0.857418846875 0.49028450625
0 0.9453646328125 0.053098260937499996 0.9473866703124999 0.044322299999999995 0.930493715625 0.0425446046875 0.9289579937499999 0.04837549375 0.9453646328125 0.053098260937499996
0 0.9214840859375 0.5140050203125 0.9235061234374999 0.505229059375 0.9213561125 0.4980115609375 0.90489828125 0.5022721515625 0.9021083843750001 0.49199106875 0.8931244046875 0.49204440624999995 0.89934408125 0.5156701609375001 0.9214840859375 0.5140050203125
0 0.8782022734374999 0.6882265125 0.8803522859375 0.6954440109375 0.9316966250000001 0.6828696359374999 0.93719963125 0.6784549859375 0.9271406531249999 0.6364477203125001 0.89225414375 0.644761503125 0.8956839234375 0.6581061734375 0.8770248890625 0.6641326249999999 0.8828350390624999 0.6827215343749999 0.882374321875 0.6866680515625 0.8782022734374999 0.6882265125
0 0.94861521875 0.2901439671875 0.9403478984375001 0.395141421875 0.9413461156249999 0.412225209375 0.995184375 0.4138538609375 0.9965955125000001 0.2925809734375 0.94861521875 0.2901439671875
0 0.9987623265625001 0.10636533906250001 0.9744409812500001 0.103099278125 0.962385546875 0.1807318625 0.9978363203124999 0.1859461625 0.9987623265625001 0.10636533906250001
0 0.8945576953125001 0.9326437765625 0.908123246875 0.9360688187499999 0.9114250531250001 0.933420028125 0.9460300171875 0.859159146875 0.9357662687499999 0.853085315625 0.9307239796875001 0.85355345 0.9280620609374999 0.8592658249999999 0.931312671875 0.86560039375 0.9301608781249999 0.8754666828125 0.9208953484375 0.8864766375 0.9134982812500001 0.9156607078125001 0.8913070812500001 0.92630920625 0.8853945484375 0.9256870140625001 0.884012396875 0.9375265609375001 0.889694571875 0.9401220109375 0.8945576953125001 0.9326437765625
0 0.9498181765625 0.5020054578125 0.9785873734375 0.6059066265624999 0.9847960828125 0.6039917734375 0.9938770640625 0.52620389375 0.994292609375 0.4904919484375 0.9498181765625 0.5020054578125
0 0.968937903125 0.722743628125 0.97098553125 0.7222932734375 0.9813494140625 0.6335160203125 0.94748898125 0.6415852828124999 0.968937903125 0.722743628125
0 0.916646509375 0.9399619937500001 0.9439567796875 0.953822178125 0.9543229203125 0.86502558125 0.9510211171874999 0.867674371875 0.916646509375 0.9399619937500001