0 0.5844162374999999 0.1271879515625 0.595526484375 0.133812178125 0.6184607062499999 0.10336985781250001 0.73720791875 0.159464675 0.7421373671875 0.15832874218749998 0.771966115625 0.0919558046875 0.6703368234375 0.0442954078125 0.667275278125 0.0414069875 0.6785404109375001 0.0192442015625 0.6460074031249999 0.0037583609375 0.6348372125 0.003693375 0.6306521593750001 0.0107126078125 0.6368329562499999 0.018472765625000002 0.6021901765625 0.089948278125 0.6124347921875 0.0668226875 0.6103360546875 0.062913753125 0.63280860625 0.0166048609375 0.605322853125 0.003521665625 0.4912724671875 0.0028581390625 0.470790028125 0.0034541171875 0.46580566718750005 0.007569148437500001 0.45369314843749997 0.0347190921875 0.39933555468750004 0.00851073125 0.39825772656249997 0.0055645921875 0.332185203125 0.00748710625 0.31588118125000003 0.039721509375000005 0.3170171140625 0.044650957812499996 0.34320425 0.0577839921875 0.5646012687499999 0.1625020140625 0.5675473953125 0.161423790625 0.582432915625 0.1272456609375 0.585321334375 0.12418411562500001 0.5844162374999999 0.1271879515625
0 0.2752051875 0.0091450546875 0.31655544375 0.0287843890625 0.31950157031250004 0.027706167187500002 0.3288410890625 0.007584409374999999 0.2752051875 0.0091450546875
0 0.8327141203125 0.2013482359375 0.8569179359374999 0.214538978125 0.853182128125 0.22258768125 0.8562436734375 0.2254760984375 0.9915499593750001 0.304909103125 0.9886960078125 0.2068252078125 0.8695133484375 0.1357649765625 0.8327141203125 0.2013482359375
0 0.6142967328125 0.267253540625 0.6254252234375001 0.30861474218749996 0.680803334375 0.335785909375 0.685675071875 0.33266665624999997 0.7230331453125001 0.252179634375 0.6314358765625 0.20819733437500001 0.623059165625 0.2272985734375 0.6142967328125 0.267253540625
0 0.8581603421875 0.530117878125 0.8560038953125 0.5242256234375 0.8956338328125 0.4535975 0.8320916046875 0.41872388281250006 0.7877630531250001 0.4984212265625 0.8180322484375001 0.515405484375 0.8104452171875 0.527536246875 0.8115234421874999 0.5304823734374999 0.8417349281250001 0.5454833125 0.8493219609375 0.53335255 0.8581603421875 0.530117878125
0 0.6181602390625 0.5023636640625 0.6152900625 0.5401621828125001 0.574603125 0.5403535500000001 0.57219461875 0.594018640625 0.626880221875 0.597389953125 0.62982635 0.596311728125 0.6323108078125 0.5793669343750001 0.6641593625 0.5824102375 0.6889220234375 0.5806972171875 0.6927367624999999 0.5071412078125 0.6847457703125001 0.505388721875 0.68303275 0.4806260625 0.6532252234375 0.47950837343749997 0.65243554375 0.48647885 0.646543290625 0.4886353 0.6440011234374999 0.50359676875 0.6181602390625 0.5023636640625
0 0.9755984953124999 0.575333284375 0.9891932000000001 0.5650127171875 0.996452221875 0.5757190046875 0.99668400625 0.5757888140625 0.9970577578125001 0.511546371875 0.9687464140625 0.47628264531250003 0.8805539625 0.54931629375 0.9165605296875 0.5929311171875 0.959212546875 0.557945065625 0.9755984953124999 0.575333284375
0 0.787085809375 0.61158595 0.7845071578125 0.557073471875 0.7596867890625 0.5568031703125 0.76243856875 0.6172656109375 0.7842551 0.6166308140625001 0.787085809375 0.61158595
0 0.9960802375 0.6795678703125 0.9965009015625 0.607261759375 0.960558090625 0.638298425 0.9960802375 0.6795678703125
0 0.6268195328124999 0.6976342343749999 0.5502596875 0.692914396875 0.5475231703125 0.769416534375 0.6041920953125001 0.7727301375 0.6230047937500001 0.77119024375 0.6268195328124999 0.6976342343749999
0 0.24989133749999998 0.7393692296875 0.23448643749999998 0.75569746875 0.2295569890625 0.7568334 0.2322693015625 0.8500494953125 0.23533084531249998 0.852937915625 0.25691654375 0.844369834375 0.3119696234375 0.7921504453125 0.25770920468749997 0.735171753125 0.24989133749999998 0.7393692296875
0 0.604627653125 1 0.6261704875 0.9993731671875 0.6256169484375 0.9974042734375 0.6449884906250001 0.9809606171875 0.5915177515625001 0.917011446875 0.586415178125 0.9121974140625 0.5834690499999999 0.9132756375 0.5883407890625 0.910156384375 0.6171460421875 0.94504824375 0.6394060031250001 0.9255430406249999 0.6033994359375 0.88192821875 0.5674870609375 0.9097706671875001 0.5746883765625 0.9184936312499999 0.5815434359375 0.9153166671875 0.57480379375 0.9224602734375 0.519519878125 0.966746378125 0.5298404453125001 0.9803410828124999 0.517208546875 0.989641134375 0.5163611578125 0.9946282921874999 0.520974653125 1 0.604627653125 1
0 0.4108941125 1 0.41130284531249994 0.9996701765625 0.39882583125000004 0.9801832156250001 0.3339563015625 0.899693215625 0.3048412796875 0.9223753796875 0.294578421875 0.9107639953125 0.2392945078125 0.9550500984375001 0.27458523437500004 1 0.4108941125 1
0 0.8535652218750001 0.95206415 0.8481346375 0.9700871671875 0.8460358984375 0.966178234375 0.83804490625 0.9644257484375001 0.8313052624999999 0.9715693515625 0.8255861328125 0.9796757625 0.839700215625 0.9872050859374999 0.8351760031250001 0.9932917281250001 0.954735971875 0.9898128890625 0.9622044593749999 0.967760575 0.8770765328125 0.9414550390624999 0.8715882390624999 0.9574947343750001 0.8535652218750001 0.95206415
0 0.7524917953125 0.9917275921875 0.7556405265625 0.9956059734375 0.786323671875 0.9947131859375 0.8076208250000001 0.9762285 0.7942387156249999 0.9597453765624999 0.790272071875 0.9598607937500001 0.7524917953125 0.9917275921875