0 0.1348874234375 0.778985971875 0.053568356250000004 0.7955930265625 0.07157834375 0.89160626875 0.0748649015625 0.897585534375 0.1593205 0.8803870437500001 0.14179490625 0.79849790625 0.1348874234375 0.778985971875
0 0.140379503125 1 0.20298769375 0.9862225046875001 0.1840920203125 0.9143419390625 0.11689289843749999 0.9254317765625 0.0795527125 0.9341185171875 0.0919106421875 1 0.140379503125 1
0 0.046288920312499995 0.7567855453125001 0.119551509375 0.7260828734375 0.07542762187499999 0.6235836015625 0.0250036125 0.643311221875 0.046288920312499995 0.7567855453125001
0 0.051561346875000004 0.173181015625 0.0022058671875 0.1895718265625 0.0034844765625000004 0.29945523125 0.0864942859375 0.2728493015625 0.051561346875000004 0.173181015625
0 0.05998161875 0.356571346875 0.057424953125 0.3602540953125 0.07985184375 0.4163347359375 0.169938628125 0.382989765625 0.1471162109375 0.3248005140625 0.05998161875 0.356571346875
0 0.177881828125 0.3849397234375 0.0818906515625 0.4214329765625 0.11326383124999999 0.5021237937499999 0.2113549796875 0.46528398437499996 0.181625078125 0.3875827984375 0.177881828125 0.3849397234375
0 0.17512942812500001 0.6299556171875 0.1928099734375 0.6607329671875 0.26615814375 0.6247156578124999 0.2695058671875 0.6252501265625 0.281799878125 0.65039476875 0.3298260484375 0.6294257437499999 0.34047678124999997 0.6515807546875 0.3889596453125 0.6272755390625 0.35332535468750004 0.552722634375 0.3495821046875 0.5500795593750001 0.3137602390625 0.56686063125 0.32027219375 0.5842639593750001 0.3118111390625 0.5910949875 0.30176796875 0.5894915843749999 0.2792187515625 0.5443005390625 0.2475968328125 0.560388496875 0.2433968890625 0.5610816109375001 0.23801035625 0.5554489031250001 0.1596100203125 0.5933869109375001 0.17512942812500001 0.6299556171875
0 0.1840471953125 0.0600139171875 0.19850234375 0.0793672046875 0.2198975984375 0.0780102390625 0.2205377859375 0.058339656250000003 0.300214415625 0.05606006718749999 0.300915765625 0.0309446859375 0.10246835624999999 0.06369436875 0.09636620312500001 0.0657883453125 0.0982826828125 0.08177617968749999 0.10242146249999999 0.0865278609375 0.11082135156249999 0.0851416328125 0.1840471953125 0.0600139171875
0 0.410187709375 0.902029109375 0.3823457453125 0.80553836875 0.282276953125 0.8318351390625001 0.3157786484375 0.9469567921875001 0.39019107656249996 0.9281549015625 0.3866313171875 0.9091774312500001 0.410187709375 0.902029109375
0 0.43534520312499997 1 0.43026996874999995 0.9802355 0.388666046875 0.98927525625 0.3906777734375 1 0.43534520312499997 1
0 0.36730343125 0.39063555 0.375246628125 0.3925855109375 0.3770407796875 0.41946294218749997 0.4697127734375 0.417212615625 0.469105209375 0.3966610078125 0.48380501562499995 0.39423510624999997 0.4828630875 0.36613009218750003 0.434229353125 0.366547509375 0.43048610312499996 0.36390443437500003 0.43264723906249997 0.35811307812500004 0.4615901625 0.356597465625 0.4589437890625 0.330947615625 0.47364359843750004 0.32852171406249997 0.47270166874999997 0.3004167 0.4710583921875 0.2974270671875 0.46226297031249997 0.2967046921875 0.3804863671875 0.2993308375 0.37896541875 0.285451609375 0.37312219375 0.2831550921875 0.34752699374999996 0.28520517500000003 0.34570022031250003 0.298549934375 0.27442348125 0.29944329375 0.27299223906250003 0.3148966625 0.25494470625 0.3167880953125 0.25828835 0.3923221484375 0.36730343125 0.39063555
0 0.268298896875 0.434147740625 0.2717974921875 0.4585700078125 0.3351310328125 0.45572668906249997 0.333092225 0.450628446875 0.3179968890625 0.4509457421875 0.3142536359375 0.4483026671875 0.30813721250000004 0.433007946875 0.268298896875 0.434147740625
0 0.533454065625 0.751253634375 0.5372584828125 0.7484519109375001 0.5322022343749999 0.8253721921875 0.5363410156249999 0.8301238734374999 0.6154997875 0.8366252734374999 0.6221993140625 0.762694625 0.6176650046875001 0.755834334375 0.5518971265625 0.7514708046874999 0.5483373671875 0.7324933390624999 0.4867694328125 0.72743669375 0.48171726562500006 0.7293573921875 0.48746670312499996 0.7773208984375 0.493766621875 0.7762812265625 0.4938277859375 0.770836428125 0.498879953125 0.76891573125 0.53196165625 0.7721517984374999 0.534518321875 0.76846905 0.533454065625 0.751253634375
0 0.44597288749999997 0.44069533125 0.46946811562499996 0.43899180624999995 0.47004713750000005 0.4247660203125 0.46590835625000004 0.42001433906249996 0.43571768281249995 0.42064892656249997 0.4268610984375 0.425371346875 0.42923427187499996 0.43802299375000003 0.44597288749999997 0.44069533125
0 0.358161425 0.0475840390625 0.46468100625000003 0.0441353921875 0.46684214375 0.0383440390625 0.46456685625 0.005405725 0.456255665625 0.005309015625 0.3577602234375 0.021563671875000003 0.358161425 0.0475840390625
0 0.3631524296875 0.0511081390625 0.365859965625 0.071313190625 0.400250584375 0.06998548593750001 0.40201619375000003 0.06208552187500001 0.39839526875 0.0485528515625 0.3631524296875 0.0511081390625
0 0.4884534953125 0.54020496875 0.5181793171875 0.6929057375000001 0.6055259421875 0.67957790625 0.612282553125 0.6752020437499999 0.5821000390625 0.525837465625 0.4884534953125 0.54020496875
0 0.5394685625 0.4024400265625 0.5378252812500001 0.39945039531250004 0.5155778046874999 0.402034946875 0.514542090625 0.41959692187500003 0.5221183 0.45421566718750006 0.5401658328125001 0.4523242328125 0.5394685625 0.4024400265625
0 0.532565159375 0.3079285078125 0.5293397671875 0.2965044453125 0.5096489546875 0.2954062484375 0.5070922890625 0.2990889953125 0.50803421875 0.327194009375 0.5310727515625 0.328826675 0.532565159375 0.3079285078125
0 0.5182975812499999 0.19724124375000002 0.5241408062499999 0.1995377609375 0.6021129937499999 0.1997133375 0.6034545312499999 0.15492737343750002 0.601415721875 0.149829134375 0.585072634375 0.1492654046875 0.58531729375 0.1274862140625 0.5647742609375 0.127615596875 0.5627966171875001 0.11707255937500001 0.495719821875 0.11727280625 0.48436773593750004 0.120233175 0.4863739234375 0.1655536046875 0.49011717499999996 0.16819668125 0.5136124015625 0.16649315468749998 0.517355653125 0.1691362296875 0.5182975812499999 0.19724124375000002
0 0.741282046875 0.3126139265625 0.73969993125 0.3041794953125 0.7275567875 0.3029226515625 0.572007946875 0.30468010625 0.5606558609375 0.3076404765625 0.5646682328125 0.3982813375 0.6455926140625 0.396882775 0.6493358640625 0.39952584999999996 0.6559293640625 0.596260940625 0.659672615625 0.5989040171875 0.7439447203125 0.5980399203125 0.7507013296875 0.5936640578125 0.741282046875 0.3126139265625
0 0.5912869265625 0.0438935515625 0.5892481187499999 0.0387953109375 0.548953109375 0.043271296875 0.54639644375 0.0469540453125 0.5495606734375 0.063822903125 0.5911034328125 0.06022794687500001 0.5912869265625 0.0438935515625
0 0.7870614328125 0.752878559375 0.8097044406249999 0.7524026171875 0.7987478828125 0.75747159375 0.85276815 0.762686884375 0.8512757390625 0.7835850515625 0.8562055781250001 0.7925539484375 0.87169644375 0.794345259375 0.8726098296875 0.7876728796875 0.8729441953125001 0.795226284375 0.876687446875 0.797869359375 0.9039259265625 0.7988089109375001 0.9056018265624999 0.7615763515625 0.901858575 0.7589332765625 0.874620096875 0.7579937265625001 0.8724915828125 0.7235628921874999 0.885943640625 0.7202559640625 0.9186298140625 0.7213834234375 0.9270297046874999 0.71999719375 0.9295863703125 0.716314446875 0.9239633421875 0.5824617625 0.8103527843749999 0.5827328656249999 0.8074005906249999 0.58430700625 0.8081304859375 0.59396901875 0.78798298125 0.596207009375 0.7913266250000001 0.6717410625 0.7971698484374999 0.6740375796875 0.8097696843750001 0.671958234375 0.812995078125 0.6833822984375 0.810833940625 0.689173653125 0.7906864375 0.6914116453125 0.793879209375 0.7430578984375 0.7870614328125 0.752878559375
0 0.7160660734375 0.056996470312500006 0.7159152015625 0.033108671875 0.778396521875 0.0314929359375 0.7774028671875 0.0090459015625 0.6693978984375 0.00778915 0.67187694375 0.0349415828125 0.682772334375 0.0353174015625 0.67686794375 0.038465684374999996 0.6783277296875 0.057789709375 0.7160660734375 0.056996470312500006
0 0.888573709375 0.48612966562500004 0.8865349 0.48103142656250003 0.826153553125 0.48230060625000004 0.8243308609375 0.4206457828125 0.790396934375 0.41863729687499995 0.7832447953125 0.4209045515625 0.7839706093750001 0.5055661484375 0.7871960015624999 0.5169902109375 0.8068868140625 0.518088409375 0.832086484375 0.5139297203125001 0.8865634437500001 0.515808821875 0.8891201093750001 0.5121260734375 0.888573709375 0.48612966562500004
0 0.9054550546875 0.1029144890625 0.903811775 0.0999248578125 0.741963015625 0.10272198437499999 0.7416571937499999 0.129945971875 0.7290573578124999 0.1320253171875 0.7321278015625 0.194561165625 0.7375754953125 0.1947490765625 0.7401321609375 0.19106632968749998 0.7428111578125 0.17649398593750001 0.745123165625 0.1945904296875 0.7488664171875 0.19723350312500001 0.9065152328125 0.195129490625 0.9054550546875 0.1029144890625
0 0.836653415625 0.48056781875 0.916330046875 0.478288228125 0.9146011390625001 0.37096641875 0.9125623328125 0.3658681765625 0.828290228125 0.366732275 0.8264022921875 0.38552183281249996 0.8308101921875 0.4782713 0.836653415625 0.48056781875
0 1 0.795576421875 0.916191396875 0.7891761609375 0.9136347312499999 0.792858909375 0.9085784828125 0.869779190625 1 0.87994015 1 0.795576421875
0 1 0.6122882796875 0.9911298421874999 0.6115941125 0.9885731765625 0.6152768609375 0.988724046875 0.6391646578125 0.9861673812499999 0.64284740625 0.9836718812499999 0.64108535625 0.981906271875 0.64898531875 0.98141695625 0.6925437 0.956673978125 0.6933661984375 0.9541458546875001 0.7318263421875 0.9968752000000001 0.7345572046875 0.9988243015625 0.7103228484375 1 0.710419409375 1 0.6122882796875
0 0.834789959375 0.049359871875 0.8427331578124999 0.05130983125000001 0.8767282484375001 0.047873518749999996 0.8769729046875 0.0260943296875 0.9223028624999999 0.0253767359375 0.919549815625 0.01069993125 0.8259223203125 0.009610476562500001 0.8263615296875001 0.015968709375 0.8287347 0.028620353124999998 0.8333301734375 0.030035846875 0.834789959375 0.049359871875
0 1 0.439588771875 0.9725989374999999 0.2935106796875 0.9573957296875 0.2932528984375 0.9562050640624999 0.3619266609375 0.9590349281250001 0.3712421140625 0.9774779890625 0.3714592875 0.977930603125 0.4431226828125 0.9544353765625001 0.44482620624999997 0.9543701312499999 0.5252705875 1 0.5272519140624999 1 0.439588771875
0 0.9423517765625 0.13225970781250002 0.9370443500000001 0.127048721875 0.908101428125 0.1285643359375 0.9115673984375 0.19320879375 0.943005825 0.193455228125 0.9431281546875001 0.1825656328125 0.9474789687499999 0.205760315625 0.9561755062499999 0.20595554218749998 0.9423517765625 0.13225970781250002