0 0.508724575 0.08875723437500001 0.5303786484375 0.0734003890625 0.5325422328125 0.06804815 0.510763425 0.0382246890625 0.49189370625000006 0.052152303125 0.49674426250000003 0.05743885 0.495405334375 0.061660845312500004 0.45371018437500005 0.0037386328125 0.33754000624999997 0.021462321875000002 0.354599153125 0.046983696874999994 0.35800428125 0.049477478125 0.35965359375 0.0472169875 0.3698689765625 0.054698328124999994 0.3852453 0.069427721875 0.3930840953125 0.0682317828125 0.39648922343750004 0.0707255625 0.39433475625000003 0.09516057343749999 0.4143486328125 0.1011469921875 0.43848579374999996 0.1014821859375 0.44157141875 0.08293168906250001 0.45168030000000003 0.08339826875 0.47457591875 0.0758874453125 0.492620978125 0.0630900734375 0.49241709375 0.0681433265625 0.508724575 0.08875723437500001
0 0.7097580421874999 0.078174834375 0.72914203125 0.06115546875 0.7431794265625 0.08010685468749999 0.7462741687500001 0.0806391296875 0.7531818078125 0.07355867499999999 0.7623686484375 0.0872235171875 0.7703139453125 0.0930423359375 0.8169207203125 0.05780766875 0.8207336171874999 0.050194940625 0.7868792046875 0.0045779296875 0.6512140265624999 0.0037886531250000003 0.6511344859375 0.005760025 0.7097580421874999 0.078174834375
0 0.8241328156250001 0.0047946640625000005 0.7896795015625 0.004594220312499999 0.8020495500000001 0.020903753125 0.8074143765624999 0.023098550000000002 0.8259737093749999 0.0072094296875 0.8241328156250001 0.0047946640625000005
0 0.3574808921875 0.0334864546875 0.355006921875 0.036877189062499996 0.3572770078125 0.038539709374999995 0.3574808921875 0.0334864546875
0 0.15174274062499998 0.34410668125 0.146892184375 0.338820134375 0.0921453453125 0.3923720109375 0.13435491718749998 0.43715815312500006 0.1891017578125 0.3836062796875 0.16969953437500002 0.3624600953125 0.17929414531250001 0.36601842812499996 0.1814577296875 0.3606661890625 0.17660717343750001 0.35537964375 0.1615412359375 0.34261175625 0.15174274062499998 0.34410668125
0 0 0.5143108390625 0.060251440625 0.5649777140625 0.1167449765625 0.497097334375 0.1161242046875 0.493174325 0.1033283515625 0.482068959375 0.11921894687500001 0.4937066 0.12664085625 0.4835343984375 0.076078215625 0.4430359421875 0.07545744531250001 0.43911293437500004 0.0906116484375 0.4207300328125 0.088031178125 0.41710600781249996 0.0340634109375 0.3741137734375 0 0.41369469218750005 0 0.5143108390625
0 0.1771061125 0.5361008671875 0.202493934375 0.5633648531250001 0.21053661406250002 0.5571156578124999 0.25728635781250003 0.6052268421875 0.354099803125 0.51311525625 0.34377791874999997 0.4986191578125 0.26338467187500003 0.41546366093750003 0.2102871453125 0.466755046875 0.2267985109375 0.4823157 0.22741928281249998 0.4862387078125 0.1771061125 0.5361008671875
0 0.5435333734375 0.40385964531249996 0.566340725 0.42749960624999994 0.591497309375 0.40256852656250003 0.568689959375 0.37892856406250003 0.5435333734375 0.40385964531249996
0 0.309169690625 0.60333775625 0.2831884484375 0.6293990796875 0.276174309375 0.629464771875 0.2752613859375 0.6617458046875 0.29435322343750003 0.68093048125 0.2952843796875 0.686814996875 0.25404243125 0.724244459375 0.249821765625 0.741963696875 0.2536437796875 0.7534337421874999 0.32010613125 0.8246526125000001 0.355265096875 0.79317335625 0.3664116359375 0.8065392109375 0.3819918453125 0.8162153484375001 0.3905579140625 0.8259571796875 0.40066679531249993 0.826423759375 0.40634200781249996 0.830580059375 0.41316137968750005 0.8546503937500001 0.452443628125 0.8175199140625 0.4538799390625 0.80122990625 0.4322076328125 0.7784212046875 0.4476722234375 0.761999809375 0.41144824843750005 0.723331471875 0.4105079734375 0.698364184375 0.392249909375 0.6971320359375001 0.3784346328125 0.7112929421875 0.37306980625 0.7090981453125 0.3365354453125 0.6684683046875 0.34509239687500004 0.6591273625 0.344471625 0.6552043515625 0.31082812187500003 0.620160040625 0.31020735 0.616237028125 0.38120987031250003 0.6907809390625 0.40781188437500004 0.6686426265625001 0.4329684703125 0.6437115484375 0.43904233593750003 0.618678565625 0.3774305390625 0.5527462421875 0.330105609375 0.596125915625 0.3187551859375 0.5878133140624999 0.31102288906250003 0.5960240125 0.31618383125 0.6032720625 0.31597994687500003 0.6083253171874999 0.3112358921875 0.61005353125 0.3122644328125 0.6038700328125 0.309169690625 0.60333775625
0 0.18691662656250002 0.7756672328125 0.1802037546875 0.7586116609375 0.136140984375 0.7211392609375 0.1388188390625 0.7126952734375 0.093621025 0.6743916140625 0.03244753125 0.7444052812499999 0.0437741015625 0.8159843234374999 0.103821075 0.8656859265625 0.1214583671875 0.8629950640624999 0.1255816515625 0.857343840625 0.12155575156250001 0.8509270499999999 0.18691662656250002 0.7756672328125
0 0.28162206875 1 0.25848811875 0.961616034375 0.2550829921875 0.9591222531250001 0.2464195390625 0.961448434375 0.23403145625000002 0.9402365609375 0.1745314453125 0.9764338765625 0.1890628421875 1 0.28162206875 1
0 0.6571408078125 0.9188746765625 0.6855168703125 0.9396561796875 0.706443671875 0.913361565625 0.6797169234375 0.890319575 0.6571408078125 0.9188746765625
0 0.72163434375 0.9713097578125 0.6660172625 0.9305780125 0.625298703125 0.9839985015625 0.6321089578125 0.9889860609375001 0.7183357171875 0.9758307374999999 0.72163434375 0.9713097578125