0 0.8722569484375 0 0.84717739375 0.1424277125 0.8490763859375001 0.147547575 0.88198134375 0.13562648906250002 0.9476859328125 0.12483764687500001 0.9278953546875 0 0.8722569484375 0
0 0.960797834375 0.207546653125 0.897893975 0.2840143 0.9692099359374999 0.34291589375 0.9801451796875 0.3295884296875 0.960797834375 0.207546653125
0 1 0.45483131875 0.99733168125 0.437999740625 0.9847572890625 0.42726986250000004 0.9286727062500001 0.4918822125 0.9763285796875 0.5318557921875 0.9729814765624999 0.5313190578125 0.9685219609375 0.5374830015625001 1 0.5675994421875 1 0.45483131875
0 1 0.7426630859375 0.9860176078125 0.73015065 0.9802153062500001 0.72784439375 0.97664769375 0.7327755484375 0.94684960625 0.709423725 0.8630008374999999 0.8046670812500001 0.9167947078124999 0.84906446875 0.9723230828125 0.7878024578125 0.9805805828124999 0.7918782359375001 0.96987774375 0.8066716968750001 0.9858365390625 0.8181735953124999 1 0.80197751875 1 0.7426630859375
0 0.7032649875 0.38006664375 0.619521540625 0.4622566734375 0.6814675875 0.5237831671875 0.6318468390625 0.57429810625 0.6183432437499999 0.5645657328125 0.54958780625 0.494380334375 0.47331528437500003 0.56882560625 0.566737896875 0.6642916703124999 0.540421821875 0.6903395484375 0.5934389734375001 0.7435551625000001 0.6451792249999999 0.69269219375 0.6343513390625 0.6792614515625 0.634907546875 0.6759111156250001 0.735712340625 0.5778835421874999 0.69162408125 0.5329788046874999 0.6909526890625 0.52874370625 0.77112851875 0.45148483125 0.77134903125 0.446016940625 0.7032649875 0.38006664375
0 0.760738071875 0.8866390171875 0.7826143546875 0.908032609375 0.80770283125 0.8810999703125001 0.78158754375 0.86040243125 0.760738071875 0.8866390171875
0 0.6039047203125001 0.93303179375 0.59687481875 0.9298407765625001 0.57636104375 0.9581949125 0.5816071375 0.9638515078125 0.565888575 0.98815925 0.5707989718750001 0.991698296875 0.7018549000000001 0.970178615625 0.70900768125 0.9581407515624999 0.67340729375 0.9324826734375 0.6641525640625 0.942693009375 0.620294675 0.9129591515625 0.6039047203125001 0.93303179375
0 0.6197487734375 0.237347815625 0.5954271531249999 0.2348234640625 0.5701181640625 0.26722399375 0.55081226875 0.2551853609375 0.5320822984375 0.2810739203125 0.5394478968749999 0.2863824890625 0.5692558437499999 0.3303730734375 0.6335880656249999 0.24919773906249998 0.6197487734375 0.237347815625
0 0.500464103125 0.41771235312500005 0.510390225 0.4117371171875 0.5149649265625 0.4131586125 0.576525975 0.3693737328125 0.5659087406250001 0.329836340625 0.5395630812500001 0.293967928125 0.4668483125 0.3428432796875 0.4703106 0.3509654515625 0.42012378437500003 0.38419196875 0.4614310078125 0.4458483953125 0.500464103125 0.41771235312500005
0 0.4443279484375 0 0.25311925 0.0313969015625 0.2266502359375 0.09657798906250001 0.22331299218749998 0.11668001875 0.29148264375 0.1282994625 0.2919335234375 0.13800245 0.300191025 0.1420782296875 0.3671330734375 0.1528129140625 0.3929028046875 0.1507541375 0.3994719625 0.123603403125 0.43963719218749997 0.1300442125 0.46279246093750004 0 0.4443279484375 0
0 0.463935509375 0.5508117375 0.46460690156249995 0.5550468390625001 0.47599099375 0.5651272406250001 0.5417811890625 0.50000754375 0.5441212015625 0.49419162656250004 0.53061760625 0.484459253125 0.463935509375 0.5508117375
0 0.48174713281250003 0.704319409375 0.5123317968750001 0.7394917703125 0.5320688546875 0.7199558609375 0.5218926421875001 0.669482690625 0.5185455390625 0.6689459578125 0.5089551140624999 0.6770387437500001 0.48174713281250003 0.704319409375
0 0.41122133281249995 0.19771764687499999 0.3347941828125 0.18202242500000002 0.32888655624999996 0.19276949375000002 0.3284455359375 0.20370526875 0.3120457203125 0.20313915 0.3089289875 0.217773290625 0.31082798125 0.22289315312500002 0.3208692875 0.2245033546875 0.31731153437500004 0.2500732734375 0.3958581875 0.26542046875 0.400317703125 0.259256528125 0.40276304218750003 0.24038728593749997 0.4231813546875 0.24572524062499998 0.4290889796875 0.2349781703125 0.4220590796875 0.23178715312499998 0.41770488749999996 0.22489776875 0.405544078125 0.22363559375 0.41122133281249995 0.19771764687499999
0 0.48604529999999996 0.8274559421875001 0.3999784234375 0.71665968125 0.3294983421875 0.772772446875 0.38151826718750004 0.840274175 0.38732056875 0.84258043125 0.40505330937500006 0.8309779875000001 0.43474606875 0.8673831359375 0.48604529999999996 0.8274559421875001
0 0.3153269390625 0.299284265625 0.3538432671875 0.3570536203125 0.3823940328125 0.338243153125 0.3417582015625 0.2808218265625 0.3153269390625 0.299284265625
0 0.36929515625 0.475099678125 0.3661685640625 0.46909505625000003 0.34775457187500003 0.45582363593749997 0.32868890624999997 0.47959464374999994 0.3498937953125 0.4967531390625 0.36929515625 0.475099678125
0 0.2273050453125 0.29961529374999996 0.217148553125 0.290419653125 0.18001445 0.32367555625 0.1806858421875 0.32791065625 0.23660907656250002 0.3925987796875 0.24140428906250003 0.3885523875 0.2494412796875 0.39809605625 0.277320653125 0.3750504875 0.2692836625 0.36550681875 0.2740788765625 0.361460428125 0.29506325312500004 0.38408680624999997 0.3229426265625 0.361041240625 0.31144335 0.3433754 0.2521730125 0.278150540625 0.2273050453125 0.29961529374999996
0 0.2769585140625 0.551096378125 0.23621735625 0.5067283781249999 0.2116850859375 0.5303106796875 0.20744608125 0.531006734375 0.1972895875 0.5218110953124999 0.1404184265625 0.57460290625 0.1327171328125 0.567176790625 0.12847812812499998 0.56787284375 0.055993728124999996 0.6319190734375 0.0205457375 0.6689520015625 0.02905385 0.7226206078125 0.07480257968750001 0.7711406281250001 0.0802691859375 0.7713293375 0.2030555859375 0.6816420296875 0.20327609687499998 0.6761741406249999 0.193119603125 0.6669785 0.196687215625 0.662047346875 0.193896321875 0.658160271875 0.2193204953125 0.6333451828125 0.22478710156249998 0.6335338890625 0.2392977859375 0.6496189140624999 0.2680690609375 0.6253405578125 0.270409075 0.6195246421875 0.2602525828125 0.6103290015625 0.263148803125 0.6011627484375001 0.2506424359375 0.5771442578125 0.2769585140625 0.551096378125
0 0.0972946765625 0.2134160296875 0.1609093421875 0.2648915078125 0.19224114375 0.229329346875 0.2106354171875 0.201323240625 0.20996402500000003 0.197088140625 0.149140253125 0.1494997359375 0.0972946765625 0.2134160296875
0 0.0537462328125 0.06413440468750001 0.0629779109375 0.072395565625 0.155373715625 0.1202314515625 0.1599484171875 0.1216529453125 0.1658560453125 0.11090587656249999 0.15692715156249998 0.102594996875 0.087184346875 0.0673344765625 0.0926239703125 0.057750590625 0.0537462328125 0.06413440468750001
0 0.138322228125 0.1567077578125 0.13731513906249998 0.15035510937500002 0.12225810781249999 0.1582591875 0.10743144843750001 0.1813341421875 0.11602464531250001 0.18752747187500002 0.138322228125 0.1567077578125
0 0 0.4246815 0.001229071875 0.42364436093749996 0.025781064062499998 0.4413395875 0.040051515625 0.42161497031249995 0.0461895140625 0.42603877656250005 0.0484340625 0.45391495156249995 0.0563558671875 0.45587318281250006 0.11358244531249999 0.4464764484375 0.11715005781250001 0.44154529374999996 0.120612346875 0.44966746718749995 0.1333293640625 0.44757930312500005 0.175604234375 0.43303332031249997 0.16064267031249999 0.40724530937500003 0.1029454890625 0.365661528125 0.0987064828125 0.36635758125 0.0773008046875 0.3959445046875 0.0687076078125 0.389751175 0.068036215625 0.385516075 0.075171440625 0.37565376875 0.0383434546875 0.3491109296875 0.051511353125000006 0.356725753125 0.0634417921875 0.34281705156250003 0.06455420625 0.33611637499999997 0.038774615624999995 0.3175363859375 0.0256165765625 0.3305603265625 0.0031840874999999997 0.3125170734375 0 0.3154727671875 0 0.4246815
0 0.0006993078124999999 0.24883125625 0.03172499375 0.273067840625 0.0575901890625 0.23731697343749997 0.026900200000000003 0.2151979390625 0.0006993078124999999 0.24883125625
0 0.0789035421875 0.4815018734375 0.069072884375 0.45378501875 0.0425264359375 0.464662021875 0.039064146875 0.45653984843749995 0.009170596875000001 0.46688011874999996 0.03039520625 0.5253161390625001 0.0572773515625 0.5165566859374999 0.0526927890625 0.494496425 0.0789035421875 0.4815018734375