0 0.0052919390625 0.90960710625 0.005767496875 0.99134863125 0.040333259375 0.9917508406250001 0.17264958125000002 0.9374917671875 0.1392404078125 0.8576971562500001 0.1457277859375 0.8534804359375 0.143656878125 0.847018025 0.1123186109375 0.7736858234375 0.10706643593750001 0.763967240625 0.094141615625 0.7681090546875 0.08787895625 0.7530134515625 0.0045856234375 0.78820164375 0.00527326875 0.9063980375 0.0347314828125 0.8940379109375 0.0325357328125 0.8983045703125001 0.0052919390625 0.90960710625
0 0.0044052046875 0.641517771875 0.027098546875 0.6278321546875001 0.030404657812500003 0.6203592609374999 0.0033734609375000004 0.5798486453125 0.00436406875 0.7501198312499999 0.012650628124999999 0.7628686124999999 0.0860827046875 0.7229470906250001 0.087193065625 0.719740853125 0.0335609546875 0.6257612484374999 0.0044052046875 0.641517771875
0 0.11867392343750001 0.135293734375 0.11004073125 0.13948548593750001 0.0974405046875 0.115731721875 0.0477871625 0.1409072046875 0.034912278125 0.14075739375000001 0.006869156249999999 0.1531126078125 0.00606031875 0.22262396875 0.06645029687500001 0.19692308281249998 0.04660189375 0.1505508828125 0.04771225625 0.1473446453125 0.061322965625 0.17647542968750002 0.06983131406250001 0.183012746875 0.0750834890625 0.19273133125 0.0901790921875 0.1864686703125 0.11363323125 0.1996182109375 0.11903521875 0.1964619125 0.1223413296875 0.18898901562499998 0.142838921875 0.17957005937499998 0.1302636640625 0.1536704796875 0.12274083124999999 0.15465599531250002 0.11748865625 0.1449374125 0.1240010046875 0.138574878125 0.11867392343750001 0.135293734375
0 0.0052745109375 0.2901562015625 0.034399667187499997 0.2770290515625 0.01033454375 0.22416947343750002 0.0060203421875000005 0.2260595875 0.0052745109375 0.2901562015625
0 0.089355121875 0.257280525 0.0052056640625 0.29607278125000003 0.0039568859375 0.4033925265625 0.09671490625 0.362525278125 0.11829788906250001 0.35204589531249997 0.12157903125 0.346718815625 0.10271614531249999 0.307869446875 0.1113493390625 0.3036776953125 0.10927842968749998 0.297215284375 0.089355121875 0.257280525
0 0.2385353609375 0.71613661875 0.24933933593750002 0.7098240203125 0.25252060468750004 0.7130801953125 0.276585725 0.7659397765625 0.33267650937500004 0.7408391984375 0.33595765312500003 0.735512115625 0.30451951093749996 0.670763171875 0.3153484546875 0.6623047609375 0.31214221875 0.6611944000000001 0.26897625468749997 0.6821531609375 0.22380255781249997 0.5990025015625 0.217390084375 0.59678178125 0.201633559375 0.5676260281250001 0.1400908484375 0.60017453125 0.1558224046875 0.631476096875 0.15261616875 0.6303657375 0.1379200671875 0.6022953765625 0.1390553953125 0.5969433265624999 0.25242223125 0.5370984937500001 0.198865028125 0.4366814484375 0.1837694265625 0.44294410937500006 0.1795027671875 0.44074835625000003 0.1600656 0.45125270781250004 0.1481762328125 0.4586257265625 0.15133253124999999 0.4640277140625 0.0357949140625 0.525993390625 0.15237821406250002 0.743033446875 0.22149369375 0.7052077999999999 0.225710415625 0.7116951796875 0.2343436078125 0.7075034265625 0.2385353609375 0.71613661875
0 0.10112167187500001 0 0.1197475828125 0.043023740625 0.1628885765625 0.0242107921875 0.1640239046875 0.01885874375 0.155084065625 0 0.10112167187500001 0
0 0.508844725 0.8169297 0.432033134375 0.686196603125 0.3261641625 0.7472017328125 0.27436500625 0.7723522468749999 0.24605819218749997 0.7151511015625001 0.2298772 0.722474184375 0.2214687234375 0.7073536140625001 0.1426346609375 0.7504314359375 0.1772291015625 0.82058236875 0.21176187343750003 0.8038153593749999 0.2162033140625 0.7909904125 0.2215303953125 0.79427155625 0.22148045781249998 0.7985631843750001 0.21388271875 0.8059861406250001 0.182581153125 0.821717696875 0.2192714703125 0.896185228125 0.3595733375 0.8269963453125 0.3628295125 0.8238150765625001 0.342906203125 0.7838803171875 0.3702774390625 0.8292670031249999 0.4372471046875 0.7914163875 0.4835311625 0.8713608109375001 0.509455709375 0.8566397390624999 0.5127368515625 0.851312659375 0.508844725 0.8169297
0 0.1687721953125 0.6251884671875 0.17096794531249998 0.6209218109375 0.1590785796875 0.6282948296875001 0.1687721953125 0.6251884671875
0 0.192525959375 0.61258824375 0.1947217109375 0.608321584375 0.18283234375 0.6156946046875 0.192525959375 0.61258824375
0 0.2778606375 0.471938315625 0.2811168125 0.4687570484375 0.276900090625 0.46226966875000003 0.28558322187499996 0.4537862890625 0.25298478125 0.3965352078125 0.1979044796875 0.42701280312499995 0.2346697046875 0.495042890625 0.2778606375 0.471938315625
0 0.40388636250000004 0.8918951046875 0.366010778125 0.82707125 0.3562672265625 0.8344692390624999 0.3773258640625 0.8690519484375001 0.38146767812500004 0.8819767687500001 0.3739198765625 0.8851080984375 0.37182400000000004 0.8807915015625 0.365386559375 0.8807165953125 0.3621303859375 0.8838978640624999 0.3663471078125 0.8903852421874999 0.3652117765625 0.8957372921875001 0.3274977390625 0.909248128125 0.3642012921875 0.8903602734374999 0.34324253125 0.8471943109375 0.3356947296875 0.8503256390624999 0.329307225 0.8459591046874999 0.1986989734375 0.912041628125 0.219682703125 0.9530617765624999 0.23516195781250002 0.994017878125 0.3858820953125 0.995771665625 0.43512475625 0.9738105609375 0.436260084375 0.9684585109375 0.4278765796875 0.951192125 0.4462283578125 0.941748196875 0.44736368593750003 0.9363961468750001 0.43059667656249995 0.9018633749999999 0.43170703593750004 0.898657140625 0.4422363546875 0.91594849375 0.443346715625 0.9127422578125 0.4328423640625 0.8933050890625 0.42966109843750006 0.890048915625 0.4221132953125 0.89318024375 0.4286006765625 0.888963525 0.4265297671875 0.8825011125 0.4211777171875 0.881365784375 0.40388636250000004 0.8918951046875
0 0.211963128125 0.6020838937499999 0.21415887812499998 0.597817234375 0.20226951093749998 0.6051902546875 0.211963128125 0.6020838937499999
0 0.24629464375 0.7870483484374999 0.248490396875 0.7827816921874999 0.2279678359375 0.7943464625 0.24629464375 0.7870483484374999
0 0.300106046875 0.3123123921875 0.3054580953125 0.3134477203125 0.43712677031249997 0.248450590625 0.44561015 0.25713372031250004 0.521163071875 0.21938297968749998 0.5244442140625 0.214055896875 0.492981103125 0.1514527671875 0.48762905156249997 0.15031743749999998 0.32142760625 0.232081578125 0.3098378671875 0.21370483125 0.3045107859375 0.21042368906250003 0.26131985156250004 0.2335282640625 0.258038709375 0.238855346875 0.27485565625 0.2690964890625 0.28126812968750003 0.2713172109375 0.300106046875 0.3123123921875
0 0.2929297703125 0.6523864265625 0.312217125 0.654756959375 0.313327484375 0.651550721875 0.3049190109375 0.6364301515624999 0.29956696250000003 0.635294821875 0.2758131953125 0.647895046875 0.2703612703125 0.655342975 0.277734290625 0.667232340625 0.28429657656249996 0.6565781765625001 0.2929297703125 0.6523864265625
0 0.27825562812500004 0.9913001609375 0.270707828125 0.994431490625 0.2749994546875 0.9944814296875 0.27825562812500004 0.9913001609375
0 0.5305555578125001 0.42659134062500004 0.5085363734375 0.382339984375 0.5254781640624999 0.401852059375 0.54274455 0.393468553125 0.5512778671875 0.3978600578125 0.6116602796875 0.3728094171875 0.612795609375 0.36745736875 0.577315528125 0.281200346875 0.5698176625 0.280040046875 0.48787723749999995 0.3134242546875 0.47921907499999994 0.3197618203125 0.475002353125 0.3132744421875 0.41671581875 0.3426416765625 0.415580490625 0.34799372812499996 0.42820568437500006 0.369601678125 0.42277872812500006 0.3749037890625 0.417426678125 0.3737684625 0.40384093749999994 0.3424918640625 0.3930369609375 0.3488044625 0.38659951875 0.34872955625 0.382407765625 0.3400963640625 0.37811613906249997 0.3400464265625 0.2875425203125 0.377622384375 0.2864071921875 0.382974434375 0.31878091406250003 0.459537840625 0.413646159375 0.42201182031249995 0.41483142656250005 0.4123681421875 0.42669582500000003 0.4071409359375 0.4212438984375 0.41458886093749997 0.4463944125 0.46638801875 0.45174646249999995 0.467523346875 0.5305555578125001 0.42659134062500004
0 0.34964176875 0.9427704140625 0.34969170625 0.9384787875 0.3475958296875 0.9341621906249999 0.34964176875 0.9427704140625
0 0.3559044265625 0.9578660171875001 0.3559543640625 0.9535743890624999 0.35385848750000004 0.94925779375 0.3559044265625 0.9578660171875001
0 0.39512832656249997 0.9068159265625001 0.3951782625 0.9025242984374999 0.3909865125 0.8938911046875001 0.39512832656249997 0.9068159265625001
0 0.4396206421875 0.40299912187500003 0.44719341406249996 0.3977219765625 0.4461579609375 0.39449077187500003 0.434643125 0.369676584375 0.431436890625 0.368566225 0.43027659218750003 0.3760640890625 0.4407559734375 0.39764706875 0.4396206421875 0.40299912187500003
0 0.52923521875 0.17118956093749998 0.51562450625 0.14205877656250002 0.49944351249999996 0.14938185937499998 0.49936860625 0.1558193 0.510908409375 0.1784876734375 0.52923521875 0.17118956093749998
0 0.49250068281250003 0.93048305 0.5405816953125 0.9968888343750001 0.5953894765625 0.9965699718750001 0.6228709796875 0.9770682359375 0.61658335 0.9641184484374999 0.6338996734375 0.951443315625 0.6254912 0.9363227437500001 0.640661709375 0.9236226421874999 0.5973591703125 0.8641009015625001 0.560780459375 0.8722596875 0.557524284375 0.8754409546874999 0.5606556140625 0.88298875625 0.5260479375 0.9061932078125 0.5196854015625 0.8996808609375 0.5089063953124999 0.90384764375 0.494746371875 0.9219247625 0.49250068281250003 0.93048305
0 0.5781966578125 0.8510013015625001 0.6792995937499999 0.8307166953125 0.68149534375 0.8264500375000001 0.6856621296875 0.8372290453125 0.6920995703124999 0.8373039500000001 0.757759125 0.8198260812499999 0.7596567546874999 0.6567442328124999 0.7533441578125 0.6459402578125 0.7597316609375 0.6503067921875 0.7598814734375 0.6374319093749999 0.752358640625 0.638417425 0.752308703125 0.6427090515625 0.7458962328125 0.640488334375 0.678926565625 0.6783389484375 0.684378490625 0.6708910218749999 0.6664761515625 0.6417103015625 0.64595359375 0.6532750734375 0.6393164015624999 0.670366678125 0.6477248734375001 0.6854872484375 0.6530269875 0.69091420625 0.670318340625 0.6803848859375 0.6691830125 0.6857369375 0.68706038125 0.717063471875 0.730251315625 0.6939588953125 0.737649303125 0.70370245 0.7290410796875 0.7057483890625 0.7332328328125 0.71438158125 0.7320725343750001 0.72187944375 0.696554246875 0.7311236203125 0.697489825 0.7429380812499999 0.660911115625 0.7510968671875 0.65995056875 0.7414282203125 0.6421231359374999 0.7058100578125 0.5568266609375 0.7509587859375 0.5781966578125 0.8510013015625001
0 0.6688511953125 0.06872807812500001 0.5955939015625 0.0936289046875 0.594458571875 0.0989809546875 0.6006962625 0.116222371875 0.5888318640625 0.12144957812499999 0.5876965359375 0.1268016265625 0.598076040625 0.156967865625 0.603428090625 0.1581031953125 0.6120612828125 0.153911440625 0.619334428125 0.1743840640625 0.624686478125 0.17551939218749998 0.7647636265625 0.12564283437499998 0.7661736125 0.0966868328125 0.761981859375 0.0880536390625 0.7663234250000001 0.08381195 0.76669795625 0.051624740625 0.76046026875 0.034383325 0.752962403125 0.033223028125 0.6775343265625 0.0602447 0.6678157421875001 0.065496871875 0.6688511953125 0.06872807812500001
0 0.762316684375 0.335932584375 0.76350195 0.32628890781250003 0.729107259375 0.23897146406249997 0.65362924375 0.2702847640625 0.6504230093750001 0.2691744015625 0.6698352078124999 0.2608158671875 0.6625370937499999 0.2424890578125 0.6075317015625 0.2665292140625 0.6116485484374999 0.2815998484375 0.6159152078125001 0.2837955984375 0.6115986109375 0.285891475 0.6136445484374999 0.2944997 0.6480642078125001 0.37967132812500004 0.762316684375 0.335932584375
0 0.6315923156250001 0.8730836578125001 0.6229840906249999 0.875129596875 0.6175571328125 0.880431709375 0.635409534375 0.913904059375 0.6461885406250001 0.909737275 0.6494946515625 0.90226438125 0.6315923156250001 0.8730836578125001
0 0.6320712312500001 0.27861833125 0.636412796875 0.274376640625 0.6288649937499999 0.277507971875 0.6320712312500001 0.27861833125
0 0.6428502375 0.274451546875 0.647191803125 0.2702098578125 0.639644003125 0.2733411859375 0.6428502375 0.274451546875
0 0.6690434296875 0.974386346875 0.6567414765625 0.9962130374999999 0.6995607875000001 0.995963921875 0.6840641265625 0.974561128125 0.6690434296875 0.974386346875
0 0.6639176015625 0.7693737359374999 0.6670739015625 0.774775725 0.6671238390625 0.7704840984375 0.6650779 0.7618758734375 0.6639176015625 0.7693737359374999
0 0.6680344484375 0.784444371875 0.671190746875 0.7898463609374999 0.6712406843750001 0.78555473125 0.6691947453125 0.7769465078125 0.6680344484375 0.784444371875
0 0.673211715625 0.8006003968750001 0.6732866203125 0.79416295625 0.6700554171875 0.795198409375 0.673211715625 0.8006003968750001
0 0.71930775625 0.9889209031249999 0.7226621609375 0.995829521875 0.7557133765625 0.9956372359375001 0.756211059375 0.9528665374999999 0.71930775625 0.9889209031249999
0 0.7633521375 0.339163790625 0.756889728125 0.3412346984375 0.7599960890624999 0.3509283140625 0.7373277171875 0.362468115625 0.761442775 0.41103606875 0.7633521375 0.339163790625
0 0.7595731234375 0.20284219375 0.7412213453125001 0.2122861203125 0.7631156859375 0.26726654375000003 0.7649251718750001 0.203977521875 0.7595731234375 0.20284219375