0 0.9462409609375 0.6194893546875 0.9456354515625 0.7193398828124999 0.9483111609374999 0.723007115625 0.970028384375 0.7229407265625001 0.9864484906250001 0.6191727234375 0.9462409609375 0.6194893546875
0 1 0.36607670937500003 0.9354260734375 0.372327434375 0.9406327265625001 0.4491653140625 0.9433084359375 0.45283254531250006 1 0.44700953749999994 1 0.36607670937500003
0 0.8642288812500001 0.8839927234375 0.8557508703125001 0.8826992609375001 0.8543027609375 0.8781329843749999 0.8437052453125 0.8765161578124999 0.8027632984374999 0.8746151265625001 0.8009696312499999 0.892809184375 0.7942754265625 0.8939605437499999 0.7934888484375 0.905790234375 0.8129000703125 0.9065790671875 0.815796290625 0.9157116203125 0.8585220437500001 0.9200574734375 0.8652162499999999 0.9189061125 0.867115240625 0.9137641578125001 0.8741451437500001 0.910491340625 0.873032728125 0.90380360625 0.8776074312500001 0.9023288812500001 0.8806286984374999 0.883235778125 0.8670197765625 0.8800731765625001 0.8642288812500001 0.8839927234375
0 0.9392074750000001 0.16324150625 0.9424393906249999 0.17025260625 0.9712205296875001 0.173557309375 0.9739061 0.1565856625 0.96364428125 0.1528473796875 0.9657736453125001 0.1325318671875 0.8806578328124999 0.12171870781250001 0.8760732703125 0.1438323125 0.8566620484374999 0.1430434796875 0.855875471875 0.1548731703125 0.9392074750000001 0.16324150625
0 0.6742182453125001 0.017438409375 0.672966271875 0.048751143749999996 0.9817521593749999 0.0795665203125 0.982567221875 0.0644821671875 0.6742182453125001 0.017438409375
0 0.9350343531249999 0.2582023953125 0.9429561578125 0.25615198906250003 0.9506870328125 0.18671962343749998 0.8724859374999999 0.18022042656249998 0.8668745640625 0.24997615781250002 0.9350343531249999 0.2582023953125
0 0.7959736281249999 0.8420755062499999 0.7949566796875 0.869078753125 0.8316596203125 0.870333053125 0.837461921875 0.8679592828124999 0.838478871875 0.840956034375 0.8017759312500001 0.8397017359375001 0.7959736281249999 0.8420755062499999
0 0.7194474296875 0.3654483671875 0.7250095 0.398887034375 0.7240024125 0.40525140156250006 0.7148530078124999 0.40820085156249997 0.7185259453125 0.42614259531250004 0.712608459375 0.43610314375000003 0.7186214109375 0.45983357500000005 0.756331440625 0.45472350625 0.7580000625000001 0.46475510625 0.762795275 0.468745703125 0.8778243578125 0.4482735421875 0.858798134375 0.3421688578125 0.7194474296875 0.3654483671875
0 0.6595585875000001 0.791932053125 0.6671446953125 0.7920031046875 0.66991586875 0.82936131875 0.727929025 0.8262624921875 0.726721146875 0.785883778125 0.7455761625 0.7833287453125 0.7474751546875 0.7781867874999999 0.738259865625 0.685528621875 0.6501227890625 0.6938085671875001 0.65755426875 0.7840219109375 0.6595585875000001 0.791932053125
0 0.4892776625 0.8735001328124999 0.4824386921875 0.94415490625 0.48634200156249996 0.9469230953125001 0.4873392296875 0.9611976078125 0.7049864921875 0.9781082703124999 0.7108282359375 0.893178984375 0.580195775 0.8819395218749999 0.5819894421875 0.8637454625000001 0.5793137328125 0.8600782312499999 0.5581187046875 0.856844578125 0.5086987453125 0.853650084375 0.5065693812500001 0.8739656 0.4892776625 0.8735001328124999
0 0.7013525515625 0.178010578125 0.7313612875 0.1804162375 0.7400992515625 0.1046195046875 0.66770045625 0.0957465390625 0.6618981546875 0.0981203078125 0.657984984375 0.115991 0.6140316328125001 0.1125441953125 0.6047276 0.20563594062499999 0.6944181140625 0.21497437343749998 0.7013525515625 0.178010578125
0 0.63614186875 0.5352431625 0.6410325453125 0.572924740625 0.6574323625 0.572167796875 0.6613455328125 0.5542971046875 0.6583439859375 0.53211245 0.646518871875 0.5313946671875 0.63614186875 0.5352431625
0 0.6322286984375001 0.55311385625 0.635911496875 0.5504167203125 0.6256891203125 0.46412292187500004 0.6327190218750001 0.46085010468750004 0.6337261109375001 0.45448573750000004 0.6297273359375 0.41802657187500003 0.5768450890625 0.42299453906249995 0.578388665625 0.4612517953125 0.5491566453125001 0.46765532500000007 0.5595995328125001 0.559414446875 0.6322286984375001 0.55311385625
0 0.6046782984375 0.3088303359375 0.607008453125 0.3352579015625 0.6020980546875 0.3388540828125 0.606317340625 0.38077857187499997 0.6403445703124999 0.378365640625 0.63235688125 0.2848084265625 0.5942058296875 0.27898785 0.5901774750000001 0.3044453234375 0.6020025890625 0.30516310468749996 0.6046782984375 0.3088303359375
0 0.3892760296875 0.9636178109375001 0.43445698281249995 0.966165571875 0.4411807671875 0.9030975765625 0.4694056984375 0.9030584140625001 0.4749018859375 0.8408894609375 0.42916472499999997 0.834997834375 0.4248006734375 0.8625767609375 0.3672383984375 0.85596735 0.3635556015625 0.8586644874999999 0.3544720796875 0.95722155625 0.3892760296875 0.9636178109375001
0 0.4755521015625 0 0.47116261562500006 0.0277396671875 0.47115275624999997 0.048378546875 0.5647465796875 0.060485165625000004 0.5853854000000001 0.0603749546875 0.5916460234375001 0.0048406453125 0.559917946875 0 0.4755521015625 0
0 0.361287746875 0.468323875 0.4477463421875 0.470651209375 0.44943468593749997 0.4394050515625 0.46918160468750003 0.438072428125 0.4742564890625 0.323695071875 0.40665290781249996 0.3188127046875 0.4028253421875 0.39101325625 0.36946950312500004 0.389183275 0.363667203125 0.391557046875 0.3592834296875 0.46041373124999996 0.361287746875 0.468323875
0 0.48564058125000004 0.313482209375 0.4914626046875 0.26983068125 0.48878689375000006 0.2661634484375 0.45119204843749994 0.26368674062499997 0.44626193125 0.308560678125 0.48564058125000004 0.313482209375
0 0.2615725078125 0.6595144937499999 0.00640614375 0.7150958546874999 0.0372377625 0.8631960796874999 0.039577774999999996 0.8689847687500001 0.04381678125 0.8696314984375 0.3495253796875 0.8032934812500001 0.35255650625 0.7635614984375 0.3514638125 0.715596009375 0.3528065984375 0.7071101843750001 0.36039270625 0.7071812343749999 0.364746896875 0.7002411859375 0.35506100625000003 0.6585690125 0.285894128125 0.6567071453125 0.2615725078125 0.6595144937499999
0 0.24600857343750002 0.5452473515625 0.26014411875 0.613670459375 0.2848014359375 0.608741653125 0.2880333515625 0.6157527515625 0.31269066875 0.6108239484375 0.3644605015625 0.5991682484374999 0.364239990625 0.5937029265625 0.3737250921875 0.58863201875 0.36749162812499997 0.559436265625 0.356894115625 0.5578194375 0.35044014218749997 0.5231583640624999 0.3440816328125 0.52218826875 0.24600857343750002 0.5452473515625
0 0.415153778125 0.0387486375 0.41078972656249996 0.0663275625 0.4328766578125 0.07078362656250001 0.43846831093749994 0.042305656250000004 0.415153778125 0.0387486375
0 0.239683228125 0.94188128125 0.2232834125 0.9426382234374999 0.2196104734375 0.92469648125 0.1101631828125 0.93732955 0.1111125578125 0.943992409375 0.24480427656249998 0.9643893015625 0.24123666406250002 0.959499659375 0.239683228125 0.94188128125
0 0.3228831640625 0 0.32089842343749997 0.010246048437499999 0.415048453125 0.025696534375000003 0.4191146359375 0 0.3858493890625 0 0.3847138796875 0.0047734531249999995 0.385275040625 0 0.3228831640625 0
0 0.278370321875 0.29272304843749997 0.30023674218749996 0.29171379062499997 0.30603904531250004 0.2893400203125 0.3079380359375 0.2841980625 0.3117163 0.3151919078125 0.3493111453125 0.3176686171875 0.3545868203125 0.25003434375 0.3055025578125 0.2447183953125 0.3034883796875 0.25744713125 0.2995850703125 0.2546789453125 0.27370015468750003 0.26050679374999997 0.278370321875 0.29272304843749997
0 0.25647431875 0.35564894375 0.2602525828125 0.3866427890625 0.23593096249999998 0.3894501375 0.2382611140625 0.41587770312499994 0.226992209375 0.418503790625 0.23043477656250003 0.45161908906250003 0.2331104859375 0.45528632187499996 0.24069659375 0.455357371875 0.24425434687499997 0.48088589375 0.2925618921875 0.4773926515625 0.296244690625 0.474695515625 0.2879114453125 0.40389863750000005 0.291929940625 0.399080046875 0.31502396093749996 0.39717174375000003 0.313259875 0.35344916406250004 0.3105841640625 0.3497819328125 0.25647431875 0.35564894375
0 0.2368197265625 0.63075231875 0.2333771609375 0.59763701875 0.2292533390625 0.5894035093750001 0.1875248140625 0.59933216875 0.19542689687499998 0.638559521875 0.2368197265625 0.63075231875
0 0.24287839687499999 0.091767690625 0.16836009999999998 0.082571359375 0.1625577984375 0.084945128125 0.1519208421875 0.16588381875 0.16184696406250001 0.1717435578125 0.160724690625 0.185694703125 0.2476243078125 0.1989526828125 0.25276507812500004 0.180182946875 0.2509714109375 0.198377003125 0.259449421875 0.199670465625 0.267841828125 0.14663406875 0.24486299374999998 0.14095559375 0.24956274218750002 0.11125521093749999 0.2417561234375 0.10571883906249999 0.24287839687499999 0.091767690625
0 0.1563113359375 0.3164680265625 0.167004315625 0.35177583281249997 0.1876431375 0.35166561875 0.17762155156249998 0.3121149015625 0.1563113359375 0.3164680265625
0 0 0.5226865968750001 0.007837671875 0.52086011875 0.0041548734375 0.5235572562499999 0.004931590625 0.5323664453125 0.00604400625 0.539054178125 0.011174914062500001 0.54092331875 0.06260905 0.5313890765625 0.06161182187499999 0.5171145640625 0.058044209375 0.512224921875 0.062734096875 0.50316341875 0.1606919703125 0.4876911125 0.162926659375 0.4804276984375 0.1483500921875 0.4010739484375 0.0345486078125 0.42064706406249996 0.036217228125 0.4306786625 0.0325344296875 0.43337580000000003 0.0069852109375 0.43708219374999996 0.00988143125 0.44621474687499996 0.0055272390625 0.4531547953125 0.0010644359375 0.45392236874999997 0 0.4606491453125 0 0.5226865968750001
0 0 0.5813711625 0.0113461234375 0.6495830375 0.049056153125 0.6444729703125 0.05217288437499999 0.6590708453125 0.055184290625 0.6606166203125 0.1300481453125 0.64705261875 0.1259341859375 0.61818023125 0.1372030921875 0.6155541453125 0.130864303125 0.5733062906249999 0.12818859375 0.569639059375 0.11937488593750001 0.5704670546874999 0.11669917656249999 0.566799821875 0.1124700296875 0.5455142125 0 0.5655309296875 0 0.5813711625
0 0.16577671562500002 0.352674878125 0.15451767031250002 0.334662084375 0.1460396578125 0.333368621875 0.1399016609375 0.3378638484375 0.144466503125 0.357028003125 0.16577671562500002 0.352674878125
0 0.0899595234375 0 0.1647068828125 0.023351857812499998 0.154665575 0.0250788953125 0.1514237984375 0.038706678125 0.16202131250000001 0.0403235046875 0.16279802968749998 0.04913269375 0.1921353734375 0.055781265625 0.20207135625 0.041002125 0.182103928125 0.036869425 0.17764440937499998 0.030757371875 0.1834467125 0.0283836015625 0.190917634375 0.03604143125 0.20486225 0.037082578125 0.2176952390625 0 0.0899595234375 0
0 0.1412937484375 0.22618362812499998 0.09120239531249999 0.22723205000000002 0.09065605 0.2032493046875 0.040559368750000005 0.2043313984375 0.013239021875000001 0.376984234375 0.028545515625 0.376277753125 0.029322232812499998 0.3850869421875 0.0719426625 0.37638069375 0.0756254609375 0.3736835578125 0.0773039421875 0.363076278125 0.075770228125 0.304180140625 0.062161306250000006 0.3010175390625 0.0466533953125 0.30299689375 0.043767034375 0.273225459375 0.0753390671875 0.27261061875000003 0.074888184375 0.282318853125 0.08001909375 0.28418799375 0.1519768671875 0.282130315625 0.15389557812500002 0.2357105984375 0.1518912625 0.22780045468750001 0.1412937484375 0.22618362812499998
0 0.059469015624999996 0.09854829375 0.057493381249999996 0.09731573593750001 0.0504677390625 0.14171477500000002 0.057224465625 0.1264505859375 0.0586725765625 0.1310168640625 0.0668148921875 0.13443178125 0.107641653125 0.14391959062499998 0.1275333375 0.0730835515625 0.070421946875 0.0567659078125 0.059469015624999996 0.09854829375