0 0.5249883671875 0.00305429375 0.4663169890625 0.0027129531249999997 0.460287265625 0.04372195625 0.5156133265625 0.0421170078125 0.5192619859375001 0.039677184375 0.5249883671875 0.00305429375
0 1 0.32701910624999997 0.9198032749999999 0.3734872171875 0.919125984375 0.3987138671875 0.9057475640625 0.40765989375 0.9162690625 0.39708515625 0.8905853796875001 0.3877162890625 0.850421503125 0.40926483906250005 0.8463769750000001 0.41373893125 0.857070146875 0.43490136562500004 0.7783830968750001 0.48044044843749995 0.7790411796875001 0.602099603125 0.7924482125 0.5984431046875 0.7985293140625 0.5943767296875 0.7981048328125 0.59112146875 0.825033346875 0.6049665890625 0.8269268578125001 0.5789266640624999 0.8244658046875 0.5752636859375 0.8203926625 0.57444825 0.7985007015625001 0.5890872 0.79807621875 0.585831940625 0.8256534125 0.56916088125 0.8305755171874999 0.5764868390625 0.840758371875 0.5785254265625001 0.8476598234375 0.57568004375 0.865903125 0.5634809187500001 0.8653355828124999 0.533778015625 1 0.45394787968749994 1 0.32701910624999997
0 0.37198960625 0.193013015625 0.248641059375 0.256029953125 0.287707865625 0.332540459375 0.3830547390625 0.2829393203125 0.3645539265625 0.247532690625 0.365345665625 0.2434641546875 0.3913107703125 0.2296406390625 0.37198960625 0.193013015625
0 0.263316834375 0.1860515703125 0.23531515937499997 0.19946736874999998 0.22883818906250003 0.20556801249999998 0.2526855875 0.25155585937499997 0.2867683640625 0.23407368593750003 0.263316834375 0.1860515703125
0 0.13660104687500002 0.22831595 0.0733289890625 0.2653167234375 0.07417795 0.2718272453125 0.10741646406250001 0.3239222171875 0.170688521875 0.28692144218750004 0.13660104687500002 0.22831595
0 0.0380346953125 0.3596998375 0.0367898625 0.355223584375 0.0773496078125 0.3316407671875 0.044902831250000004 0.27547726093749997 0.032916571875 0.2827058953125 0.015190426562500001 0.373795884375 0.0246562734375 0.36864586250000003 0.0380346953125 0.3596998375
0 0.30457737812499996 0.5176804328125 0.41084162187500006 0.455470290625 0.3640244015625 0.37529464687499997 0.27804003125 0.4257133796875 0.2581846390625 0.44076005 0.24664250468749999 0.41308709375 0.2166328703125 0.4313847015625 0.22240393906249997 0.44522117968749997 0.2351050703125 0.4615018046875 0.23917821250000001 0.462317240625 0.2594580859375 0.4505258296875 0.259825340625 0.44320203437499994 0.30457737812499996 0.5176804328125
0 0.3084455328125 0.4053815046875 0.2985727109375 0.38544006249999996 0.2498952953125 0.41268153593749995 0.25976811718750004 0.43262297656250004 0.263841259375 0.4334384125 0.3084455328125 0.4053815046875
0 0.16337199375 0.43868689375000003 0.1986423765625 0.4151019171875 0.1777377375 0.38661136875 0.1445039265625 0.41060406250000003 0.16337199375 0.43868689375000003
0 0.04118714375 0.5663991640625 0.09631291875 0.5277675171875 0.081122121875 0.5025343875 0.0243556453125 0.538724046875 0.04118714375 0.5663991640625
0 0.94545324375 0.7527153531249999 0.948338778125 0.7596335937500001 0.914284615625 0.78240529375 0.9456956968749999 0.8330178406250001 0.9636965453125 0.740516228125 0.94545324375 0.7527153531249999
0 0.21786789999999998 0.7349220890625 0.20892987812500002 0.7373597546874999 0.19252286093749998 0.7129399000000001 0.1815482671875 0.7149698453125 0.1647453828125 0.692584259375 0.1290791296875 0.718203503125 0.134397103125 0.723495190625 0.12551630625000001 0.7365119124999999 0.1056609140625 0.7515585828125 0.0708722390625 0.7889778749999999 0.07743504531249999 0.79874581875 0.071778425 0.8060674546875 0.09800103906249999 0.83984969375 0.1324510734375 0.8150437234375 0.1394097484375 0.8227773984375 0.1540043890625 0.8130180984375001 0.161783415625 0.8219727656250001 0.16099167812499998 0.8260413015625 0.151261915625 0.8325475015625001 0.16888515312500002 0.85615408125 0.2094162859375 0.8272817359375001 0.2243781828125 0.8101986390624999 0.23993623749999998 0.8281079734375 0.287764690625 0.794355978125 0.2958537484375 0.7854077921875 0.2724880578125 0.7532542624999999 0.274100146875 0.750406721875 0.2614276265625 0.7394156265625 0.2573544859375 0.7386001906249999 0.2354625234375 0.7532391406250001 0.2313893828125 0.75242370625 0.21786789999999998 0.7349220890625
0 0.795748425 0.9076777390625 0.8331698265625 0.9056585921875 0.8313288406250001 0.866189909375 0.7935115671874999 0.8702433218750001 0.795748425 0.9076777390625
0 0.41794295937500003 0.940888071875 0.4519732125 0.988914509375 0.47386517499999997 0.9742755578125 0.4812197203125 0.9799749640625001 0.5091927828125 0.9612696375 0.504666546875 0.9519094125 0.521693628125 0.9405235624999999 0.526954378125 0.9352361953124999 0.5257095453125 0.930759940625 0.530574425 0.927506840625 0.49450760312500003 0.8790726875000001 0.41992230625 0.9307167328125001 0.42320370937499996 0.9356007046875 0.41794295937500003 0.940888071875