0 0.4773629 1 0.47713870312499995 0.9807325125 0.4867961140625 0.933677390625 0.471455146875 0.9307944156250001 0.46746870625000003 0.9390047578124999 0.45726514375000005 0.9391234875000001 0.45913963593749996 0.9248147546875 0.405962375 0.9152285812500001 0.400872465625 0.916308303125 0.3970285 0.936762921875 0.4013236375 0.95508184375 0.3936594484375 0.9980317953125001 0.40050869375 1 0.4773629 1
0 0.6968945390625 0.92306871875 0.7146561484375 0.958579353125 0.8029403625 0.915711796875 0.7851787515625 0.8802011656250001 0.7790566125 0.880272403125 0.6968945390625 0.92306871875
0 0.8824205875000001 0.81783998125 0.8793238999999999 0.8148145328125 0.8895037171875 0.8126550890625 0.8804385234375 0.735202990625 0.8559499718750001 0.7354879390625 0.8513223906249999 0.688599040625 0.8064504578125 0.6911621609374999 0.7974327578125 0.6177914875 0.7943123234375 0.6127253234375 0.74336574375 0.6194411078125001 0.7412300453125 0.6113020015624999 0.672973025 0.62128069375 0.6841739171875 0.7068719 0.7626345 0.696774478125 0.7657549343750001 0.701840640625 0.7794477046875 0.8261816421875 0.8742339890625 0.815894253125 0.8753612015625001 0.8250655874999999 0.8659412515625 0.8925278375 0.93851715625 0.902908778125 0.9415188609375 0.897771378125 0.9488506078125001 0.8262514484375 0.8824205875000001 0.81783998125
0 0.47939169843749996 0.823550140625 0.5015909234375 0.8896239749999999 0.551410290625 0.8737368562500001 0.529211065625 0.8076630234375 0.5210482140625 0.8077580062499999 0.47939169843749996 0.823550140625
0 0.45322977968749995 0.767727365625 0.5068456234375 0.7273042015625 0.458117134375 0.66153906875 0.41965228750000005 0.688519503125 0.416650584375 0.6936569046875001 0.420803246875 0.6997315515625 0.41170315 0.7069809015625 0.4023418484375 0.6917824109375 0.393099278125 0.6867874859375 0.3516089796875 0.7168646109375 0.3775571875 0.7543209734375 0.40384899531249996 0.7336051515625 0.42007971250000004 0.7252523328125 0.44602792031250005 0.7627086937499999 0.45322977968749995 0.767727365625
0 0.6235098453125001 0.66777850625 0.5371238703125 0.6983780375 0.5571873984375 0.7563127640625 0.6435733734375 0.72571323125 0.6235098453125001 0.66777850625
0 0.9963665562499999 0.630353746875 0.9965534828125 0.5982237125000001 0.9870290734375 0.5992574203125 0.9894022265625001 0.6278036546875 0.9924989140625 0.630829103125 0.9963665562499999 0.630353746875
0 0.5417611796874999 0.48299973593749995 0.52287235625 0.43831776875 0.4527883359375 0.466686621875 0.47381285625 0.5195076953125 0.47282811718750006 0.5225806359375 0.4555651703125 0.5299249703125 0.4902698734375 0.618304165625 0.62537175 0.56468689375 0.5916992765625 0.47731618124999997 0.5805109749999999 0.48050785156250003 0.57734305 0.4713602625 0.57011744375 0.4643008796875 0.5477645890625 0.47272493437499996 0.5417611796874999 0.48299973593749995
0 0.8949232078125 0.48909526875 0.8531004703124999 0.4906024140625 0.8551062796875 0.5752801203125 0.8969290171875001 0.5737729734375 0.8949232078125 0.48909526875
0 0.06075778281250001 0.45287940937500004 0.116664384375 0.5216225031249999 0.1259307015625 0.5286581421875 0.14917331250000002 0.5089982921875 0.14502065 0.502923646875 0.1480461 0.499826959375 0.164300565625 0.4935148546875 0.1834854953125 0.475943209375 0.1555440671875 0.4425920203125 0.1312929734375 0.463284096875 0.09612594062499999 0.422873521875 0.06075778281250001 0.45287940937500004
0 0.8264524765625 0.480707546875 0.8293941 0.38270584531249996 0.7262787453125 0.378803228125 0.7241193015625 0.368623409375 0.7057291421875 0.36679641093750004 0.6781913921875 0.36813733593750003 0.67553471875 0.49062759062500005 0.8235695015625 0.4960485109375 0.8264524765625 0.480707546875
0 0.415165753125 0.47834983906249995 0.45881549218749995 0.458452534375 0.45874425468749996 0.45233039531249997 0.4472472578125 0.42899280156249997 0.4015805515625 0.450954565625 0.415165753125 0.47834983906249995
0 0.2820319234375 0.3502961890625 0.23123897499999999 0.2825140859375 0.2271575484375 0.282561578125 0.118893634375 0.3623994203125 0.13341608124999998 0.38264032812500004 0.1172328546875 0.39507456875 0.145221775 0.4325071859375 0.15941178125 0.4241781140625 0.17081379375 0.43935285625000003 0.17799190781250002 0.442330815625 0.244765528125 0.392570096875 0.2530233625 0.4006379640625 0.28642204375 0.3767779625 0.2820319234375 0.3502961890625
0 0.5692151015625 0.386753796875 0.5882575578125 0.35693787499999996 0.5523544046875 0.25326520625 0.5450575625 0.240083684375 0.53079631875 0.24229061875000002 0.5235707140625 0.2352312328125 0.497147590625 0.1569606171875 0.39652411718749997 0.191807796875 0.432451015625 0.2975211796875 0.3846723640625 0.3133845515625 0.383735115625 0.32053892031250003 0.3900947125 0.340874809375 0.40231524375000005 0.338691621875 0.3941998859375 0.34286803125 0.4016392015625 0.368293828125 0.48905740781249996 0.3387027796875 0.507056475 0.3946205390625 0.5143295718750001 0.40576134843749995 0.5692151015625 0.386753796875
0 0 0.3426214265625 0.0230513734375 0.3696376125 0.0323414390625 0.3787139625 0.0364228640625 0.3786664703125 0.09906756562499999 0.3248718203125 0.10812017031250001 0.31354104375 0.030536753125 0.223619796875 0 0.24853226093749997 0 0.3426214265625
0 0.7368971453125 0.326634453125 0.7324832781249999 0.2981119671875 0.7293628453125 0.293045803125 0.7212237390625 0.2951815 0.718079559375 0.288074621875 0.7135232171875 0.247307859375 0.7166436515625 0.252374021875 0.72175730625 0.253335015625 0.7176996265625 0.25542321874999996 0.72098628125 0.27477437031249996 0.7535901921875 0.2703130109375 0.7499710953125 0.2223918828125 0.746803171875 0.21324429375 0.7182569375 0.21561744843750003 0.717129725 0.20644611249999997 0.709975359375 0.2055088671875 0.7079821374999999 0.2096140390625 0.705822696875 0.19943422187499998 0.592741234375 0.21605746250000002 0.6060778171875 0.309787771875 0.60917450625 0.3128132203125 0.6244679796875 0.31161477031249996 0.6321447546875001 0.357447696875 0.6627079546875 0.3530100828125 0.6688063468750001 0.350898134375 0.6687588546875001 0.3468167078125 0.676897959375 0.3446810125 0.7176647234375 0.3401246703125 0.72162741875 0.329873615625 0.7368971453125 0.326634453125
0 0.9768226500000001 0.248326071875 0.9761102734374999 0.187104690625 0.8995479281250001 0.184934090625 0.8974122328125 0.17679498437500002 0.8759966218749999 0.17806467343750002 0.8725800796875 0.23525212031249998 0.8889057828125001 0.23506215312499998 0.8896293140625 0.20954137187500002 0.8912789359375 0.26360838593749997 0.9361983609375001 0.265126690625 0.9367920078124999 0.316144509375 0.9847843749999999 0.31864755 0.9855554015625 0.29720819375 0.99369450625 0.2950724984375 0.993172096875 0.25017681875000003 0.9768226500000001 0.248326071875
0 0.6080807687500001 0.043415396875 0.5795345359375 0.0457885515625 0.571490415625 0.0560871 0.562342825 0.059255024999999996 0.5614768171875 0.072531528125 0.5278406765625 0.07598440468749999 0.53577865625 0.1442651703125 0.6744283921875 0.1324468890625 0.68153526875 0.129302709375 0.6744632953125 0.0477454375 0.600036646875 0.05371394375000001 0.6091842359374999 0.05054601875 0.6080807687500001 0.043415396875
0 0.8084813109375 0.004703606250000001 0.7964311421875 0.0055064328125 0.8016048765624999 0.09933172812499999 0.80474905625 0.1064386046875 0.8975421203125 0.1002563859375 0.8923921312499999 0.008471804687499999 0.891253925 0.0051851640625 0.8084813109375 0.004703606250000001
0 0.9921859296875001 0.077724721875 0.9717788031250001 0.0779621796875 0.97105526875 0.103482959375 0.992488834375 0.10375625156249998 0.9921859296875001 0.077724721875
0 0.36282789531250004 0.10239637187499999 0.44755309375 0.1044719875 0.44960496406250006 0.017706078125 0.4016125953125 0.015203035937500001 0.363871284375 0.016662690625 0.36282789531250004 0.10239637187499999
0 0.22191114843749998 0.00708910625 0.22291963125 0.006056878125 0.156361 0.006831357812499999 0.16080849531250002 0.018005045312500002 0.17708670625 0.0137336546875 0.18123936875 0.0198083 0.22191114843749998 0.00708910625