0 0.4064464640625 0.84921418125 0.387029759375 0.8400760375 0.345737790625 0.9000960125 0.3884426875 0.9318158859375 0.40221803281249996 0.913632909375 0.434346678125 0.9365804609374999 0.41433458749999996 0.96700736875 0.45660553281249994 0.9966256187500001 0.4691471546875 0.9830798390625001 0.5137744703125 0.9179887140625 0.50276426875 0.907114765625 0.5232103109375 0.8787894843749999 0.431895528125 0.813282175 0.4064464640625 0.84921418125
0 0.1831163359375 1 0.2009981859375 0.9738069062499999 0.1536560890625 0.9408533078125 0.1448837671875 0.9514295609375001 0.07301975000000001 0.9005314312499999 0.069642065625 0.9053975453125 0.089175903125 1 0.1831163359375 1
0 0.559269690625 0.8571008359375 0.5801156203125 0.8254061406250001 0.5718705578125001 0.7854752703125001 0.541180021875 0.7907167421875 0.54642149375 0.8214072781249999 0.5330800984375 0.8416918796875 0.559269690625 0.8571008359375
0 0.931018846875 0.7419943109375 0.894686953125 0.719914659375 0.874274975 0.753710978125 0.9106068687500001 0.7757906296875 0.931018846875 0.7419943109375
0 0.3159062734375 0.8405188703125 0.3772443984375 0.755543028125 0.36623419375 0.74466908125 0.291000765625 0.693371065625 0.21838880781249997 0.792726525 0.2593919671875 0.8215109375 0.2602598671875 0.8257141890625 0.24481685 0.8464327421875 0.297230096875 0.8827216890624999 0.321845325 0.8480574703125001 0.3159062734375 0.8405188703125
0 0.8409274359375001 0.332211525 0.8325890656249999 0.3448894 0.826250125 0.340720215625 0.8320529234375 0.3263746640625 0.81093448125 0.31430105625000004 0.7980270375 0.33668728593749997 0.783681484375 0.330884490625 0.7137413609375 0.453791775 0.8142624140624999 0.5108244578125001 0.8307436546875 0.5216643390625 0.8307777203125 0.527135378125 0.912715909375 0.573762128125 0.922424259375 0.5783312015625001 0.9257596078124999 0.57326005 0.9320985484375001 0.5774292359375 0.9258618015625 0.5896731625 0.9744376203125 0.6179895609375 0.9927820390625 0.5900982296875 0.9965862 0.592600265625 0.997396825 0.453265709375 0.981466403125 0.37611460625 0.9353050546875 0.34887938281249997 0.9582185421875 0.3112797015625 0.92652385 0.29043377187499997 0.9123486171874999 0.3119861640625 0.91952139375 0.31488756093750003 0.912016859375 0.32629765312500003 0.9048440843750001 0.3233962546875 0.9011088484374999 0.33183681875 0.9036444234375001 0.3335044921875 0.8973736140625 0.3402773828125 0.872451809375 0.32570226406249997 0.860778090625 0.34345129375 0.8409274359375001 0.332211525
0 0.529488534375 0.67042204375 0.5574391125 0.630686671875 0.53335114375 0.6148437671875 0.52407674375 0.61237631875 0.5003294171875 0.6512437906249999 0.529488534375 0.67042204375
0 0.38708753749999997 0.511379834375 0.372308034375 0.503475415625 0.368104784375 0.5043433171875 0.34782018125 0.49100192031249995 0.3274082046875 0.524798240625 0.3481267578125 0.5402412609375 0.3235455953125 0.5803765171874999 0.40551784843750005 0.63247430625 0.4167576171875 0.612623653125 0.4293673671875 0.6100199484375 0.455454765625 0.609015790625 0.4727698453125 0.618587884375 0.49941856875 0.5725476406250001 0.45801552343749996 0.5471326390625 0.45257854999999997 0.552637740625 0.38708753749999997 0.511379834375
0 0.5424122765625 0.5154631265625 0.56693419375 0.53340765625 0.5728051187500001 0.5300041796875 0.5956252984375 0.5450132484375 0.6123020390625 0.51965749375 0.6296171187499999 0.5292295890625 0.6533644437499999 0.49036211874999996 0.6381509921874999 0.480356071875 0.6410523890625 0.473183296875 0.5611817609374999 0.42065155781249997 0.51575466875 0.492481509375 0.5436460000000001 0.510825925 0.5424122765625 0.5154631265625
0 0.06806562187500001 0.5104200921875 0.13815977031249999 0.5474406859375 0.14566430625 0.5360305953125 0.143528615625 0.530993509375 0.18279597187500002 0.551371421875 0.1877989953125 0.5437646953125 0.20721569843749998 0.5529028390625 0.22385837656250002 0.522076046875 0.22299047343749998 0.517872796875 0.20524144687499998 0.5061990749999999 0.22808680781250001 0.4576573203125 0.14154548125 0.41526788281250004 0.095820696875 0.5068803609375 0.097522434375 0.509815821875 0.0937190703125 0.5073143109375 0.0945188453125 0.5005754859375 0.1119953609375 0.46848090625000005 0.09594806875 0.4597426484375 0.088009584375 0.4690511125 0.06806562187500001 0.5104200921875
0 0.6587584703125 0.4103641171875 0.6173554265625001 0.384949115625 0.599045071875 0.41831148437500004 0.6400141671874999 0.4416248578125 0.6587584703125 0.4103641171875
0 0.686547609375 0.41229542031250005 0.72777145 0.34133336875000003 0.6935071171875 0.3133487296875 0.6119688140624999 0.2633525671875 0.565308 0.33981971875 0.686547609375 0.41229542031250005
0 0.5225690375 0.30262880625 0.5208332343750001 0.29422230625 0.55415265625 0.23803975937500002 0.5709656562500001 0.23456815468749997 0.5776704171875 0.229896890625 0.5711611578125 0.198372515625 0.5673237296875 0.190399965625 0.5639543171875 0.1900000796875 0.5454736421875 0.1960072609375 0.539236896875 0.2082511875 0.501637215625 0.1853376984375 0.461706340625 0.1935827609375 0.4300545953125 0.2472297328125 0.43352620000000003 0.2640427328125 0.4563463796875 0.2790518 0.44010358906249997 0.30650918125 0.442273340625 0.31701730625 0.5132353937499999 0.358241146875 0.540318065625 0.314302525 0.5225690375 0.30262880625
0 0.2154933578125 0.3276883359375 0.28317930156250004 0.31590354062500003 0.312295475 0.2605888953125 0.3138950203125 0.2471112421875 0.21424186562499997 0.19428181093750002 0.1801819171875 0.1991233953125 0.14359527656249998 0.27131916875 0.22212998750000001 0.3120749953125 0.2154933578125 0.3276883359375
0 0 0.19030086875000002 0.0232235671875 0.20304671718749998 0.0274268171875 0.202178815625 0.05237380312499999 0.15320310937499998 0.028694606249999997 0.203012653125 0.12074103124999999 0.2508390640625 0.15609394999999998 0.18328049062500001 0.1459516484375 0.1766097921875 0.15508979218750002 0.157193090625 0.09006679375 0.12350784687500001 0.0804947 0.140822925 0.0737558734375 0.1400231515625 0.028583529687499998 0.117577678125 0.036054 0.10069655 0.01775244375 0.091328146875 0 0.09499373125 0 0.1618881265625 0.022678540625 0.1155101171875 0.0227126046875 0.1209811546875 0 0.1650598453125 0 0.19030086875000002
0 0.81527251875 0.0647008921875 0.8258147078125001 0.068002178125 0.9183908984375 0.0706396546875 0.904892015625 0.0052645078125 0.836518915625 0.0048667250000000006 0.8363820765625001 0.0077526359375 0.8338805656250001 0.0115559984375 0.8204029140625 0.009956453125 0.8179014015625 0.013759815625 0.81527251875 0.0647008921875
0 0.510147365625 0.00296795 0.5048526046874999 0.025809709375 0.4874442171875 0.06884636562499999 0.48831211874999997 0.073049615625 0.5022577828125 0.0822218234375 0.5267456375 0.094695315625 0.577353571875 0.0033589453125 0.510147365625 0.00296795
0 0.26133236875 0.0410329390625 0.24715251718750003 0.0724468125 0.3087720390625 0.10026113125 0.3129752875 0.0993932296875 0.32421505625 0.0795425765625 0.3892039921875 0.10775678281250001 0.4265222765625 0.0178801078125 0.409984271875 0.010338789062500001 0.26133236875 0.0410329390625