0 0.10810900000000001 0 0.08640504375 0.0218097734375 0.1409716703125 0.07978109531250001 0.197036134375 0.027890759375 0.208520528125 0.0131158515625 0.1957717 0 0.10810900000000001 0
0 0.018237590625 0.38384253749999997 0.0056323218750000004 0.3989351546875 0.0040712875 0.40652096562500006 0.0463228078125 0.4473999796875 0.0503867375 0.44816802187500004 0.1273880234375 0.3663438484375 0.069950296875 0.3120662515625 0.011093684375 0.3723958078125 0.010604190624999999 0.37477449687500003 0.018237590625 0.38384253749999997
0 0 0.716750078125 0.035865151562499996 0.7546761078124999 0.09438114375 0.7011309203125 0.0758056359375 0.6785568234375 0.1093538140625 0.6488882375 0.0584315484375 0.5937238296875 0 0.6461913578125 0 0.716750078125
0 0.17887018593749998 0.33159193125 0.1360099078125 0.28854199999999997 0.13030064531250002 0.29064025781249997 0.11146165625 0.310379725 0.1559343328125 0.35585255312499997 0.17887018593749998 0.33159193125
0 0.37607656562499997 0 0.365179409375 0.010950284375 0.2419197875 0.13804538125000002 0.2406610875 0.144162003125 0.23095376562499997 0.13491382968750001 0.22769603593749999 0.1353572359375 0.2031148515625 0.16248415624999998 0.1915645875 0.18783745624999998 0.13588675625 0.24297811406249997 0.1945173109375 0.301717478125 0.27313099531249996 0.2223162 0.2589731125 0.2090496640625 0.25981224687500004 0.204971915625 0.2806832 0.1856164671875 0.27381404374999996 0.1779637609375 0.2839409296875 0.1851730609375 0.29171509218749997 0.17816962812499998 0.30022958125 0.1829560328125 0.40177911875000005 0.07929413125 0.40752131562500005 0.071906678125 0.4091337109375 0.07432957343749999 0.4038110828125 0.079678153125 0.41148643749999997 0.08854230625000001 0.44422841718750006 0.0576622734375 0.4454871171875 0.05154565 0.4535820421875 0.058370928125 0.4720014609375 0.040670334375 0.5019296234375 0.069626303125 0.5059935531249999 0.07039434375 0.5719300109375001 0.0013062062500000002 0.5650184984375 0 0.37607656562499997 0
0 0.1176220015625 0.562546871875 0.101687046875 0.5733034171875 0.114586228125 0.5926865765625 0.109683165625 0.5959962812499999 0.1189709171875 0.60728333125 0.14064807031249998 0.5891393296875 0.1176220015625 0.562546871875
0 0.281866021875 0.5183923765625 0.2868020203125 0.509793475 0.256873859375 0.4808375046875 0.227809178125 0.5092352609375 0.2100069328125 0.493161809375 0.1768453890625 0.5260807171875 0.1921961015625 0.5438090234375 0.190131203125 0.548714196875 0.2180273984375 0.5772861453125 0.22741395781249998 0.5727056046875 0.25005339375 0.59604774375 0.304505459375 0.541734515625 0.281866021875 0.5183923765625
0 0.22052904375 0.4369007625 0.21275488125000003 0.443904196875 0.21149618124999997 0.45002081718750003 0.2228158984375 0.4616918859375 0.230976690625 0.457938775 0.24491261718750001 0.4415090140625 0.223079378125 0.419378321875 0.21901544843749998 0.41861028125 0.21491858437500003 0.4231314359375 0.2132403171875 0.43128693125 0.22052904375 0.4369007625
0 0.2369551828125 0.8699932312499999 0.1831618203125 0.818522553125 0.17909789062499998 0.8177545109375 0.1242262578125 0.8741066140625 0.1812444171875 0.930423084375 0.2369551828125 0.8699932312499999
0 0.21552575468750002 0.717671528125 0.2405837875 0.7446480078125 0.24464771718749997 0.74541605 0.26184137343749997 0.7285428828125 0.272453696875 0.7231349171875 0.30679948437500004 0.7613984453125 0.3108634140625 0.7621664859374999 0.3751216046875 0.7012338437500001 0.3258117375 0.64849233125 0.30248925312499997 0.6695026328125 0.2956200953125 0.6618499265625 0.28949126718749996 0.665987059375 0.2686203140625 0.68534250625 0.27548947031250004 0.6929952125 0.26648954375 0.7008260734375 0.250719265625 0.6851366421875 0.21552575468750002 0.717671528125
0 0.356382840625 0.44351225312500003 0.3604138375 0.4495694890625 0.36770255937499996 0.4551833203125 0.3750571546875 0.4502187609375 0.3876026375 0.461062403125 0.45060212968749996 0.4062463828125 0.40213139531250003 0.34942712343750004 0.398067465625 0.34865908125 0.388261340625 0.35527849375 0.3712982296875 0.33512729375 0.3672343 0.3343592515625 0.29358955 0.39987243281249996 0.32832196874999997 0.44138628124999996 0.349192921875 0.42203083281250003 0.36373743593749996 0.43854769375 0.356382840625 0.44351225312500003
0 0.38730047343749996 0.052198884375 0.390591140625 0.046466281250000005 0.3873334109375 0.046909687500000005 0.38730047343749996 0.052198884375
0 0.3540773890625 0.813755934375 0.353304125 0.8072552921874999 0.36233698593749997 0.7941352359375 0.3189912734375 0.7637025703125 0.312895378125 0.7625505078125 0.30508828125 0.7748431359375 0.2870884265625 0.79050485625 0.32385281093749996 0.8324027265625 0.349207259375 0.811776446875 0.3540773890625 0.813755934375
0 0.49177696875 0.2625790046875 0.494195565625 0.266213346875 0.48887293749999994 0.2715619265625 0.5050298484375 0.29050168125 0.508674209375 0.293308596875 0.5205123 0.2870732046875 0.5463765328125 0.3152611328125 0.6053120921875 0.2596770703125 0.5895418140625 0.2439876375 0.59773554375 0.23494533125 0.5920921515625001 0.22646519999999998 0.5625835546875 0.19547035625 0.52616428125 0.22883267031250001 0.5083620375 0.2127592171875 0.4986217796875 0.20880023906249998 0.468331334375 0.23802542031249999 0.49177696875 0.2625790046875
0 0.5012279796875 0.5090135484375 0.5356152921875 0.47526721250000004 0.50691289375 0.44548381875 0.47704201562500004 0.47267012656249996 0.4960370890625 0.49320534687500006 0.45797248125 0.5294339609375001 0.45068375625 0.52382013125 0.44455492812499997 0.5279572640625 0.41303871406250003 0.5580098718750001 0.41219958125 0.5620876203125 0.4752477640625 0.6301345421875 0.5497316484375 0.5605436140625 0.5012279796875 0.5090135484375
0 0.7420307921875 0.062048809375 0.735095765625 0.064974496875 0.716100690625 0.044439273437499996 0.6911328734375 0.068315875 0.6854236125 0.070414134375 0.6490458609374999 0.031766584375000004 0.605658621875 0.07334378124999999 0.651324128125 0.123278378125 0.661064384375 0.12723735625000002 0.6740953046875 0.1254637328125 0.7088606578125 0.16168838593749998 0.77557038125 0.0991008890625 0.7420307921875 0.062048809375
0 0.5907389734375 0.966509159375 0.564101478125 0.9318205890625 0.576778703125 0.92150745 0.5529793703125 0.8884143484375 0.5456247750000001 0.8933789078125001 0.5306936296875 0.873611728125 0.494307290625 0.9016848468750001 0.4946939203125 0.90493516875 0.48137517343749997 0.887590884375 0.44295686874999995 0.9152799828125 0.459467475 0.9427592515625 0.5006073828125001 0.9970198546875 0.5489290484375 0.996738728125 0.5907389734375 0.966509159375
0 0.688959159375 0.4174027765625 0.69631375625 0.41243821875000003 0.6959271218749999 0.4091878953125 0.6470038875 0.35969670468750004 0.5831652640625 0.41859047499999996 0.5823261296875 0.42266822187499997 0.64053711875 0.48344645937499997 0.6994726796874999 0.42786239843749996 0.688959159375 0.4174027765625
0 0.50801266875 0.9222794546875 0.508851803125 0.91820170625 0.49753208437499996 0.9065306359375 0.50801266875 0.9222794546875
0 0.72136461875 0.24454188906250002 0.6845587125 0.274653884375 0.712421975 0.308515028125 0.7492278812500001 0.278403034375 0.72136461875 0.24454188906250002
0 0.6422712484375 0.7930267140625 0.6336908875 0.7988187 0.6210136625 0.809131840625 0.627463253125 0.8188234203125001 0.5947542109375 0.8444142593749999 0.5914635453125 0.8501468593749999 0.6580902203125001 0.9315790906249999 0.734959765625 0.8709116984374999 0.7521863546875001 0.8487493359375 0.6887844765625 0.7721628953125 0.650752803125 0.8031023125000001 0.6422712484375 0.7930267140625
0 0.8959990078125 0.16528313125 0.8706445609375001 0.18590941249999998 0.8621630046875 0.17583381250000002 0.785293459375 0.2365012015625 0.8114784531250001 0.27851784375 0.8286391734375 0.26693387031250004 0.8322835375000001 0.2697407859375 0.8807213359375 0.3318492421875 0.9297848999999999 0.2934629828125 0.8978906437499999 0.253544603125 0.938793415625 0.2189114546875 0.8959990078125 0.16528313125
0 0.8314258046875 0.6688533421875 0.83300526875 0.67656543125 0.8087863687500001 0.6455112062499999 0.8165605296875 0.638507771875 0.7935344609375 0.6119153125000001 0.7362771671874999 0.659343878125 0.7395019640625 0.6641896671875 0.73579173125 0.67196114375 0.7398227234375 0.67801838125 0.804030803125 0.7558162687500001 0.858417 0.7120814296875 0.8592561328125001 0.7080036828125 0.8544189390625 0.700734996875 0.8588695 0.7047533593749999 0.891932240625 0.6877020375 0.8939971390625001 0.6827968624999999 0.8638470234375 0.62414459375 0.8577840640625001 0.6177033375 0.8344945140625001 0.6334244421874999 0.849425659375 0.653191621875 0.8314258046875 0.6688533421875
0 0.9062232828125 0.41821832031249995 0.91035308125 0.40840796875 0.9027435953125 0.3889654265625 0.8893589765625001 0.38219953281249996 0.85097360625 0.404599434375 0.8362973531250001 0.4092393578125 0.8374243124999999 0.42427951718749995 0.8410686765625 0.42708643281249997 0.8337470171874999 0.426761796875 0.829650153125 0.43128295000000005 0.8404099734375 0.53287034375 0.8452471671874999 0.540139028125 0.840763671875 0.5414098609375 0.8390854031250001 0.54956535625 0.84269683125 0.5576614671875 0.8577597171875 0.5562718640625001 0.8708235734375 0.5492090484375 0.8749863093749999 0.5341095015625 0.926690425 0.529053884375 0.93120685625 0.5224938578125 0.9204470328125 0.420906465625 0.915996471875 0.4168881 0.9062232828125 0.41821832031249995
0 0.9202007312499999 0.32977869531250004 0.9150098421875 0.31397049374999997 0.9272674984375 0.305696228125 0.9285262015625 0.2995796046875 0.8884625609375 0.330135003125 0.8969111812499999 0.34549979999999997 0.9091359046875 0.3425147296875 0.9202007312499999 0.32977869531250004
0 0.798205559375 0.9072234484375 0.8050747156250001 0.9148761546875 0.8181385734375001 0.9078133359375 0.8251065359374999 0.8995984546875 0.8377178890625 0.8998637046875 0.8467178171875 0.8920328453125 0.8410414890625001 0.8888419078125 0.8431393234375 0.8786475390625 0.8407207281250001 0.8750131953125001 0.8253700140625 0.857284890625 0.8213060859375 0.85651685 0.8049844984375 0.8640230734375001 0.7837269140625 0.8801281984375 0.77385491875 0.8973260015625 0.78636746875 0.9134588390625 0.798205559375 0.9072234484375
0 0.961767953125 0.64582791875 0.972411890625 0.645395475 0.98774298125 0.5708944640625 0.9082624156250001 0.613475146875 0.921548228125 0.6361086265625 0.9497079046874999 0.622367009375 0.961767953125 0.64582791875