0 0.26675957031249997 0.060473607812499997 0.260113684375 0.0646685734375 0.2597342921875 0.0777087421875 0.26730866875000003 0.0789724703125 0.26072601406249996 0.080994075 0.25730822343750004 0.0863515984375 0.2577308578125 0.10919718593750001 0.42436712343750005 0.13699924531250002 0.43084330312499997 0.10126525 0.4223804125 0.018424596874999997 0.40828661562499996 0.017009109375 0.3450126140625 0.024235573437499998 0.34229037500000004 0.005686125 0.33688914062499997 0.00447298125 0.3063387109375 0.0081115046875 0.303912640625 0.0167543640625 0.303173846875 0.004775584375 0.29671765625 0.0024504671875000003 0.29673872343749996 0.001726375 0.261127428125 0.0015191953125 0.260702759375 0.007049209375 0.23785316875 0.007604742187499999 0.2370311546875 0.0358584359375 0.231376990625 0.0433387359375 0.21443449062500003 0.027720525000000003 0.2099617453125 0.0319660765625 0.201269184375 0.0317637328125 0.173777140625 0.0050257875 0.1693043953125 0.0092713375 0.1613993125 0.0009389937500000001 0.10053055 0.0005848703125 0.08318080312500001 0.017053334375 0.08305433906250001 0.0214000578125 0.0914939734375 0.030295843750000002 0.0765781609375 0.057134053124999994 0.1814180140625 0.1161201359375 0.195891203125 0.10449545468749999 0.21994220000000003 0.0626460609375 0.23030204843750002 0.0802858765625 0.24720130468749998 0.0600183375 0.23665176250000003 0.0488986046875 0.2616112625 0.050567018750000005 0.263910865625 0.046270882812500004 0.2624765203125 0.058199075 0.26675957031249997 0.060473607812499997
0 0.46652246406250003 0.0027141484375 0.465230890625 0.003110803125 0.46187633437500003 0.00629496875 0.46149694218750004 0.0193351359375 0.47776387812500004 0.0208012078125 0.481244903125 0.013270321875 0.4731013125 0.0027524234375 0.46652246406250003 0.0027141484375
0 0.7271924328125 0.11795030312499999 0.7533965828125 0.11421060624999999 0.7521086890625 0.0837329640625 0.7630376234375 0.08181253125 0.7642822734375 0.0764044203125 0.769809971875 0.073270840625 0.8047699171874999 0.0675601265625 0.8060777968749999 0.0599786546875 0.7986498734375 0.0163090890625 0.7954850125 0.01297316875 0.78679245 0.012770828125 0.7321477796875 0.02237299375 0.7329498046875 0.032178412499999996 0.725248965625 0.0352614046875 0.6422270046875 0.0485526828125 0.646679759375 0.0823662453125 0.6433252015625001 0.08555040781249999 0.6225855203124999 0.08832988750000001 0.627966765625 0.1276021453125 0.6531159625 0.1227504765625 0.65708285 0.135891815625 0.667948553125 0.13614474375000002 0.722593225 0.1265425765625 0.728120925 0.123408996875 0.7271924328125 0.11795030312499999
0 0.8748395203125 0.12573684062499998 0.8716746578125001 0.122400921875 0.8872028015625 0.1118882125 0.8829829828125 0.10744032031249999 0.8874557296875001 0.10319477031249999 0.8655546171875 0.071149884375 0.754810940625 0.140341525 0.755676196875 0.1479735828125 0.7682091859375 0.1656639859375 0.7614368359375 0.174205675 0.7687582828124999 0.18416285 0.7720496109375 0.183152046875 0.7716702203125 0.196192215625 0.77483508125 0.19952813281249998 0.7835276453125 0.1997304765625 0.791228484375 0.196647484375 0.7873248265624999 0.1813327828125 0.7787587296875 0.1767837203125 0.7864595671875 0.1737007265625 0.8080445203125001 0.2166124203125 0.8134457546875 0.21782556406250003 0.9189579046875 0.17895980625000002 0.9259199484374999 0.163898034375 0.9387690984375 0.17072163125 0.9622510078125 0.1484324875 0.9623774703124999 0.144085765625 0.9559845125 0.1395872859375 0.9840024015625 0.11087922812499999 0.9934969890625001 0.12088698906249999 0.9888977796875 0.1294792625 0.9984502765625001 0.13900075625 0.9995621296874999 0.043448340625 0.9757924390625 0.01934513125 0.8940383828125 0.10117316406250002 0.916129190625 0.12669796718749998 0.9215936578124999 0.12573775 0.919294053125 0.1300338859375 0.9436212328125 0.1534359125 0.9491489328125 0.1503023359375 0.943558 0.155609275 0.8948404078125 0.11097858281249999 0.8935957578125 0.1163866921875 0.920518715625 0.162684890625 0.914991015625 0.16581847031250002 0.894397784375 0.1261921109375 0.8748395203125 0.12573684062499998
0 0.2941651265625 0.015440048437500001 0.28659075 0.01417631875 0.287582471875 0.017461653125 0.2941651265625 0.015440048437500001
0 0.26534521093749996 0.0343426875 0.26844684218750003 0.03985196875 0.27173816875 0.0388411671875 0.26534521093749996 0.0343426875
0 0.49318881406250004 0.088580090625 0.5061644234375 0.0910569640625 0.5208905406250001 0.0707388390625 0.48160430468750004 0.03828926875 0.4706753703125 0.0402097015625 0.4583120890625 0.0540583296875 0.4666252609375 0.06730083906249999 0.49318881406250004 0.088580090625
0 0.0063138625000000006 0.080393365625 0.0045716203125 0.140276403125 0.013011254687500001 0.149172190625 0.0219567453125 0.1406810875 0.0727210125 0.18970908749999998 0.07706729375 0.1898102578125 0.0973843421875 0.1641851921875 0.10725832187499999 0.1611527859375 0.09888192031250001 0.1500836390625 0.1112452 0.1362350125 0.1221109015625 0.1364879390625 0.1254654609375 0.13330377499999999 0.13690025 0.1139964515625 0.135908528125 0.1107111171875 0.0434119671875 0.0759355203125 0.030120196874999998 0.084325453125 0.019570653125 0.07320571875000001 0.0063138625000000006 0.080393365625
0 0.4583553328125 0.08994408125 0.45289086562499997 0.0909042984375 0.4392629484375 0.14822015 0.5428781390624999 0.17455522968749998 0.5513377625 0.145391903125 0.5482993625 0.1377092609375 0.4583553328125 0.08994408125
0 0.8277692249999999 0.13660273750000002 0.8344151125 0.132407771875 0.8313767109375 0.1247251296875 0.8322419703125 0.1323571859375 0.8277692249999999 0.13660273750000002
0 0.07771960312500001 0.1300175328125 0.07864809375000001 0.1354762296875 0.0862857015625 0.134566596875 0.07771960312500001 0.1300175328125
0 0.0656724828125 0.132999353125 0.05560880625 0.14255184375000002 0.057718714062499996 0.14477579062499998 0.0656724828125 0.132999353125
0 0.8032323609375001 0.157779909375 0.8000674968749999 0.1544439890625 0.8009327562499999 0.162076046875 0.8032323609375001 0.157779909375
0 0.9584338375 0.20488929374999998 0.9972310921875 0.24377718124999997 0.99796081875 0.1810647015625 0.988751328125 0.1718850984375 0.9584338375 0.20488929374999998
0 0.5148402625 0.2413224015625 0.5076885234375 0.2629042578125 0.5875256328125 0.2843361734375 0.6070838968750001 0.28479144375 0.623730228125 0.273217346875 0.62231586875 0.24708642812499998 0.628898521875 0.245064821875 0.6340035859375 0.219085659375 0.633328025 0.20493351875000002 0.4386938609375 0.167780403125 0.4288198796875 0.170812809375 0.41966470625 0.223883109375 0.43692336718749997 0.2286345140625 0.450025440625 0.22676466718750002 0.451882421875 0.23768205937500003 0.5148402625 0.2413224015625
0 0.07565293749999999 0.16367933750000002 0.0701884703125 0.164639553125 0.07658142968750001 0.1691380328125 0.07565293749999999 0.16367933750000002
0 0.9210045828125001 0.1833571140625 0.9023748078124999 0.18836054062500002 0.9101821234375 0.2189899390625 0.91341021875 0.2201524984375 0.9298668515624999 0.2150984875 0.9210045828125001 0.1833571140625
0 0.45401231875 0.2018468921875 0.45494080937500003 0.2073055875 0.5016317140625 0.20947985781249998 0.45401231875 0.2018468921875
0 0.528701121875 0.21337221875 0.5206208906249999 0.22949537812499998 0.5227307984375 0.2317193265625 0.5273932390625 0.22095369062499998 0.534039125 0.2167587234375 0.528701121875 0.21337221875
0 0.2845938484375 0.269672725 0.32892191875 0.27831649375 0.3340269796875 0.25233733125 0.3676158109375 0.256381446875 0.3719820796875 0.2184235046875 0.3091507015625 0.21043644062500003 0.2900150734375 0.23282675625000002 0.2845938484375 0.269672725
0 0.5382589421875 0.22120661875 0.5413605718750001 0.2267159 0.5707295859375 0.22631212343749998 0.5382589421875 0.22120661875
0 0.7714438140625 0.39083450625 0.782309515625 0.39108743437500004 0.7846091203125 0.38679129687499997 0.7865925640625 0.3933619671875 0.9059255953124999 0.40266425625 0.9107777312499999 0.3853785375 0.9259897140625 0.3857326359375 0.9244289046875 0.4020075515625 0.9287119546874999 0.404282084375 0.9272776078125 0.416210278125 0.9879990765625 0.4219733953125 0.9893701921875 0.4122185640625 0.9862053281250001 0.4088826421875 0.9590726890625 0.40716364374999997 0.993842934375 0.4079730125 0.9956611640625 0.37869652343750004 0.9964725953125001 0.308962209375 0.9348487171875 0.3054700265625 0.931980025 0.329326415625 0.9157763203125 0.3256869828125 0.917210665625 0.31375878749999997 0.9020619140624999 0.311231328125 0.7935313546875 0.304355328125 0.7912317515625 0.308651465625 0.7891850734375 0.3042541578125 0.777201184375 0.3050626171875 0.7767585609375 0.320276146875 0.7810416109375 0.322550678125 0.776632096875 0.3246228671875 0.7739531015625001 0.341959171875 0.7714438140625 0.39083450625
0 0.64793094375 0.300966096875 0.6444499203125 0.30849698281250004 0.6368788109375 0.419237234375 0.7095841703125 0.42419189218750003 0.7184631593749999 0.3058701703125 0.64793094375 0.300966096875
0 0.3409490484375 0.3133937859375 0.321580478125 0.30641843125 0.31094771718750003 0.33553117499999996 0.34856666718749996 0.35054326874999997 0.363672175 0.3171849765625 0.34324865312499997 0.30909765 0.3409490484375 0.3133937859375
0 0.6071536609375 0.5066260437500001 0.610508221875 0.50344188125 0.60970619375 0.49363646250000004 0.5717710828125 0.48949117343750004 0.613123984375 0.48827893749999995 0.6160958859375001 0.386130959375 0.6074033234375 0.38592861875 0.6128877796875 0.3469092875 0.6132671703125 0.3338691203125 0.6101023078125001 0.33053319999999997 0.5547820734375 0.325983225 0.5494873124999999 0.3584824734375 0.5624629234375 0.3609593484375 0.5618306046875 0.3826929609375 0.600820671875 0.387950221875 0.5605859546875 0.38810106875 0.5579701921875 0.4032640140625 0.5417032546875 0.401797940625 0.541533546875 0.37025891093749996 0.47199305156250004 0.368640175 0.470388996875 0.34902933593749996 0.453003875 0.3486246515625 0.423445165625 0.3555485125 0.42237022343749997 0.3924956546875 0.4299246109375 0.43181849687499996 0.4407270796875 0.43424478593750004 0.4770813921875 0.49272410468750005 0.6071536609375 0.5066260437500001
0 0.8931629359375 0.46761216406250006 0.8874455390625 0.47726582500000003 0.8656741578125 0.5528782 0.9443298499999999 0.5775448640625 0.9500472437499999 0.5678912031250001 0.9718818578124999 0.49010546718750003 0.8931629359375 0.46761216406250006
0 0.293735565625 0.4786695015625 0.3267553078125 0.5022738703125 0.34365456562499996 0.4820063296875 0.3106980546875 0.4562285984375 0.293735565625 0.4786695015625
0 0.6655987828125001 0.5906301640625 0.6850938140625 0.593258796875 0.6884483718750001 0.5900746328124999 0.6926881781249999 0.5564634125000001 0.6266287046875 0.547313790625 0.6247517359375 0.5744555109375 0.6637418 0.5797127734374999 0.6655987828125001 0.5906301640625
0 0.46035184375 0.5445306765625 0.44587865625 0.55615535625 0.48223296875 0.6146346765625 0.442650559375 0.5549927968749999 0.3871838734375 0.5928486609375 0.38731033593749997 0.5885019390624999 0.412775690625 0.5727834609375 0.41290215625000004 0.5684367406249999 0.4013608890625 0.5540316734374999 0.3514219046875 0.5887539562499999 0.39621585000000004 0.6561290640624999 0.41845311093750004 0.6392480296875 0.42161797187500005 0.64258395 0.4278212359375 0.6536025109375 0.41005671875000005 0.6662379953124999 0.45702380624999994 0.7336636875 0.5235458921875 0.6895406687500001 0.5269004500000001 0.6863565031250001 0.525971959375 0.6808978078125001 0.5301917781250001 0.6853457015625 0.544664965625 0.6737210218749999 0.46035184375 0.5445306765625
0 0.7812810828125001 0.575924309375 0.7637495078125001 0.6179254609375 0.7646779968749999 0.6233841578125 0.7786453296875 0.6291463671875 0.771556821875 0.6485548609375 0.8091757718749999 0.6635669562500001 0.8114121437499999 0.6614441796875 0.810230725 0.6646789296875 0.8155687296874999 0.668065434375 0.877957484375 0.691266028125 0.907113546875 0.62343746875 0.8007128828125 0.5807263015624999 0.7812810828125001 0.575924309375
0 0.484342875 0.616858621875 0.49569444375 0.637783775 0.502087403125 0.642282253125 0.484342875 0.616858621875
0 0.34136149374999997 0.7103104296875 0.3096696234375 0.641065475 0.20384131249999998 0.6907980375 0.1955281421875 0.677555528125 0.17677190468749998 0.686905678125 0.1829751671875 0.6979242390625 0.1817937484375 0.7011589875 0.1123597296875 0.7332526421875001 0.1688214046875 0.81068609375 0.1763325484375 0.8141231859375001 0.35817753125 0.7302753656250001 0.3521007328125 0.714910078125 0.34136149374999997 0.7103104296875
0 0.689253665625 0.7118840328125 0.7048882843750001 0.735083715625 0.6827974765625 0.7095589140625 0.6939793390625 0.6989450374999999 0.689822753125 0.69232378125 0.6572456343749999 0.6535058828125 0.652899353125 0.6534047109375 0.62277155625 0.6798888234375 0.62376328125 0.6831741578125 0.6194802312500001 0.680899625 0.59823469375 0.70106599375 0.6916197687500001 0.8174185156249999 0.7139202609375 0.79836411875 0.7171483546874999 0.799526678125 0.6947213999999999 0.8229277953125 0.7084358046875 0.8373834515624999 0.7139002718749999 0.836423234375 0.7094275265625 0.8406687843749999 0.71985060625 0.8561352421875 0.7358013828125001 0.8684681203125001 0.7423840359375 0.866446515625 0.7703386921875001 0.8399118187499999 0.7650639203125 0.8343519515625 0.7584812671875001 0.8363735546875001 0.753332959375 0.8264669671875 0.758860659375 0.8233333890625 0.77369325 0.8367276546875001 0.7971751609375 0.8144385125 0.7973648578125 0.807918428125 0.8355728828125001 0.7653111578125 0.8292431578125001 0.75863931875 0.844960996875 0.7416065265625 0.8450874609374999 0.737259803125 0.8376395484374999 0.73164935 0.8286308281249999 0.742313815625 0.8179548203125 0.7355408046874999 0.8112457031250001 0.7419091296875 0.8059709328125001 0.7363492640625 0.8149796531250001 0.7256848 0.8033751562500001 0.7134530921875 0.7966660390625 0.7198214203125 0.7736467421875 0.688837921875 0.7602917375 0.6994012140625 0.7559454578125 0.6993000421875 0.7391926546875001 0.677161746875 0.734846371875 0.6770605749999999 0.689253665625 0.7118840328125
0 0.9772696375000001 0.7533856890624999 0.9777122609375001 0.7381721609375 0.9810668203124999 0.7349879968749999 0.9875103624999999 0.7377477875 0.9894302203124999 0.6717598421875 0.9743976812499999 0.665238096875 0.9665703765625 0.672667809375 0.9477941515625 0.7200770734375 0.9530689203125 0.7256369406250001 0.9692093953124999 0.731449734375 0.9354941015625 0.7317523390625 0.9320763109374999 0.7371098640625 0.9486394203125 0.76576824375 0.956213796875 0.767031975 0.9639146343749999 0.76394898125 0.9652857499999999 0.7541941484375 0.9759617546875001 0.760967159375 0.9868485359375001 0.7604956359374999 0.9871646953125 0.749628828125 0.9848440140625 0.7546494171875 0.9772696375000001 0.7533856890624999
0 0.9349715249999999 0.8992023250000001 0.9664072015625 0.8651367421874999 0.972800159375 0.8696352218750001 0.9840203437499999 0.857704153125 0.9854679718750001 0.8079473546875 0.9123915828125 0.7410013171875 0.9136362328125 0.73559320625 0.9242490078125 0.7445395796875001 0.9345656109375 0.7262936437499999 0.948047078125 0.711383628125 0.9168843171875001 0.6986966515625 0.9064412484375 0.7212893078125 0.8922842203125001 0.722047184375 0.886693290625 0.727354121875 0.8188433328125001 0.8171177281249999 0.8454068875 0.838396978125 0.847643259375 0.8362742015625001 0.8858113078125 0.8697851609375 0.90374553125 0.8886887078125 0.90454755625 0.8984941265625 0.9349715249999999 0.8992023250000001
0 0.774365546875 0.7388758156249999 0.7331823515625 0.77162708125 0.73963854375 0.7739521984375 0.774365546875 0.7388758156249999
0 0.564858815625 0.7644466609375 0.560512534375 0.7643454890625 0.5501959296875001 0.782591425 0.59617129375 0.8467317812499999 0.5894621765625 0.8531001093749999 0.6187479703125 0.8929288078125 0.6241492046875 0.894141953125 0.6329049984374999 0.8921709328125 0.6530323484375 0.873065953125 0.68297045 0.853101925 0.6026242171875 0.73705291875 0.564858815625 0.7644466609375
0 0.579501709375 0.7843610109375 0.571125309375 0.7732918625 0.5675810546875 0.782996109375 0.57483926875 0.79512664375 0.5803037359375 0.7941664281249999 0.5879413437500001 0.793256796875 0.5891227640625 0.7900220484375 0.5817380828125 0.7822382328125 0.579501709375 0.7843610109375
0 0.7539652796875 0.8047333546875001 0.7571301421875 0.8080692765625 0.7755702203125 0.8095859328125 0.7692404953125 0.8029140921875 0.773776471875 0.7964951796874999 0.7729744453125 0.7866897609375 0.7539652796875 0.8047333546875001
0 0.8593309765624999 0.808273434375 0.8488246765625 0.833039453125 0.8640366609375001 0.8333935515625001 0.866462728125 0.8247506921875001 0.8600065390625 0.8224255765624999 0.8593309765624999 0.808273434375
0 0.6004743312499999 0.8109472 0.5927102609375 0.8162035546874999 0.5948201703125 0.8184275 0.6004743312499999 0.8109472
0 0.7252718296875 0.819289271875 0.728246996875 0.8291452749999999 0.7402308859375 0.8283368140625 0.7414755359375 0.8229287046874999 0.7348296515625 0.8271236703125 0.7252718296875 0.819289271875
0 0.5847997359375 0.8638657437499999 0.58617085 0.8541109109375 0.533762553125 0.8615903015624999 0.5203443171875 0.87432695625 0.4842661875 0.8810990609375 0.4936143234375 0.9335126562499999 0.4988258640625 0.9412458859375 0.5295027578125 0.9332606390624999 0.5381320875 0.9356363406250001 0.5709188890625 0.929875040625 0.5961313171875 0.9228500093750001 0.5847997359375 0.8638657437499999
0 0.39970903281250003 1 0.4139901640625 0.9795055234375001 0.3937563375 0.9648981125 0.3892203609375 0.9713170265625 0.385992265625 0.9701544656250001 0.38662458437499997 0.9484208546874999 0.3809271796875 0.9200154015625 0.374597453125 0.9133435625 0.37683382499999996 0.9112207859374999 0.3718752140625 0.8947941140625 0.3332445515625 0.914555796875 0.34879595 0.9779879578124999 0.37170877343750003 0.9752590640625 0.374008378125 0.9709629265625 0.370464121875 0.9806671734375 0.3699016515625 1 0.39970903281250003 1
0 0.6885960343749999 1 0.732323628125 0.9880029859375 0.7136073671875 0.9212349062499999 0.6842383546875 0.9216386812499999 0.6792797421875 0.905212009375 0.6760516484375 0.9040494499999999 0.6146346281249999 0.9221933078125 0.6068705546875 0.9274496578125 0.59431758125 0.947818371875 0.5548848921875 0.9577746375 0.5575439 0.9784974468750001 0.5637136375 1 0.6885960343749999 1
0 0.362550334375 0.9163253828125001 0.3612424515625 0.9239068546875 0.36731924843749997 0.9392721390625001 0.362550334375 0.9163253828125001
0 0.7699585156250001 1 0.7833608140625 0.990278428125 0.770638128125 0.9791081078125 0.76772619375 0.9670787421875 0.748653796875 0.9872956984375 0.7491303046875 1 0.7699585156250001 1