0 0.088402803125 0.34487058125000003 0.0616591234375 0.327155584375 0.0805908484375 0.338019934375 0.0984270296875 0.30530054687499997 0.051649021875 0.2776668484375 0.0361621734375 0.3064355296875 0.032854359374999996 0.3092724765625 0.0269593625 0.3046493421875 0.02365155 0.3074862890625 0.0108434875 0.3275966953125 0.0057361140625000005 0.40057610156249995 0.041416151562499996 0.423884653125 0.0890730328125 0.3501031484375 0.088402803125 0.34487058125000003
0 0 0.6893854546875 0.0178371171875 0.7015682078125 0.042288921875 0.6631749296875 0.0486162953125 0.6616198468750001 0.0578695015625 0.6478764359375 0.0791576203125 0.6102607 0.028545696875 0.5781719734374999 0 0.6239081625 0 0.6893854546875
0 0 0.9662575421874999 0.100448896875 0.9744504421875 0.128523775 0.9415305734375 0.0553407328125 0.8765334703125 0.0091251 0.9297209140625 0.0036120812500000004 0.934449159375 0 0.9318813265625 0 0.9662575421874999
0 0.0888653484375 0.752927015625 0.029627114062499998 0.7108144765625 0.005607684375 0.743029540625 0.061826356250000006 0.7838602125 0.074531496875 0.7652204515625 0.07879778750000001 0.7634972609374999 0.035313467187499996 0.8220853828125 0.10317801093750001 0.8742217312499999 0.11434817343749999 0.8627058359375 0.136155334375 0.8769114578125 0.1415242296875 0.8742426171875 0.14967483125 0.8614448578125 0.1636700359375 0.8687998296874999 0.1854842578125 0.838476065625 0.1738383875 0.8271703890625 0.192200671875 0.8017429796875 0.1321480859375 0.7564572796875 0.1095195078125 0.7836078796875 0.0868979953125 0.7662290984375 0.091596659375 0.758327690625 0.0888653484375 0.752927015625
0 0.1894019609375 0.0124023859375 0.19386898749999998 0.0022558703125 0.09000300156249999 0.0010472796875 0.073736409375 0.03610695 0.126841790625 0.0621855640625 0.151142409375 0.0703810765625 0.1723367984375 0.019295146875 0.1781380671875 0.010448090625 0.1894019609375 0.0124023859375
0 0.11100313125000001 0.49583751875 0.11469292187499999 0.5023519515625 0.1356423953125 0.48438462031249996 0.1428345171875 0.47047310312499996 0.12816908437500002 0.457885565625 0.11609083906249999 0.45275810468750005 0.0919272828125 0.48703257187500004 0.11100313125000001 0.49583751875
0 0.1739009875 0.13022983906250002 0.166038634375 0.1389087859375 0.16119584375 0.148869596875 0.1670908421875 0.1534927328125 0.1668025921875 0.15761154375 0.1507896390625 0.179088253125 0.20317439375 0.2154638984375 0.20979001875 0.2097900046875 0.2177461 0.214581246875 0.23500578125 0.190099484375 0.227193825 0.18324883593750002 0.241001571875 0.1636634265625 0.2392287390625 0.15937650625 0.24224830000000003 0.16065837031250002 0.24790544374999998 0.1538707203125 0.2965208046875 0.0812029734375 0.305723615625 0.0829891609375 0.3090314265625 0.080152215625 0.322983296875 0.0585074 0.3151713421875 0.051656749999999994 0.31972588125 0.045814748437500004 0.3149334875 0.040245965625000005 0.2724217703125 0.010889076562499999 0.27874914375 0.0093339953125 0.28250275625 0.0032872171875 0.220134121875 0.0025614921874999998 0.21897774218750002 0.0044588671875 0.24572142343749998 0.022173867187499998 0.252430775 0.0299701640625 0.24912296406249998 0.032807109375 0.2440423203125 0.0313571375 0.225680034375 0.05678455 0.2314309078125 0.06346708906250001 0.22687636718749998 0.069309090625 0.21781768281249997 0.065463496875 0.20290733125 0.08599455781250001 0.2107192875 0.0928452046875 0.1853090046875 0.130124728125 0.179795984375 0.134852971875 0.1739009875 0.13022983906250002
0 0.243885990625 0.7148275 0.26915215 0.6796073828125 0.2089554375 0.6363810890625 0.1802373421875 0.676497559375 0.17103453125 0.6747113703125 0.153918975 0.6971337265625001 0.251402634375 0.7703263437500001 0.2567715296875 0.7676575046874999 0.270579275 0.7480720937500001 0.24699928125 0.7295795546875 0.25169794687499997 0.7216781484375 0.243885990625 0.7148275
0 0.2763644984375 0.2359316203125 0.2495633625 0.278275603125 0.31225353125 0.3154917875 0.33699358749999997 0.272979696875 0.2763644984375 0.2359316203125
0 0.3484897921875 0.99468136875 0.36923808281250003 0.9673774046875 0.37254589375 0.964540459375 0.380501975 0.9693317 0.3999668640625 0.9429586421874999 0.35376535625 0.90708731875 0.3485405875 0.907696753125 0.3347328421875 0.9272821609375 0.3355471953125 0.9304553249999999 0.296199165625 0.90032089375 0.263070653125 0.944219959375 0.2597628421875 0.9470569062499999 0.2516626359375 0.9443250687500001 0.248354825 0.9471620171874999 0.2321977453125 0.97069813125 0.25254168906249996 0.9868555671875001 0.3484897921875 0.99468136875
0 0.438865515625 0.179801775 0.362612515625 0.1290524015625 0.306278928125 0.20833969218749998 0.3843047609375 0.263375984375 0.4362279328125 0.1878712921875 0.438865515625 0.179801775
0 0.3713033453125 0.0344878484375 0.3494891234375 0.0648116125 0.346851540625 0.0728811265625 0.38552934375 0.0977829890625 0.407343565625 0.0674592265625 0.409981146875 0.059389709375 0.3713033453125 0.0344878484375
0 0.3776618484375 0.743343509375 0.32468646875 0.8042642546875 0.341268859375 0.8190793109375001 0.394244240625 0.7581585625 0.3776618484375 0.743343509375
0 0.5432408453125 0.92461264375 0.54913584375 0.929235778125 0.5546488625 0.9245075328125001 0.5818319796875 0.89151493125 0.5759369796875 0.8868917953125001 0.5803473968749999 0.8831092 0.577760209375 0.87564911875 0.54828521875 0.85253344375 0.543730678125 0.8583754453125 0.49892002187499995 0.8174396609375 0.49450960781250003 0.821222259375 0.48492481875 0.810084690625 0.42803591875 0.76402145 0.39533978125 0.8017422984374999 0.39299044843750003 0.8056930015624999 0.3968243640625 0.810148028125 0.3917437203125 0.8086980562500001 0.38402549375 0.8153176 0.35022675312499996 0.8539840968749999 0.35377241875 0.862557934375 0.3456722125 0.8598260984375001 0.3463424421875 0.8650586656250001 0.3992533015625 0.9087262859375 0.410423465625 0.897210390625 0.41440150625000005 0.8996060124999999 0.5041669390625 0.9794181703125 0.5412734921875 0.9379147265625001 0.5377278265625 0.9293408890625001 0.5432408453125 0.92461264375
0 0.45246653593749997 0.859216325 0.456588703125 0.859552540625 0.4398621859375 0.8467968906250001 0.45246653593749997 0.859216325
0 0.5012542703125 0.6063716343750001 0.49382429375000003 0.6088723640625 0.46414771874999994 0.647875078125 0.4687959890625 0.65550326875 0.4923759828125 0.67399580625 0.499805959375 0.6714950765625 0.49069687812499996 0.683179078125 0.5005699171875 0.6901978343749999 0.49797566875 0.7272671374999999 0.5362210953125001 0.7583472171875 0.5589937968750001 0.7291372093749999 0.57107204375 0.7342646671875 0.588043475 0.713901715625 0.5805197703125 0.7029322578125 0.5940392671875 0.687465659375 0.5943275171875 0.6833468468749999 0.5678720859374999 0.6615130390624999 0.5593395046875 0.66495941875 0.533698428125 0.6462987703125 0.5394996984375 0.6374517140625 0.5012542703125 0.6063716343750001
0 0.548667196875 0.8618848218749999 0.5575817562500001 0.8677898234375 0.5558089234375 0.8635029031249999 0.548667196875 0.8618848218749999
0 0.7051432140625 0.7141324828125 0.6852459484375 0.746683759375 0.6790627015624999 0.7461794359375 0.6696653687499999 0.7619822515625 0.664296475 0.7646510906249999 0.650445396875 0.7552367125 0.635246796875 0.7798865828125 0.6739245984375 0.8047884468750001 0.6770882859375 0.8040109046874999 0.68773234375 0.785203034375 0.723534709375 0.8067636281249999 0.7597331781250001 0.7486168296875 0.7051432140625 0.7141324828125
0 0.7342343062500001 0.135544590625 0.705941521875 0.21401222656250002 0.8200146359374999 0.2574905109375 0.8258159046875001 0.2486434546875 0.8466283171875 0.1882061484375 0.8558311265625 0.1899923359375 0.8592830625 0.185095984375 0.879951346875 0.12671807968749998 0.8497557312499999 0.11389943437500001 0.8550812921875 0.0822308078125 0.7783455218750001 0.0531892484375 0.76463150625 0.0862448484375 0.76405500625 0.094482471875 0.782172375 0.102173659375 0.76677925625 0.1444125328125 0.7415201578125 0.135103265625 0.7342343062500001 0.135544590625
0 0.8720917234375 1 0.8665859203125 0.9841241703125 0.8496648828125 0.9889575234375 0.8275261390624999 0.949870928125 0.8123779343749999 0.9589912015625 0.807585540625 0.9534224171875 0.7746656734374999 0.8906737124999999 0.7785499859375 0.8795991421875 0.7664717390625 0.8744716828125 0.7560222015625 0.8756905500000001 0.748974203125 0.8875426609374999 0.6877111578124999 0.9187911890624999 0.6915450734374999 0.923246215625 0.6830124921875 0.9266925968749999 0.684785325 0.9309795140625001 0.702419925 0.9603785140625 0.70778881875 0.9577096765625001 0.7002651140625 0.9467402171874999 0.7061601109375 0.9513633515625 0.7311661796875 1 0.83438215625 1 0.8345166796875001 0.9980777984375001 0.84731555 0.992908228125 0.8511373359375 1 0.8720917234375 1
0 0.8010103703125001 0.09956781875000001 0.7986610375 0.10351852187499999 0.801536475 0.1068597921875 0.8047001609375 0.1060822515625 0.806235140625 0.0989583859375 0.8010103703125001 0.09956781875000001
0 0.92658523125 0.1564111859375 0.911055046875 0.1561800796875 0.9008362999999999 0.21333911562500002 0.8833891609375 0.210880496875 0.8778257453125 0.2311383375 0.8562564390625 0.22834350312499999 0.8558240640625 0.23452171875 0.8114749937499999 0.305466278125 0.79957714375 0.371808584375 0.908908259375 0.394188490625 0.9186946296875 0.3432076703125 0.926030878125 0.3272367484375 0.93960783125 0.25171116875 0.9622797421874999 0.2535603546875 0.9695726562500001 0.20858964531250002 0.9890808796874999 0.21121637187500003 0.9923886906250001 0.208379425 0.9957468984375 0.19001288125 0.9928714609375 0.186671609375 0.972404759375 0.1829311265625 0.9714966765625 0.166287775 0.92658523125 0.1564111859375
0 0.9719891984375 0.9293436390625001 0.9597811437500001 0.896452034375 0.921672778125 0.9078419359375 0.9208080296875 0.92019836875 0.8616564625 0.9360854078124999 0.854082359375 0.9406455453125 0.8537941109375 0.94476435625 0.858824359375 0.961743925 0.8696558781249999 0.9698764375 0.9310126515625001 0.9520981015625001 0.9343204625 0.9492611546875 0.9336502328125 0.9440285875000001 0.9463049796874999 0.940918421875 0.9523441046875 0.9434821515625 0.969265140625 0.9386487953125 0.9716625140625 0.9340116249999999 0.9719891984375 0.9293436390625001
0 1 0.4342149125 0.9103424453125 0.4181238171875 0.8943657625 0.5131296953125 0.8972412000000001 0.5164709671875001 0.92389115 0.520715775 0.927436815625 0.5292896140625001 0.95614785 0.533702528125 0.9587854328125 0.5256330140625 0.9894134234375 0.5322734421875001 1 0.468530415625 1 0.4342149125
0 1 0.28105190625 0.9863858390625 0.27934486875000003 0.9824007359375001 0.32147863125 0.9473623296874999 0.3186207984375 0.939774103125 0.412239703125 0.994464859375 0.415664859375 1 0.3365730734375 1 0.28105190625