0 0.4321378546875 0.2305778734375 0.333993540625 0.13912314374999998 0.33511708906250004 0.1265986015625 0.344013265625 0.107223409375 0.34164079062499997 0.10327270625 0.37263666406249996 0.01992994375 0.337638975 0.006208465625 0.324474959375 0.007282596875 0.2995299453125 0.06733804843749999 0.2944420234375 0.08225821093749999 0.29586243749999996 0.08732267187500001 0.290477653125 0.0846538328125 0.29000930468749997 0.078475615625 0.317880246875 0.007820698437499999 0.200497709375 0.017398653125 0.2222590671875 0.29225425625 0.23529110156250002 0.2590726578125 0.232762509375 0.2530625484375 0.23593093281250002 0.253840090625 0.23958307343750002 0.2473256578125 0.2533649515625 0.251381471875 0.23878712656249998 0.25049881875 0.2216192359375 0.2974868234375 0.2401970375 0.5425561015625 0.33095779531249997 0.5776293359375 0.42839350468750004 0.31791345312499997 0.34301753125 0.28550905625 0.3460298390625 0.28422719218750003 0.39513273125000004 0.303014175 0.4132526875 0.2549124140625 0.42275796093749995 0.2572450375 0.425614153125 0.2539037671875 0.4321378546875 0.2305778734375
0 0.5404316609375 0 0.4072563734375 0.0937744453125 0.46405505625 0.173061734375 0.48562492968750004 0.156796709375 0.4970189625 0.17037200937500002 0.512876453125 0.16078952500000002 0.5531600109375 0.13160074375 0.5439823390625 0.11991674062499999 0.5447782859375 0.116743578125 0.6323220828125 0.0546885296875 0.5964073375 0.0047793546875 0.56278823125 0.0261718390625 0.5429305875 0 0.5404316609375 0
0 0.966109540625 0 0.9268755375 0.084529875 0.975309925 0.10817117031250001 0.9671098656250001 0 0.966109540625 0
0 0.8812945843750001 0 0.8442303765625001 0.019784420312500002 0.8393139406250001 0.0232938 0.8451670734375 0.0321408578125 0.6780389625 0.124519328125 0.67739913125 0.12975189843749999 0.7169352765625 0.200087021875 0.75673511875 0.1781902140625 0.75848313125 0.17390329375 0.7627597359375 0.175626484375 0.7664118765625 0.169112053125 0.7863898546875 0.1591933515625 0.8025749453125 0.14025948593749998 0.8032147765625 0.13502691875 0.8490392359375001 0.11056637968750001 0.8610577328125 0.1323793046875 0.8850000843749999 0.12006498125000001 0.8977198843749999 0.08276457499999999 0.892974934375 0.0748631671875 0.9061784515625 0.030270784375 0.9053978718750001 0.01997375625 0.894392721875 0 0.8812945843750001 0
0 0.79906111875 0.025542198437500004 0.75624896875 0.048720871875 0.767315403125 0.0716475515625 0.8121877968750001 0.048300771874999995 0.79906111875 0.025542198437500004
0 0.717966615625 0.2683836234375 0.7311547671875 0.237261434375 0.668129246875 0.1988890390625 0.669565028125 0.190483309375 0.676541709375 0.186805825 0.6811459140625 0.1791776359375 0.6672232890625 0.15959222343749999 0.6711876609375 0.15719660156249998 0.6708754296875 0.1530777921875 0.649679259375 0.11958086406249999 0.5971903515625 0.1518376984375 0.6052598437500001 0.1625760515625 0.5889032703125 0.192920703125 0.700860196875 0.261490865625 0.717966615625 0.2683836234375
0 0.8965348640625 0.14916988125 0.9000155203125001 0.1540662328125 0.9204464796874999 0.1637959390625 0.8791493828125001 0.2479792421875 0.9491515843749999 0.2826741484375 0.9561282640625001 0.2789966640625 0.9702684796875 0.24676071406250003 0.9731246718750001 0.24341944531249998 0.9774012765625001 0.245142634375 0.9820054796875001 0.2375144453125 0.9846860421875 0.2318563421875 0.9805324578124999 0.1770642703125 0.9708290375 0.1721177859375 0.9786950921875001 0.15282665 0.9776777781250001 0.139406753125 0.9173395296875 0.10913763437499999 0.8965348640625 0.14916988125
0 0.749945290625 0.156986721875 0.746464634375 0.1520903703125 0.7480411609375001 0.1592142359375 0.749945290625 0.156986721875
0 0.646902340625 0.19233249531250002 0.641361440625 0.1876042515625 0.6427818515625 0.1926687109375 0.646902340625 0.19233249531250002
0 0.2995016421875 0.23103974374999997 0.29823734687500003 0.228034690625 0.29394537187499997 0.2397816921875 0.2995016421875 0.23103974374999997
0 0.336524565625 0.28189456874999996 0.2885298515625 0.264053234375 0.2909176953125 0.254533746875 0.288701334375 0.2526424484375 0.28440936250000004 0.26438945 0.3324040765625 0.282230784375 0.336524565625 0.28189456874999996
0 0.28108482343749996 0.261552503125 0.268411125 0.2584423375 0.276964334375 0.2618887171875 0.28108482343749996 0.261552503125
0 0.6376987984375 0.48111150468749997 0.6440663828125001 0.45572620625000004 0.637729534375 0.4541711234375 0.6372611859374999 0.44799290625 0.6433165390625 0.41848879375000003 0.6502932203125 0.414811309375 0.6547413093750001 0.40512371406250003 0.6638243390625 0.360867546875 0.6635121078124999 0.3567487359375 0.6570191421875 0.3531342484375 0.6645102765625001 0.31522440625 0.6727512531250001 0.314551975 0.68055461875 0.2807609453125 0.5783690906250001 0.2590527921875 0.5755128984375 0.26239406249999997 0.5331254249999999 0.4689228390625 0.559424884375 0.4740294125 0.5610014109375 0.48115327812500003 0.5214854984375 0.67087059375 0.6152739328125 0.6911917734374999 0.62240673125 0.68957369375 0.6286182015625 0.6621289875 0.6221252359375 0.6585145 0.6218130046875 0.6543956875 0.6293041374999999 0.6164858468750001 0.6373889984375001 0.613754009375 0.6467842609375001 0.573616653125 0.648063925 0.56315151875 0.64141484375 0.557477625 0.6458783015625 0.5343198375 0.64906209375 0.5216271890625 0.6588949671875 0.5146084328125 0.6651064359375 0.4871637265625 0.6376987984375 0.48111150468749997
0 0.8261613921875 0.3009982390625 0.7789933640625 0.25304336250000004 0.7298136296875 0.301607334375 0.754505821875 0.326530421875 0.7418013890624999 0.350360640625 0.76270069375 0.36626856406249997 0.8293783546875 0.3981265234375 0.8361989203125001 0.3923896328125 0.8690681843749999 0.3337597375 0.8705039640625 0.32535400625 0.8261613921875 0.3009982390625
0 0.6923603921875 0.627917859375 0.723888521875 0.6336338640625 0.718301515625 0.6693161921875 0.7905508125 0.678962015625 0.7921580765625 0.6591454984375 0.7950142703124999 0.6558042281249999 0.8202055484375 0.6599651515625 0.8273383453125 0.658347071875 0.8345479828125001 0.5893780359375 0.8374041765625 0.5860367671875 0.8633914015625 0.587024528125 0.8667620484375 0.5494509 0.8008495999999999 0.5413601609375001 0.7959024265625 0.57180991875 0.7887696296875 0.573428 0.784024678125 0.56552659375 0.702582340625 0.5576669578125 0.6923603921875 0.627917859375
0 0.48685042031250003 0.610496284375 0.4838381125 0.6117781484375 0.4723979734375 0.6386134203125 0.45529155625 0.631720659375 0.4398870453125 0.6609515546875 0.44336770156250005 0.66584790625 0.48628986249999995 0.6851392140625 0.491362415625 0.6836892406249999 0.49660645312499996 0.6708284812499999 0.4922352046875 0.613165121875 0.48685042031250003 0.610496284375
0 0.356386896875 0.7900213421875 0.375489653125 0.7138654421874999 0.36788850625 0.70930530625 0.30673638125 0.6956457796875 0.3059558 0.6853487515625 0.2763318015625 0.6774052328125 0.260584321875 0.7294576968750001 0.2620047359375 0.7345221578125 0.278002971875 0.74046926875 0.27019960625 0.7742602984375 0.3495663328125 0.7957582328125 0.3536868203125 0.7954220171874999 0.356386896875 0.7900213421875
0 0.40388252500000005 0.828624840625 0.3932229671875 0.8657571421875 0.44296569375 0.8793115546875001 0.45123740625000003 0.8516987421875 0.48086140625 0.8596422625000001 0.4814858703125 0.867879884375 0.5152303578125 0.8754871874999999 0.5188824984375 0.8689727546875 0.53789304375 0.8736380015625 0.5429655984374999 0.8721880296875 0.5622244703125 0.7980915359375 0.49568755624999994 0.781763171875 0.49570292499999996 0.7682929828125 0.4923783859375 0.765456034375 0.42473329375 0.748182021875 0.407550034375 0.8086402171874999 0.44034245937499994 0.8173612765625 0.446866159375 0.7940353828125 0.43857907812499997 0.8351183875 0.43144628125000006 0.8367364671875 0.40388252500000005 0.828624840625
0 0.743774846875 0.9759871468749999 0.7578247265625 0.8898828218749999 0.64137360625 0.8714108265625 0.6356304828125 0.9050337515625 0.6117035015625001 0.9038778828125 0.5978481953125 0.9878941875 0.6418984812499999 0.9842998578125 0.6431547859375 0.9769448437499999 0.6775922125 0.9813873890625 0.743774846875 0.9759871468749999
0 0.3165587515625 0.975619846875 0.3121260328125 0.9718372499999999 0.314045528125 0.956139546875 0.27237229531249996 0.9533234859374999 0.275672634375 0.9968599546875 0.3607329875 0.9958701874999999 0.3160750359375 0.9829118203125 0.3165587515625 0.975619846875
0 0.46534931718749994 0.9831644921875 0.44746071875000004 0.9948610203125 0.52327820625 0.993978803125 0.5428284671875 0.9923835796875 0.5568267484375 0.945654203125 0.52306689375 0.9515170906250001 0.5111430390625 0.9856443374999999 0.48785588906250005 0.9792559000000001 0.4822996203125 0.987997846875 0.46534931718749994 0.9831644921875