0 0.383486775 0 0.38563980625 0.0036849015625 0.3715241625 0.013521498437500001 0.4117657765625 0.07899525156250001 0.4721816078125 0.0436952078125 0.47523963281250003 0.038730367187499996 0.45108276406250003 0 0.383486775 0
0 0.2083223 0.115631271875 0.23100697499999998 0.14289751875 0.2774700578125 0.10343477968749999 0.288620759375 0.0905634296875 0.2205667359375 0.0087646953125 0.164999390625 0.0571222578125 0.1807891390625 0.0753075109375 0.180719328125 0.08130720625 0.1964159921875 0.10749205312500001 0.199427475 0.10652701093750001 0.2083223 0.115631271875
0 0.5680480421875 0.141818921875 0.5641180578125 0.1357726859375 0.6024186499999999 0.110216153125 0.5502940015625 0.03460328125 0.5220627140625 0.054276471874999996 0.5200860875 0.052253303125 0.486796875 0.07686806406249999 0.4966102 0.09298360624999999 0.5006099984375 0.093030146875 0.464309303125 0.11860995 0.51641068125 0.19622272031250002 0.571861671875 0.157864653125 0.5659550609374999 0.1497952453125 0.5680480421875 0.141818921875
0 0.52665521875 0.0893328734375 0.5286783875000001 0.0873562453125 0.5217834640625 0.07827525468749999 0.514725640625 0.0831935515625 0.5177371234375 0.08222850937500001 0.5236437359375 0.090297915625 0.52665521875 0.0893328734375
0 0.32964125 0.17504785312499999 0.34180353750000003 0.1611881921875 0.3033291125 0.1157366921875 0.2973061453125 0.117666778125 0.2376924625 0.1699775953125 0.249505684375 0.186116409375 0.21315844843749998 0.215696009375 0.2753058625 0.2894253359375 0.329861621875 0.24205608750000002 0.3377681328125 0.2501487671875 0.369080715625 0.22351083593749999 0.3671506296875 0.2174878703125 0.32964125 0.17504785312499999
0 0.620219234375 0.21343199687499997 0.6151845828125 0.2163736671875 0.6069988203125 0.23227977187499999 0.6546240484375 0.26483665 0.6515892937500001 0.26780159062500003 0.6496359390625 0.263778521875 0.6059872359375 0.23326808593749998 0.558186775 0.301717715625 0.5611284453125001 0.30675236875 0.60280051875 0.3352396359375 0.6190556875000001 0.31342691875 0.6269854687499999 0.31951969999999996 0.632020121875 0.316578028125 0.638136171875 0.30664835 0.630206390625 0.3005555703125 0.6302529328124999 0.296555771875 0.6475429546875 0.271754846875 0.6713555703125 0.28803328437500003 0.68864559375 0.26323235624999997 0.620219234375 0.21343199687499997
0 0.5202817875 0.2932759734375 0.553012496875 0.3166587765625 0.558093690625 0.30971730937499997 0.5562101484374999 0.29969454687499997 0.5745350265625 0.27190540625000004 0.5477342000000001 0.2545921109375 0.5202817875 0.2932759734375
0 0.8176616140625 0.34874070156250003 0.814557046875 0.3577053375 0.7528627171875 0.330985259375 0.7519442171875 0.32397397968749997 0.75711849375 0.30903291875 0.7153067937500001 0.2925450421875 0.693667909375 0.3472979046875 0.7284916015625 0.362704384375 0.7398517421874999 0.3318339484375 0.742909765625 0.326869109375 0.745897978125 0.3279039640625 0.7191779 0.38959829375 0.783837171875 0.41935312812500003 0.7878602406249999 0.4173997703125 0.7897903265624999 0.42342273593749996 0.843531603125 0.44604993437499996 0.8712632671874999 0.38336729062499997 0.842416 0.370030521875 0.8524154921875 0.3701468765625 0.855450246875 0.36718193593750004 0.8464856109375001 0.36407736874999996 0.8226962671875 0.34579903125 0.8176616140625 0.34874070156250003
0 1 0.5015981921875 0.9432705468749999 0.4692123640625 0.9238642703125001 0.5039895125 0.9188994296875 0.5009314875 0.9158646765625 0.5038964296875 0.8790985625 0.5694742015625 0.9456646484375 0.6072519 0.9660825109375001 0.5714864375 0.9588850624999999 0.5884041250000001 0.9698495984375001 0.5915319625000001 0.972884353125 0.588567021875 0.97904694375 0.5746375453125 0.973093790625 0.5705679359375 0.971210246875 0.5605451734375 1 0.514347153125 1 0.5015981921875
0 0.5330216437499999 0.7454624640625 0.527115034375 0.7373930578125 0.5331612703124999 0.7334630734375 0.5332078124999999 0.729463278125 0.5164762921875 0.706266640625 0.47714084218749997 0.7348113875 0.501755603125 0.768100596875 0.5330216437499999 0.7454624640625
0 0.121193121875 0.8136765828125 0.132041303125 0.8268039125 0.12313414375000001 0.9047068703125 0.12290143437500001 0.924705853125 0.1278197328125 0.9317636765625 0.1557950390625 0.9340893671874999 0.15984137812500002 0.9301361125 0.175840565625 0.9303222796874999 0.23176790937499997 0.9369735609375001 0.23487247656250002 0.928008925 0.2440356171875 0.8281070859374999 0.2470936421875 0.8231422453125001 0.263092828125 0.8233284125000001 0.32941527187499997 0.796097775 0.307695640625 0.7718430140625 0.2554422984375 0.7932368515625 0.2524075453125 0.79620179375 0.2563142578125 0.8042479281249999 0.25626771718749997 0.8082477265625 0.25224465 0.81020108125 0.2531631484375 0.8172123625 0.24523336874999999 0.8111195828125 0.23916386093750003 0.817049465625 0.2191648765625 0.81681675625 0.21422330781249999 0.8117588328125 0.2165722703125 0.7817836265625 0.2116074296875 0.778725603125 0.1456805921875 0.771957965625 0.1415179 0.7859107125 0.10156647187500001 0.7814454984375 0.071451640625 0.7910959265625 0.053638721874999996 0.7748873015625 0.0425345609375 0.7837588531249999 0.04248801875 0.7877586515624999 0.0810089859375 0.8292103515625 0.097124528125 0.8193970281249999 0.1131004453125 0.8215830921875 0.121193121875 0.8136765828125
0 0.6002146453125 0.9012574421874999 0.621574278125 0.8705033609375 0.63065526875 0.8636084359374999 0.5991332484375 0.9082454515625 0.697302103125 0.9803937578124999 0.7349169046874999 0.9278269609375001 0.6387014062499999 0.859701721875 0.6457824984375 0.8527835250000001 0.64281755625 0.849748771875 0.602982484375 0.8352840640625001 0.565367684375 0.8878508609375 0.6002146453125 0.9012574421874999
0 0.3604129984375 0.8824657437500001 0.355331803125 0.8894072109375 0.316804040625 0.9949678703125 0.44583291562499994 0.9964692562499999 0.4522796359375 0.9805429171875 0.4104679359375 0.964055040625 0.418723509375 0.9421492390624999 0.3604129984375 0.8824657437500001
0 0.2290446859375 0.281970453125 0.2090953625 0.297237634375 0.1678816140625 0.257208721875 0.11397713125 0.30361346562499997 0.17564068906250002 0.3711386390625 0.208523271875 0.34640313749999996 0.22063232031250002 0.36204335 0.2055300796875 0.3741586609375 0.215536540625 0.3865681359375 0.2489302421875 0.3639747625 0.258926253125 0.3774542078125 0.1990056796875 0.42966744375 0.2644417171875 0.5004447859375001 0.3243561015625 0.448763521875 0.2890325046875 0.4077330578125 0.3149134953125 0.3877244921875 0.2290446859375 0.281970453125