0 1 0.49091062343749997 0.9972769109374999 0.492140928125 0.9938291250000001 0.489746821875 0.9606209437500001 0.42729451718749994 0.9547589921874999 0.4283622421875 0.946600903125 0.4107082109375 0.9214280140625 0.42234489531249997 0.9303908249999999 0.4388449828125 0.9302751828125 0.44390288437500003 0.8687789406249999 0.47827356249999997 0.8837169609375 0.5057737109375 0.8816473359374999 0.5111875218749999 0.8769346468749999 0.5130532796875 0.8779682671875 0.5189092171875 0.8988814921875001 0.557409425 0.9221003968750001 0.546128646875 0.9366938765624999 0.571676815625 0.9808331625 0.547519190625 0.9930196312499999 0.5251521359375 1 0.5226007453125 1 0.49091062343749997
0 0.9830351265624999 0.417167684375 0.9986690656249999 0.4428974765625 0.9911039953125 0.400037846875 0.989244003125 0.40092625625 0.9830351265624999 0.417167684375
0 0.9552287140625 0.35675358125 0.9806290671875001 0.3406925203125 0.9756936843749999 0.312731284375 0.9385656109375 0.33661922031249997 0.9478729625 0.35507128906249996 0.9552287140625 0.35675358125
0 1 0.8842764093750001 0.9767618515625 0.8958026046875001 0.98641423125 0.9162065625 1 0.9137319859374999 1 0.8842764093750001
0 1 0.750495503125 0.9901166640625 0.7372281078125 0.9731042484374999 0.7493931390624999 0.9902323046875001 0.732170203125 0.9113958046875 0.6568741421875 0.8786358796875 0.6769443390625 0.84909245625 0.7095244484375 0.8497815359375 0.71342840625 0.866904821875 0.7304568406249999 0.8749496562499999 0.7360430921875001 0.8812717875 0.7318694453125001 0.8983950734375 0.7488978796875 0.89678563125 0.7512057671875 0.9344799874999999 0.7876567453125001 0.9499986 0.7727416984375 0.9528705609375001 0.7832996296875 0.9586168718750001 0.7872898078125 0.9728705812499999 0.7766346265624999 0.9825272406250001 0.7627873046875 0.9871242890625 0.7659794453125001 0.9929862406250001 0.764911721875 1 0.7587817343750001 1 0.750495503125
0 0.9404015671874999 0.3584469 0.9251142390625 0.3632461421875 0.9366044718750001 0.3883521859375 0.9409726203125001 0.38453444531250003 0.9418929828125 0.3783226 0.9404015671874999 0.3584469
0 0.9717237031250001 0.7587109062499999 0.9721838859374999 0.755604984375 0.9687360999999999 0.7532108765625 0.9535620265625001 0.770077903125 0.9717237031250001 0.7587109062499999
0 0.871827328125 0.872606440625 0.8637801109375 0.8841458781249999 0.8664231734375001 0.8876939265624999 0.9145765296875 0.926269325 0.9566509625 0.873274140625 0.9260810734374999 0.8486212546875 0.94734838125 0.820570703125 0.9466593015625 0.8166667437499999 0.9328681578125 0.8070903171875001 0.9376964890625 0.80016665625 0.8642593734374999 0.7440344750000001 0.8603514062500001 0.744746290625 0.8037919828125 0.8185124593750001 0.871827328125 0.872606440625
0 0.79039546875 0.45124863125000003 0.7475139296875 0.52252344375 0.8093451703125 0.558607484375 0.8445240328124999 0.5008240875000001 0.83878010625 0.479708225 0.79039546875 0.45124863125000003
0 0.768219725 0.39988260625 0.7723542046875 0.42330635625 0.775801990625 0.42570046250000004 0.8101689734375 0.42044806250000005 0.8063790328125 0.398976290625 0.8022421671875 0.392678228125 0.77028935 0.3944687953125 0.768219725 0.39988260625
0 0.8069238484374999 0.6134463718750001 0.7903692312499999 0.6396311640625 0.8080659562499999 0.6656214609375 0.8445049499999999 0.6378295656249999 0.81761413125 0.605454984375 0.8069238484374999 0.6134463718750001
0 0.77729340625 0.4455761625 0.7578644406249999 0.4783287109375 0.7585535203125 0.4822326671875 0.768207796875 0.4855110296875 0.7869476828125 0.44885452499999995 0.77729340625 0.4455761625
0 0.7239218625 0.7373604593749999 0.809444115625 0.673429378125 0.8099042984375 0.6703234546875 0.7664660171875 0.6127566125 0.7272683171875001 0.642058359375 0.7008376796875 0.60657785625 0.6775031328125001 0.622916534375 0.6725615453125 0.6177724140625 0.66899811875 0.6204362078125001 0.6576259125 0.5731465796874999 0.653489046875 0.5668485171875 0.6476270953125 0.567916240625 0.6170524375 0.577514725 0.617970415625 0.588428565625 0.6310677078125 0.6283524046875 0.6580789390625 0.6214177140625 0.6512966234374999 0.62869728125 0.67267003125 0.6640915656249999 0.65220983125 0.6738624921875 0.6516340078125 0.682026315625 0.6386452031250001 0.6884216296875 0.6331301765624999 0.6743156484374999 0.6230228734375001 0.6227661546875 0.5487714953125 0.6362906578125 0.5510676359375 0.6550124140625 0.5597991625 0.68162830625 0.5140528171875001 0.6909681328125 0.5156598765625 0.7057859296875 0.5132457109375 0.7092477609375 0.48198197187499997 0.7149422890625 0.487492228125 0.763299640625 0.50230745 0.8472347453125 0.56437474375 0.8389516125 0.6146048796875 0.8207361437499999 0.6030061609375 0.7493109515625 0.608176646875 0.7614649531250001 0.616790146875 0.8102644328125 0.633571278125 0.8082152046875001 0.6398934109375001 0.804041559375 0.6297861078125 0.7524920640625 0.65047520625 0.7497310203125 0.6649530421875001 0.7803370890625 0.7177129875 0.7536018906249999 0.689562034375 0.6912358046875 0.7239218625 0.7373604593749999
0 0.7816111703125 0.9535103765624999 0.821592421875 0.9250732796875001 0.8469965937499999 0.903320790625 0.7563277078125 0.783841021875 0.67000073125 0.8489260484375001 0.75328098125 0.958670575 0.7816111703125 0.9535103765624999
0 0.733038478125 0.4747916890625 0.7054585796875 0.4385131515625 0.6887907046875 0.4526301609375 0.716370603125 0.4889087015625 0.733038478125 0.4747916890625
0 0.6336165953124999 0.48282719218750003 0.614416528125 0.522589621875 0.6798111984374999 0.556009865625 0.7033794125 0.5124296984375001 0.6379847453124999 0.47900945312500004 0.6336165953124999 0.48282719218750003
0 0.6669475734375 0.48884453906249997 0.6678679375 0.48263269375 0.65097355 0.4726141390625 0.6421239953125 0.4681818328125 0.6381003875 0.4739515515625 0.6641888687499999 0.49035439218750004 0.6669475734375 0.48884453906249997
0 0.688073003125 0.6542344203125 0.6964623750000001 0.6617726484374999 0.69692255625 0.6586667265624999 0.6799149140625 0.6365803890625 0.688073003125 0.6542344203125
0 0.571079578125 0.5627189875 0.574871903125 0.5670650734375 0.61222410625 0.5844383875 0.622916771875 0.5593213171875 0.6296990890624999 0.552041746875 0.6318843546874999 0.5415700359375 0.5910843671875 0.5218026140625 0.571079578125 0.5627189875
0 0.6493283296875 0.7318073 0.652431575 0.7322494265625 0.654845740625 0.7287875968749999 0.6440445859375 0.7075855125 0.6493283296875 0.7318073
0 0.63174963125 0.683633415625 0.6330121515625 0.6964992359375 0.6302534453125 0.6980090859375 0.63312540625 0.7085670187499999 0.638182634375 0.7086532375 0.63174963125 0.683633415625
0 0.472276453125 0.2543283390625 0.4626221765625 0.2510499765625 0.45192950937500004 0.27616704687500004 0.46192832656249994 0.2813973890625 0.472276453125 0.2543283390625
0 0.46848651406249997 0.23285656718749997 0.2984899359375 0.2638205609375 0.4283612953125 0.3197472140625 0.46848651406249997 0.23285656718749997
0 0.564813459375 0.9899768515625 0.56711198125 0.9915729234375 0.573089575 0.9854472984375 0.562748603125 0.96113929375 0.5547037703125001 0.9555530437499999 0.5394164421875 0.9603522874999999 0.5404500609375 0.9662082234374999 0.535508475 0.9610641031249999 0.527692540625 0.9624877359375 0.47114027187499996 0.9848768484375 0.46872610625 0.9883386796875 0.47233152812499996 0.99725205625 0.54374433125 0.9968365875 0.5663072609375 0.9927268671875 0.564813459375 0.9899768515625
0 0.4075279328125 0.533074378125 0.37005770312499997 0.53788465 0.3705154984375 0.5519044125 0.366838815625 0.5425004234374999 0.33477035625 0.5493488953125001 0.3402829953125 0.5805805625 0.373845259375 0.5764821062500001 0.3743030546875 0.5905018671875 0.36487767656250003 0.5942333875 0.3708505 0.62235913125 0.3900457953125 0.616848071875 0.43176853125000003 0.6132779625 0.459929025 0.6071413078125001 0.45005539062500005 0.528350325 0.4399409328125 0.5281778859374999 0.43603535000000004 0.5117640171875 0.4129320859375 0.5179868921875 0.40695449375 0.5241125171875 0.4075279328125 0.533074378125
0 0.423147875 0.6158555390625 0.42543924375 0.668828665625 0.373257509375 0.67027435625 0.3717565515625 0.7189013953125001 0.35853884687500004 0.7182868265625 0.35842559218750003 0.7062190453125 0.35497780625 0.7038249390625 0.33049638125 0.702239896875 0.3178521171875 0.710587190625 0.315322309375 0.719106921875 0.30635711250000003 0.71973251875 0.305880234375 0.8427182359375 0.3072583953125 0.8505261531249999 0.31070618125 0.852920259375 0.407253715625 0.851452509375 0.40932334062500003 0.8460387 0.40772343749999995 0.779843846875 0.410137603125 0.7763820171875 0.46967509218750003 0.7766186171875 0.471298846875 0.6715566203125001 0.46980504375 0.66880660625 0.45854132343750004 0.6678361296875 0.45567174687499995 0.6401525140625 0.442916609375 0.6193063390625 0.42694020000000005 0.6202016234375 0.423147875 0.6158555390625
0 0.3607694328125 0.38242710468749996 0.2631835078125 0.41229028593750006 0.26076934218750003 0.41575211718749994 0.29626889218749997 0.5311775453124999 0.41580881875 0.49429345468749997 0.40501005156250003 0.4559656859375 0.3866194765625 0.46032280312499996 0.3824826109375 0.4540247359375 0.3607694328125 0.38242710468749996
0 0.24968681718750002 0.7643052203125 0.26002301875 0.82286459375 0.265769328125 0.8268547734375 0.2859982453125 0.8271996500000001 0.28933754375 0.7832746046875 0.287157046875 0.7594949468750001 0.2657788671875 0.758352034375 0.24968681718750002 0.7643052203125
0 0.1669852828125 0.3814586453125 0.16238823593750001 0.378266503125 0.156870825 0.38128620625 0.10077396875 0.43482076718749996 0.11628780937500001 0.454157090625 0.0972057703125 0.47173593281250004 0.11467359531250002 0.49071634687500004 0.10731784375 0.4890340578125 0.10329423281250001 0.49480377343750004 0.079954915625 0.5453938218750001 0.0938617 0.5499123484374999 0.116280653125 0.50553414375 0.088917728125 0.5618939125 0.1608634265625 0.5981503906250001 0.1636221328125 0.5966405406249999 0.2007573625 0.5213755484375 0.16041755625 0.49850220468749995 0.20697339375 0.4537570640625 0.1895055671875 0.43477665 0.19824186562499999 0.42714117187499995 0.1857156265625 0.41330487812500005 0.19928025625 0.3987457390625 0.17572158124999998 0.37382316718749997 0.1669852828125 0.3814586453125
0 0.15653105625 0.3450828578125 0.1809016078125 0.31747443125 0.152745884375 0.28935971562499996 0.07263255468749999 0.30395194375 0.06343607500000001 0.31469334375 0.0758442875 0.350713225 0.112849565625 0.38326024531249997 0.144807153125 0.34721830468750003 0.14998002500000002 0.3422466234375 0.15653105625 0.3450828578125
0 0.1260100234375 0.7948912484374999 0.10957582031249999 0.7817667703125 0.1149799734375 0.7666792828125 0.1077398625 0.759939090625 0.190031303125 0.78625220625 0.2095782953125 0.731316071875 0.2164786375 0.7018529171875 0.140049146875 0.674472075 0.09361610625 0.6627822609375 0.0693540390625 0.7367098390625 0.0639522703125 0.734671640625 0.0615381046875 0.738133471875 0.050385256249999996 0.7663564640625 0.08854218124999999 0.7825758359375 0.09463302968750001 0.788517990625 0.0733657234375 0.8165685437500001 0.0935922546875 0.834039109375 0.118307346875 0.8083826609375 0.10025892656249999 0.8318174421875 0.099683103125 0.8399812656250001 0.1035910703125 0.83926945 0.098762740625 0.8461931125 0.1010612640625 0.8477891812499999 0.08623173125 0.8666081875 0.1256511734375 0.8956933765624999 0.0781868984375 0.8610219390625 0.07427893125 0.8617337546874999 0.0749680109375 0.8656377125000001 0.0691060609375 0.8667054359374999 0.0594493984375 0.880552759375 0.0615166390625 0.8922646343749999 0.07185999531250001 0.8994469546875001 0.06461750000000001 0.9098324468750001 0.06721480156250001 0.9245473671875001 0.089554334375 0.9425629359375 0.06822191875 0.9302531515625001 0.07863878125 0.9892695109374999 0.0948280078125 0.99944830625 0.0975954546875 0.9994322062500001 0.1189749609375 0.9664177828125 0.1228829265625 0.9657059671875 0.13288412968750002 0.953810625 0.163808096875 0.9119127484374999 0.16783170625 0.9061430312500001 0.1663379046875 0.903393015625 0.17978450625 0.9110174625 0.22139875625 0.8611281999999999 0.225422365625 0.8553584828125 0.222779303125 0.8518104328125 0.1463545828125 0.7901782234375 0.12681236093749998 0.8108629875 0.13129615156250002 0.801987346875 0.12784836718749998 0.7995932406249999 0.123135678125 0.8014590015625 0.1260100234375 0.7948912484374999
0 0.13361375625 0.6665779406250001 0.1354520984375 0.671279934375 0.182918759375 0.6888256859374999 0.1868267265625 0.6881138703125 0.190505796875 0.6803921749999999 0.18636893125 0.6740941109375 0.1389022703125 0.65654835625 0.13361375625 0.6665779406250001
0 0.12237388906249999 0.49435061718749995 0.1263974984375 0.4885808984375 0.1200753640625 0.492754546875 0.12237388906249999 0.49435061718749995
0 0 0.5274569203125 0.027206898437499998 0.4865006 0 0.46853623437499997 0 0.5274569203125