0 0.833816446875 0.9579941218749999 0.8238996015625 0.961090375 0.8256114859375 0.9691235921875 0.9335509546875 0.9577717546875 0.9293805875000001 0.9130374546875 0.9241970343749999 0.9125559453125 0.8302132375 0.9347599640625001 0.833816446875 0.9579941218749999
0 0.8081214421875 0.9709629937500001 0.7928049125000001 0.9027611609375 0.779507775 0.9031329453125 0.7576456890625 0.9095387734375 0.7571943203125 0.9147195281249999 0.7524610265625 0.9182972906250001 0.60641213125 0.9706166796875 0.6041574984375 0.9780403921874999 0.6079178453125 0.9920181156250001 0.8081214421875 0.9709629937500001
0 0.30959763906250004 0.9402328296875 0.280299578125 0.9351008109375 0.27150507031250004 0.9760653250000001 0.3147756625 0.98691446875 0.32875261875 0.9556714906250001 0.3075681375 0.9496861781250001 0.30959763906250004 0.9402328296875
0 0.8622228312500001 0.8810873859375 0.8570392765625 0.880605875 0.7955098078125 0.8993967203125001 0.7984376234375 0.91654196875 0.805649571875 0.9168101546875 0.865150646875 0.898232634375 0.8622228312500001 0.8810873859375
0 0.69747143125 0.903547334375 0.694766534375 0.9069117734375001 0.6976954578125001 0.9148169953125 0.6880037437500001 0.9199428859375001 0.72023183125 0.9237401015625 0.7206832000000001 0.91855935 0.7112199375 0.8979947968750001 0.69747143125 0.903547334375
0 0.4011016703125 0.9234228859375 0.40087875312500004 0.9029131984375001 0.41418363124999996 0.8378612328124999 0.351982084375 0.8228430890625 0.329444603125 0.8231600109375 0.3177189625 0.874699353125 0.31658888125 0.9015112750000001 0.3616627375 0.9101174578125001 0.36323976406249997 0.9150848890625 0.35669989062499996 0.948625690625 0.393660165625 0.9580851687499999 0.4011016703125 0.9234228859375
0 0.8978511203125 0.7212886015625 0.8419576796875001 0.7261401765625 0.7166474265625 0.7434255000000001 0.7233991578125 0.8227946484374999 0.7143927921875 0.7508492140625 0.6810368343750001 0.7553838671875 0.68418756875 0.7930388046875 0.664353878125 0.7992313125 0.6697570328125 0.8479425890625001 0.725650471875 0.8430910140625001 0.7263280796875 0.8306998703125 0.7297072640625 0.8426643671875 0.8491574640625 0.82804865 0.8502853328125 0.81971678125 0.9091087999999999 0.8135304015625 0.8978511203125 0.7212886015625
0 0.49532497812500004 0.7831281671875 0.5575276312499999 0.7889062828125 0.5584281578125 0.7970248296875 0.579162375 0.79895086875 0.5852475625 0.7983108984375 0.5854737984375 0.791100509375 0.5881786953125 0.78773606875 0.5924606171875 0.7893390578124999 0.5949403796875 0.7839449828125 0.5940398546875 0.7758264359375 0.5762378765625 0.754085540625 0.5660959015625 0.7551521578125 0.5651931625 0.7655136640625 0.49668019062499996 0.75834588125 0.49532497812500004 0.7831281671875
0 0.311199 0.741919684375 0.31909187499999997 0.7020766515625 0.28979491875 0.68770460625 0.270863965625 0.6835356078125 0.23998777031250002 0.6826761859375 0.2318708703125 0.7112495578125 0.2408761296875 0.79243501875 0.2631873734375 0.7993284875 0.268146903125 0.788540334375 0.2933881734375 0.7940989984375 0.3051138140625 0.7425596546875 0.311199 0.741919684375
0 1 0.56967419375 0.9548879171875001 0.57874479375 0.9512836015625 0.564750659375 0.9228860640625 0.5677371875 0.9181527718750001 0.5713149515625 0.919953825 0.5875520437499999 0.9312148234375 0.652073765625 0.9345951140625001 0.6547982359375 0.96276751875 0.6497820703125 0.9652461750000001 0.6536280203125 0.9713313625 0.65298805 1 0.6474024453125 1 0.56967419375
0 0.8302497375 0.6298391046875 0.806134125 0.6344286203125 0.8124422296875 0.654298340625 0.818076046875 0.658839121875 0.8365567359374999 0.6589488484375 0.9113822390624999 0.649026246875 0.9021507421875 0.575051175 0.8827684171874999 0.576062928125 0.879388128125 0.573338459375 0.87713570625 0.5622821203124999 0.8446813796875 0.5656952937499999 0.8403972453125 0.5825723578125 0.82529684375 0.5851871 0.8302497375 0.6298391046875
0 0.5857232640625 0.5898495734375 0.5978936375 0.5885696328125001 0.596996428125 0.5527310078125 0.522848534375 0.5502624671875 0.521277040625 0.49909490781250004 0.4248167953125 0.498972925 0.4223370328125 0.5043670015624999 0.42278287031249995 0.545386378125 0.413542525 0.545331515625 0.4115130234375 0.5547848640625 0.41015338593750006 0.616527253125 0.413983940625 0.623310996875 0.5539410124999999 0.6270717343750001 0.5600261984375 0.6264317640625 0.5613792 0.62012953125 0.5821134171875 0.622055571875 0.5868467078124999 0.6184778078125001 0.5857232640625 0.5898495734375
0 0.9037344031250001 0.5245784484375 0.9240183578125001 0.522445215625 0.92875165 0.5188674515625 0.9188414406250001 0.4665235484375 0.89945911875 0.4675353015625 0.8917958 0.47244786875000006 0.8726386078124999 0.47548925937500003 0.8787171578124999 0.5302894453125 0.8820974484375 0.533013915625 0.9003530062499999 0.5310940046875 0.9008054828125 0.5166732265625 0.9037344031250001 0.5245784484375
0 1 0.44894564375 0.9989277203125001 0.4392786796875 0.9846539390625001 0.4400956671875 0.9334926828125001 0.45060950625 0.94520505 0.5099504734375 1 0.49832419687499996 1 0.44894564375
0 0.9905184171875 0.40046595625 0.9945342343749999 0.399669915625 0.9905978859375001 0.364182396875 0.9837611531249999 0.3672969390625 0.9905184171875 0.40046595625
0 0.20013507343749998 0.3603906265625 0.217262765625 0.366802584375 0.267086503125 0.2332306140625 0.265509478125 0.2282631859375 0.205787696875 0.207850965625 0.18279220937500001 0.2687887953125 0.18571891875 0.2951740703125 0.2093820578125 0.30500533281250003 0.18616918124999998 0.29923334375 0.19337338906249998 0.36418171250000003 0.1976564171875 0.3565446765625 0.20013507343749998 0.3603906265625