0 0.0407377609375 0.8006871312499999 0.0929596296875 0.7956916125 0.08316018750000001 0.6797270828124999 0.07975348593750001 0.6773717296874999 0.04837355 0.6812672656250001 0.0451107703125 0.67389316875 0.037017875 0.6734160859375 0.0196942015625 0.6775243421875 0.0407377609375 0.8006871312499999
0 0.2933683234375 0.8608902031250001 0.2899616203125 0.8585348515625 0.29058001093749997 0.850431984375 0.2871733078125 0.84807663125 0.2651657578125 0.8482156218749999 0.2585389796875 0.8504582781250001 0.257776665625 0.8635798875 0.23188794218750003 0.86444765 0.23084887968749998 0.9814489843749999 0.234255584375 0.9838043375 0.3180740640625 0.982042521875 0.3203926125 0.8608075609375 0.2933683234375 0.8608902031250001
0 0.1907543078125 0.2661766171875 0.20256865 0.3118787375 0.18851007343749998 0.3175135546875 0.184442271875 0.311288959375 0.1608135890625 0.21988471875 0.111824453125 0.2320784609375 0.10552822343749999 0.23625573906250003 0.1360130171875 0.3443427921875 0.14458038281250002 0.3417357515625 0.148317634375 0.346025725 0.155690921875 0.3715965234375 0.17590180625000001 0.3668031734375 0.18819061875 0.40942117187499993 0.33724253437499996 0.3674568171875 0.343538765625 0.363279540625 0.33957218125 0.3400640953125 0.3025191171875 0.20525673906250003 0.299112415625 0.2029013859375 0.1959734796875 0.2322512640625 0.20173673124999997 0.26012106875 0.1907543078125 0.2661766171875
0 0.11407209843749999 0.058942934375 0.2045566515625 0.1887091578125 0.236842821875 0.16667326875 0.245783440625 0.177972953125 0.2511307296875 0.1799639234375 0.2940687734375 0.1499378640625 0.2942126953125 0.144919121875 0.22028783125 0.0389987625 0.11407209843749999 0.058942934375
0 0.39262137343750003 0.9670463984375001 0.44326325312500003 0.9645257578124999 0.445678309375 0.9610772515624999 0.4448305859375 0.9502546453124999 0.5047009296875 0.9489962046875 0.5015282671875 0.8307890203125 0.49812156406249997 0.8284336671875 0.40299011562500003 0.8343164125 0.4026437609375 0.87331685625 0.3890596546875 0.87586755 0.39262137343750003 0.9670463984375001
0 0.55629949375 0.3073558703125 0.5587145484375 0.3039073625 0.6165588953125 0.2790690921875 0.613440034375 0.26667625156249997 0.6205412828125 0.2613494703125 0.6192190875 0.25361099062500003 0.579607046875 0.1272708859375 0.5648873734375 0.129036459375 0.5193049390625 0.1435855546875 0.5122622015625 0.1199493765625 0.5022287203125 0.11983668125 0.5077199296875 0.11680890625 0.506397734375 0.1090704234375 0.5011943671875 0.1020607109375 0.49481272656249997 0.082293775 0.40558844687500006 0.11102758125000001 0.3903088921875 0.091933065625 0.340370815625 0.1102950515625 0.363498128125 0.15187624375 0.3782605078125 0.16208277499999998 0.3913701421875 0.16261620625 0.4146255734375 0.24011372031249997 0.46053855468749993 0.2274992453125 0.483793984375 0.3049967578125 0.562035840625 0.2823185015625 0.5479772640625 0.28795331874999996 0.548968909375 0.293757178125 0.5216567765625 0.303877309375 0.531631746875 0.3329529625 0.5597489 0.32168333125 0.55629949375 0.3073558703125
0 0.6736220859375 0.80646164375 0.6648411921874999 0.7492081500000001 0.617936565625 0.7560187625 0.6100461015625 0.72155998125 0.5545741093750001 0.7309776359375 0.576145184375 0.8806721765625 0.5750523234375 0.8918591656249999 0.56648495625 0.8944662093750001 0.5661971140625 0.9045036953125001 0.5738424390625 0.9609720718749999 0.5997311625 0.9601043109375 0.6042948 0.981210959375 0.7062182906250001 0.96207274375 0.68365556875 0.806574340625 0.6736220859375 0.80646164375
0 0.5570634796875 0.6576311031250001 0.5789856203125 0.633547896875 0.592569728125 0.6309972046875 0.585441578125 0.5834168125 0.5653904187500001 0.542256353125 0.5133251296875 0.5540293609375 0.5293353875 0.6418724 0.5570634796875 0.6576311031250001
0 0.45823249062500004 0 0.4787281515625 0.0643487609375 0.5681817640625 0.0545404265625 0.56846960625 0.044502939062500003 0.5940277828125 0.041700559375 0.59512064375 0.030513568749999997 0.5917449546875 0 0.45823249062500004 0
0 0.6840224359375 0.591861528125 0.686581415625 0.5833942750000001 0.69642826875 0.576553609375 0.6671486484375 0.5341309515625 0.6672925703125 0.52911220625 0.6774699734375 0.5242061609374999 0.6718933500000001 0.503289721875 0.6856213796875 0.49572028437500004 0.7143996296874999 0.48831989218749994 0.712560259375 0.47169342812500004 0.7023986609375 0.4356644078125 0.6943057671874999 0.4351873265625 0.6997969765625001 0.432159553125 0.697483134375 0.41861720937499997 0.6643966578125 0.307025296875 0.6582443484375 0.30618383125 0.6513455328125 0.277528909375 0.6366258578124999 0.2792944859375 0.6120593296875 0.287900728125 0.61573806875 0.321153659375 0.5471991468749999 0.34200999374999996 0.54804686875 0.3528325984375 0.5660562265625 0.41134829218749996 0.58546209375 0.40770444375 0.586970915625 0.4223962890625 0.5670905765625001 0.429124259375 0.5779132734375 0.46902251875 0.5850572281249999 0.47566784531249995 0.5991 0.5109680953125 0.6028372515625 0.5152580703125 0.6105995984375 0.51380053125 0.6140063 0.516155884375 0.6195829234375 0.5370723234375 0.6678793515625 0.602879471875 0.6840224359375 0.591861528125
0 0.6631914828125 0.24136090000000002 0.6665981859375 0.24371625312499998 0.7554919171875001 0.2130478265625 0.75464419375 0.2022252234375 0.7325670359374999 0.1374849359375 0.64528334375 0.1658543546875 0.6409277015625 0.1696672484375 0.6631914828125 0.24136090000000002
0 0.634289825 0.078067665625 0.6276630484375 0.080310325 0.63545229375 0.13175995625 0.7111351734375 0.1175489515625 0.7135502296875 0.1141004453125 0.698302284375 0.013135798437499999 0.62422944375 0.025047796875 0.6275776343749999 0.056366109374999994 0.6340604937500001 0.0591421953125 0.6360437859375 0.0707499203125 0.634289825 0.078067665625
0 0.77903048125 0.4152851578125 0.7814455359375 0.41183664843749995 0.8461032875000001 0.3917090859375 0.8459166609375 0.384755721875 0.8246445234375 0.3188659296875 0.8209072718750001 0.3145759578125 0.7394453390625 0.3418522234375 0.7406236125000001 0.35460945 0.74847136875 0.377096125 0.71647304375 0.3890945265625 0.7312196171875 0.4402361234375 0.73495686875 0.4445260984375 0.776658128125 0.43070577187500003 0.7829543578125 0.42652849374999996 0.77903048125 0.4152851578125
0 0.8422348859375001 0.8496769359374999 0.839819828125 0.85312544375 0.8431253156249999 0.8724716484374999 0.8471931156249999 0.87869624375 0.8693445875 0.8735385093750001 0.86471690625 0.8464538234375001 0.8422348859375001 0.8496769359374999
0 0.8196879687499999 0.6532434671875 0.8314437984374999 0.727908546875 0.8846446578125 0.71692065625 0.875016040625 0.6488445578125 0.8882695984375 0.6443592421875 0.8862436 0.6207794140625 0.8975565718749999 0.616658484375 0.8905296390625 0.5520872406249999 0.8524802203125 0.5462533265625 0.8483539078125 0.568991690625 0.8250668687499999 0.5733643078124999 0.8110509968749999 0.59097123125 0.8163397765625 0.6219251578125 0.8089079781249999 0.625317315625 0.8099423296875001 0.6430932859375 0.8112645265625 0.6508317671875 0.8196879687499999 0.6532434671875
0 0.753870784375 0.121504596875 0.81952018125 0.1071808921875 0.8183419078125 0.09442366875 0.8030354515625 0.0224219796875 0.743207815625 0.035652528125 0.738292290625 0.018605328125 0.71259019375 0.026426453125 0.729879940625 0.1100358625 0.7492858078125 0.106392015625 0.753870784375 0.121504596875
0 0.95744910625 0.8030845203125001 0.945288409375 0.79638284375 0.9006549171874999 0.80476369375 0.906460871875 0.8446056046875 0.9619328640625 0.8351879484375001 0.95744910625 0.8030845203125001
0 0.8763681703125 0.21131606406249998 0.8641220625000001 0.1806701734375 0.82743754375 0.1945468484375 0.8396836515625001 0.2251927390625 0.8720125265625001 0.21512895781250002 0.8763681703125 0.21131606406249998
0 0.994650215625 0.9079137625 0.9947249375 0.8950702640625 0.962375725 0.9139739562500001 0.994650215625 0.9079137625
0 0.813102971875 0 0.81317015 0.0055438234375 0.8230439046875 0.051610331249999995 0.856838896875 0.0442662859375 0.8620849703125 0.06324810625 0.909320146875 0.0583721140625 0.9080564640625 0.0216706734375 0.9051224437500001 0 0.813102971875 0
0 0.8840340109374999 0.0920720734375 0.8933905890625 0.12925059375 0.9396341187499999 0.11857074062499999 0.938455846875 0.10581351406249999 0.9343880468749999 0.099588921875 0.9274307187499999 0.09989695625 0.9233202125 0.081700253125 0.8840340109374999 0.0920720734375