0 0 0.904892015625 0.0314848 0.91140114375 0.0374104734375 0.9055825234375 0.047735571875 0.9137545687499999 0.059060553125000005 0.9030147484375 0.06688339062500001 0.8945696265624999 0.058893053125 0.8848677890625 0.14138167343750002 0.799284825 0.070394246875 0.7312782140625 0 0.8045699781250001 0 0.904892015625
0 0.46890098125 0.9796947140625001 0.4487731046875 0.9973891140625 0.5770286921875 0.9966429453125001 0.5234795109375 0.9356349703125 0.46890098125 0.9796947140625001
0 0.16476207812500002 0.84537433125 0.1544369796875 0.8372022890625 0.1468559171875 0.8255725828125 0.10558830156250001 0.8542718734375001 0.12388990468750001 0.9053488406250001 0.1324104046875 0.90308539375 0.17986375937500002 0.87365245 0.16476207812500002 0.84537433125
0 0.1394285234375 0.865292921875 0.1379123109375 0.8629669812499999 0.12191780625 0.8767663890625 0.1394285234375 0.865292921875
0 0.922882665625 0.8531835875 0.88781461875 0.8479461468749999 0.880052225 0.8513725640625 0.8950330171875001 0.8896880984375001 0.9295847343749999 0.8736877406250001 0.9304032843750001 0.8698320031250001 0.922882665625 0.8531835875
0 0.1246654375 0.584518375 0.10148531406250001 0.6179632921875 0.13006540625000002 0.6490279250000001 0.165496115625 0.6241531218749999 0.23658548281249997 0.58753176875 0.22381856406249998 0.5577238515625 0.20554974062500003 0.56803435 0.201698765625 0.5672382046875 0.188871403125 0.54244899375 0.1224515625 0.57601075625 0.1246654375 0.584518375
0 0 0.5931977234375 0.026298079687499996 0.5460696984375 0.0275259046875 0.54028609375 0.0222191609375 0.5321453 0.016442699999999998 0.53095108125 0 0.53440763125 0 0.5931977234375
0 0.06358000312499999 0.5598147609375 0.10039220625 0.5805064 0.1267860875 0.5366572390625 0.0903831578125 0.5140377328125 0.0872902890625 0.514404559375 0.06358000312499999 0.5598147609375
0 0.36051433906249997 0.6191901078125001 0.5307153359375001 0.6553834875 0.556150828125 0.5308369328125 0.5559228859374999 0.517708678125 0.39033096875 0.4834744140625 0.36051433906249997 0.6191901078125001
0 0.2899361859375 0.5492556296875 0.295712646875 0.550449846875 0.326125003125 0.525543796875 0.2573048375 0.43786042812500003 0.2479657875 0.4439796109375 0.2449333625 0.439327728125 0.21142814062499998 0.4646006046875 0.1684906421875 0.439623909375 0.1586818734375 0.4526896671875 0.1368504625 0.47031356406249997 0.12026535000000001 0.5010969656250001 0.16932814062499998 0.53035871875 0.197754565625 0.5100733015625 0.2506545 0.5733342859375 0.26851404843750004 0.5649516593749999 0.2899361859375 0.5492556296875
0 0 0.48170776562500006 0.018321575 0.503164775 0.088545778125 0.44221478437500006 0.08358786406249999 0.43716482812499996 0.0862714578125 0.438725871875 0.09444312656250001 0.4333715859375 0.13151093593750002 0.40078530937499995 0.126553025 0.39573535312499997 0.1297063375 0.3903498203125 0.17955489687499998 0.3543683734375 0.17004834687499998 0.3423405953125 0.175885253125 0.3385161046875 0.1819501046875 0.3478198703125 0.184284865625 0.3462900765625 0.19553557187499998 0.37377205 0.2016608640625 0.3780571078125 0.2781174171875 0.3445578421875 0.2728711171875 0.331398340625 0.2775406421875 0.3283387484375 0.25795076875 0.288064096875 0.26454578125 0.285402578125 0.26081569375 0.27456901718750004 0.2416350953125 0.23236649531250003 0.2319472125 0.23539483906249997 0.2221522765625 0.21525751406250002 0.19210258593750001 0.21005131875 0.2267336953125 0.2836227984375 0.191921253125 0.225107440625 0.12427358749999999 0.2644528078125 0.1234550375 0.2683085453125 0.1499283109375 0.314031225 0.12368298124999999 0.2814367984375 0.065253478125 0.3247004 0.0868897265625 0.355335709375 0.06822545937499999 0.334370990625 0.060053792187499996 0.339725275 0.0592352421875 0.3435810125 0.074867084375 0.3598938484375 0.0797645515625 0.3699625125 0.071183609375 0.37724466562500003 0.0502450234375 0.352791034375 0.022576706250000002 0.374239421875 0.0347064046875 0.3928469515625 0.0316135359375 0.3932137765625 0.0221069859375 0.3811859984375 0.01226425625 0.38967774374999997 0 0.447447884375 0 0.48170776562500006
0 0.9790465625 0.6454343609375 0.998937328125 0.5517399515625 0.996766275 0.5524986000000001 0.962302665625 0.49707408124999997 0.951038128125 0.502795190625 0.9271880046875 0.46365226249999997 0.9178489546874999 0.46977144531250004 0.88338534375 0.414346925 0.812175090625 0.4610056921875 0.8458805953124999 0.515267240625 0.8548103703125 0.511075928125 0.8805859796875 0.5506169296875 0.8914412421875 0.5468236890625 0.926314128125 0.6003203390625 0.935653178125 0.59420115625 0.9595033015625001 0.6333440859375 0.9684330765625001 0.6291527718750001 0.9790465625 0.6454343609375
0 0.2794108046875 0.4615491625 0.310614046875 0.49919354374999997 0.3215297515625 0.49038159531250003 0.2926612734375 0.45120741718749996 0.2825641171875 0.4561636296875 0.2794108046875 0.4615491625
0 0.17249016718750002 0.36397646875 0.14289636249999998 0.38502678281249997 0.1439428546875 0.3942993015625 0.17808529687500002 0.380226809375 0.17249016718750002 0.36397646875
0 0.1063121015625 0.3774634 0.0937731265625 0.3607837375 0.0921964703125 0.36347650468750003 0.1063121015625 0.3774634
0 0.557131759375 0.4173345234375 0.5435929046875 0.41956672343749996 0.5405881421875 0.34850866875 0.5383138234375 0.3450197578125 0.48538622656249997 0.34816494375 0.4829910203125 0.354713446875 0.4852048953125 0.36322106718749997 0.4670569578125 0.3634941484375 0.4720614828125 0.3967284828125 0.4766705640625 0.3986875984375 0.483265575 0.39602607968750003 0.48746538125 0.3999130640625 0.48937703906249996 0.433514221875 0.5260821859375 0.4310401921875 0.562726890625 0.433584865625 0.557131759375 0.4173345234375
0 0.28465198593749996 0.3469150328125 0.24508191406250002 0.3628841421875 0.2369102453125 0.368238428125 0.23760790625 0.37442010468750003 0.24565868906250002 0.37910323749999997 0.2881402984375 0.37782342343750003 0.28465198593749996 0.3469150328125
0 0.3747267875 0.40075540781249996 0.3806241375 0.3919122109375 0.37584755625 0.3718061328125 0.3444491515625 0.382420959375 0.34322132656250004 0.3882045640625 0.3496350078125 0.40059916875 0.36888988125 0.40457989687499996 0.3747267875 0.40075540781249996
0 0.36513952656250004 0 0.3574424890625 0.0087731484375 0.42160696093750005 0.066313021875 0.37651603125 0.0278099984375 0.37143723125 0.0327974578125 0.36758625624999997 0.032001312500000004 0.3557449453125 0.021503328125000002 0.2962551171875 0.0886974953125 0.3080964296875 0.099195478125 0.30260835468749997 0.10611080937499999 0.2233939328125 0.1762708234375 0.2793262921875 0.2441836875 0.27191273125 0.2507009453125 0.307241503125 0.33045410468749997 0.3083484421875 0.3347079140625 0.303269640625 0.3396953734375 0.3058927921875 0.3462751234375 0.32029680781250003 0.36837156718749997 0.35210448906249997 0.355828871875 0.3502998890625 0.3453933859375 0.3584715578125 0.3400391 0.37994030625 0.35252744687500004 0.39972534375 0.3445428921875 0.40830628593749996 0.337260740625 0.3876699171875 0.2877135703125 0.36210841875 0.29450390625 0.3522530390625 0.27938528749999997 0.3376210765625 0.244160590625 0.3422906015625 0.24110099843750002 0.318031203125 0.2038859375 0.334481596875 0.2163430390625 0.339788340625 0.2244838328125 0.361880475 0.2813756515625 0.3660802828125 0.2852626359375 0.38277245 0.27764490625 0.36627544375 0.23700342812500003 0.4076690671875 0.32606035312500004 0.48686965625 0.2891034234375 0.4827302953125 0.28019773125 0.4937064453125 0.266367075 0.48956708125 0.2574613828125 0.5309694171875 0.1855215890625 0.5275881625000001 0.177778865625 0.508454175 0.163760721875 0.49865923749999996 0.143623396875 0.47952525156250003 0.129605253125 0.4731115703125 0.1172106484375 0.5157883437499999 0.06767162812500001 0.50296098125 0.0428824203125 0.518592825 0.059195256249999995 0.5443356546875 0.037348796875 0.5378615296875 0.0299728984375 0.5410148421875001 0.024587365625 0.561678871875 0.007728365625 0.566287953125 0.0096874828125 0.5735183328125 0.0011198734375 0.568101478125 0 0.5131815296875 0 0.5029748125 0.009679334375 0.510178009375 0 0.36513952656250004 0
0 0.24177493125 0.316919628125 0.2372262953125 0.3099418046875 0.22870579531250002 0.31220525 0.23325443125 0.31918307343749996 0.19980965312500001 0.33943724375 0.24095638125000002 0.3207753640625 0.24177493125 0.316919628125
0 0.6381646109375 0.3244069140625 0.64441079375 0.31865455625 0.6583589234375 0.3144944890625 0.64751749375 0.2850846453125 0.5529130046875 0.31885699375 0.560373178125 0.3405241140625 0.545257665625 0.34544907812500003 0.561224509375 0.3980558390625 0.566652140625 0.39615921875 0.5663033078125 0.39306838125 0.572489046875 0.3923347296875 0.5751121968749999 0.3989144828125 0.5789631703125 0.39971062812499997 0.6541918984375 0.37199496718749997 0.6539035109375 0.36388541874999997 0.6381646109375 0.3244069140625
0 0.068387840625 0.2247243203125 0.052123818749999995 0.2019213453125 0.0365154046875 0.2754439734375 0.0861265015625 0.22637910625000002 0.07148070937499999 0.22435749375 0.0636578734375 0.23280261875 0.068387840625 0.2247243203125
0 0.6638936109375 0.3357635390625 0.7114401890625001 0.36269935000000003 0.74934038125 0.2930542515625 0.703310015625 0.2684443796875 0.697473109375 0.27226886875 0.6638936109375 0.3357635390625
0 1 0.28295786093749997 0.938159034375 0.322027971875 0.964692753125 0.36273194375 0.9755480125 0.3589387046875 1 0.39834593281249997 1 0.28295786093749997
0 0.0544387125 0.1910171609375 0.0907355828125 0.228338221875 0.1477697609375 0.172711265625 0.1485883109375 0.1688555296875 0.0917769578125 0.10981710781250001 0.075373178125 0.1255443859375 0.071871034375 0.1278390796875 0.0681837703125 0.126271784375 0.0544387125 0.1910171609375
0 0.558582409375 0.296885540625 0.566693634375 0.296549965625 0.63030899375 0.271464575 0.650973025 0.254605575 0.6079284703125001 0.2064632078125 0.6025008390625 0.2083598296875 0.5372949921875 0.2693410703125 0.5387507609375 0.27668571875 0.558582409375 0.296885540625
0 0.15472200625000002 0 0.133360625 0.0228211921875 0.13330018125 0.0278398984375 0.1458995984375 0.039500854687499996 0.09126062812499999 0.08857930625 0.1007671765625 0.10060708593750001 0.0933536140625 0.10712434062500001 0.1497556921875 0.1680906328125 0.213794159375 0.1078742890625 0.1794980484375 0.0705967328125 0.21082217656250002 0.098203696875 0.215840534375 0.09823494687499999 0.2284537828125 0.076692815625 0.2967797953125 0 0.15472200625000002 0
0 0.343713590625 0.1870581859375 0.3395742265625 0.17815249375 0.324686659375 0.19620571250000002 0.343713590625 0.1870581859375
0 0.8017793109375001 0.20226509374999999 0.76161863125 0.23521819531250002 0.795854296875 0.2775144609375 0.8360149765625 0.24456135781250002 0.8017793109375001 0.20226509374999999
0 0.381674225 0.112394378125 0.337420796875 0.1646261671875 0.3106453046875 0.1439970234375 0.332341996875 0.169613625 0.3346767578125 0.16808383124999998 0.335783696875 0.1723376390625 0.380855675 0.11625011562500001 0.38628330625 0.11435349375 0.3924085984375 0.1186385515625 0.3874506875 0.113588596875 0.381674225 0.112394378125
0 0.309129090625 0.14167108125 0.30224569218749997 0.136223053125 0.3037014609375 0.143567703125 0.309129090625 0.14167108125
0 0.44059239687499996 0.15677475000000002 0.45980065937500003 0.13257110156250002 0.455540409375 0.133702825 0.43749952812500004 0.15714157499999998 0.44059239687499996 0.15677475000000002
0 0.741493475 0.07911519375 0.6653719234375 0.148908384375 0.7248064265624999 0.21452655781250002 0.8009279781249999 0.14473336718750002 0.741493475 0.07911519375
0 0.4111333109375 0.1345845640625 0.39929199843749996 0.12408658125000001 0.39964083125 0.12717742031249998 0.4111333109375 0.1345845640625
0 0.436164646875 0.1397595109375 0.4327229484375 0.13703549843750001 0.433071778125 0.14012633593749999 0.436164646875 0.1397595109375
0 0.4303415734375 0.110380915625 0.4170306609375 0.1257413671875 0.4246721671875 0.13235236718750001 0.4217001859375 0.12268177499999999 0.43460182343750003 0.1092491921875 0.4303415734375 0.110380915625