0 0.2328069484375 1 0.2340714390625 0.9689142578125001 0.23215544999999999 0.9641447890625001 0.1703494921875 0.9607628437500001 0.08814258593749999 0.9790190046875 0.0920862375 1 0.2328069484375 1
0 0.0027890203125 0.2396877890625 0.022094153124999998 0.2371030921875 0.021094007812500003 0.220934196875 0.064081128125 0.21640362500000002 0.052159849999999994 0.120436321875 0.050243860937499996 0.1156668546875 0.0014171546875 0.1217900015625 0.0027890203125 0.2396877890625
0 0.0038622015624999997 0.3319167578125 0.0043232546875 0.3715396296875 0.02220144375 0.367849025 0.027347787499999998 0.40065254218749996 0.030865543750000002 0.40309579375000004 0.053746279687499995 0.400074609375 0.06112283281250001 0.44474328124999996 0.1348845609375 0.43579676093749997 0.127481184375 0.35844160625 0.120733075 0.3279643046875 0.02883843125 0.33807151874999997 0.0258073375 0.3273694734375 0.018714346875000003 0.3276011296875 0.021944703125 0.3556351796875 0.0151391109375 0.3302760375 0.0038622015624999997 0.3319167578125
0 0.086214625 0.27991851562500003 0.0809533203125 0.25735131718750004 0.0422848390625 0.2631620296875 0.047546145312499996 0.2857292296875 0.086214625 0.27991851562500003
0 0.2150073609375 0.73731451875 0.2242424234375 0.7918708203125 0.27826946874999997 0.7864112109375 0.30669890781250003 0.780366425 0.28582996562499996 0.6042520265625 0.283913978125 0.5994825578125 0.1754307046875 0.613542409375 0.1929275078125 0.739172596875 0.2150073609375 0.73731451875
0 0.280863728125 0.415111778125 0.274571625 0.41418032499999996 0.2731422953125 0.4011520625 0.1607695671875 0.41079113906250003 0.1670578390625 0.4822137171875 0.17452252968749998 0.483959584375 0.282576621875 0.4730403671875 0.2796604875 0.452102003125 0.2797754484375 0.441865684375 0.28335068125 0.439190775 0.2823505359375 0.42302187968749994 0.280863728125 0.415111778125
0 0.1168819421875 0.1447566328125 0.1270021921875 0.22571814843750002 0.205883440625 0.2168886640625 0.20171041875 0.1675675578125 0.19459060625 0.13511272968750002 0.1168819421875 0.1447566328125
0 0.1535424640625 0.247590378125 0.1765573125 0.408001609375 0.24482781718750002 0.396960528125 0.2254725046875 0.2614427140625 0.21983950000000002 0.23689798906249998 0.1535424640625 0.247590378125
0 0.21003730781250002 0.09254103281250001 0.20427401406249998 0.0445225125 0.12157114375 0.059135242187500006 0.1264082390625 0.103231009375 0.151890884375 0.11405250468749999 0.20357276093749999 0.106964059375 0.21003730781250002 0.09254103281250001
0 0.3115655203125 0.697778490625 0.3255752265625 0.7831607828125 0.34253555625 0.7811856703125 0.341163709375 0.7630392484375 0.34722589843749996 0.784443340625 0.432828434375 0.7734046734375 0.42679690312499996 0.714195940625 0.42307988593749996 0.6944206828125 0.40394682499999995 0.67941248125 0.39922966249999997 0.6434683296875 0.39491102499999997 0.6421881875000001 0.3937959203125 0.6362556109375 0.4009463875 0.6309057953125 0.3976010734375 0.6131080640625 0.3226667609375 0.6212401671875 0.33476047656249996 0.7018529906250001 0.33012761875 0.6934771625 0.3139681703125 0.694289165625 0.3115655203125 0.697778490625
0 0.2660837984375 0.29308795 0.276433965625 0.353576828125 0.31350068124999997 0.3500923296875 0.3066682671875 0.2920467046875 0.3047522796875 0.2872772375 0.2660837984375 0.29308795
0 0.3908529640625 0.5826307625 0.40152118750000004 0.5797241984375 0.389281853125 0.5471523359375 0.396804025 0.543780046875 0.3841393421875 0.44385769374999995 0.3741877 0.41803282499999994 0.299625090625 0.428142453125 0.31552012500000004 0.55609885625 0.3277326375 0.5559842359375 0.332135578125 0.584832703125 0.3522419609375 0.5833233171875001 0.3534720265625 0.579019575 0.3613659 0.5776248093749999 0.37555187968750003 0.5771614984375 0.37826875000000004 0.5807678578125001 0.388136090625 0.579024403125 0.3908529640625 0.5826307625
0 0.5102727046875 0.3664048140625 0.5060115453125 0.3600065109375 0.4641970125 0.36535149843750003 0.4619093203125 0.3586045046875 0.453643746875 0.35802174375 0.45098435468750003 0.349297225 0.4040502984375 0.35452517656250004 0.4126262625 0.43269475 0.4327326453125 0.4311853640625 0.4347329359375 0.46352315624999996 0.43887913593750005 0.48015777656249997 0.5217073203125 0.4706309109375 0.5102727046875 0.3664048140625
0 0.47381526249999995 0.7365363109375 0.4860277734375 0.7364216890625 0.4900590125 0.76329263125 0.546860409375 0.7563212234375001 0.5443734578125 0.7322422234375 0.5617629703125 0.727126478125 0.5545588546875 0.6671033265624999 0.5466956374999999 0.63069345 0.4602922171875 0.642895225 0.47381526249999995 0.7365363109375
0 0.5908016968750001 0.5616043296875 0.609011246875 0.7289942109374999 0.61844940625 0.7303913890625 0.7363708375 0.7177287156250001 0.7302243484375001 0.6687563 0.731569371875 0.6542162390625 0.7199048375 0.5704627828125 0.7161878203125001 0.5506875250000001 0.708723128125 0.54894165625 0.5908016968750001 0.5616043296875
0 0.6955794562500001 0.3162958453125 0.5658172140625 0.3310506640625 0.5645296671875 0.3404725671875 0.5829116578125 0.49250796875 0.7161916546875 0.48019639999999997 0.7104168671875 0.4332015125 0.7021512921874999 0.43261874999999994 0.6906285390625 0.3713154578125 0.6930311890625 0.3678261328125 0.7036994125 0.36491956718749996 0.7008407578125 0.33886304375 0.6955794562500001 0.3162958453125
0 0.72035700625 0.67049975625 0.7254765296875 0.6706167921875 0.7227596562499999 0.6670104328125 0.72035700625 0.67049975625
0 0.7190426390625 0.6472351765625 0.719901003125 0.6409539078125001 0.71804249375 0.6310662796875001 0.7190426390625 0.6472351765625
0 0.7161839875 0.6211786515625 0.71741405 0.616874909375 0.715555540625 0.60698728125 0.7161839875 0.6211786515625
0 0.71401125625 0.6041953390625 0.7187590734375 0.6023348484375 0.7144404359375 0.6010547046875 0.71401125625 0.6041953390625
0 0.825364684375 0.4047186328125 0.8247362421875 0.39052726249999997 0.8212184859375 0.3880840109375 0.795191696875 0.3906394703125 0.788041228125 0.3959892859375 0.773483546875 0.39447507187499997 0.7710808953125 0.3979643984375 0.773682809375 0.41180707656250004 0.7819483843749999 0.41238983749999997 0.7669615203125 0.41401625781250007 0.7672182624999999 0.426230103125 0.7522314015625 0.42785652343749997 0.7534882890625 0.45623926406250004 0.7560902015625001 0.47008194375 0.7604088375 0.4713620859375 0.7622673468750001 0.4812497140625 0.7598646984374999 0.48473904062499995 0.7491964734375001 0.487645603125 0.7677470671875 0.694817653125 0.8252918671874999 0.6918012953125 0.8255217859374999 0.6713286578125001 0.8594424484375001 0.6673784328125001 0.8461799796875 0.5154600671875 0.879299759375 0.5126729531249999 0.8786138359375 0.503599740625 0.8853351234375 0.501390559375 0.938132103125 0.5002346921874999 0.9376761 0.47068884375 0.9347024875000001 0.4548686375 0.9311847312499999 0.45242538750000005 0.8992375375 0.45602691875 0.8957197828125001 0.4535836671875 0.8914318015625 0.41449888125 0.8732988875000001 0.4156595765625 0.87429903125 0.431828471875 0.8710111953125 0.4089125828125 0.8674934406249999 0.40646933125 0.8103203421874999 0.4114632125 0.8229620343749999 0.40820795781249997 0.825364684375 0.4047186328125
0 1 0.7164526328124999 0.9872848671875 0.7183452703125 0.9930596546875 0.765340159375 0.996577409375 0.7677834125 1 0.7672765953125 1 0.7164526328124999