0 0 0.4583812421875 0.006781040625 0.479714334375 0.030358425 0.4719329390625 0.03328195625 0.48965692968749996 0.0392991578125 0.496449134375 0.077122528125 0.482927775 0.07072099062500001 0.4623873484375 0.0651448359375 0.4597914375 0.1461472046875 0.43324647812499995 0.1358833265625 0.396141396875 0.11275332656249999 0.3678132390625 0 0.40485986093750004 0 0.4583812421875
0 0.42415491093749996 0.38387409843750003 0.32465988437500004 0.3858461453125 0.298543303125 0.389651771875 0.2873846578125 0.4247658 0.28870780156250003 0.4373546859375 0.30593403124999996 0.43978678593750004 0.30874413125 0.4766146296875 0.427122484375 0.472657865625 0.42415491093749996 0.38387409843750003
0 0.6933603515625 0.48285899531250004 0.7194769328125 0.4790533703125 0.7125335890625 0.39280879999999996 0.6992264171875 0.3973894296875 0.6108837 0.40455329687499997 0.6108269859375001 0.414105221875 0.605691878125 0.4157056078125 0.5111681484374999 0.40442719687500006 0.50580618125 0.4442352828125 0.5071860421875 0.4472722421875 0.5146398203125 0.44754948125 0.51077114375 0.471290675 0.6085523562499999 0.483287375 0.6124210328124999 0.4595461796875 0.6176065187499999 0.48869971874999996 0.64813991875 0.4865511921875 0.6220233390625001 0.4903568171875 0.6171087562500001 0.49405535 0.6195912375 0.507583046875 0.6321801218750001 0.5062599015625 0.696340596875 0.49103106093750004 0.6968383609375 0.48567543124999996 0.6933603515625 0.48285899531250004
0 0.3944215515625 0.5651905421875 0.36681168125 0.5850630609375 0.32909540625 0.6197864203125001 0.373755025 0.6713076296875 0.433007253125 0.6194714718750001 0.416114978125 0.6000336671875 0.4196497015625 0.5932981765625 0.3944215515625 0.5651905421875
0 0.6652904265624999 0.6194527703125 0.6681068609375 0.6159747624999999 0.642444 0.5433649843749999 0.5595640078125 0.5722286140625 0.5680636921875 0.592548515625 0.5622102984375 0.5974063843749999 0.5749062781250001 0.6172852359375 0.5587826703125 0.625343871875 0.5624244875 0.63981038125 0.579927953125 0.6347887046875 0.58522686875 0.6448383921875 0.5936194593749999 0.6439562953125 0.6652904265624999 0.6194527703125
0 0.3112956921875 0.753179425 0.3019139125 0.7244669328125 0.3079878296875 0.7217072124999999 0.3073262578125 0.7154127703125 0.29446646875 0.68388384375 0.21368462500000002 0.71252695 0.23542843125 0.778124 0.24498035625 0.7781807140625 0.3112956921875 0.753179425
0 0.5295470734375 0.801304684375 0.5284444515625 0.790813946875 0.535620990625 0.7985449640625 0.56836596875 0.7770720625 0.54551320625 0.7412901265625 0.5460109703125 0.7359344937500001 0.5569994703125001 0.72947624375 0.532987371875 0.6927554953125 0.5266929296875 0.6934170671875 0.4518715734375 0.7384043046875 0.4959199984375 0.8143849984375 0.5035942999999999 0.8167603828125 0.5295470734375 0.801304684375
0 0.13873716875 0.8572297390625 0.2039498828125 0.8217377125 0.170776528125 0.75840261875 0.10136751718749999 0.79433569375 0.131062865625 0.8548543531250001 0.13873716875 0.8572297390625
0 0.0401382578125 0.9080939015625 0.08313309218750001 0.8832265546875 0.047641065625 0.8180138390625 0.0316248890625 0.8270946046875001 0.0401382578125 0.9080939015625
0 0.35340978125 0.8410307140625 0.3863752828125 0.8216559609375 0.369098675 0.788469934375 0.3298387296875 0.8085062609375001 0.345735478125 0.8386553296875 0.35340978125 0.8410307140625
0 0.2471225484375 0.849019965625 0.24435649375000001 0.8832518968749999 0.248496071875 0.8923627734374999 0.25479051406250003 0.8917012015625 0.29774899062500004 0.8765794578125 0.300565425 0.8731014484375 0.2870440640625 0.8352780796875001 0.2471225484375 0.849019965625
0 0.40265636406249994 0.8655532484374999 0.3414761328125 0.8889541515625 0.3386596984375 0.8924321609374999 0.3627221765625 0.9599068328125 0.3664207078125 0.9648214140625001 0.3706170015625 0.9643803656250001 0.43787115156249995 0.938219740625 0.43720957968749996 0.9319253 0.4584682921875 0.922266278125 0.43390805 0.8601472375 0.40265636406249994 0.8655532484374999
0 0.2449224953125 1 0.287793725 0.9836920703124999 0.29668407812500003 0.9774543437500001 0.27328317343749997 0.9162741140625 0.2670454453125 0.9073837593749999 0.188582271875 0.9379044890625 0.21427372656250002 1 0.2449224953125 1
0 0.1602741046875 1 0.135851346875 0.9508713734375001 0.07041810625 0.9842652515625 0.0783230625 1 0.1602741046875 1