0 0.939864721875 0.270625784375 0.9972579984375001 0.247283040625 0.9988035500000001 0.114458709375 0.8930852359375001 0.158647553125 0.939864721875 0.270625784375
0 0.7275459421875 0.0576044890625 0.7213463828125 0.0532852046875 0.6882478375 0.056581501562500004 0.680042015625 0.061978556250000004 0.6870988609375 0.11611478906249999 0.6791368046875 0.1448625515625 0.708254325 0.1559401359375 0.72302945625 0.15797789375 0.7345397921875 0.12185831250000001 0.7275459421875 0.0576044890625
0 0.11907445624999999 0.031245096875 0.0872882234375 0.0036546 0.0701766109375 0.08652620625 0.11907445624999999 0.031245096875
0 0.1782927671875 0.08298203125 0.1744062328125 0.082179525 0.11724075 0.1382508109375 0.21855772031249998 0.2412289296875 0.27766647031249997 0.1855588953125 0.1782927671875 0.08298203125
0 0.853424234375 0.340913465625 0.8546909875 0.324966071875 0.8424178609374999 0.2960923171875 0.8401048359375001 0.2925755390625 0.832331765625 0.2909705296875 0.8138905796874999 0.25271869375 0.8103737984375 0.2550317171875 0.8036469984375 0.27289088281249996 0.710094884375 0.2353388484375 0.704233584375 0.23919388593750002 0.6650765421875 0.34051906718749997 0.67161435625 0.3530126765625 0.7131624875 0.3676700359375 0.72053430625 0.37121831250000004 0.72438934375 0.3770796140625 0.7192675546875 0.38716570781250004 0.7157822703125001 0.384419934375 0.71109323125 0.387503965625 0.70177814375 0.3835544359375 0.6982613640625 0.38586745625 0.6746901734375 0.4215227921875 0.6687343796875 0.440554215625 0.7067027359375 0.4676421875 0.72921944375 0.476343753125 0.7343097375000001 0.47131645468750005 0.7323349718750001 0.47597399687499997 0.735049246875 0.477547509375 0.74325506875 0.4721504578125 0.759391446875 0.4430644359375 0.7714208078125 0.44858747968749996 0.780059378125 0.4361883625 0.7764796046875 0.448618978125 0.76944604375 0.45324502187500004 0.7520429125 0.49827843749999995 0.795904065625 0.5164525765625 0.8036771390625 0.5180575859375 0.807996421875 0.511858028125 0.8384519015624999 0.43304955312500004 0.8264225406250001 0.427526509375 0.8065886093750001 0.4254572515625 0.79378824375 0.41876194843750003 0.7875571875 0.419501459375 0.775929078125 0.4120351484375 0.784874409375 0.41286915156250004 0.8108763984375 0.42431648906249997 0.8237712609375001 0.4158354046875 0.853424234375 0.340913465625
0 0.2866186578125 0.3727973234375 0.2842741359375 0.3743393390625 0.256793125 0.3504298890625 0.24778479999999997 0.359713478125 0.29192121718749997 0.39617953125 0.29935603125 0.3896102171875 0.314870675 0.397879034375 0.3129589046875 0.392418984375 0.3032740640625 0.3853539265625 0.3170029265625 0.3679275140625 0.30423405625 0.356173415625 0.29877400781249996 0.3580851859375 0.3340678 0.31471977500000003 0.26318988125 0.260575328125 0.218085259375 0.3171108625 0.2866186578125 0.3727973234375
0 0.7293536484375001 0.392287496875 0.7406120015625001 0.39663828125 0.7464418046875 0.39784203749999997 0.7500215796874999 0.3854114234375 0.7293536484375001 0.392287496875
0 0.761185440625 0.40493859218750006 0.764670725 0.40768436562500004 0.768557259375 0.40848687031250003 0.761185440625 0.40493859218750006
0 0.534648909375 0.41286779375 0.4362269859375 0.34493148906250004 0.389517353125 0.40924009375 0.4875380234375 0.479119665625 0.49889086875000005 0.46829406249999994 0.534648909375 0.41286779375
0 0.20524517968749997 0.379295428125 0.20644893749999998 0.373465625 0.15065291249999999 0.3345920578125 0.162068753125 0.31364886406250003 0.1271844265625 0.29124993125 0.1028422265625 0.3257330046875 0.10321198281249999 0.328848534375 0.114069084375 0.3351425828125 0.115579603125 0.3425458984375 0.0869181171875 0.38322853125 0.1616825703125 0.43817548281249996 0.20524517968749997 0.379295428125
0 0.328032584375 0.4715109375 0.2237808578125 0.402370875 0.1758674671875 0.4725092828125 0.28166121093749996 0.543993865625 0.32682882812499997 0.477340740625 0.328032584375 0.4715109375
0 0.8555154171874999 0.6300673140625 0.669866928125 0.5086630765625 0.662495109375 0.5051148000000001 0.6589783296875 0.5074278234375 0.6236215421875 0.5609108234375 0.6208442734374999 0.5694549015625 0.8099780437499999 0.6936049109375 0.8138645796875 0.694407415625 0.8177826125 0.6901511250000001 0.8555154171874999 0.6300673140625
0 0.5572984609375 0.5877386015625 0.436422825 0.500983140625 0.3897131921875 0.5652917468750001 0.5105888281250001 0.6520472078124999 0.516450128125 0.64819216875 0.5572984609375 0.5877386015625
0 0 0.55112055625 0.007620753125 0.5562971328125 0.059884926562499996 0.4749003703125 0 0.436297565625 0 0.55112055625
0 0.0798681296875 0.5154967234375001 0.0712295578125 0.5278958406250001 0.0758556046875 0.5349294015625 0.0750531 0.5388159375 0.0467928671875 0.5775553015625 0.1428702703125 0.6470336203125 0.1479290640625 0.6470651171874999 0.1604856703125 0.6304097109375 0.18334063437499998 0.6472856 0.1923489609375 0.6380020109375 0.19589723750000002 0.6306301921874999 0.19358421406249998 0.6271134140625 0.1730422734375 0.6137543046875 0.2001617421875 0.570727153125 0.10214107187499999 0.5008475796875 0.0950760125 0.5105324203125 0.086531934375 0.5077551515625001 0.0798681296875 0.5154967234375001
0 0.854515715625 0.7281276953125 0.8509674359374999 0.7354995140625 0.8607070578125 0.79626805625 0.8715326624999999 0.8076209000000001 0.8821144999999999 0.7956230359375 0.911326509375 0.7915242328125001 0.9186983281250001 0.7950725109375 0.9163223109375 0.801673321875 0.9236626328125 0.8102803953125 0.9427935281250001 0.8059419359375 0.9606127890625 0.719643184375 0.9534415968750001 0.715123271875 0.9437252578124999 0.7131170109375 0.854515715625 0.7281276953125
0 0.49618345 0.6531249734375 0.5000699843749999 0.6539274796875 0.5039880171875 0.6496711890625 0.46950494374999996 0.625328990625 0.4659881640625 0.6276420125 0.4659566671875 0.6327008078125 0.49618345 0.6531249734375
0 0.726283328125 0.7604073078125 0.7479345375 0.783113 0.6946870875 0.8349279953125001 0.7523003890625 0.8944379984375 0.75970370625 0.8929274812499999 0.8110078875 0.8407112328125 0.7723315171875 0.802333409375 0.796240965625 0.7748523984375 0.7711044765625 0.749400934375 0.8108353296875 0.7434218593749999 0.8075075328124999 0.7153821078125 0.761545625 0.7221006953125 0.7629931484375 0.7396216015625 0.75330830625 0.73255654375 0.734520646875 0.749951459375 0.726283328125 0.7604073078125
0 0.26320359375 0.6333841812500001 0.2270758 0.6856949203125 0.2793865390625 0.7218227140625 0.2925881609375 0.7265747499999999 0.296474696875 0.7273772546874999 0.3031385015625 0.7196356828125 0.3121783265625 0.7052932984375 0.312209821875 0.7002345015625 0.308724540625 0.69748873125 0.305207759375 0.699801753125 0.2875608625 0.7214844578124999 0.28719110937500003 0.7183689296875 0.327638190625 0.65985863125 0.28966983125 0.632770659375 0.277545978125 0.642424003125 0.26320359375 0.6333841812500001
0 0.5516645 0.7425864984375 0.545464940625 0.7382672125 0.52041473125 0.7614604359375 0.5033895671875 0.745788303125 0.4720768015625 0.7747798312499999 0.47553058750000005 0.7825844 0.51420695625 0.8209622234375 0.51966700625 0.8190504531249999 0.5318223546875 0.8043383140625 0.55655759375 0.8317330453125 0.5654714281250001 0.8376258453125001 0.60264549375 0.8047792765624999 0.6213071625000001 0.8076195437499999 0.6351620171875 0.769957946875 0.6531786671875001 0.75139076875 0.656357190625 0.7409034218749999 0.6136053 0.7320758671875 0.593031859375 0.7237755546875 0.587107565625 0.7377481828125 0.5734101984375 0.750115803125 0.5618135875 0.737590696875 0.549689734375 0.7472440390624999 0.5516645 0.7425864984375
0 0.5430259296875 0.7549856140625 0.538738140625 0.7561263765625 0.5414524171874999 0.757699890625 0.5430259296875 0.7549856140625
0 0.3074495734375 0.7772571984375001 0.320037675 0.7555429953125 0.28749786875 0.7316020484375 0.2596073921875 0.773456940625 0.3030043 0.8036919375 0.3061198265625 0.803322184375 0.3175041703125 0.787437784375 0.3155924 0.7819777359375 0.3074495734375 0.7772571984375001
0 0.510540903125 0.78474815 0.517110215625 0.7921829640625 0.515198446875 0.786722915625 0.510540903125 0.78474815
0 0.9027237609375 1 0.917312875 0.929344853125 0.88228705625 0.8929124109375 0.8772282609375001 0.8928809140625 0.8529490578125 0.917246396875 0.8359238937500001 0.901574265625 0.7689790796875 0.9657568812499999 0.76894758125 0.9708156765625 0.794084071875 0.9962671406249999 0.8340039109375 0.9599352921875001 0.8622244312499999 0.990075796875 0.8753881546875 1 0.9027237609375 1
0 0.47208365781249995 0.9611842578124999 0.506637940625 0.9115877921875001 0.488039265625 0.8986299359375 0.4667893109375 0.8739809765625 0.4570099765625 0.8820923046875 0.3919303640625 0.8342104125 0.3546618078125 0.8822333640625001 0.3498467765625 0.9055525765624999 0.45249349531250005 0.9824657109375 0.45560902187499996 0.9820959531250001 0.47208365781249995 0.9611842578124999