0 0.580121340625 0.0924602171875 0.651653646875 0.1575965640625 0.7093311609375 0.0958624375 0.7530666015625 0.1332760640625 0.8203648937500001 0.0634566375 0.8244451640625 0.0551157359375 0.7705077828125 0.0044826828125 0.721798478125 0.0041993 0.6905367375 0.036997210937500004 0.6542625859375 0.0038063890625 0.6103234109375 0.0035507578125000003 0.5532135359375 0.0634991453125 0.580121340625 0.0924602171875
0 0.879102671875 0.0985771828125 0.8988682375 0.0790191078125 0.8909784265624999 0.0714053484375 0.8936456250000001 0.0676902828125 0.9321287421875001 0.0353490953125 0.9270403421875001 0.0053933625 0.8951080296875 0.0052075859375 0.8634994515625 0.032609409374999995 0.8662138140625 0.0421166921875 0.8451941234374999 0.06076399375 0.879102671875 0.0985771828125
0 0.97895065625 0.33688205 0.9602802671875 0.3628875078125 0.9765838984374999 0.3747275421875 0.9870622250000001 0.35874599687500003 0.9832370390625 0.3362268828125 0.97895065625 0.33688205
0 0.3474864640625 0.45103968749999995 0.3417870078125 0.45632069218750004 0.33321424374999997 0.45763102343749995 0.3131954015625 0.45628101875000004 0.30393968125000004 0.466515440625 0.2941599546875 0.48013734843749994 0.3845041421875 0.558935275 0.398299521875 0.568953765625 0.41147656718750003 0.5559150484375001 0.4293993796875 0.5708149828125 0.454134284375 0.5416776484375 0.35877359375 0.4592366359375 0.3474864640625 0.45103968749999995
0 0.6668516984374999 0.460655784375 0.7067775968750001 0.48211475156250005 0.7254008203125 0.44288694843750004 0.685474921875 0.42142798125 0.6668516984374999 0.460655784375
0 1 0.434911509375 0.9999674359374999 0.43471980312499997 0.95702444375 0.40197135624999997 0.8750242515625001 0.508214290625 0.937571571875 0.5592894953124999 1 0.47840457187499996 1 0.434911509375
0 0.3746423421875 0.6497421265625001 0.3835801671875 0.6505809203124999 0.399424409375 0.6338271375 0.38829622812500003 0.62009358125 0.340433353125 0.5777985125 0.3338448328125 0.5843178703125 0.34424289375 0.593753171875 0.33676530625 0.6015108859375 0.34209970312500004 0.5940807546875 0.3392263921875 0.5901100859375 0.290998459375 0.5456658875 0.2747891578125 0.5602705421875 0.281536625 0.5482145765625 0.251596565625 0.5208194390625 0.22471847031249997 0.5502843578125 0.256277715625 0.580739390625 0.241322540625 0.5962548187500001 0.24403690312499998 0.6057621 0.21679374999999998 0.633077890625 0.2628784921875 0.677849671875 0.303822696875 0.6341076796875 0.31223651406249997 0.63833395625 0.337160075 0.6620860046875 0.3746423421875 0.6497421265625001
0 0.273011025 0.5627472546875001 0.2642793125 0.5695941953125 0.260199040625 0.5779350984375 0.273011025 0.5627472546875001
0 0.36944943750000003 0.69683929375 0.412996221875 0.6813635390624999 0.41566341875 0.6776484734375 0.4120599921875 0.6693795484375 0.4241890203125 0.6631157953125 0.4169821640625 0.646577946875 0.396804375 0.65076455 0.351479459375 0.6687170124999999 0.36176573749999996 0.6969112703125 0.36944943750000003 0.69683929375
0 0.2148514671875 0.7899244921874999 0.37255856875000004 0.7669216921875 0.370209265625 0.7595635406250001 0.3294589203125 0.7073616281249999 0.2148514671875 0.7899244921874999
0 0.8241064625 0.6615220890625 0.814962525 0.65299755625 0.7827971984375 0.70311495 0.833344728125 0.696491309375 0.8370599390625 0.68600128125 0.8241064625 0.6615220890625