0 0.070247353125 0.0008174015625 0.008651368750000001 0.0001006671875 0.0077809328124999995 0.030015640625 0.0216329421875 0.055395640625 0.0819866953125 0.022759878125 0.070247353125 0.0008174015625
0 0.36035328906249997 1 0.23911516718749998 0.8548212421875 0.3075154625 0.796365159375 0.2054238375 0.6516583796875 0.146017353125 0.5801038953125001 0.0114811484375 0.6908288796875001 0.006123171875 0.6958838703125 0.0080239734375 0.7021922453125 0.1360379609375 0.8872560578125 0.231060725 0.99840745625 0.28579288593749996 1 0.36035328906249997 1
0 0.1361180890625 0.1681555171875 0.1027551578125 0.1327928765625 0.058819759375 0.1742437890625 0.0921826875 0.2096064265625 0.1361180890625 0.1681555171875
0 0.0881797640625 0.9202554031249999 0.061511079687500005 0.9413651625 0.06341188125 0.9476735390625001 0.09368122031250001 0.9819039843749999 0.10081497187499999 0.9946176921875001 0.11007755156250001 0.9948872078125 0.133492875 0.9747249625000001 0.0881797640625 0.9202554031249999
0 0.2718724984375 0.23046753749999999 0.2264987921875 0.1780805703125 0.18155239375 0.21845988749999998 0.15924984375 0.196967390625 0.11751823125000001 0.23431371093750003 0.14273258125 0.26318618125 0.15124474375000002 0.2571807921875 0.195607453125 0.3084961625 0.2715695125 0.240880503125 0.267525521875 0.236594121875 0.2718724984375 0.23046753749999999
0 0.34202035 0.4701252328125 0.28034948125 0.40475793125 0.2547523921875 0.4248566953125 0.226444453125 0.3948520296875 0.22007548125 0.3988354265625 0.2159708921875 0.39663163749999997 0.17632187187499998 0.4340385578125 0.270344671875 0.533696903125 0.30993309375 0.49837257656249995 0.3059497 0.492003603125 0.31130767656249997 0.4869486125 0.319516853125 0.4913561875 0.34202035 0.4701252328125
0 0.6147576828125 1 0.555933971875 0.9265704140625 0.5468349906250001 0.9169260578125 0.5416588078125 0.9157332671875 0.5438019984375 0.913711271875 0.5398186046875 0.9073423 0.42802202500000003 0.7738170921874999 0.41963105624999997 0.7756572953124999 0.3867145953125 0.7965852640625 0.41781313593749997 0.8381350843750001 0.3834998078125 0.7996182562499999 0.3140279171875 0.8590853375 0.313906721875 0.8632505234375 0.42755494687500006 1 0.6147576828125 1
0 0.3332274859375 0.557412346875 0.38717395625 0.6017113281250001 0.4615987953125 0.5152917343750001 0.3914157640625 0.45592982187500003 0.38522858125 0.45366543750000005 0.345276578125 0.501485321875 0.36561772812500004 0.5187520390625 0.3332274859375 0.557412346875
0 0.6237318000000001 0.31574241875000003 0.5420833625 0.22061284374999998 0.46832509218749996 0.28412391718749996 0.4913962515625 0.3150183828125 0.46511030625 0.287156909375 0.42986886249999995 0.316354653125 0.439857646875 0.3312357890625 0.4530006203125 0.3451665265625 0.4561548078125 0.344216125 0.4518684265625 0.348260115625 0.5778795734375 0.4947050625 0.6590784125 0.4261996 0.737754453125 0.516031796875 0.8007967734375001 0.462630703125 0.7211703328125 0.3696443171875 0.7063497921875 0.3775505078125 0.659320803125 0.417869228125 0.69254025 0.38652829375 0.6814192734375 0.3747407484375 0.6471888265625 0.4050100859375 0.6401118421875001 0.39750891875 0.5393756421875 0.27785385156250003 0.6090133 0.35595910000000003 0.614371275 0.3509041109375 0.60021730625 0.335901778125 0.6237318000000001 0.31574241875000003
0 0.571622403125 0.17248997187499998 0.576616796875 0.179930540625 0.6500146140624999 0.23625945937499998 0.6878234296875 0.1904615703125 0.60943121875 0.1266920828125 0.571622403125 0.17248997187499998
0 0.7818012828125 0.8289246718750001 0.6817730937500001 0.720754165625 0.6421240734375 0.758161084375 0.742212859375 0.8642490015625001 0.7818012828125 0.8289246718750001
0 0.803448384375 1 0.80188401875 0.9983418703125 0.8062309984375 0.9922152859375 0.7919558328125 0.981378140625 0.8092225484375 0.9610369875 0.7715732390625 0.9297183421874999 0.7674080546875001 0.9295971468750001 0.7425189765625 0.9611804703125 0.75768394375 0.977254396875 0.7801076890624999 0.994581709375 0.783261878125 0.993631309375 0.777734225 1 0.803448384375 1
0 0.7833830703125 0.989466121875 0.79064185 0.990719509375 0.7886804484375001 0.9864937250000001 0.7833830703125 0.989466121875