0 0.5918339359375 0.8732174640625001 0.6825481890625 0.8809367484375 0.6989272375 0.7759336218749999 0.5977531734375 0.76971654375 0.5918339359375 0.8732174640625001
0 0.5562902765625 1 0.5580992250000001 0.9282673359375 0.487285021875 0.9237899734375 0.47213090468749996 0.907055390625 0.3423669609375 0.8929309546875001 0.3333068421875 0.9906354421874999 0.42782741093750004 1 0.5562902765625 1
0 0.7248438265625 0.5055871 0.6351181796875001 0.49923609999999996 0.632826153125 0.6361012828125 0.7137262062499999 0.641575721875 0.708246084375 0.5686799812500001 0.724431865625 0.572822078125 0.7248438265625 0.5055871
0 0.1493032390625 0.906806034375 0.13810974843749999 0.9348931031250001 0.142459909375 0.9594409687500001 0.209078365625 0.96857965 0.2964879234375 0.9721626796875 0.30492911562499997 0.8689116218749999 0.176322228125 0.8561699859375 0.1707387984375 0.908929746875 0.1493032390625 0.906806034375
0 0.1288321140625 0.9703772531249999 0.1353843140625 0.8749628015625 0.0450163640625 0.860932653125 0.038053501562499994 0.9613834265625 0.1288321140625 0.9703772531249999
0 0.20925998906249998 0.8264305437499999 0.21772565781250003 0.8006117203124999 0.13878159375000002 0.7712120203125 0.13474224375 0.805084890625 0.20925998906249998 0.8264305437499999
0 0.25441835468749996 0.8182098828125 0.298138109375 0.7032208234375 0.22886798593750002 0.679856571875 0.21402018906250003 0.72154445625 0.1770187796875 0.7077223781249999 0.1553792796875 0.7703157484375 0.25115125 0.81153885 0.25441835468749996 0.8182098828125
0 0.348434803125 0.582536025 0.3530247203125 0.4827122453125 0.2287432890625 0.47928500312500005 0.228586428125 0.574470975 0.2955135953125 0.57983356875 0.2954890625 0.56459794375 0.346669046875 0.5760159093749999 0.348434803125 0.582536025
0 0.1214691171875 0.46992505781249994 0.00280749375 0.4825672890625 0.0032345203125 0.5559669390625 0.1298040203125 0.5354881218750001 0.1214691171875 0.46992505781249994
0 0.0032644203125 0.47226753906249996 0.12890528125 0.4566989296875 0.10911944375 0.31003088437500004 0.01564469375 0.3208343953125 0.0032644203125 0.47226753906249996
0 0.7460989265625 0.33886610781250004 0.6854775531249999 0.33413042656249997 0.6834187218750001 0.359313665625 0.6405497609374999 0.35506645312499996 0.6315424203125 0.43414454375 0.7211652234375 0.44175352187500005 0.7209595890625 0.3820728671875 0.7449149484375 0.38444622812499996 0.7460989265625 0.33886610781250004
0 0.42795728437499997 0.2502268453125 0.4311241671875 0.1337585453125 0.31608041249999996 0.1261673375 0.314070409375 0.2440205953125 0.42795728437499997 0.2502268453125
0 0.473505471875 0.09733703125 0.47600097343750003 0.020152287499999998 0.422840475 0.0174239546875 0.4238617359375 0.004932078125 0.3504755484375 0.0040781515625 0.34911903906249997 0.09516755 0.473505471875 0.09733703125
0 0.022502703125000002 0.7165328546875 0.04846526875 0.7254524234375 0.05713703437499999 0.6349167296875 0.0271867453125 0.6281405859375 0.022502703125000002 0.7165328546875
0 0.5549443968750001 0.1739516671875 0.5624321890624999 0.12899609218750002 0.49676474531250003 0.12376047500000001 0.4957868125 0.1668203328125 0.5549443968750001 0.1739516671875