0 0.1161288 0.17306715781249998 0.09260708125 0.11301894374999999 0.052554110937499995 0.12668140625 0.012184184375 0.01970434375 0.0045375453125 0.016354940625 0.000208115625 0.0178853765625 0.002032090625 0.17463740625 0.014359620312499998 0.20666086562500002 0.0176584328125 0.20995967968749998 0.0306513203125 0.20576362812500001 0.1161288 0.17306715781249998
0 0.23252560312499998 1 0.24469931093750003 0.9483714687499999 0.24354911562499998 0.9429240374999999 0.15419101875000002 0.9223216937500001 0.1428036515625 0.9710956109375 0.1451799296875 0.9885122109375001 0.1422816265625 1 0.23252560312499998 1
0 0.1687208546875 0.303009434375 0.1705287421875 0.3649786046875 0.15968447187499998 0.36702603749999996 0.1630472859375 0.4692252484375 0.24563068437500002 0.4680125734375 0.24226787187499998 0.3658133640625 0.2096591765625 0.365433928125 0.207851290625 0.3034647578125 0.1687208546875 0.303009434375
0 0.27318631875 0.78133430625 0.2716819828125 0.7454520921875 0.191196609375 0.7401683234374999 0.1880748671875 0.7520869015625 0.18468827968749998 0.8346450046875 0.2684471703125 0.8410536750000001 0.27318631875 0.78133430625
0 0.28306935 0.696678175 0.279529465625 0.5792615750000001 0.23712551406250001 0.5776813515625 0.237378471875 0.5994204812499999 0.1982480375 0.5989651578124999 0.198286740625 0.695691640625 0.28306935 0.696678175
0 0.2807643890625 0.12498963593750001 0.288486915625 0.13486078125 0.341861615625 0.1452631359375 0.34168454531250003 0.13004574375 0.34495806406249996 0.13117064375 0.34813039687499997 0.1235998921875 0.3665320109375 0.0238275546875 0.365407109375 0.0205540375 0.3566861609375 0.018278940625 0.291316996875 0.0044765890624999995 0.283720946875 0.0054750109375 0.2693383171875 0.077037071875 0.26938890937500004 0.08138489843749999 0.27376203125 0.08360940156249999 0.2672908828125 0.087881340625 0.2674173625 0.0987509046875 0.28266004843750003 0.10110188906249999 0.2849857359375 0.11417066406250001 0.2807643890625 0.12498963593750001
0 0.2873635375 0.3185184890625 0.302063128125 0.3675959546875 0.3356702453125 0.36037934374999997 0.3593943328125 0.4378188625 0.43198010781249996 0.418014096875 0.3969564296875 0.303491578125 0.3362892296875 0.3201746015625 0.3295904203125 0.304881321875 0.2873635375 0.3185184890625
0 0.4120741609375 0.481904221875 0.4071326453125 0.5242322859375 0.4409421296875 0.5344069796875 0.44598482656250005 0.5007745671875 0.44470815156250004 0.484457571875 0.4120741609375 0.481904221875
0 0.50262268125 0.7916117046875 0.5646424421875 0.7977674171875 0.5683325796875 0.7412962703125 0.5965934484375001 0.7416251140625 0.6020021734375 0.6460488265625 0.6084986156250001 0.6439508015625 0.606501775 0.6591428968749999 0.616322325 0.6625175984375 0.61936818125 0.64407728125 0.6191911109375 0.6288598890625 0.60942115 0.6298330156249999 0.607120759375 0.6189381546875 0.521187953125 0.6125041890625 0.5192922953125 0.6363919359375 0.5367088953125 0.6387682156250001 0.5182432828125 0.6396401578125 0.515070946875 0.6472109109375 0.513554725 0.703707353125 0.5114567 0.710203796875 0.5049602546874999 0.712301821875 0.50262268125 0.7916117046875
0 0.630514478125 0.48118557656250005 0.6292630984375001 0.4670424953125 0.5955295015625001 0.463389540625 0.5980947390625 0.403644875 0.5241058078124999 0.3962630796875 0.5209334734375 0.40383383281249996 0.509508925 0.5428124921874999 0.5128077375 0.5461113046875 0.5454923203125001 0.5530124796875 0.5445191953124999 0.5627824421875001 0.552165834375 0.5661318468750001 0.6218069390625 0.5734630515625 0.630514478125 0.48118557656250005
0 0.5891699015625 0.19704724843750002 0.6174813625 0.2017239203125 0.6308655734374999 0.1377579078125 0.63073909375 0.1268883421875 0.596777834375 0.1036701703125 0.5594046953125 0.16083619062500001 0.5900671390625 0.1807555484375 0.5891699015625 0.19704724843750002
0 0.7104269546875 1 0.7208368609375 0.95825906875 0.7131649234374999 0.9527357500000001 0.639049515625 0.9344843890625001 0.6276621484375 0.98325830625 0.5993506859375 0.978581634375 0.595472315625 1 0.7104269546875 1
0 0.8124685296875 0.800651134375 0.815868525 0.8126456 0.8886819656249999 0.8124060515625 0.8862922765624999 0.70043688125 0.7634788375 0.700094628125 0.7772053015625 0.7589420546875 0.81201320625 0.7615206984375 0.8124685296875 0.800651134375
0 0.8176614796875 0.5931309734375 0.8698606874999999 0.5959119859374999 0.8719587125 0.5894155421875 0.906741321875 0.589820275 0.9092812625000001 0.527901696875 0.9178504359374999 0.5171333140625001 0.9176227734375001 0.497568096875 0.9120741609374999 0.4877222484375 0.9012045953125 0.48759576875 0.8970085437499999 0.5005886562499999 0.894733446875 0.49186770781250005 0.8838385875 0.4895673171875 0.8207698125 0.486659825 0.8187476734375 0.4996780078125 0.7872132875 0.49822426249999996 0.7857223609374999 0.5568946203125 0.8161824390625 0.5594226734375 0.8176614796875 0.5931309734375
0 1 0.187211859375 0.9453880921875 0.1751087984375 0.9381967765624999 0.210889828125 0.9186315593750001 0.210662165625 0.9021509015625 0.2887206703125 0.9022520859375 0.297416321875 0.913146946875 0.2997167140625 0.90685286875 0.31920604375 0.9155738171875001 0.321481140625 0.9093556265625 0.347492209375 0.9181018703125 0.35194121875 0.9171287453125 0.3617111796875 0.9345706406250001 0.36626137187499996 0.9377429749999999 0.3586906203125 0.9379319328125 0.281529353125 1 0.2965346875 1 0.187211859375
0 0.38846499375 1 0.341407503125 0.9806490734375 0.33395444375 1 0.38846499375 1