0 0.080450184375 0.9995319546875001 0.1271161203125 0.9992604593750001 0.1315165921875 0.969560178125 0.122641809375 0.959916903125 0.0696123296875 0.938130478125 0.080450184375 0.9995319546875001
0 0.17975853749999998 0.91778130625 0.1684209578125 0.98126331875 0.2582311921875 0.99663693125 0.2583246375 0.9984971109374999 0.27062328125 0.998425559375 0.27458279218750004 0.9905877249999999 0.2846350671875 0.9314342874999999 0.2768105765625 0.9277414 0.1838470453125 0.9119185265624999 0.17975853749999998 0.91778130625
0 0.282198928125 0.8131386140625001 0.286289859375 0.78987393125 0.1885376265625 0.7759469109375 0.182113525 0.780187875 0.171591221875 0.8598992375 0.30484743124999997 0.8775955484375 0.3137319078125 0.8176312015624999 0.282198928125 0.8131386140625001
0 0.08750974218749999 0.8015139250000001 0.0408891328125 0.7754002390625 0.05557888125 0.8586244796875 0.08750974218749999 0.8015139250000001
0 0.32693748125 0.75892701875 0.320858628125 0.7999552578125 0.34958840625 0.8059820500000001 0.3576527578125 0.7645921640625 0.32693748125 0.75892701875
0 0.0577345203125 0.754732934375 0.06929984375 0.7331776765625 0.058089465625 0.7219125859375 0.0362489703125 0.72589071875 0.033444960937500004 0.7332255578125 0.0356868125 0.745926678125 0.051778021875000003 0.7558178796874999 0.0577345203125 0.754732934375
0 0.38653155 0.5392547000000001 0.3193795109375 0.5187304 0.3149409078125 0.522609715625 0.30944958906250003 0.537940546875 0.289234803125 0.609181190625 0.3402702546875 0.6254757359374999 0.3408529421875 0.6345821421875 0.3549840296875 0.6391735484375001 0.379395134375 0.626538265625 0.3913129796875 0.589564565625 0.414903959375 0.595503746875 0.4291598234375 0.542749953125 0.39342325625 0.5318577171875 0.38653155 0.5392547000000001
0 0.01208289375 0.612199534375 0.019096634374999998 0.6112991421875 0.017115981250000002 0.5768569796875 0.0059039875 0.5771931593749999 0.01208289375 0.612199534375
0 0.07305764218750001 0.5861161906250001 0.0686190390625 0.58999550625 0.06826409375 0.6228158546875 0.0717674890625 0.625248575 0.1045857734375 0.6254125890625 0.10505822499999999 0.587452759375 0.07305764218750001 0.5861161906250001
0 0.07224478749999999 0.5524849359374999 0.12982185 0.5593990375 0.130054440625 0.56652198125 0.13355783593749998 0.5689547 0.20456578906249998 0.57649328125 0.21392029375 0.4959710109375 0.10589046718749999 0.48186877031249997 0.1024997328125 0.5091003796875 0.0764556484375 0.506678865625 0.07224478749999999 0.5524849359374999
0 0 0.53246 0.04667073125 0.5295054984374999 0.0429420171875 0.46774411562499996 0.0374531234375 0.46567304218750005 0.011291532812500001 0.46839101093749996 0.008490754687500001 0.4525233078125 0 0.4528499078125 0 0.53246
0 0.4059431765625 0.3647751796875 0.40873910625 0.41544669062499995 0.38888411093749997 0.4190631765625 0.39355045781250003 0.457110615625 0.39705385312499997 0.45954333593749996 0.421580040625 0.45917048125 0.4195969640625 0.4421302234375 0.41410807031249997 0.44005915 0.49527853593750004 0.4355105265625 0.493070140625 0.35914161093749997 0.418673875 0.3614327328125 0.4059431765625 0.3647751796875
0 0.2890288734375 0.4106372875 0.285525478125 0.4082045640625 0.164179840625 0.4057402703125 0.16137664062499998 0.407274471875 0.1702465765625 0.45172155937499997 0.2884389140625 0.4537365953125 0.2904292625 0.41857113593750006 0.2890288734375 0.4106372875
0 0.1821789609375 0.31033642499999997 0.177965678125 0.3735444 0.2388135453125 0.375768278125 0.24337692500000002 0.3145437671875 0.1821789609375 0.31033642499999997
0 0 0.381771571875 0.0350121375 0.3821811796875 0.0374652421875 0.3786635171875 0.037002484375 0.3470157234375 0.0883904578125 0.3478918234375 0.09913565625000001 0.3449110265625 0.10696741875 0.296398196875 0.0998503921875 0.2444665203125 0.02673943125 0.2424290671875 0.0179797328125 0.2450482171875 0.015991809375 0.262811771875 0 0.262272359375 0 0.381771571875
0 0.5268502921875 0.161572625 0.51809059375 0.1641917765625 0.521699378125 0.24849454375 0.6071909390625 0.24520608593749998 0.6096440421875 0.24168841875 0.6089462718750001 0.2203195875 0.6437500546875 0.220121953125 0.654495253125 0.2171411546875 0.652401940625 0.1530346609375 0.609656159375 0.1546788921875 0.5997286625 0.156487134375 0.5984433578125 0.16081570625 0.5268502921875 0.161572625
0 0.279485403125 0.1708023125 0.2776174109375 0.1660244796875 0.2704931140625 0.1662985171875 0.2720134328125 0.15169098125 0.2768021328125 0.1497951296875 0.33157599375 0.158243434375 0.339875359375 0.1065745875 0.3209555734375 0.10387903437499998 0.3241112953125 0.0869263890625 0.32224330156250003 0.08214855625 0.2950314203125 0.07891613593749999 0.283703534375 0.072790525 0.2792649296875 0.076669840625 0.276691896875 0.1027288953125 0.2474945140625 0.09985812031249999 0.245626521875 0.0950802890625 0.250537578125 0.0532411453125 0.21620139843750003 0.050282760937500004 0.20977729531249997 0.054523725 0.206151546875 0.0920342953125 0.20124533906250003 0.09906962968750001 0.1931785640625 0.1578614203125 0.2393102328125 0.16378939374999998 0.2325360328125 0.1660468953125 0.19107555625 0.1633625484375 0.1883825921875 0.21196298906250002 0.220383175 0.2132995578125 0.2215485484375 0.23151237187499998 0.27527211875 0.2340102890625 0.279485403125 0.1708023125
0 0 0.2221878 0.0136610609375 0.2263861453125 0.0405349640625 0.14062557656250002 0.033528173437499996 0.1357601328125 0.035748685937500004 0.125119525 0.0066688109375 0.1171092703125 0.004568228125 0.10520849375 0 0.1038253625 0 0.2221878
0 0.063428171875 0.1251959265625 0.051507904687499995 0.179571534375 0.11807725625000001 0.190989428125 0.128362121875 0.1389589328125 0.063428171875 0.1251959265625