0 1 0.8123469015625 0.981868046875 0.8098080109374999 0.9753658765625 0.80389555625 0.97408773125 0.797889790625 0.9660072062499999 0.7944169703124999 0.9555591531250001 0.7946035953125 0.9532545453125 0.8034867046875 0.929927990625 0.802295746875 0.9273231765625001 0.8196242546875 0.9116510984374999 0.81990419375 0.8955961640625001 0.9218733109375 1 0.8990741874999999 1 0.8123469015625
0 0.816386846875 0.0519549375 0.7837645421875 0.04650905 0.7717040140625 0.11303905 0.7733452859375001 0.11582307968750001 0.8494639953125 0.12853014375 0.8634030828125001 0.051115115625 0.8186914546875 0.043071828125 0.816386846875 0.0519549375
0 0.7638303921875 0.4604268859375 0.7646824890625 0.46443073124999995 0.7703325640625 0.4663393390625 0.848029625 0.4766067734375 0.8551807312499999 0.436288390625 0.8455218562500001 0.4352552015625 0.8414501328125 0.4309069609375 0.8493904171875 0.3893687609375 0.848838528125 0.37691951874999996 0.8310362046875 0.3671898484375 0.8247227953125 0.3769483765625 0.779221990625 0.37012490625 0.7638303921875 0.4604268859375
0 0.6962001171875001 0.1180048875 0.7390961078125 0.14215686249999998 0.7583994625 0.1096595421875 0.73409496875 0.09401741875 0.7580704609375 0.048977540624999996 0.7212505921875 0.028736095312499998 0.7027364140625 0.0600136 0.657409971875 0.034297409375 0.6231751921875001 0.095194896875 0.686730003125 0.132642678125 0.6962001171875001 0.1180048875
0 0.5848004390625 0.27955161875 0.5868677609375 0.28433756875 0.638933659375 0.30229715156250003 0.6425793328125 0.304643471875 0.6419159984375 0.31631060781250003 0.7283083968749999 0.34772376562499996 0.734258678125 0.341186978125 0.760713140625 0.268371271875 0.7118668671874999 0.25075608437499997 0.71295625 0.2410908703125 0.708884528125 0.23674262812500002 0.61562683125 0.20263875625 0.5848004390625 0.27955161875
0 0.6519129484375 0.5456206359375 0.6851500640625 0.568739425 0.7762289953125 0.6221737265625 0.79753675 0.5892386968750001 0.7982630046875 0.582795221875 0.674373009375 0.50824405 0.6519129484375 0.5456206359375
0 0.4433022125 0.0779106234375 0.49805024375 0.118329059375 0.49282621718749997 0.118422371875 0.476190596875 0.1388148484375 0.4664688015625 0.1325579984375 0.4458873 0.15904955468749998 0.46660903906250006 0.17756901875 0.48198091249999997 0.185734478125 0.5322508984375001 0.1213353125 0.5313988015625 0.11733146875 0.5204617796875 0.1102925140625 0.5145114984375 0.11682930312499999 0.5695165421875 0.04511124375 0.5670231734375 0.0383233703125 0.530929559375 0.0116384484375 0.5210333984375 0.0242743171875 0.49630285625 0.0066302703125000004 0.4433022125 0.0779106234375
0 0.4849760625 0.6679687484375 0.520643628125 0.6926517484375 0.6098205328125 0.5548125421875 0.574579015625 0.5321314640625 0.4849760625 0.6679687484375
0 0.49181789531250003 0.468500925 0.49454855000000003 0.46161973593749994 0.5446100484375 0.48001703281249997 0.573432040625 0.4035418796875 0.56936031875 0.3991936375 0.5079986703125 0.3769791265625 0.49669852187499997 0.373161909375 0.489106965625 0.376914671875 0.480237265625 0.37466166562500003 0.43218016875 0.3558266625 0.403784225 0.43430373749999995 0.49181789531250003 0.468500925
0 0.43341511875 0.258141328125 0.462643434375 0.2821355375 0.5077523140625 0.223053346875 0.47895005 0.2010610625 0.43341511875 0.258141328125
0 0.43552718593749995 0 0.33272331093749996 0.0224497328125 0.323009365625 0.035045809375 0.3766050953125 0.0799058015625 0.3895465171875 0.08650704687500001 0.43271391875000004 0.033086228125 0.4277901 0.0247341453125 0.44739313750000004 0 0.43552718593749995 0
0 0.37071240625 0.224697390625 0.366703603125 0.2255728109375 0.3435514140625 0.205489134375 0.3259378546875 0.2114304421875 0.2835596296875 0.2636314484375 0.348518428125 0.31753231875 0.39369023125 0.2636737859375 0.4107033765625 0.274623271875 0.4264869 0.2502269546875 0.442759390625 0.2330562171875 0.44190729375000004 0.229052371875 0.432185496875 0.2227955234375 0.43692055312500006 0.21547662656250002 0.4279879328125 0.20799996250000002 0.41250461562499996 0.2239508828125 0.385343625 0.204742625 0.37071240625 0.224697390625
0 0.3243019109375 0.07561527812499999 0.3047953953125 0.0578779171875 0.301149721875 0.0555316 0.297993015625 0.0604108640625 0.28541472031250004 0.050587879687500004 0.253295784375 0.0869312765625 0.24557838906249999 0.0802367171875 0.2399912328125 0.0835517671875 0.21940973437500003 0.11004332187500002 0.28558375625 0.1647262984375 0.26779583281249997 0.189560328125 0.2897327984375 0.2088619 0.322640909375 0.1712986875 0.312493065625 0.1630399171875 0.3398140234375 0.12879175625 0.3433967765625 0.12591441406249998 0.3535446203125 0.134173184375 0.3575534234375 0.133297765625 0.3832960296875 0.1014892359375 0.3362024734375 0.062541696875 0.3243019109375 0.07561527812499999
0 0.374516459375 0.60724440625 0.42299960625 0.6280813328125 0.45583039843749995 0.5507307609375001 0.378670828125 0.51834886875 0.377518525 0.522790421875 0.371079275 0.5221016296875 0.3201656796875 0.499700490625 0.31378935 0.5042353578125 0.2833260859375 0.577926484375 0.371785803125 0.6141255937500001 0.374516459375 0.60724440625
0 0.347993746875 0.8078675890625 0.352428596875 0.8089940906249999 0.35515925312499996 0.80211290625 0.40364239843750005 0.8229498312500001 0.4364731921875 0.7455992593749999 0.3593136234375 0.71321736875 0.3541525171875 0.7185343421875 0.3497176671875 0.7174078390624999 0.298804071875 0.6950067015625 0.2940060953125 0.697101934375 0.26354283125 0.7707930609375 0.347993746875 0.8078675890625
0 0.20545091875 0.28592579218749997 0.215172715625 0.292182640625 0.2437088984375 0.2587165859375 0.2460764265625 0.25505713750000003 0.23027850625 0.24488975625 0.20216837187499997 0.2803577328125 0.1969443453125 0.280451046875 0.25917781562500003 0.2082019640625 0.19421901875 0.1543010953125 0.135205171875 0.22689457656249998 0.18351395312500002 0.26662421875 0.180294328125 0.2662798234375 0.17039816562500001 0.27891569375 0.16389599375 0.273003240625 0.17178775468750002 0.26080508125 0.1652855828125 0.2548926265625 0.1546002453125 0.2687483140625 0.193187228125 0.302221109375 0.19081969999999998 0.30588055625 0.182739175 0.302407734375 0.163232659375 0.2846703765625 0.1584346828125 0.2867656125 0.13121076874999998 0.26233369375 0.12204086249999999 0.2685260875 0.11675391406249999 0.2633957390625 0.038674 0.35481748281250003 0.0967674984375 0.4060276359375 0.11225081562500001 0.390076715625 0.1191161140625 0.39276743125 0.1523873546875 0.3519824796875 0.1632614546875 0.353797775 0.20685490624999997 0.302378878125 0.21080078593749998 0.296279796875 0.2067290640625 0.2919315578125 0.1995635578125 0.297686240625 0.1959178828125 0.295339921875 0.1998637640625 0.2892408421875 0.20545091875 0.28592579218749997
0 0.20511125937500002 0.491306065625 0.24068710625 0.4416380078125 0.240323978125 0.444859746875 0.256547946875 0.4570290484375 0.2924869234375 0.40413925156249997 0.2568193578125 0.37945625 0.23544868124999999 0.4071676234375 0.192852896875 0.37457024375 0.14143060624999998 0.44341096406249997 0.1495740515625 0.45210744375 0.20511125937500002 0.491306065625
0 0.0544969765625 0.133486284375 0.08342508125 0.1659258921875 0.1236245421875 0.13305531718750002 0.10569637812499999 0.11287832499999999 0.0776347671875 0.11900626249999999 0.07277386875 0.1158778390625 0.0544969765625 0.133486284375
0 0.0971540953125 0.6049644359374999 0.0944234390625 0.6118456234375 0.03664454375 0.58675376875 0.01673871875 0.6312042156250001 0.0259808875 0.6746314296875 0.08583421875 0.6996146578125 0.099865025 0.6965506875 0.1414828703125 0.7146969015625 0.1743136625 0.6373463296875 0.1015889453125 0.606090940625 0.0971540953125 0.6049644359374999
0 0 0.5486668734375 0.0012142640625 0.548401709375 0.0963558484375 0.4385894140625 0.0512666921875 0.399204165625 0.035783378125 0.41515508749999996 0.0114159625 0.3942893046875 0.0046135828125 0.39682225 0 0.39291826093750004 0 0.5486668734375