0 0.96090031875 1 0.9875986078125001 0.9542433140625001 0.9373815640625001 0.9230245015625 0.9324351046875 0.9239551531249999 0.9234555906249999 0.9386738046875 0.889985228125 0.916543740625 0.8860326593750001 0.9164977484374999 0.8610819 0.9587004140625 0.9293326046875 1 0.96090031875 1
0 0.45958060312500004 0.8384080484374999 0.4626312625 0.823620409375 0.46074695937500004 0.8077871359375 0.47100780468750003 0.7426847249999999 0.4463214953125 0.739432846875 0.4493376609375 0.7305740593750001 0.44441419687500006 0.7275521421875 0.397017859375 0.72107138125 0.402889225 0.7310217921875 0.3712916671875 0.726701284375 0.36829849531250003 0.7316075015625 0.35799165781250003 0.80461505 0.3757552234375 0.8087745859375 0.3678385875 0.8106588859375 0.3657013359375 0.8383038734375001 0.368648515625 0.8413027953125001 0.400246075 0.8456233015624999 0.45958060312500004 0.8384080484374999
0 0.3192873921875 0.8328227515625001 0.314363928125 0.8298008343750001 0.3134045296875 0.8248486265625001 0.3054878921875 0.826732925 0.30256370781249997 0.8197814359375 0.3124681265625 0.815943846875 0.31053783125 0.8080157124999999 0.317472075 0.805131771875 0.3312485796875 0.8151741671874999 0.3342302515625 0.8122442359375001 0.3383092953125 0.790551096875 0.326474584375 0.7864605515624999 0.3287843015625 0.72917129375 0.232940246875 0.7270678390625 0.2316014265625 0.7873330203125 0.2760620796875 0.788838575 0.2749532125 0.8095780671874999 0.281737984375 0.832385825 0.2916194078125 0.83250080625 0.2995475421875 0.828640221875 0.3192873921875 0.8328227515625001
0 0.14839051406249998 0.8219403046875 0.20076780468750002 0.8215615609375 0.2000728546875 0.7711548046875001 0.1714224765625 0.76983321875 0.1693657078125 0.7836442140625001 0.1466326859375 0.7843679015625 0.14839051406249998 0.8219403046875
0 0 0.8181270187499999 0.0080973046875 0.816355009375 0.0071724 0.8054739453125 0.034840384375 0.8057958921875 0.0437509109375 0.8029349484375 0.0129236984375 0.666203371875 0.00602395 0.6631584593750001 0 0.6658194859375001 0 0.8181270187499999
0 0.309624425 0.7951583656250001 0.324475303125 0.7903901234374999 0.2790207578125 0.7898612125 0.28196793750000004 0.7928601343749999 0.2977897140625 0.79106781875 0.309624425 0.7951583656250001
0 0.0923136046875 0.7787947953125001 0.1684063109375 0.77869200625 0.1677343546875 0.72433268125 0.1143746703125 0.7237117843750001 0.11249036718750001 0.7078785125 0.0867986671875 0.7075795625 0.0837020171875 0.730272340625 0.091595659375 0.7323406109375 0.0923136046875 0.7787947953125001
0 0.44337431406250005 0.7364339249999999 0.4384508484375 0.7334120093750001 0.4176941125 0.7341586906249999 0.44337431406250005 0.7364339249999999
0 0.690002378125 0.639494575 0.5990932875 0.6384367515625 0.59774296875 0.7006782171875 0.6006441578125 0.7115822781250001 0.6322647109374999 0.711950215625 0.635211890625 0.7149491375 0.6360678109375 0.7376879078125 0.7131659046875 0.7346321875 0.716147578125 0.73170225625 0.7252650640625 0.693268190625 0.673870165625 0.6946465749999999 0.67081950625 0.7094342140625 0.6690846734375 0.6679092421874999 0.6908353015625 0.6661859156250001 0.690002378125 0.639494575
0 0.270719609375 0.687979075 0.23317020156249998 0.6875421484375 0.2329632421875 0.7231152703125 0.2715065421875 0.722575553125 0.270719609375 0.687979075
0 0.577250678125 0.6559703546875 0.5634051890625 0.657785665625 0.5604235140625 0.6607155984374999 0.5522884234375 0.7001493062499999 0.553224825 0.7090540859375001 0.5957321906249999 0.7065840765625 0.595812675 0.692750084375 0.591871603125 0.69072780625 0.5920670640625 0.65713096875 0.577250678125 0.6559703546875
0 0.23565238437499997 0.600608621875 0.236600284375 0.607537115625 0.24153524843750002 0.6085827484374999 0.28306021875 0.6051130984374999 0.2860418921875 0.602183165625 0.2786311546875 0.51711094375 0.2697436234375 0.51601931875 0.21634944687500002 0.5213272765625 0.21432717031249998 0.52920941875 0.195535221875 0.5319553828125 0.2040088359375 0.6041932515624999 0.23565238437499997 0.600608621875
0 0.27088698437500003 0.48935097499999997 0.267175865625 0.44780300625 0.2642401828125 0.44282780156249996 0.2602876140625 0.442781809375 0.21380468593750002 0.44915839375 0.220451484375 0.4956815703125 0.27088698437500003 0.48935097499999997
0 0.7833080781249999 0.3984690328125 0.7686986499999999 0.3617352984375 0.7280755890624999 0.3800385796875 0.7426965140624999 0.41479603281250005 0.7833080781249999 0.3984690328125