0 0.10525045625 0.135090309375 0.01760814375 0.1509236453125 0.014850760937499999 0.20353763749999998 0.033525014062500004 0.193917109375 0.049737457812500004 0.192747871875 0.1109782859375 0.1606266890625 0.10525045625 0.135090309375
0 0 0.9744822828125 0.039088779687500005 0.9765308390625 0.0281837203125 0.95072313125 0 0.9625183906249999 0 0.9744822828125
0 0.13229830625 0.254613234375 0.1259416609375 0.260336784375 0.1443870640625 0.2936058015625 0.1503216453125 0.295935715625 0.1491566875 0.2989030046875 0.18857131875 0.278760784375 0.19174964218749999 0.275899009375 0.18634263906249998 0.263502265625 0.19365321093750001 0.25883815625 0.19238273749999998 0.2638188140625 0.1970468453125 0.2711293859375 0.2010735796875 0.2713404171875 0.23338867031250002 0.2518355734375 0.2217305375 0.24314901249999998 0.22893559375 0.24049826875 0.230206065625 0.23551761249999997 0.22554195781250003 0.2282070421875 0.22045578593749998 0.22894993437500002 0.18080871874999999 0.1572202125 0.1621608453125 0.1663373984375 0.1548459921875 0.15182177187499998 0.112147525 0.176839134375 0.11946237500000001 0.19135476093749998 0.10272235 0.2025908265625 0.13229830625 0.254613234375
0 0.1317180765625 0.9783569906249999 0.13371698125 0.98149009375 0.2043765390625 0.9851932046874999 0.1998516921875 0.9688049 0.2153212421875 0.9625494890624999 0.2164861984375 0.959582196875 0.20026519375000001 0.922391965625 0.22304531718749998 0.911472446875 0.2087321609375 0.876401096875 0.2057648703125 0.8752361390625 0.17472025156249998 0.8897603265624999 0.17291791875 0.885628078125 0.1688911875 0.885417046875 0.1440976984375 0.8962310499999999 0.13975441718749998 0.9020601156250001 0.1170798109375 0.91096626875 0.1013992296875 0.9212484109375 0.126631903125 0.979099884375 0.1317180765625 0.9783569906249999
0 0.35567224999999997 0 0.3316714078125 0.013709401562500001 0.3272226109375 0.021551832812499998 0.21936209843749999 0.076465978125 0.1698806390625 0.0960806203125 0.17942416875 0.125854765625 0.18228594375 0.1290330890625 0.2008283015625 0.12192926875000001 0.21735729374999999 0.1147199328125 0.2196872078125 0.1087853515625 0.2235029078125 0.113023115625 0.229648521875 0.111326296875 0.34789241249999997 0.050899634375 0.342590928125 0.0364895234375 0.3519191453125 0.051110665624999996 0.35806475781249997 0.049413848437500005 0.4205760609375 0.012312009375 0.4237543828125 0.009450234375 0.42216308125 0.0012912546875 0.4242695140625 0 0.35567224999999997 0
0 0.23389912656249998 0.165049803125 0.2479969703125 0.18496815 0.24937295937499998 0.1779741265625 0.25657801406249997 0.175323384375 0.2788391171875 0.212830165625 0.291341378125 0.205409796875 0.297064928125 0.2117664421875 0.30109165937500004 0.211977475 0.361484078125 0.17678348593749998 0.36720762812499996 0.1831401328125 0.3817232546875 0.17582528125000002 0.38903810625 0.1903409078125 0.442119953125 0.15981102656249999 0.440528653125 0.151652046875 0.39621747812499997 0.0726117546875 0.39144785312499997 0.0673145484375 0.3705755796875 0.08035295 0.3631552125 0.067850690625 0.252964784375 0.12869941875 0.25455608750000003 0.1368583984375 0.2486215046875 0.134528484375 0.23919205312499997 0.14110044375 0.254670165625 0.173204503125 0.243434096875 0.156464478125 0.23389912656249998 0.165049803125
0 0.25260414999999997 0.8867759124999999 0.2678712296875 0.9229067046875 0.328795509375 0.8968256203125 0.302714425 0.8359013421875 0.24899520000000003 0.8593316812499999 0.22133993749999997 0.8669673625 0.233107865625 0.8928202921875 0.25260414999999997 0.8867759124999999
0 0.2938339546875 0.92830514375 0.2575976484375 0.9455855906249999 0.271910803125 0.9806569421875 0.27678594375 0.98394078125 0.29130157031250004 0.976625928125 0.29715915625 0.990055734375 0.3754094 0.99415665625 0.351905021875 0.9374052078125 0.3023180453125 0.959033215625 0.2941547828125 0.9414447812500001 0.2984980640625 0.9356157156249999 0.2938339546875 0.92830514375
0 0.449610309375 0.9606957875000001 0.47610061718749996 0.9560273984375 0.4915701671875 0.9497719874999999 0.47959120781250003 0.927945790625 0.4588244515625 0.9389708265625 0.448757621875 0.9384432453124999 0.44144705 0.9431073546875 0.449610309375 0.9606957875000001
0 0.4792446953125 0.79972774375 0.47617616875 0.8197558875000001 0.46430700312499995 0.815096059375 0.46409597187499996 0.819122790625 0.469819521875 0.8254794375 0.4703556640625 0.8537720765625 0.503202615625 0.8433801390625 0.4893115234375 0.800255325 0.48242301718749997 0.7968659687499999 0.4792446953125 0.79972774375
0 0.5518648859375 0.0020319500000000002 0.5874744062499999 0.025096573437500002 0.59266609375 0.022340314062499998 0.60368256875 0.004747599999999999 0.5518648859375 0.0020319500000000002
0 0.5460237234374999 0.8930683500000001 0.5499449390625 0.8952927484375 0.5706061796874999 0.8862810781249999 0.573784503125 0.883419303125 0.5732526421874999 0.8743063984375 0.604297259375 0.8597822109375001 0.611717628125 0.8722844703125 0.6282466203125 0.8650751359375001 0.622202240625 0.845578853125 0.6325856203125 0.8400663343750001 0.611063128125 0.7884659921875 0.603220696875 0.7840171953125 0.5897559515624999 0.752018653125 0.5040381843749999 0.788913740625 0.5439005609375 0.8757964640625 0.5427356046875 0.8787637546875 0.5391309375 0.870499259375 0.515607921875 0.8763326062499999 0.5210149234375 0.88872935 0.5296002484375 0.8982643187500001 0.5458126921875001 0.8970950828124999 0.5460237234374999 0.8930683500000001
0 0.6125745984375001 0.9137167484375001 0.6028200359375 0.887969334375 0.55026576875 0.9084323859375001 0.562033696875 0.9342853140624999 0.6125745984375001 0.9137167484375001
0 0.6603207156249999 0.7153388796875 0.640081540625 0.7162970843750001 0.624506471875 0.7245658609375 0.669032959375 0.81875915625 0.9334127203125 0.8013218265625 0.8451026390624999 0.6180214078125 0.6712316734375 0.69975953125 0.657669971875 0.708133821875 0.6603207156249999 0.7153388796875
0 0.7142002546875 0.0105395859375 0.6894131781249999 0.025391718749999997 0.7143250250000001 0.070103553125 0.8129197203125 0.0157132546875 0.7142002546875 0.0105395859375
0 0.702812434375 0.7135279828125001 0.7270783421875 0.712780809375 0.718281984375 0.707272571875 0.7157367578125 0.6980541515625001 0.7046104875 0.698480496875 0.7101230046875 0.708863875 0.702812434375 0.7135279828125001
0 1 0.234148884375 0.91496581875 0.28654606875 0.8691945406249999 0.31241183906250003 0.8632599609374999 0.3100819265625 0.8549954625 0.31368659375 0.759215146875 0.3692338359375 0.7559313078125001 0.3741089765625 0.7772384859375 0.41055631718749996 0.9065074125000001 0.370896409375 0.9772832093750001 0.330189903125 0.9774942421875 0.3261631703125 0.9834288234375 0.328493084375 1 0.31802838125 1 0.234148884375
0 0.79346955 0.9676127593749999 0.87007869375 0.95042926875 0.8560778062500001 0.8901380859374999 0.931733025 0.8718951515625 0.92250604375 0.8360809093749999 0.8918834890625 0.8425516328124999 0.8876457249999999 0.8463673328124999 0.885843390625 0.8422350859375 0.881816659375 0.8420240531250001 0.83106044375 0.847439615625 0.8310647265625001 0.86661935 0.8379532328125 0.8700087046875 0.850244459375 0.8666150703125 0.8518357625 0.8747740500000001 0.775121103125 0.8939709078125 0.79346955 0.9676127593749999
0 0.82339908125 0.7047059421874999 0.84056545 0.7045961468749999 0.8419414390625001 0.6976021234374999 0.8389741468749999 0.696437165625 0.82339908125 0.7047059421874999
0 0.9972434421875 0.5656912296875001 0.9899423531249999 0.5509129890625 0.8978679390625001 0.5935316265624999 0.9857732046875001 0.7845564 0.9972434421875 0.5656912296875001
0 0.9744822828125 1 0.9817398531249999 0.861517315625 0.9212441312499999 0.8794210375 0.9482877015625 0.9797642265625001 0.9523144328125 0.979975259375 0.949879003125 0.9879232078125 0.9532134328125 1 0.9744822828125 1
0 0.9763350640624999 0.8298169375000001 0.9836034296875 0.825958175 0.984000553125 0.8183805984375001 0.9568216578125 0.7591423765624999 0.94739220625 0.7657143359374999 0.9490890234375 0.7718599484374999 0.9763350640624999 0.8298169375000001