0 0 0.10728326875000001 0.0187154484375 0.11242351718750002 0.025857065624999998 0.09672281875 0.0481407171875 0.01964264375 0.0429451125 0.01462943125 0.018624946875 0.0081067296875 0 0.008648440625 0 0.10728326875000001
0 0 0.42282752187500006 0.0039888218750000004 0.4227115046875 0.011190540625 0.4173377140625 0.01723293125 0.39030746562499996 0 0.3857500359375 0 0.42282752187500006
0 0 0.5617258640625 0.008950706249999999 0.56510263125 0.0140501421875 0.55359279375 0.019209684375 0.552409859375 0.089641496875 0.581347303125 0.095840159375 0.5811670140625 0.1355724875 0.4839548953125 0.0454695046875 0.4483595359375 0.02816508125 0.49327605625000004 0.0074668109375 0.48768087656250003 0 0.5065405140625 0 0.5617258640625
0 0.2063996171875 0.22574421875 0.20637557499999998 0.22161345625 0.1970475296875 0.21672043749999997 0.10801973125 0.18832386406249998 0.10289625312499999 0.195702940625 0.0723958015625 0.2812850265625 0.06849175625000001 0.32064746718750003 0.11301767656249999 0.33691113437500003 0.1192163390625 0.3367308453125 0.12224955468750001 0.32528110312499997 0.12534287500000002 0.32415826718749996 0.16468521249999998 0.3374741046875 0.2063996171875 0.22574421875
0 0.1235838765625 0.5545384421875 0.1177218015625 0.6125494140625001 0.1116072859375 0.6271873718750001 0.160289690625 0.647461609375 0.17251871875 0.6181856906250001 0.257450140625 0.6528986031249999 0.29720651249999996 0.559817246875 0.167761190625 0.5109060484375 0.1473874875 0.5610761671875 0.1235838765625 0.5545384421875
0 0.24866028281250002 0.030336340625000003 0.241410478125 0.0274486046875 0.17314105156249998 0.014974115625000001 0.170059753125 0.018162334375 0.1600291734375 0.070097353125 0.15695989531250001 0.0753509515625 0.14455055156250002 0.0736461484375 0.1414692515625 0.076834365625 0.1293724484375 0.1288294796875 0.22144548749999998 0.1478416921875 0.24869634375 0.0365324828125 0.24866028281250002 0.030336340625000003
0 0.3143359453125 0.3072998421875 0.304995878125 0.30034144218750003 0.23873256875 0.2774799515625 0.22245524374999998 0.321333734375 0.1976125140625 0.3137933640625 0.1924649921875 0.3170416796875 0.163982678125 0.39430214218750004 0.1815876265625 0.4010201578125 0.2104546109375 0.3898519 0.22078571249999998 0.38955141718749997 0.2746276578125 0.408642725 0.2797511359375 0.4012636484375 0.3143359453125 0.3072998421875
0 0.3373581953125 0.179587775 0.3601226859375 0.18512285781249999 0.38137923749999997 0.1091054234375 0.380292034375 0.0998412546875 0.301655440625 0.08147110625000001 0.298574140625 0.084659321875 0.2864893609375 0.13871981875 0.27202581875 0.1391404921875 0.2619231125 0.1786832234375 0.27330535624999996 0.1814507640625 0.2722902796875 0.1845788859375 0.2774738609375 0.1875267171875 0.3250690609375 0.1985367859375 0.33229482187500003 0.197293759375 0.3373581953125 0.179587775
0 0.4606302734375 0.5881157296875 0.4492119671875 0.57915204375 0.3622023046875 0.5424338484375 0.343834715625 0.5822169640625 0.3427835734375 0.5791489390625 0.35096431093749997 0.564450884375 0.3354255828125 0.557672771875 0.3302660421875 0.558855703125 0.3017236234375 0.6257892609375 0.3193405921875 0.63457265625 0.329647653125 0.6301414109375 0.4249462390625 0.670749984375 0.4606302734375 0.5881157296875
0 0.34776812343749997 0.370365125 0.34465076093749997 0.367357196875 0.3343316796875 0.369723059375 0.32512384375000003 0.3854838546875 0.3251839484375 0.39581076406250004 0.3325058765625 0.4110907859375 0.34776812343749997 0.370365125
0 0.4255939921875 0.4269748765625 0.42245258750000003 0.4198361890625 0.4489167671875 0.35089734687499996 0.44888070312500006 0.3447012 0.4436971203125 0.3417533703125 0.36915690625 0.3170668859375 0.3315268609375 0.4204150515625 0.41125065781250003 0.4480493671875 0.40713023593750003 0.45023494218750004 0.3946968515625 0.44439937812499997 0.38756725468750003 0.46216545625 0.42173803125 0.47459884375000005 0.4370123 0.4359385640625 0.4369762375 0.4297424203125 0.4255939921875 0.4269748765625
0 0.4728405859375 0.3780888859375 0.46673808906250003 0.394792228125 0.44916920468750005 0.3942703578125 0.4390184171875 0.4255515609375 0.43918670937500004 0.4544669 0.4310540546875 0.4774264828125 0.43009908125 0.49088151093750004 0.45908627500000004 0.5003670671875 0.469417378125 0.5000665843750001 0.47138743125 0.4834834375 0.5499518984375 0.48946129687499995 0.5685478828125 0.488920428125 0.5716171625 0.48366683125 0.5590996296874999 0.46337359375 0.5589794218749999 0.44271977968750004 0.5507025171875 0.440894784375 0.5537597734374999 0.4335758046875 0.5589313359375 0.43445825468750005 0.561760196875 0.3878970265625 0.5307428468750001 0.38466771093749996 0.5266464671875 0.3909840484375 0.5059842609375 0.3915850140625 0.4987344578125 0.388697278125 0.4955810328125 0.37949320625 0.4728405859375 0.3780888859375
0 0.4657884375 0.23162709375 0.544413009375 0.2479318609375 0.571711953125 0.144884178125 0.5706608109375 0.141816153125 0.5582394453124999 0.13804596875 0.48995799843750004 0.1235061015625 0.4626710765625 0.22861916718750003 0.4657884375 0.23162709375
0 0.5518604687499999 0.10724553750000002 0.548827253125 0.1186952796875 0.58917265 0.126817615625 0.5922539484375 0.12362939843750001 0.60030245625 0.0862121453125 0.5971610515625 0.07907345625 0.5723423624999999 0.07566385 0.5652969140625 0.10788760156249999 0.5518604687499999 0.10724553750000002
0 0.68442453125 0.5144703671874999 0.6802920890624999 0.5145905609375 0.6597140296874999 0.5296491953125 0.6535153671875 0.529829484375 0.6504460890625 0.53508308125 0.65149723125 0.5381511046874999 0.703296996875 0.561433271875 0.7084565375 0.5602503390625 0.7166252515625 0.5434869015625 0.7113575234375 0.5260814015624999 0.68442453125 0.5144703671874999
0 0.7730609625 0.298089190625 0.766934425 0.3106617703125 0.7741842296875 0.3135495046875 0.7752473921874999 0.318682909375 0.7466568875 0.37735494062499997 0.7394191046875 0.37653258749999996 0.7332925703125001 0.389105165625 0.723976546875 0.386277528125 0.7076391156249999 0.4198044 0.7015246 0.4344423609375 0.7077593249999999 0.440458215625 0.7077953859375 0.4466543609375 0.689403759375 0.4823067140625 0.6925451625 0.48944540312499996 0.7629889953125 0.520448228125 0.7711817546875 0.507815553125 0.78569338125 0.5156564046875001 0.7887867015625 0.51453356875 0.9071489234375001 0.25700605625 0.904019540625 0.251932746875 0.8926252765625 0.2470998234375 0.8977126906249999 0.233524603125 0.8417684624999999 0.2082972484375 0.8335516640625 0.2167991609375 0.82319651875 0.212968878125 0.8109314265625001 0.23604865312499998 0.802654521875 0.2342236578125 0.7965159640625 0.2447308546875 0.7892781828125 0.2439085015625 0.7668262375 0.29207333593749996 0.7730609625 0.298089190625
0 0.8498410109375 0.175010759375 0.8621541875000001 0.1601925109375 0.9512420921875 0.1989159921875 0.992058953125 0.11050906875 0.9918466468749999 0.0740313375 0.906913828125 0.0390782640625 0.890600440625 0.076735903125 0.8647065671874999 0.0661275109375 0.8320918109375001 0.14350816718749998 0.809435509375 0.1565615171875 0.8498410109375 0.175010759375
0 0.9222495765625001 0.36605059687499997 0.9223577640625 0.3846390296875 0.912146871875 0.405593325 0.9121949546874999 0.41385485156249996 0.9153243390625001 0.41892816093749996 0.9650458640625 0.4402050421875 0.9773349984375 0.4212560296875 0.9938235484375 0.41369395156250005 0.9930914171874999 0.2879023875 0.9889509625 0.28664565625 0.9631893187499999 0.2987564609375 0.9346469015625001 0.36569001874999996 0.9222495765625001 0.36605059687499997