0 0.057079357812499995 0 0.055630582812499996 0.011860712499999999 0.15153011249999998 0.023413662499999998 0.154529115625 0 0.057079357812499995 0
0 0.3782400453125 0 0.378656640625 0.0098128234375 0.3847157578125 0.0120753015625 0.387411596875 0.021398270312500002 0.3935541453125 0.021612815625 0.41419616406250004 0.0182321046875 0.4155119265625 0.0111001 0.42386885 0.007290296875 0.42312797187499995 0 0.3782400453125 0
0 0.9713777625000001 0.1320321875 0.9992447453125 0.1298173765625 0.9997005906249999 0.05146401874999999 0.980774075 0.052377384375 0.9793105703125 0.0379703453125 0.93294945625 0.0435290109375 0.9370896859375 0.09289392656249999 0.9463452218749999 0.0921917796875 0.949625071875 0.087179221875 0.951691703125 0.0616158296875 0.951839446875 0.0831548734375 0.9535532437500001 0.09141811562499999 0.9575648453125 0.0936090796875 0.9591117828125 0.10596818593749999 0.9581940546875 0.1284954390625 0.9611401828125 0.1316746109375 0.9713777625000001 0.1320321875
0 0.6214576234375 0.06443738125000001 0.563145134375 0.061375226562499996 0.562959159375 0.0911059984375 0.6202061765625 0.09515636093749999 0.6214576234375 0.06443738125000001
0 0.3341518875 0.271792084375 0.3479126375 0.160501609375 0.34087147500000003 0.1571794078125 0.2653636765625 0.14838954375 0.2494719796875 0.2616564359375 0.3341518875 0.271792084375
0 0.462618728125 0.213728353125 0.4617201171875 0.210620696875 0.432239709375 0.20446389375 0.42459542343749995 0.24111212499999998 0.4212321453125 0.24817261406250002 0.4182025859375 0.247041375 0.41582135156250005 0.2551615875 0.43301666250000004 0.26088929843750003 0.462618728125 0.213728353125
0 0.5847640171874999 0.2856725484375 0.5820872921875 0.250714671875 0.592408303125 0.2490243171875 0.5901296125 0.2294616890625 0.557285928125 0.230365375 0.5520419921874999 0.233258484375 0.5560153640625 0.2867192640625 0.5733775343749999 0.2883511109375 0.5847640171874999 0.2856725484375
0 0.49349315000000005 0.43732352656250006 0.4957075234375 0.43329917812499996 0.50815948125 0.42963240625 0.5588659140625001 0.418072975 0.5345390453125 0.3105792953125 0.5243848953125 0.308173784375 0.5287302171875 0.30217302031250004 0.5294810859375 0.28374163281250003 0.5196606546875 0.273144396875 0.52007780625 0.262904734375 0.5263872109375 0.2590234171875 0.5255720296875 0.2538678296875 0.49780542031249997 0.2559742703125 0.49655397187499994 0.28669325 0.49916638124999996 0.29806414999999997 0.5073564453125 0.29835021093749997 0.5231525625 0.3132578578125 0.47973757812500006 0.3219956953125 0.469249709375 0.3277819140625 0.46745248281249996 0.321566603125 0.46335745156249997 0.3214235734375 0.3897946203125 0.3403880640625 0.41608557656249995 0.4500011921875 0.420995790625 0.45529980937500003 0.49349315000000005 0.43732352656250006
0 0.554809115625 0.36666012812500004 0.5579029890625 0.39137834374999997 0.5607656875 0.39660544531249997 0.57411625625 0.39604633125 0.5744308609375001 0.41348951093749997 0.5949060203125 0.4142046640625 0.6709143984375 0.4107069359375 0.67820585 0.40788534062500004 0.6736223875 0.2939032953125 0.6037565546875 0.29761556875 0.6031725453125001 0.31195109374999996 0.5692633875 0.3138429875 0.5724858890625 0.38573515468749997 0.56922515625 0.36511280468749996 0.5600530484374999 0.36376701875 0.554809115625 0.36666012812500004
0 0.7631099625 0.3370204046875 0.7664089296875 0.3063729375 0.75936776875 0.3030507359375 0.7409401234375 0.3024070984375 0.734444740625 0.3360191890625 0.7599135453125 0.339985028125 0.7631099625 0.3370204046875
0 0.008577734375 0.2860560515625 0.0048271015625 0.30262479375 0.0022464609375 0.365971134375 0.0794325765625 0.3838952 0.09816785781250001 0.30149031875 0.0117741515625 0.2830914265625 0.008577734375 0.2860560515625
0 0.3634272015625 0.33331456875 0.376963746875 0.3030246796875 0.376065134375 0.29991702343750004 0.3719701 0.2997739921875 0.35983275 0.3208839453125 0.3556160578125 0.3740586625 0.361675175 0.376321140625 0.36009000625 0.4152318484375 0.37745217656249996 0.41686369531249995 0.3800193890625 0.3790127109375 0.363806121875 0.3743447234375 0.3634272015625 0.33331456875
0 0.8327063921875 0.3650868328125 0.8746387531250001 0.3675768640625 0.8657047875 0.4862138921875 0.975121746875 0.4931118609375 0.9869566421875 0.32843212187500004 0.834625278125 0.317984396875 0.8297602625 0.3619076625 0.8327063921875 0.3650868328125
0 0.7464222 0.4194968015625 0.7584309234375 0.351212896875 0.7269030015625 0.344984578125 0.71497770625 0.41122055 0.717923834375 0.414399721875 0.7464222 0.4194968015625
0 0.25340711875 0.3663870296875 0.26577564374999996 0.364768190625 0.26849059999999997 0.3484562484375 0.220665978125 0.339607875 0.215486359375 0.36608796250000003 0.142192934375 0.35327375 0.1389130859375 0.35828630625 0.11982497031249999 0.47451782500000006 0.21449216718750003 0.49115484687500005 0.23234795 0.3800074015625 0.24971012187500002 0.3816392484375 0.25340711875 0.3663870296875
0 0.5993035078125 0.55791748125 0.637872590625 0.5674680015625 0.64386739375 0.5461435031249999 0.6532063625 0.543393425 0.7079887140625 0.5576119328125 0.7006138328125 0.5624814578125 0.6991312093750001 0.5737093265625 0.7437594125 0.585522325 0.747456409375 0.5702701078125 0.751634871875 0.56836520625 0.7563139125 0.5541727125 0.7675717671875 0.504320196875 0.6357346765624999 0.46895271875000005 0.6183725046874999 0.46732087343749995 0.5990723328125 0.5384263703125 0.596357378125 0.5547383109374999 0.5993035078125 0.55791748125
0 0.5558050921875 0.5687032515625 0.559084940625 0.56369069375 0.5652657203125 0.512635425 0.5357853140625 0.5064786234375 0.52624125625 0.5645943812499999 0.5558050921875 0.5687032515625
0 0.993325184375 0.5747560859374999 0.90684805 0.558405125 0.890243715625 0.638833590625 0.9766374203125 0.6572324843749999 0.993325184375 0.5747560859374999
0 0.31064895625 0.5970557000000001 0.3261304703125 0.5945201671875 0.3246860796875 0.5544782203125 0.2938899109375 0.555453421875 0.2930556125 0.575932740625 0.2131190578125 0.5751915750000001 0.20992264062500002 0.5781562 0.2105136171875 0.664312375 0.25039846250000003 0.666730890625 0.3089612421875 0.6636492484375001 0.3080365453125 0.5856848 0.31064895625 0.5970557000000001
0 0 0.6845231484375 0.0035285296874999995 0.6868200953125 0.04619264375 0.696513646875 0.049889645312499994 0.681261428125 0.0602106546875 0.6795710734375 0.0699024546875 0.642994359375 0.0701527453125 0.6368505625 0.06417705625 0.632540153125 0.0704030328125 0.6307067671875 0.0729511296875 0.6184906906250001 0.039542548437500005 0.6080949921875 0.0248762203125 0.6157861125 0.0005563171875 0.6087841328125 0 0.6080167203125 0 0.6845231484375
0 0.223787725 0.7662928906250001 0.22270313593750002 0.7929160078125 0.185847846875 0.79162873125 0.182651428125 0.7945933546874999 0.18127831875 0.878630084375 0.253923421875 0.8821928453125001 0.269488365625 0.8776093796875 0.2692763078125 0.8324833609375 0.3042509390625 0.8296032578125001 0.3037242765625 0.7670340578125 0.223787725 0.7662928906250001
0 0.9424919078125 0.866251575 0.9790969046875 0.873682646875 0.9736669953125 0.9063065296874999 0.9763628343749999 0.9156294953125 0.9804393265625 0.916227621875 0.9852550859375 0.7980164359375 0.9546674906250001 0.79387180625 0.9424919078125 0.866251575
0 0 0.8394275531250001 0.00268208125 0.8334260234374999 0.008991490625 0.8295447046875 0.022444603125 0.80130275 0.024742409375 0.79523046875 0.020730809375 0.79303950625 0.0271236453125 0.78711025625 0.000024475000000000002 0.7728332390625 0 0.7728559390624999 0 0.8394275531250001
0 0.5964808265625 0.8285305703124999 0.6477521546875 0.8282705218749999 0.6492156625 0.8426775624999999 0.6779643156249999 0.8416308453125 0.6771943312500001 0.8856971421875001 0.6925089859375 0.8872574734375 0.764255475 0.8877125781249999 0.76745189375 0.884747953125 0.769203921875 0.8417413796875 0.8040951218749999 0.8409092093750001 0.80576371875 0.7999505703125 0.6838948046875 0.7967193703125 0.6795494828125 0.8027201375 0.6201715203125 0.8006461921874999 0.5944524265625 0.802824146875 0.5964808265625 0.8285305703124999
0 0.42451556874999996 0.897380071875 0.41844948281249994 0.7946258937499999 0.399039796875 0.7929225328125 0.3394115453125 0.7969923828125001 0.3443287265625 0.9027827015625001 0.3868902984375 0.940159090625 0.42451556874999996 0.897380071875
0 0.688696490625 1 0.6888380703125 0.9773664828124999 0.5421486734375 0.9794208937500001 0.5413103109375 1 0.688696490625 1
0 0.146477515625 0.9779060218750001 0.1470511 0.9881802875 0.24638864843750002 0.9916499359375001 0.24851959531249998 0.9896735187499999 0.2470560875 0.9752664796875001 0.14967393281250002 0.9749413984374999 0.146477515625 0.9779060218750001