0 0.0878282015625 1 0.120469396875 0.9315140765625 0.0492680125 0.89601159375 0.061400229687499995 1 0.0878282015625 1
0 0.0340497953125 0.5466072750000001 0.014481042187500001 0.5613492359375 0.0111576359375 0.5693576109375 0.0265636109375 0.7014062437499999 0.08335432499999999 0.6590088187500001 0.1131447453125 0.6315204640625 0.0495189515625 0.5514678515625 0.0340497953125 0.5466072750000001
0 0.048835665625 0.39051101250000003 0.0504481765625 0.3860851609375 0.014945640625000001 0.3554899421875 0.031426028125 0.3325238765625 0.013797748437499998 0.31828043125 0.003715190625 0.31928271874999997 0.0046277953125 0.39771170625 0.0209310578125 0.37942189531250003 0.022352253125 0.38247978437499996 0.0046818296875 0.40235551562499994 0.0061229359375 0.526203884375 0.006582478125000001 0.5301427421875 0.093985925 0.43081106093750005 0.048835665625 0.39051101250000003
0 0.10543753125 0.9212780828125 0.1135547375 0.9087408874999999 0.06512479843749999 0.8677004765625 0.051924090624999995 0.8914069046875 0.05569572187500001 0.8963639203125 0.10543753125 0.9212780828125
0 0.1192941015625 0.273668796875 0.113773309375 0.290213446875 0.10603873125 0.28778315781249997 0.0993427203125 0.30337824375 0.0728593078125 0.295347015625 0.0677758046875 0.3065162453125 0.057690789062500004 0.30218683281250003 0.067283853125 0.30229959375000004 0.069579628125 0.2946066515625 0.0463758953125 0.287315784375 0.0370014828125 0.325571296875 0.0644141375 0.3324437640625 0.166876796875 0.3713120578125 0.191747690625 0.301657175 0.1192941015625 0.273668796875
0 0.0445993796875 0.09874150468750001 0.0384499734375 0.0460333453125 0.004778596875 0.0493805484375 0.012595173437500001 0.10725492343750001 0.0445993796875 0.09874150468750001
0 0.0585380625 0.49191987812500004 0.085376778125 0.5212435703125 0.0798013234375 0.5281961484375 0.1308823375 0.58283608125 0.119485453125 0.5946329140625 0.1376056859375 0.6130930125 0.18671888125 0.5687543703125 0.1737914765625 0.5583091765625 0.1393548453125 0.5915913500000001 0.133724728125 0.588951859375 0.20798213125 0.522918678125 0.2105238828125 0.5173340625 0.17026581093749998 0.4733485234375 0.1530474953125 0.48998960937499997 0.1453129171875 0.4875593203125 0.1380156296875 0.47975361562499996 0.15993481874999999 0.46691078125 0.1465154625 0.45224893593750004 0.11902081718749999 0.4720443484375 0.0997253671875 0.45263468749999997 0.0585380625 0.49191987812500004
0 0.1939615453125 0.8954158624999999 0.245315853125 0.8337922093750001 0.17783644062499998 0.7754504640625 0.1113682765625 0.8535060046874999 0.14334515625 0.8812525328125 0.1608094484375 0.8667197703125 0.1939615453125 0.8954158624999999
0 0.041565684375 0.18222143125 0.05208798906249999 0.18117543125 0.0581280703125 0.21469945156249998 0.0885197671875 0.210611884375 0.09617235625000001 0.239710053125 0.1214258890625 0.23719965156249997 0.1263727390625 0.2431062296875 0.1552065890625 0.253036584375 0.1811433890625 0.24725909375000002 0.17603255 0.21257630624999999 0.22629363906250002 0.20544717656249997 0.22476311875000002 0.18320514999999998 0.20811873281249998 0.09528304531250001 0.1503690453125 0.10209021250000001 0.1407486453125 0.0561254359375 0.0946964796875 0.062836165625 0.1015291515625 0.11227723593750001 0.048234359375 0.12077432968749999 0.0528532453125 0.1512404625 0.0362635328125 0.15502238906250002 0.041565684375 0.18222143125
0 0.1326314890625 0.47922245312499995 0.12607212968749998 0.4777417265625 0.127493325 0.4807996171875 0.1209886265625 0.48891095937499995 0.097019640625 0.5115550625 0.1326314890625 0.47922245312499995
0 0.1614653296875 0.4070408453125 0.17171433281249998 0.4401464640625 0.2041011734375 0.4987775265625 0.2076268296875 0.5016262140625 0.21369423593749998 0.4988902875 0.2906573796875 0.45604869375 0.2566033640625 0.39225141875 0.28346940625 0.38531516250000003 0.3031474828125 0.38975733749999997 0.32154101874999996 0.3740658171875 0.2981186328125 0.328406675 0.2540616046875 0.3157240703125 0.245643759375 0.3165608703125 0.19188435312500002 0.366693328125 0.1837671484375 0.379230525 0.18568029375 0.3865050671875 0.1833298578125 0.38460594062500003 0.1632691515625 0.39513124843749997 0.1604814234375 0.3986075390625 0.1614653296875 0.4070408453125
0 0.5229849140625 1 0.69383935 0.755080940625 0.7010273140625001 0.743702509375 0.6939760015625 0.7380051296875 0.7111123296875 0.748031921875 0.77287961875 0.6661781328124999 0.77796311875 0.6550089 0.7065207609375 0.5991938796875 0.6354610468749999 0.6926353046875 0.6845742546875 0.730408625 0.6300769078124999 0.6921041406249999 0.5126644 0.862667865625 0.50058425 0.877731790625 0.49353293750000005 0.8720344109375 0.48702824062500005 0.8801457546875 0.4007379140625 1 0.5229849140625 1
0 0.30888688750000004 0.0831331078125 0.288088253125 0.08733343593750001 0.2926524765625 0.10820749999999998 0.2777845953125 0.12674771093749998 0.296970721875 0.1269732359375 0.30732905 0.17926299375000002 0.3648327640625 0.170347496875 0.3618810484375 0.14504758281250002 0.4058287546875 0.1385460515625 0.4065120203125 0.1352789609375 0.3925733734375 0.070548446875 0.369178328125 0.070741321875 0.3941858828125 0.0661225921875 0.38323083593749996 0.0117593765625 0.282478528125 0.021774959375 0.29390968281249996 0.082489184375 0.30888688750000004 0.0831331078125
0 0.4750300296875 0.45798197500000004 0.4907451625 0.46495087812499997 0.49563735 0.46126538906250003 0.5265209890625 0.3792825109375 0.42263713437500006 0.337356325 0.41227881718750004 0.3671785328125 0.404790215625 0.3668565703125 0.40200248906249997 0.370332859375 0.3955524546875 0.388036271875 0.402603765625 0.3937336515625 0.38921174375 0.4249238203125 0.42367571249999997 0.437493665625 0.4272013671875 0.44034235468749994 0.4239763515625 0.449194059375 0.4439550671875 0.46533663125 0.4683340203125 0.47357706093749996 0.4750300296875 0.45798197500000004
0 0.53122189375 0.62941665625 0.536387384375 0.5915795453125 0.478774346875 0.581310903125 0.47360885625 0.619148015625 0.4771345109375 0.6219967046875 0.53122189375 0.62941665625
0 0.548494821875 0.21180781718750002 0.5510365734375 0.2062232 0.5021420078125 0.1247061875 0.4263540859375 0.16849734375 0.4374776765625 0.272964096875 0.44365440781250004 0.2894123078125 0.459314878125 0.28678914375 0.49793310625 0.28934851875 0.53384559375 0.268716303125 0.5135115765625 0.23128126718750003 0.548494821875 0.21180781718750002
0 1 0.4923590421875 0.963920934375 0.524552346875 0.8860012046874999 0.4405887234375 0.8817922828125001 0.4410071234375 0.7893873218749999 0.5248401546875 0.79365090625 0.534013821875 0.8520292078124999 0.596459459375 0.8390198156249999 0.6126821453125 0.8550355859375 0.6313514453125 0.876216846875 0.61218363125 0.8884609859375001 0.6258959140625 0.8998578687500001 0.6140990796875 0.90406679375 0.6136806796875 0.9101888609375001 0.6205368234375 0.9024542859375 0.6181065343750001 0.8910573984375001 0.6299033671875 0.876954775 0.6185086109375 0.874659 0.6262015515625 0.884552703125 0.6380147093749999 0.8841154140624999 0.643390125 0.7530648984375 0.7609237296875 0.5896156453125 0.9979144468750001 0.782732359375 0.9787171046875001 0.8831042 0.835440696875 0.8966055468749999 0.8234346640625001 0.9144251390625 0.8301943671875 1 0.7520521921875 1 0.6759659171875 0.9987128843749999 0.676786565625 0.987206675 0.6693992625 0.969988359375 0.6860403500000001 0.9643582437499999 0.6834008593750001 0.9716008687500001 0.6816144953125 0.9946406140624999 0.66012915625 1 0.6655202640625 1 0.4923590421875
0 0.5152880421875 0.009295726562499999 0.50743700625 0.0029521828125 0.473796115625 0.002756465625 0.4655353046875 0.0035776562499999997 0.4842677421875 0.0262424515625 0.4997368984375 0.0311030296875 0.5152880421875 0.009295726562499999
0 0.5594271 0.3237583109375 0.5412248796875 0.3319660921875 0.535895403125 0.341027 0.528898753125 0.3449216890625 0.5423181109375 0.35958353593750003 0.5570493375 0.358119134375 0.56918415 0.35264727812499996 0.5735843859374999 0.3447451390625 0.5653031937499999 0.3285061265625 0.5594271 0.3237583109375
0 0.563253365625 0.09197150312499999 0.571479896875 0.0986184453125 0.5924698453125 0.086934371875 0.5811002843749999 0.062471259375 0.592743146875 0.052782751562499994 0.6068027828125 0.0035302750000000003 0.5435739125 0.0031624203125 0.5337089125000001 0.039456221875 0.5428646859375 0.0449444 0.5558467546875 0.06498166250000001 0.566724359375 0.0852281234375 0.563253365625 0.09197150312499999
0 0.5627614328125 0.25197877968750004 0.5851999109375 0.28920461249999996 0.6106994203125 0.28880253749999996 0.65571301875 0.26406643281250003 0.6248566953125 0.2276773984375 0.6185433140625001 0.22830499999999998 0.5926611765625001 0.243674559375 0.579542459375 0.24071310937499998 0.5627614328125 0.25197877968750004
0 0.7151025421874999 0.21657346249999998 0.7809421015625 0.15137708125 0.72163455625 0.090090209375 0.6553030453125 0.1510699359375 0.655794996875 0.1552865875 0.7151025421874999 0.21657346249999998
0 1 0.85801365625 0.985320884375 0.8722006671875 0.9660254328125 0.8527910046875 0.9536993062500001 0.8657465999999999 0.9560497437500001 0.8676457265625 0.9532620171874999 0.871122015625 0.8838968015625 0.933469709375 0.8816010265625 0.9411626515625 0.9011424531250001 0.9626806390624999 0.8957419140624999 0.9674830515625 1 0.9571189656250001 1 0.85801365625
0 0.9805613718749999 0.265746025 0.97600105625 0.26315253125 0.9105987859375 0.322973496875 0.8817922734374999 0.35889515781250003 0.8902647781249999 0.367650425 0.9019076390625 0.35796191875 0.9310967921875 0.38918473750000004 0.9848562 0.339052278125 0.9887840062500001 0.3362243609375 0.9805613718749999 0.265746025