0 0.389151271875 0.0812440375 0.3345272265625 0.025977153125000003 0.2847923875 0.0362720015625 0.2891924484375 0.0416025046875 0.2449462140625 0.08612855781249999 0.31514896718749996 0.155854390625 0.389151271875 0.0812440375
0 0.3569820890625 0.043173635937499996 0.3694866046875 0.0291429 0.36663265625 0.025572790625 0.361279484375 0.020439578125 0.338871465625 0.02507791875 0.3569820890625 0.043173635937499996
0 0.6045266265625 0.08867323906249999 0.60641971875 0.0830803046875 0.6185826375000001 0.072240921875 0.641755825 0.09761043750000001 0.6473711671875 0.0995687359375 0.727764565625 0.025715890624999998 0.70861909375 0.0041226249999999996 0.5589107062500001 0.003251646875 0.5399392187500001 0.02090570625 0.5509208609375 0.0331955765625 0.5442807296875001 0.0408113390625 0.5934810500000001 0.0951204765625 0.5915879609375 0.10071341250000002 0.573902253125 0.1147764125 0.5735606546875001 0.11796776718749999 0.610135284375 0.157206696875 0.6352368703125 0.1343271421875 0.621835428125 0.120457728125 0.624162671875 0.11685535312499999 0.6285681171874999 0.11802388125 0.6289097109374999 0.114832528125 0.6045266265625 0.08867323906249999
0 0.193640946875 0.293349146875 0.25461203125 0.2255970515625 0.21087056718750002 0.1868014046875 0.22017953750000002 0.17239191250000002 0.1877613125 0.1426947828125 0.14627646875 0.1856090265625 0.1669373046875 0.20421707812499998 0.13330249375 0.24030533125 0.18603995625 0.2918018671875 0.193640946875 0.293349146875
0 0.8695937 0.20024019218750003 0.815987934375 0.14476252812499998 0.811582490625 0.1435940015625 0.8179735812500001 0.1443515109375 0.8459863625 0.17288011406249998 0.8457726296875 0.1385972546875 0.8194038984375001 0.1128489859375 0.8113687578125001 0.1093111421875 0.779627040625 0.139806459375 0.7790650234375 0.175290109375 0.7571589828125 0.1985484171875 0.8107647468750001 0.25402608125000004 0.8159459390625001 0.25399381875000004 0.8695937 0.20024019218750003
0 0.0026543359375 0.45624167812499994 0.038249075 0.47530543124999997 0.08029593125 0.3969075375 0.005033165625000001 0.356314909375 0.011239146875 0.346708584375 0.01037084375 0.3427274578125 0.001968503125 0.3383568875 0.0026543359375 0.45624167812499994
0 0.8939347890624999 0.33563076718749996 0.8915436140624999 0.357970246875 0.9115212546875 0.38296100625 0.9296697375 0.3948075953125 0.9602588031250001 0.41136055625 0.9673330859375 0.40573535468750005 0.979866225 0.41562364531249996 0.9917837546875001 0.4036591625 0.9593167953125 0.2547996375 0.9432124156249999 0.23805248437499998 0.9028449171874999 0.27657458125 0.9276621546875001 0.3047244328125 0.8939347890624999 0.33563076718749996
0 0.07091634218750001 0.49662929218749996 0.0867375796875 0.5120782515625 0.061728548437499996 0.540139725 0.1455817828125 0.6153617031249999 0.2092217078125 0.540815878125 0.1428337609375 0.4838231984375 0.1407555609375 0.47905229687500006 0.1519862453125 0.482968896875 0.162505115625 0.46934917968749995 0.125247296875 0.4364929578125 0.07091634218750001 0.49662929218749996
0 0.3980785296875 0.46947684375 0.40946570156249995 0.45983825312500004 0.39264829687499997 0.47788237968749997 0.46216785624999995 0.553990921875 0.5237582015625 0.49859322187500005 0.45380449218749996 0.4204941171875 0.41101719687499993 0.45743667187500003 0.445520309375 0.425329546875 0.432460465625 0.408268775 0.38303303906249997 0.45282709218750006 0.3980785296875 0.46947684375
0 0.6887872671874999 0.432186409375 0.6095112140625 0.50164710625 0.642890296875 0.5405072828125 0.6566972671875 0.5324482374999999 0.6860125015625 0.56694853125 0.6892080468749999 0.5673272859375 0.7689182515625 0.49985715 0.7033699859375 0.42292657031249997 0.6887872671874999 0.432186409375
0 0.571997665625 0.543739315625 0.4927216109375 0.6132000140625 0.55705998125 0.6893408187500001 0.562675321875 0.69129911875 0.6399657296875 0.6222494390625 0.571997665625 0.543739315625
0 0.8656748437499999 0.6056950875 0.901907875 0.648125371875 0.9254579671875 0.6276474000000001 0.879453190625 0.5737170171875 0.84253028125 0.6042445984375 0.8406371890625 0.6098375359375 0.84954063125 0.6173565046875 0.8656748437499999 0.6056950875
0 0.2866991015625 0.772349684375 0.37948440156249996 0.8790096578125001 0.46229759687499994 0.8067363593750001 0.412663125 0.7504366609375 0.41731760937500006 0.743231915625 0.36361928906249996 0.6825723328125 0.277268953125 0.7576582328125 0.2866991015625 0.772349684375
0 0.8102904796875 0.6514864609375 0.792825190625 0.6332571625 0.7590978234375 0.6641634984375 0.784690809375 0.6911125578124999 0.798405221875 0.6778715937500001 0.8020349203125001 0.6802409125 0.8675831859375001 0.7571714921875 0.94021910625 0.6953265546875 0.8641233484375 0.60809666875 0.7993374578125 0.6631156140625001 0.8004548015624999 0.65872346875 0.8102904796875 0.6514864609375
0 0.6122811734375 0.7236797953125 0.708354571875 0.8359004406249999 0.77037906875 0.782493303125 0.6743056703125 0.6702726578125 0.6122811734375 0.7236797953125
0 0.5087524 1 0.58067588125 0.94034539375 0.4852856734375 0.8217420390625 0.408678459375 0.8844090109374999 0.422948203125 0.902259553125 0.4123367796875 0.910697353125 0.486299934375 1 0.5087524 1
0 1 0.7705040890625 0.9781534359374999 0.788375225 0.9758261921875 0.7919776 0.9949355296875 0.8129872312499999 0.965086903125 0.8378896125 1 0.8815636765624999 1 0.7705040890625
0 0.7349723453125 0.8532754359375 0.7270297609374999 0.8549195078125 0.7156425875 0.8645581 0.72991233125 0.8824086421875 0.7232722 0.89002440625 0.779069196875 0.9575310781249999 0.8524190515625 0.9423480468750001 0.88633755625 0.9145227921875 0.8085051921874999 0.8193306515625001 0.7488079390625 0.8691354140625001 0.7411783265625 0.843669109375 0.7349723453125 0.8532754359375
0 0.573900075 1 0.6121470390625 0.99208308125 0.596774784375 0.9713401062499999 0.560385065625 1 0.573900075 1