0 1 0.9109686765625 0.9953102906250001 0.9112418203124999 0.8457466203124999 0.9301329078125 0.8494236140625 0.9777647328124999 1 0.9689946562499999 1 0.9109686765625
0 0.7865677234375 0.8928597015624999 0.7864595484375 0.8735240093750001 0.7284524703125 0.8738485375 0.7256942453125 0.896405178125 0.6568224859375 0.9024525000000001 0.6399886390625 0.9105589578125001 0.6410522796875 0.9288210015624999 0.6779209109375001 0.9500876390625 0.7428526203125 0.9463057984375001 0.7466028421875001 0.9837533609375001 0.7958838953125 0.9808830671875001 0.7918177875 0.8956079203125 0.76329198125 0.8952333578125 0.7865677234375 0.8928597015624999
0 0.6363631109375001 0.98813809375 0.6308866890625 0.9640250671875 0.6156092265625001 0.9638968796875 0.41989093281249995 0.99759099375 0.51891079375 0.9970149125000001 0.6363250500000001 0.9901763109375 0.6363631109375001 0.98813809375
0 0.031335545312500004 0.9998515421875 0.1126739828125 0.9993783296875 0.105760240625 0.896882234375 0.041783996875 0.8995904265625001 0.025608953125 0.9015297390624999 0.031335545312500004 0.9998515421875
0 1 0.6999140515625 0.952582565625 0.7019864984375 0.9273958890625 0.70650745625 0.93448684375 0.8282544109375 1 0.82514509375 1 0.6999140515625
0 0.323911165625 0.7447104359375001 0.321044765625 0.747931384375 0.32222659062500003 0.76822254375 0.36543894374999997 0.7585797140625 0.361154353125 0.7374512703125 0.35602247187499997 0.7367321687499999 0.323911165625 0.7447104359375001
0 0.30302909375 0.7357466828125 0.371428121875 0.7215828953125001 0.3640507734375 0.682310590625 0.36094800781249997 0.68147330625 0.264495903125 0.7033789968749999 0.2722278 0.7487386500000001 0.275448746875 0.75160505 0.30302909375 0.7357466828125
0 1 0.5245936312499999 0.9889803578125 0.5054286359375 0.9887439921875 0.5013704031249999 0.9965059078125 0.494810325 0.960021846875 0.427711303125 0.9528608500000001 0.42711038281249997 0.7940670437499999 0.51474504375 0.8081326593749999 0.546501803125 0.8172045890625 0.544955425 0.8204255375 0.5478218234375001 0.8590568984375 0.6168317812499999 0.8779198609375 0.6086071390625001 0.8752998312500001 0.5985797421875 0.8970291953125 0.5871341546875 0.9086029718749999 0.59358605625 0.9099129874999999 0.5985997546874999 0.9198222015624999 0.5939506109375 0.94998255 0.657345946875 1 0.6328101 1 0.5245936312499999
0 0.70295505625 0.383639759375 0.761857565625 0.4860810421875 0.7805823328125 0.5104404406249999 0.9642182734375 0.3948909 0.949788103125 0.37435336874999997 0.9379679546874999 0.3811498109375 0.932836075 0.38043071093749997 0.8709489843749999 0.279181259375 0.70295505625 0.383639759375
0 0.9963395875 0.3696060546875 0.9805793906250001 0.378667978125 0.97974210625 0.3817707453125 0.9990423703125 0.4160110546875 0.9963395875 0.3696060546875
0 0.7015268609375 0.37659694374999997 0.9156095484375 0.2419680890625 0.918475946875 0.238747140625 0.916210465625 0.2348070921875 0.8915265390625 0.19552478125 0.8818636984375001 0.1869255796875 0.7935080421875 0.24297169375 0.788257978125 0.240223475 0.77597510625 0.221596878125 0.7327527453125 0.24854628750000002 0.76101216875 0.29678234375 0.6952231609374999 0.33828010625 0.6888994484375 0.3345764203125 0.6781529484375 0.34232833125 0.6984240953125 0.375759659375 0.7015268609375 0.37659694374999997
0 0.006663765625 0.331556140625 0.001930540625 0.33183181875 0.0023905703125 0.4109040765625 0.0172420515625 0.40830799687499997 0.024885784375 0.3997188046875 0.0400450640625 0.3978178765625 0.03029405625 0.33526982968749997 0.011076546875 0.3374071234375 0.006663765625 0.331556140625
0 0.150446496875 0.1959317921875 0.1311108046875 0.19603996875000002 0.051492545312500006 0.2098392015625 0.0790810015625 0.3863822953125 0.145214553125 0.36827845937500003 0.1560792328125 0.362555665625 0.158995665625 0.27280183281250003 0.1570947390625 0.257642553125 0.15074100625 0.3058586015625 0.14787460624999998 0.30907955 0.1325971453125 0.308951359375 0.1457273078125 0.30716861562500003 0.1485937078125 0.3039476671875 0.150446496875 0.1959317921875
0 0.98649390625 0.20056224843749998 0.9384125593749999 0.23147796875 0.990883178125 0.310879875 0.9928729109375001 0.3100854890625 0.98649390625 0.20056224843749998
0 0.81313013125 0.1603888640625 0.8219556906250001 0.1720908296875 0.8337758390625 0.1652943859375 0.8426013984375 0.176996353125 0.8504814953125001 0.172465390625 0.8547760921875 0.17628725781250001 0.90946405625 0.136454059375 0.944057196875 0.171087225 0.9846395156250001 0.1687235734375 0.977583321875 0.047573415625 0.9482936499999999 0.0690405140625 0.93517349375 0.05351668281250001 0.9312334437500001 0.05578216406249999 0.8843074 0.089055284375 0.8815591812499999 0.094305346875 0.8858537765625 0.0981272125 0.8850164953125 0.1012299796875 0.83021035 0.1390340625 0.8305648984375 0.1451214109375 0.8243593671875 0.143446840625 0.8009554359375001 0.161097959375 0.7983254015625 0.16837713906250001 0.8056045812500001 0.171007175 0.8084709828125 0.167786228125 0.8062055015625 0.163846178125 0.81313013125 0.1603888640625
0 0.618870659375 0 0.5834473484375 0.027174414062500003 0.57616816875 0.0245443765625 0.5705635578125 0.0157088140625 0.5665053265625 0.015945178125 0.5353394781249999 0.0401563734375 0.439991040625 0.0110978 0.43521370625 0.0164660453125 0.41799529375000005 0.0704048859375 0.42837723906249997 0.07387220625 0.42323535156250003 0.09045968125 0.434690946875 0.0948824671875 0.43827644687499995 0.0865296375 0.44651109375000003 0.08808602343750001 0.45427301093750005 0.0815259453125 0.5310048546874999 0.1055608140625 0.5385204 0.11224908125 0.5320684984375 0.12382285781249999 0.52598115 0.12417740625 0.4823060734375 0.1083971953125 0.47526325781249995 0.10982539218750001 0.5635688812499999 0.1403121640625 0.5733699203125 0.11632732500000001 0.5699126078125001 0.10940269531249999 0.5822054859375 0.1107227140625 0.62113325 0.07995144062500001 0.627693328125 0.0877133578125 0.6697238546875 0.0577793671875 0.6641192453125 0.0489438015625 0.6524172796875 0.0577693609375 0.6490781484375 0.05287384375 0.67534848125 0.032001778125000005 0.6814358281249999 0.031647231250000005 0.6821549296875 0.026515348437500003 0.662636684375 0 0.618870659375 0
0 0.7325182734375 0.034780015625 0.7241654468750001 0.0311945125 0.6922804953125 0.060537590625000005 0.7131525640625 0.086807921875 0.77023419375 0.0356373109375 0.7541294546875 0.0213053125 0.7325182734375 0.034780015625
0 0.08749576406250001 0.076420296875 0.0840384515625 0.06949566406249999 0.07665685 0.0210616109375 0.0001484578125 0.0255177171875 0.000627415625 0.10784362656249999 0.034009640625 0.1019315 0.0393678796875 0.1240154125 0.10406322500000001 0.1161753375 0.09871499218749999 0.07678485 0.08749576406250001 0.076420296875
0 0.6376125484374999 0.065757634375 0.6293779015625 0.0642012484375 0.6327170328125 0.069096765625 0.6376125484374999 0.065757634375
0 0.4351836875 0.0683857765625 0.446304746875 0.0321080609375 0.44415744999999995 0.0301971265625 0.433755490625 0.0613429609375 0.4351836875 0.0683857765625