0 0.0086510765625 0 0.008440251562499999 0.0362338015625 0.052755260937500006 0 0.0086510765625 0
0 0.0990617578125 0.2650819546875 0.1550781125 0.2264768359375 0.0987198515625 0.1462743125 0.018851803125 0.2000980515625 0.0454842734375 0.2396647796875 0.007107034375 0.2653713828125 0.0070942 0.2675767609375 0.078801565625 0.3733191390625 0.1400015 0.331675103125 0.14002554375 0.3275430828125 0.11132685312499999 0.2879523140625 0.0990617578125 0.2650819546875
0 0.1676784140625 0.546876790625 0.195337984375 0.5874885437499999 0.2036389296875 0.5813866734375 0.20673225 0.5824557390625 0.23028342031250001 0.618887390625 0.2821432921875 0.5843662125 0.2852846953125 0.577171234375 0.2812003390625 0.5688591109375001 0.30610317187499997 0.550553496875 0.26205809062499996 0.48495729218749994 0.1676784140625 0.546876790625
0 0.1720526515625 0.1502267578125 0.2222242703125 0.2282911484375 0.22635671093749998 0.228339228125 0.25228664843750004 0.2110786375 0.20006082812499998 0.130924196875 0.1720526515625 0.1502267578125
0 0.24569129687500002 0.2791848734375 0.26644966875 0.2628971890625 0.2387540375 0.22848346875 0.1816745203125 0.27224159531250003 0.21653581093750002 0.3181025171875 0.20822284375 0.3262703984375 0.2297558765625 0.35441396875 0.24745699375000002 0.330859184375 0.2640709046875 0.31658943125 0.261001625 0.31138834531250004 0.25479094375 0.3133822328125 0.2455590671875 0.3019109921875 0.25387203125 0.2937431109375 0.24569129687500002 0.2791848734375
0 0.26569038906250003 0 0.20786359375000002 0.032872825 0.22218288749999998 0.057833235937500005 0.2221588453125 0.061965257812499994 0.21177965781250002 0.07010910000000001 0.2434995453125 0.123164996875 0.3233315296875 0.0755392921875 0.3100633765625 0.047491884375 0.318280175 0.0558520890625 0.3379753875 0.0447174109375 0.32265303749999996 0.014579953125 0.30400896718750003 0.0226276359375 0.29881336406250003 0.027732562500000002 0.3018706203125 0.034999659375 0.28121653593749996 0 0.26569038906250003 0
0 0.2585934984375 0.19255666093749998 0.2821446703125 0.22898831406250003 0.3370858390625 0.1976022125 0.3227785671875 0.17057578906249998 0.31764306875 0.1653506625 0.31349860625 0.1673685921875 0.30939020625 0.16318849062500002 0.2585934984375 0.19255666093749998
0 0.4451597203125 0.26807568437499996 0.43066011406250004 0.27410543593750003 0.4081360421875 0.23871881093749997 0.33244851875000003 0.28432658437499997 0.38158101875 0.3634119609375 0.367033328125 0.3777057546875 0.397738134375 0.42765061718749997 0.4194995671875 0.41653997968749995 0.449165253125 0.467505828125 0.46661392968750004 0.4873372734375 0.4707463703125 0.487385353125 0.5340005078125001 0.4478313703125 0.48591914999999997 0.36565899687500003 0.432005078125 0.398090125 0.43101404218750006 0.390847065625 0.41667070624999997 0.3700186765625 0.41773386874999996 0.36486566875 0.4312063765625 0.35779089375 0.423025640625 0.34323265625 0.451021796875 0.3259961078125 0.45413915937500005 0.3229331515625 0.44798858125 0.3145969890625 0.4645904703125 0.30239324375 0.4451597203125 0.26807568437499996
0 0.5032529390625 0.5828064937499999 0.506346259375 0.583875559375 0.5349848453125 0.63379638125 0.538078165625 0.634865446875 0.5484453312500001 0.6287876156250001 0.5607464875 0.6454599437499999 0.6022151484375 0.6211486171875 0.607410753125 0.6160436921875 0.606395675 0.6129326546875 0.610516096875 0.6150467468749999 0.6177779203125 0.6099658609375 0.604497746875 0.5839844640625 0.5951697031250001 0.5890413109375 0.6012842171874999 0.6035755078125 0.597163796875 0.6014614140625001 0.564440853125 0.54322846875 0.561359553125 0.54009339375 0.5572030703124999 0.544177334375 0.5408175578125001 0.5191928828125 0.4775754421875 0.5566808546875001 0.479593578125 0.5649689390625 0.49495199218749997 0.5889083640624999 0.5032529390625 0.5828064937499999
0 0.5926961484375 0.3038837375 0.596768484375 0.3142618734375 0.59054578125 0.318321775 0.6253469671875 0.37451275 0.6294673875 0.3766268390625 0.6087210328125 0.39084851249999997 0.6322722062499999 0.42728016406249997 0.660304425 0.40384558437500007 0.6439429515625 0.3747291109375 0.6408616515625 0.371594034375 0.631545628125 0.37458486875 0.6854717203125 0.34008773125 0.66908620625 0.31510328125 0.6753329515625001 0.30691135625 0.6589474390625 0.28192690625 0.692139196875 0.25958543125 0.676780784375 0.23564600468750002 0.659163815625 0.24473871093750002 0.6110584140624999 0.16669836093749998 0.6027815109375 0.1686682109375 0.5592225843749999 0.19708751875 0.56235196875 0.1919585515625 0.5531321124999999 0.1784213 0.51475676875 0.20380169218750002 0.528133109375 0.21325500000000003 0.5343437921875 0.2112611109375 0.5374250921875 0.2143961875 0.5926961484375 0.3038837375
0 0.5783167515625001 0.28925338125 0.5547896203125 0.24868970781250002 0.530937928125 0.2639083265625 0.55446505625 0.3044719984375 0.5783167515625001 0.28925338125
0 0.6414786640625 0.7982613265625 0.640499646875 0.7889522578125 0.728632578125 0.7352246796874999 0.6723344203125 0.6446921031249999 0.6142638687499999 0.681207171875 0.6060951515624999 0.664582925 0.5614971046874999 0.6940232171875 0.5748013203125 0.7158725921875 0.583102265625 0.7097707203125 0.5861955859375 0.7108397859375 0.627135328125 0.7774329375 0.6312076656250001 0.787811071875 0.616684015625 0.79797284375 0.6238496734375001 0.80942004375 0.6414786640625 0.7982613265625
0 0.7259320015624999 0.133943415625 0.72595604375 0.12981139218749999 0.6942121171875 0.08088751562499999 0.6454696078125 0.1123457390625 0.677201515625 0.1633356265625 0.6813339578125001 0.1633837078125 0.7259320015624999 0.133943415625
0 0.8150666140625 0.440770784375 0.7781992078125 0.38455576874999997 0.7730516875 0.3813966515625 0.74608263125 0.39967822656249996 0.7378417921875 0.3954500421875 0.660051984375 0.44723181093750003 0.7102236046875 0.5252962015625 0.7890405109375 0.4745594578125 0.7921578734375 0.471496503125 0.7880735171875 0.46318437812499996 0.8150425718750001 0.4449028046875 0.8150666140625 0.440770784375
0 0.699891125 0.8805538984375 0.7142224374999999 0.9034483 0.783687259375 0.8619004265625 0.7407053359375 0.7911512125 0.7780295374999999 0.7688578171875 0.7606529859375 0.736630309375 0.690161065625 0.7771331578125 0.689097903125 0.782286165625 0.6983177625 0.7958234156249999 0.7117782484374999 0.79081465 0.6620206609375 0.8191618359374999 0.6865748890625001 0.8607705359375 0.6658285359375 0.874992209375 0.677090571875 0.8926855218749999 0.699891125 0.8805538984375
0 0.7833654484375 0.2069269203125 0.733169784375 0.13299455 0.6781925515625 0.17057868437499998 0.72632199375 0.2444870140625 0.7833654484375 0.2069269203125
0 0.7179889296875 0.788820759375 0.735581859375 0.783860075 0.7314734578125 0.7796799734375 0.7179889296875 0.788820759375
0 0.7827990875 0.6594073265625 0.7869195078125 0.6615214171875 0.808416478125 0.69586301875 0.8778812984375 0.65431514375 0.8277457406250001 0.5700527203125 0.8236133000000001 0.570004640625 0.7562147 0.6115765546875 0.7828231296875 0.6552753046875 0.773495084375 0.66033215 0.768287459375 0.6675030875 0.7948838671875 0.7132678484375 0.806181965625 0.724763128125 0.8341661 0.709592590625 0.8229160859375 0.6898332671875 0.8063382359375 0.6979049890625 0.7827990875 0.6594073265625
0 0.79470493125 0.3888801109375 0.8244187015625 0.4315819140625 0.860715803125 0.40824349531250004 0.8484386875000001 0.3874391453125 0.9023647765625 0.35294200781249996 0.8419341796875001 0.26236135 0.76830085625 0.3100591765625 0.8113068203125 0.3766763671875 0.79470493125 0.3888801109375
0 0.9516040890624999 0.768811184375 0.9075950671875 0.6970169484375 0.8360640265624999 0.73854078125 0.8380821656249999 0.7468288656250001 0.8606062359375001 0.7822154921875 0.8513743578125 0.77074425 0.83995605 0.7799090796875 0.8778385359374999 0.83923513125 0.8996240078125 0.823992471875 0.8934854515625 0.8135902968750001 0.8966028125 0.810527340625 0.9359932343749999 0.7882579859375001 0.9516040890624999 0.768811184375
0 1 0.2297769734375 0.9786773890625 0.19990167187500002 0.914360090625 0.2446086609375 0.9112667703125 0.243539596875 0.944458528125 0.22119812031250002 0.9290880937500001 0.19932470625 0.8907007312499999 0.22677110625000002 0.9173452234375 0.264271825 0.9152429390625001 0.270445815625 0.9531614875000001 0.3235738359375 1 0.291465925 1 0.2297769734375
0 1 0.795080290625 0.995913634375 0.7889551531250001 0.9388701781250001 0.8265152468749999 0.9948985546875001 0.785844115625 0.987720878125 0.7764629281250001 0.9835884343749999 0.7764148468750001 0.91719289375 0.823163809375 0.92331943125 0.8356319937500001 0.9367919375 0.8285572171875 0.8973774734375001 0.8549585921875 0.954750815625 0.9382721515625001 0.9393563359374999 0.9205307578124999 0.9279380296875 0.929695584375 0.947416865625 0.955749103125 0.95576589375 0.9413831890625 0.9598742937500001 0.9455632906250001 0.9640187546875 0.9435453609375 1 0.918599446875 1 0.795080290625