0 0.9242320640624999 0.8710195562499999 0.9297874546875 0.88940145 0.912733284375 0.8937848890625 0.9111418609375 0.8967370828125001 0.9322055421875 0.9706793953125 0.9510754703125001 0.8602383359375001 0.9282887390625 0.8663629171875 0.9242320640624999 0.8710195562499999
0 1 0.5208379546875 0.9226132578125 0.5369444984375 0.939076846875 0.59963785625 0.9974723890625 0.588688546875 1 0.5738950593750001 1 0.5208379546875
0 0.9169410703124999 0.7482792171875 0.913804575 0.741188240625 0.928237271875 0.7330615500000001 0.8955006265625001 0.7019901125 0.8888688359374999 0.6899081328125 0.875153740625 0.6938348796875 0.86888075 0.679652928125 0.7839223546875 0.7124655140625 0.7940030874999999 0.7425338578125 0.77289224375 0.7515739359375 0.8044134187499999 0.827931384375 0.8844413156250001 0.7985276875 0.8788859265625 0.7801457921875 0.8975315203124999 0.7728101578125 0.8951126265625 0.7615192390625001 0.9021495734375 0.7585058796874999 0.9004019265625001 0.7560103781249999 0.90656505 0.7517492671875 0.9169410703124999 0.7482792171875
0 0.867996703125 0.3858117171875 0.871694575 0.3832550515625 0.9641585859375 0.363772196875 0.96333111875 0.34952908125 0.9700092640625 0.34861569375 0.9707268656249999 0.34441575 0.95755599375 0.294261065625 0.9349464375000001 0.28026260625 0.9309824734375001 0.25892851875 0.9280022000000001 0.2572852375 0.8647160265625 0.27141010468750004 0.8660585187500001 0.2890009421875 0.8119157421875001 0.3005079796875 0.8141320593750001 0.31934656562499997 0.7700065015625001 0.329483525 0.7676974734375 0.3366356640625 0.785706134375 0.4093721890625 0.80943845 0.4040753640625 0.8136513484375 0.404866421875 0.818535490625 0.4144529 0.8705718171875001 0.40255033281249997 0.867996703125 0.3858117171875
0 0.8964810249999999 0.1809277890625 0.8954046234374999 0.1872277078125 0.900352278125 0.2282526078125 0.9175626687499999 0.22931686562500003 0.9718616671874999 0.223257525 0.9669140125 0.18223262499999998 0.9244725921875 0.16342665781250001 0.8964810249999999 0.1809277890625
0 0.7607138124999999 0.0784939859375 0.763242575 0.10822796718750001 0.756205628125 0.1112413265625 0.757594475 0.1158368 0.7505575265625 0.11885015624999999 0.7498399265625 0.123050103125 0.77624518125 0.254797896875 0.825457459375 0.24669974843750003 0.8309664921875 0.2780770078125 0.880022546875 0.2645311640625 0.8708619953125 0.22271520625000002 0.8483623046875 0.22715980781249998 0.8457408328125 0.22341655624999998 0.8235021203124999 0.10545518437500001 0.8105046265625001 0.105181984375 0.801095140625 0.0839090578125 0.7607138124999999 0.0784939859375
0 0.68909785 0.6057991421875 0.6950120390625 0.6220810671875 0.6930618140625 0.6271332328125 0.5916106296875 0.6546816140625 0.6223214953125 0.7612297359375 0.7021468093750001 0.7393737078125 0.7074361109375 0.7338648484375 0.7315272265625 0.72646805 0.7308559796874999 0.7176726312499999 0.7357864796875 0.71426374375 0.7194791125 0.657018084375 0.7630896453125 0.643533403125 0.742771959375 0.57794901875 0.7049657484375 0.5892725609375 0.70774344375 0.5984635093749999 0.68909785 0.6057991421875
0 0.7042791671875 0.1415869515625 0.6295869265625 0.152486421875 0.6473466515624999 0.24576598125000002 0.7199324421875 0.23447097968750003 0.7042791671875 0.1415869515625
0 0.5335794453125 0.5744300421874999 0.524077246875 0.579147846875 0.534157978125 0.609216190625 0.5367794515625001 0.6129594421875 0.550853346875 0.606932725 0.5581563843749999 0.6278101203124999 0.649434125 0.596184125 0.6362168984375 0.559024803125 0.64782554375 0.5547025296875 0.615991921875 0.4674496875 0.5977051296875 0.47268535 0.591385784375 0.4714987640625 0.506786190625 0.502211375 0.5335794453125 0.5744300421874999
0 0.604290565625 0.4977626921875 0.6102511109375001 0.50104925 0.6160554328125001 0.4988881125 0.6134339609375 0.4951448625 0.604290565625 0.4977626921875
0 0.4769148375 0.30804342500000004 0.497591325 0.3715278390625 0.5860450171875 0.34370625781249997 0.5615607875 0.26433545 0.5274524515625 0.273102325 0.5258610265625 0.2760545203125 0.53074516875 0.2856409984375 0.5266884953125001 0.2902976359375 0.48343676249999995 0.30168234531250004 0.4769148375 0.30804342500000004
0 0.5445993312499999 0.242728159375 0.531023303125 0.2076688125 0.5262953828125 0.2035300296875 0.45505208281250004 0.23241587031250002 0.4712495828125 0.2712184703125 0.5445993312499999 0.242728159375
0 0.38229291249999997 0.19382938593750001 0.481637646875 0.1658854765625 0.463067609375 0.10279659062499999 0.44760486562499996 0.10422783437500001 0.3561709015625 0.13040613750000002 0.3542206765625 0.1354583046875 0.3653314546875 0.1722220953125 0.375348675 0.1708520171875 0.38229291249999997 0.19382938593750001
0 0.35676148125 0.0633293421875 0.3616456234375 0.0729158203125 0.4434211671875 0.0460076234375 0.4310325046875 0.0050155171875000005 0.302797434375 0.0035233671875 0.3268660421875 0.072887278125 0.35676148125 0.0633293421875
0 0.230426025 0.172898984375 0.230628603125 0.165351315625 0.2522544671875 0.1596589625 0.23579087968749998 0.0969656078125 0.219969334375 0.1004968234375 0.21683284062500002 0.09340584843750001 0.1772154703125 0.070795465625 0.1719725265625 0.0633089609375 0.16282912968750002 0.0659267921875 0.15655613906250002 0.051744840624999996 0.13405645 0.05618944375 0.128501059375 0.0378075484375 0.11725121406250001 0.04002985 0.1120082703125 0.0325433453125 0.10075842500000001 0.034765646875 0.0948442359375 0.0184837234375 0.086777240625 0.014801635937499998 0.0727701015625 0.045885762499999996 0.0717550328125 0.051826709375 0.08058491718750001 0.07649189843750001 0.0906021390625 0.0751218203125 0.0959549515625 0.10105138437500001 0.105098346875 0.09843355312499999 0.11018506718750001 0.1004723625 0.1195481984375 0.13474065 0.103367853125 0.14037184062500002 0.1127309859375 0.17464013125 0.1153524578125 0.17838338125 0.12413705156249999 0.177865525 0.129021196875 0.187452 0.17895107500000001 0.175153909375 0.18172876875 0.18434485625000002 0.2017632109375 0.181604696875 0.22672815000000002 0.17545565000000002 0.230426025 0.172898984375
0 0.092957521875 0.054974314062499995 0.09394121093749999 0.074665125 0.10010433593750001 0.07040401562500001 0.0940339234375 0.048674396875 0.092957521875 0.054974314062499995