0 0.07112705312499999 1 0.065795984375 0.9685020765625 0.02647719375 0.9807135656250001 0.0313647109375 1 0.07112705312499999 1
0 0.0750664484375 0.8262785328125 0.078582659375 0.9053094859374999 0.0820669859375 0.9212970203124999 0.1589037640625 0.916128696875 0.161338521875 0.9331969843750001 0.1826654984375 0.93081171875 0.1813548890625 0.9169359671875 0.205867859375 0.9134450890625001 0.20665638749999998 0.897407828125 0.2037368390625 0.852563175 0.18923475781250002 0.8174701578124999 0.0750664484375 0.8262785328125
0 0.2314651375 1 0.2279033734375 0.9516560515625001 0.09551950000000001 0.9574707890624999 0.0923707984375 0.960713046875 0.094324409375 1 0.2314651375 1
0 0.3153615875 1 0.35050010781249996 0.997245071875 0.351064884375 0.9683879531249999 0.34297748906250003 0.8723135734374999 0.3397169125 0.8691459015625 0.3258114921875 0.8682391828125 0.32322756875 0.842624321875 0.236758225 0.8468362015625001 0.2360069890625 0.8650101046875 0.24046630000000002 0.8756436000000001 0.2458951875 0.9418298281249999 0.26516032031250003 0.9437427125 0.270164325 1 0.3153615875 1
0 0.4080777140625 0.5007730203125 0.48742383437500003 0.5169462703125001 0.5021977703125 0.44518224375 0.5171527578124999 0.4450082078125 0.529976725 0.383952259375 0.53852243125 0.3838528109375 0.5417830078125 0.387020484375 0.5321077437499999 0.4448341734375 0.5289963328125 0.450213075 0.51078076875 0.4472194375 0.5029063078125 0.48577847187499995 0.53191588125 0.4950577296875 0.5479577265625 0.4959395875 0.557931321875 0.45521904687500003 0.54931103125 0.45104520781249996 0.5512982937500001 0.44247377187500003 0.5469881484375 0.44038685156249996 0.5468762734375 0.4339769203125 0.5758112625 0.4389828921875 0.5846979984375 0.3972064609375 0.58357385 0.3940139265625 0.5643087171875 0.3921010421875 0.5524651421875 0.3868961734375 0.55636508125 0.3654800125 0.5596256578125 0.36864768593749997 0.6025033578125 0.37669701875 0.60932825 0.3392187375 0.62376115625 0.309131690625 0.62953648125 0.27273416250000004 0.594154921875 0.26566613437500003 0.5949434484375 0.24962887656250002 0.6023650046875 0.24633689531249997 0.6410071421875 0.2565725921875 0.6441558453125 0.253330334375 0.6520675984375 0.21690794531250002 0.6487324359375 0.20946698437500003 0.6122640171875 0.2013430671875 0.6079911625000001 0.201392790625 0.6059293203125 0.20569094062499998 0.6015818828125 0.2014673765625 0.5747833203125 0.19643654375 0.6057801546875 0.19714436562499998 0.6087424 0.18321888749999998 0.6205113921875001 0.18415046875000002 0.622498653125 0.1755790296875 0.654656928125 0.18161603125 0.66358095625 0.14197624375 0.6900066046875 0.125640640625 0.6872681078125 0.1523859796875 0.6723131203125 0.1525600140625 0.66451324375 0.195392334375 0.6807788375 0.2090940515625 0.736512390625 0.21913085625 0.75323629375 0.1366587484375 0.6513271734375 0.113268296875 0.6460047531249999 0.114398771875 0.6430425078125 0.12832425 0.636633228125 0.1283988359375 0.53794739375 0.1060394125 0.5283521203125 0.1072196140625 0.5285012859375 0.1157661890625 0.5328487203125001 0.1199897515625 0.5189378953125 0.179989809375 0.525421759375 0.184188509375 0.514739625 0.18431282031250001 0.5029652265625 0.24428801562500002 0.4922830921875 0.2444123265625 0.48054598593750003 0.3065241640625 0.4742485796875 0.31300868125000003 0.4643495671875 0.3580025078125 0.46667245 0.3686608640625 0.44527089062499997 0.3667728421875 0.43349649218749997 0.4267480390625 0.4260376453125 0.427903375 0.41528092968749997 0.4237544015625 0.41213222656250004 0.42699665937500003 0.41670341093749996 0.444040084375 0.4047425546875 0.493332059375 0.4080777140625 0.5007730203125
0 0.5458483328125 0.1914305734375 0.5522203218749999 0.1892193421875 0.536178475 0.18833748749999998 0.5458483328125 0.1914305734375
0 0.5651507546875 0.1954801015625 0.57152274375 0.1932688703125 0.5554808984374999 0.192387015625 0.5651507546875 0.1954801015625
0 0.5586723 0.13037462500000002 0.5726150109375 0.1334179859375 0.5725031359375 0.12700805625 0.5617464187500001 0.122859078125 0.5586723 0.13037462500000002
0 0.576008534375 0.3278525609375 0.5834673796875001 0.3266972203125 0.5817092765625 0.28718174531249996 0.5747352171875 0.31611345 0.576008534375 0.3278525609375
0 0.647692575 0.9457023265625001 0.6568349437500001 0.979789178125 0.660095521875 0.9829568500000001 0.6686039375 0.9807207578125 0.6718645140625 0.9838884296874999 0.6774852671875 0.9998511015625 0.747651725 0.9798008609375 0.74858941875 0.9723101749999999 0.72498225625 0.905266953125 0.6527166625 0.9274787 0.647133203125 0.9136526734375 0.646722996875 0.89014959375 0.641176825 0.8784602078124999 0.595486046875 0.892882925 0.609087728125 0.9376032703125 0.6399353953125 0.9297645171875001 0.647692575 0.9457023265625001
0 0.8603235218749999 0.51794944375 0.8538396578125 0.51375074375 0.853727784375 0.5073408109375 0.861788703125 0.479464996875 0.744887303125 0.4541119359375 0.7339387234375 0.500186515625 0.737273884375 0.5076274749999999 0.7447700234375 0.5086087781249999 0.74484460625 0.5128820671875001 0.734796428125 0.54932931875 0.72411429375 0.549453628125 0.7143271546875 0.6008573875 0.72617073125 0.60606225625 0.8334022718749999 0.6283222312500001 0.8603235218749999 0.51794944375
0 0.8088417531250001 0.3230059453125 0.806854490625 0.331577384375 0.7929490718750001 0.33067066562499997 0.7790755375 0.392807365625 0.777349315625 0.41633530937499996 0.8857050093750001 0.44178781875000006 0.8946290375 0.40214803125 0.90317474375 0.40204858281250005 0.9071865562499999 0.3870423515625 0.9004789453125 0.3700237890625 0.8517194515625001 0.33105528125 0.8088417531250001 0.3230059453125
0 0.9041010703125 0.9448555203125 0.8956353515625001 0.88832148125 0.8284684312499999 0.8965828890624999 0.83723248125 0.9702100781249999 0.9033498328125 0.9630294203125 0.9041010703125 0.9448555203125
0 0.937571059375 0.1078001296875 0.936148578125 0.087514446875 0.941396415625 0.0821106828125 0.9616365328125 0.078669528125 0.9591271921875 0.057327953125 0.9665114562499999 0.0518993265625 0.9846524375 0.05061967656250001 0.984391396875 0.035663171874999997 0.9917383703124999 0.0280979015625 0.9915809171875001 0.0190765171875 0.98281975 0.0068309124999999995 0.9812025546875001 0.00570846875 0.898262321875 0.0052259375 0.8732599171875 0.0348193578125 0.875657384375 0.049751000000000004 0.8610007296875001 0.0670181859375 0.861336353125 0.0862479765625 0.8475055156250001 0.0896145453125 0.8455182562499999 0.09818598437500001 0.8359602718750001 0.10150282968749999 0.8434137140625 0.1612542640625 0.8914273765624999 0.1574899015625 0.8876074265625 0.1222725734375 0.8768880015624999 0.1202602421875 0.9184923859375 0.116570465625 0.9268889281250001 0.1079244421875 0.937571059375 0.1078001296875
0 0.89844843125 0.865849428125 0.89496410625 0.84986189375 0.8747239890625 0.8533030500000001 0.8783201890625 0.8757005140624999 0.8975107375 0.8733401109375001 0.89844843125 0.865849428125
0 1 0.501454421875 0.999746221875 0.48691401250000005 0.931129340625 0.4733153671875 0.9183426656250001 0.5365079609375 0.9001271031250001 0.5335143234374999 0.8969784000000001 0.5367565812499999 0.895140303125 0.5538745921875 0.8888428984375001 0.560359109375 0.8891039390625 0.5753156140625 0.8795086640625 0.576495815625 0.8764718359374999 0.58614800625 0.8797324124999999 0.589315678125 0.9097542609374999 0.5953775390625 0.9224982374999999 0.5909550796875 0.9247092484375001 0.5952035062500001 0.9332549546875001 0.5951040562500001 0.9342299390625 0.5897500171875001 0.9395150687499999 0.586482896875 1 0.5998392046875 1 0.501454421875
0 0.8949489937499999 0.1756140796875 0.9020668140625 0.21613572187500002 0.9025516031249999 0.243912090625 0.9429891375 0.2957999109375 0.9963280890625 0.29106942812500003 0.9950114140625 0.2156294734375 0.9877157453125 0.16491768125 0.8949489937499999 0.1756140796875
0 0.9032709531249999 0.16269476875 0.9066434046875 0.172272371875 0.938615221875 0.167626153125 0.9395529140625 0.1601354703125 0.9340440375 0.1505827296875 0.9276347578124999 0.150657315625 0.9084442078125001 0.15301771718749999 0.9032709531249999 0.16269476875