0 1 0.0575551359375 0.9626405359374999 0.052974515624999996 0.958414384375 0.06621124687499999 0.974377071875 0.073080884375 1 0.0796855796875 1 0.0575551359375
0 0.9973056874999999 0.610368121875 0.9901878078124999 0.61244288125 0.9522398921875 0.7414091046875 0.981913028125 0.74885545 0.9973056874999999 0.610368121875
0 0.9692905093749999 0.8270115406249999 0.9390931203124999 0.833133984375 0.9373683109375 0.8397999546875001 0.9598141171875 0.9476787281249999 0.97308699375 0.8282630203125001 0.9692905093749999 0.8270115406249999
0 1 0.22344730156249998 0.9398808921875 0.20640029375000002 0.9366456843750001 0.20895110468750003 0.9291000421875 0.2414306859375 0.9077453421874999 0.23881239999999998 0.8853217656249999 0.3166274515625 0.9489559875 0.337202009375 0.9586626687500001 0.3383921390625 0.9612504124999999 0.332814465625 0.9804483078124999 0.3371332921875 0.983683515625 0.33458248125 0.9912291578125 0.3021029 0.971168328125 0.296695775 0.9705208640625 0.2936689125 0.9746179484375 0.283363834375 0.9888547671874999 0.2880568796875 1 0.2472103828125 1 0.22344730156249998
0 0.9767546375 0.11365459375 0.9692047609375001 0.11076392187499999 0.9726543796874999 0.09743198125 0.9700655781249999 0.0941670921875 0.9146286984374999 0.0795100703125 0.9029859734375 0.12229472968749999 0.905574775 0.12555961875 0.9612271234374999 0.138278075 0.9633828703124999 0.1277349703125 0.9733050203125 0.12698653437500002 0.9767546375 0.11365459375
0 0.840686909375 0.4437913 0.8374517015625 0.4463421109375 0.826240971875 0.49409220156250006 0.8473812625000001 0.5074916171875 0.904759478125 0.522386665625 0.9321420125 0.42651226875 0.9295532109375 0.42324737968750004 0.8663509843750001 0.407638253125 0.8551391984375 0.44654577968750003 0.840686909375 0.4437913
0 0.8210993609375 0.7882095703124999 0.8597116796875 0.803751221875 0.8752370781250001 0.7614426140624999 0.836840228125 0.743962396875 0.8254108562500001 0.7671233640625 0.8210993609375 0.7882095703124999
0 0.7770844453125 0.6884936390624999 0.8502098796875 0.7121968937500001 0.8534450874999999 0.7096460828125 0.8814750874999999 0.6167985484375 0.8064083156249999 0.59285726875 0.7770844453125 0.6884936390624999
0 0.7788410125 0.947104565625 0.8277937156249999 0.8519098875 0.748842153125 0.8098074296875 0.727708215625 0.8494633921875 0.7283556796874999 0.8524902546875 0.7395727609375 0.8577955453125 0.7400047578125 0.8627609749999999 0.71261693125 0.9144225562500001 0.7788410125 0.947104565625
0 0.727405940625 0.1263117765625 0.8123948625 0.1495046203125 0.8156300703125 0.146953809375 0.8333090984375 0.07641697187499999 0.748320175 0.053224128125000006 0.727405940625 0.1263117765625
0 0.7004734 0.377475178125 0.7494388062499999 0.38839125937499996 0.7569865640625 0.3735968046875 0.778115209375 0.289728025 0.7794080234375 0.278096625 0.7664650749999999 0.2706147421875 0.769267228125 0.2542559390625 0.7177130203125001 0.24007496874999998 0.7086559203125 0.25959682812499996 0.694851096875 0.2598692125 0.67587925625 0.34203744999999997 0.667254153125 0.3665247390625 0.7004734 0.377475178125
0 0.622622471875 0.5202162765625 0.7032977828125 0.5468102015625 0.7371507312500001 0.4458341828125 0.727012053125 0.439678621875 0.673731978125 0.423321059375 0.6692018421875 0.41981814375 0.6692007828125 0.41097558125000005 0.6426684796875 0.40182751562499996 0.63576606875 0.4019637078125 0.6292977703125 0.42475045624999996 0.6454759250000001 0.429681528125 0.6480647265624999 0.43294641718750004 0.6422428359375 0.449917465625 0.632320684375 0.45066590156249997 0.6293020046875 0.46012070937500005 0.6405190859375 0.4654259984375 0.6396572109374999 0.47318026562500004 0.622622471875 0.5202162765625
0 0.57648991875 0.7493757234375 0.6655621625 0.64731016875 0.61098398125 0.5983711890625 0.5199704015625 0.7001987187500001 0.57648991875 0.7493757234375
0 0.6119935734374999 0.0227543109375 0.6178175828125 0.0234683890625 0.6214837281250001 0.0170404453125 0.6212973015625 0.011122631249999999 0.56194870625 0.0038459374999999995 0.6119935734374999 0.0227543109375
0 0.5388967203125 0.23780026406250002 0.5384647250000001 0.23283483437500002 0.55808720625 0.18022114843749998 0.560891475 0.181547471875 0.5643421531249999 0.17705809374999998 0.5807294265625 0.12699521875 0.5164477390625 0.10339380000000001 0.51321253125 0.1059446109375 0.48669081406250003 0.185222178125 0.48345560625 0.1877729890625 0.47676866406249996 0.18597061406249998 0.46447847343750004 0.2257284109375 0.482167028125 0.23477464218750002 0.514523340625 0.244636784375 0.5076241046875001 0.2713006671875 0.5473148250000001 0.285992046875 0.5542172375 0.28585585468749997 0.5682332953125 0.2482746515625 0.5388967203125 0.23780026406250002
0 0.4399690203125 0.8976957375 0.42896952656250004 0.9081370078125 0.42508685156250003 0.9076609546875 0.39855243281249997 0.8808277640625001 0.3892766875 0.8757604999999999 0.3344957421875 0.9348708468750001 0.390584321875 0.987924984375 0.44688307656250004 0.994827740625 0.49023359062500005 0.9500357968750001 0.49066452812500005 0.9461586640625 0.4399690203125 0.8976957375
0 0.4560931859375 0.45165608593749995 0.46126973125 0.4493433015625 0.506982990625 0.3213291828125 0.46427041406249997 0.28956492031250003 0.42824689843749997 0.2772881578125 0.3928835515625 0.37414901718750004 0.43063293593749996 0.388602371875 0.41381366562500005 0.433699815625 0.43258062343750003 0.44189577656249995 0.42330699687499995 0.45451363906250003 0.420072846875 0.4659070140625 0.45825422656250003 0.4853257984375 0.46968360000000003 0.46216483124999996 0.43430649062500004 0.4440723703125 0.43926756562499997 0.4436981515625 0.4560931859375 0.45165608593749995
0 0.47287434531250006 0.0882263671875 0.503289321875 0.097850484375 0.5065245296875001 0.0952996734375 0.513208296875 0.0705743578125 0.4780477140625 0.0593858921875 0.47028554375000003 0.084961478125 0.47287434531250006 0.0882263671875
0 0.39118838437500003 0.62840675625 0.4164257578125 0.6315010953125 0.42419004375 0.6236106359375 0.4520066890625 0.5503867953125 0.4498488265625 0.5432447734375 0.43108081093750006 0.52620625 0.44445257812500005 0.512125871875 0.383186396875 0.45254195468749997 0.3266795828125 0.509475709375 0.3762966875 0.55878890625 0.3495531515625 0.5869496609375 0.39118838437500003 0.62840675625
0 0.34788678125 0 0.347326478125 0.0050410296875 0.3238213234375 0.057178664062499995 0.33201866562500004 0.063096196875 0.375376590625 0.08020219687499999 0.3753776484375 0.0890447609375 0.3680453578125 0.10190064843749999 0.369987753125 0.11098123906249999 0.42822996093750004 0.135807146875 0.4366406546875 0.12210098750000001 0.4633799578125 0.058569979687499996 0.4398673921875 0.0488096703125 0.4396508671875 0.041905674999999996 0.448492496875 0.0243223828125 0.4597095765625 0.029627671875 0.46316025468750005 0.025138293750000002 0.417213528125 0.0047674046875 0.41503908125000005 0 0.34788678125 0
0 0.290694178125 0.8155312218749999 0.29996780312500004 0.802913359375 0.2991038125 0.7929825 0.32412148125 0.7626451515625 0.32455241875 0.75876801875 0.2682473125 0.6988098843749999 0.272560921875 0.6954088031250001 0.2719134578125 0.6923819390625 0.2477534296875 0.6795947671875 0.19599116249999998 0.72925030625 0.2751634859375 0.8136270124999999 0.2661053265625 0.8243063093749999 0.27214586406249996 0.8319243843749999 0.2829320078125 0.84110680625 0.28832402031250004 0.8368554546875 0.297382178125 0.826176159375 0.297813115625 0.8222990265625001 0.290694178125 0.8155312218749999
0 0.32169098281249997 0.279943284375 0.37581705312499997 0.1559081328125 0.2942777515625 0.11938334843750001 0.2638723015625 0.18934230000000002 0.25567601875 0.1922673296875 0.2345431390625 0.2407658546875 0.32169098281249997 0.279943284375
0 0.174165296875 0.3944917515625 0.24621338750000002 0.4278878375 0.25462408281250004 0.4141816796875 0.284166596875 0.34313443125 0.2121185046875 0.30973834375 0.174165296875 0.3944917515625
0 0.2496270140625 0.11390874843750001 0.269466021875 0.06819905937500001 0.2442275890625 0.056262157812500005 0.2224472453125 0.1017338203125 0.2496270140625 0.11390874843750001
0 0.1688198625 0.7878158828124999 0.1412081 0.7706755249999999 0.12072056718749999 0.8045157875 0.16386408125000002 0.8324029171875 0.1843516125 0.7985626546875 0.1778801390625 0.7948217140625 0.17313559218750002 0.8020999281250001 0.16752705 0.7994472828125 0.16515371875 0.794243828125 0.1688198625 0.7878158828124999
0 0.179584834375 0.6201470421875 0.09049459531250001 0.5718890234375 0.0626747734375 0.618585175 0.0497360578125 0.6464735453125 0.148964975 0.7008871234375 0.1869203015625 0.6338188437500001 0.18152722968749999 0.62922763125 0.179584834375 0.6201470421875
0 0.0082999015625 0.713291825 0.0092318515625 0.7933834484375 0.047599367187500005 0.8161827875000001 0.0525604421875 0.81580856875 0.0661466203125 0.7909470609375 0.05924632656249999 0.8087683796875 0.0713263421875 0.815161965625 0.09310774375 0.7785328671875 0.12093497812500001 0.7937346578125 0.1241701859375 0.791183846875 0.14940120625 0.7412228062499999 0.1168283671875 0.7244566671875 0.0922437515625 0.7686020078125 0.0821050734375 0.7624464468750001 0.0838298828125 0.7557804765625 0.0082999015625 0.713291825
0 0.0755457359375 0.0247727609375 0.060450215625000005 0.054361671874999996 0.0628235484375 0.059565128125 0.07598196562500001 0.06510844375 0.0764139609375 0.0700738734375 0.053122159375 0.10258781406249999 0.06584963906249999 0.1120082625 0.050968531250000004 0.13081604375 0.044281587500000004 0.12901366875 0.032215334375 0.2375734046875 0.12581348125 0.1036405109375 0.1253814859375 0.09867508124999999 0.0878465125 0.073440596875 0.12063482031249999 0.08826816875 0.1415532890625 0.050550773437499995 0.1372386203125 0.0451092921875 0.083310021875 0.0168823015625 0.0755457359375 0.0247727609375
0 0.0071236828125 0.61220784375 0.0076908671875000004 0.6609515671875 0.022560525 0.6696688703125 0.0275216 0.6692946515625 0.0268677828125 0.613212409375 0.0071236828125 0.61220784375