0 0.8737123546875001 0.2155269015625 0.9983796640625 0.2668760375 0.99902244375 0.1563915625 0.9217536781250001 0.124995884375 0.915948925 0.1300836921875 0.8947569140624999 0.1809404625 0.8642289984374999 0.1976096953125 0.858260696875 0.204858490625 0.8737123546875001 0.2155269015625
0 0.8729242546875 0.39780494375000003 0.8805602578125 0.397164971875 0.8901588625000001 0.3705931609375 0.9092569234375001 0.3760479015625 0.919689378125 0.3527805046875 0.9344707375000001 0.35798351875 0.9394577390625001 0.3637006421875 0.9166141281250001 0.4220579328125 0.9972964187500001 0.453070084375 0.9977615249999999 0.373125190625 0.9562177984375 0.3570811625 0.9510672437500001 0.353525025 0.9552042953125 0.3418283953125 0.70872856875 0.2471459109375 0.6722001484375 0.2428452515625 0.6386478328125 0.2278655234375 0.630848278125 0.23066648281250002 0.6172761718750001 0.266773934375 0.6076453671875 0.2651270578125 0.6039989640625001 0.2703407296875 0.6166219703125 0.27541788125 0.6088385171875 0.2923281828125 0.61166716875 0.2979194421875 0.8729242546875 0.39780494375000003
0 0.7367252828125 0.0490903359375 0.9940275140624999 0.029366403125000003 0.99966871875 0.0264395796875 0.9994256796875 0.022084359375 0.73362551875 0.0065843609375 0.7367252828125 0.0490903359375
0 0.6896923609375001 0.441382965625 0.6876814578125 0.424986771875 0.6988003125 0.421294115625 0.6996180640625 0.4104891828125 0.688483109375 0.4000724953125 0.6755330015625 0.3993173171875 0.6697282484375 0.404405125 0.6612905953125 0.429959375 0.6896923609375001 0.441382965625
0 0.38676513125 0 0.39210770156249997 0.0767456625 0.628823825 0.0569065234375 0.6255552734375 0.0002823015625 0.6207142546875 0 0.38676513125 0
0 0.342771528125 0.3419283390625 0.350260084375 0.3575586953125 0.3506032828125 0.3673460671875 0.45806238906249996 0.40834087031250005 0.4638671421875 0.40325306093749996 0.4761147484375 0.3703241546875 0.4792705 0.3715934421875 0.471650596875 0.3863427578125 0.472157346875 0.3939691421875 0.510026365625 0.40920059843749995 0.532052228125 0.3616482390625 0.5239094718749999 0.3546618265625 0.531856478125 0.3355905375 0.529027825 0.3299992765625 0.47006594375 0.3070262328125 0.4645882921875 0.30779206718749996 0.4591267375 0.322667246875 0.4558074375 0.32355894531249996 0.3990039078125 0.3007117625 0.3940330046875 0.3091039828125 0.3897163015625 0.30885225625 0.3687869921875 0.298949678125 0.366137990625 0.305306775 0.3598264859375 0.3027681984375 0.35634363593749996 0.305820884375 0.342771528125 0.3419283390625
0 0.4947730078125 0.2813354640625 0.510994115625 0.2388709140625 0.5242713234374999 0.2353041203125 0.5325454265625 0.211910859375 0.49152065624999997 0.1954101171875 0.48506170156249995 0.2091418703125 0.47958405 0.20990770468750003 0.39952930625 0.17919306875000002 0.37420024375 0.24174646875 0.3828497484375 0.256359265625 0.475691046875 0.2899900671875 0.4947730078125 0.2813354640625
0 0.4565099375 0.3572430296875 0.472288696875 0.3635894703125 0.484209203125 0.3349825375 0.4621189421875 0.326097521875 0.4569844890625 0.336650728125 0.46213504062500005 0.3402068640625 0.4565099375 0.3572430296875
0 0.42362537187499993 0.4909831203125 0.35518013593750003 0.4500928671875 0.34357062968749996 0.46026848437499995 0.316656915625 0.44350535625000004 0.2896279515625 0.4712312484375 0.279849696875 0.4858547015625 0.315069715625 0.507443253125 0.3001570078125 0.5326199109374999 0.30713881249999997 0.5406238859375 0.3234243203125 0.5545967093749999 0.3794100984375 0.5882488218749999 0.387536753125 0.5811258921875 0.4049349125 0.5517531234375 0.44058118124999995 0.510421340625 0.4399108796875 0.50495594375 0.42362537187499993 0.4909831203125
0 0.1851262984375 0.5487024546875 0.193596153125 0.55136689375 0.27265604374999997 0.4376836828125 0.2779540453125 0.4249694921875 0.2171448140625 0.3834392671875 0.208674959375 0.3807748265625 0.12961506875 0.4944580375 0.124317065625 0.5071722296875001 0.1851262984375 0.5487024546875
0 0.2019990578125 0.64084838125 0.2137721125 0.6285117765625 0.22008361718749997 0.631050353125 0.22356646875 0.62799766875 0.254568934375 0.5907361328125 0.22083696718749998 0.563808046875 0.20309560625 0.5833934453125 0.180890096875 0.6189974453125 0.2019990578125 0.64084838125
0 0.1622742328125 0.1631871375 0.149176675 0.178702290625 0.1488495765625 0.18302426249999998 0.153002728125 0.185436975 0.150190178125 0.1939550578125 0.10908235625 0.25016201875 0.1192199125 0.2594352796875 0.10231240156250002 0.2823250890625 0.14650902500000001 0.3142044625 0.1521502296875 0.3112776421875 0.17286769062500001 0.281013175 0.1810104453125 0.2879995859375 0.22592821718749997 0.2244179671875 0.2033312046875 0.20790656875 0.21808036249999999 0.1848908953125 0.1881744484375 0.1646974953125 0.1622742328125 0.1631871375
0 0 0.7008883421875 0.0207458640625 0.6726039078125 0.016756259375 0.668030209375 0.022724565625000002 0.6607814140625 0.070076940625 0.693930075 0.0826999453125 0.6990072281249999 0.1398814265625 0.6166060453125 0.1356960734375 0.585974646875 0.09149945000000001 0.554095271875 0.022054264062500002 0.6553160171875 0.016413060937499998 0.6582428390625 0 0.645696515625 0 0.7008883421875
0 0 0.456400565625 0.0656661859375 0.46576786875 0.07544443906250001 0.45114441406249994 0.088230996875 0.45406058125 0.10711720625000001 0.41934827812500003 0.111728809375 0.38705934375 0.087643746875 0.37588747968749997 0.0062638296875 0.3626823734375 0 0.4454463265625 0 0.456400565625
0 0.0713421375 0.3478053109375 0.07790024062499999 0.275475196875 0.06163083125 0.2756117171875 0.05554727968749999 0.32734952968750003 0.028649664062500003 0.32469574687499997 0.023858412500000002 0.3450363234375 0.0713421375 0.3478053109375
0 0.009395325 0.3213059484375 0.0537160265625 0.3229016921875 0.0660305828125 0.2031557390625 0.01860784375 0.199580959375 0.009395325 0.3213059484375