0 0.9402282281250001 0.11788188125000001 0.9429158890625 0.1217502921875 0.9402809218750001 0.132737028125 0.9545536421874999 0.1360375421875 0.9423996625 0.0529951046875 0.9120546375 0.048593484375 0.90126296875 0.10531518124999999 0.8287341203125 0.0953461734375 0.8101429328125 0.214738371875 0.9156790953125 0.23280404375 0.923993871875 0.231634521875 0.9402282281250001 0.11788188125000001
0 0.752425409375 0.4436718234375 0.841940984375 0.468237328125 0.8469854781249999 0.46646617968750004 0.850507553125 0.45429305624999994 0.854664940625 0.4537082953125 0.8900554328125001 0.463592971875 0.912022290625 0.37451269374999996 0.835892328125 0.354434090625 0.8311523187500001 0.35828563281250003 0.8294044546875 0.36808598125 0.8163233218749999 0.365679475 0.8224276734375 0.32766446875 0.7751476375 0.31626729062500003 0.766355625 0.3504138875 0.76815618125 0.355468684375 0.773505159375 0.35577793125 0.7744186109375 0.3620191171875 0.752425409375 0.4436718234375
0 0.927685696875 0.35107731875 0.9113342828125001 0.3480691828125 0.9081166921875001 0.362322703125 0.9244681078125 0.3653308375 0.927685696875 0.35107731875
0 0.35858608125 0.4778354 0.33511147812500003 0.47689079375 0.3253386484375 0.56956396875 0.544394921875 0.5950178203125 0.5553593375 0.5032386546875001 0.437655496875 0.4890076609375 0.44193294375000003 0.43851028281250004 0.36524670625 0.42912603593750004 0.35858608125 0.4778354
0 0.449463 0.6349108328125 0.445888234375 0.632228809375 0.272642271875 0.62262530625 0.26533165937500003 0.7393692140625 0.2674367 0.7465044062499999 0.3048795390625 0.7486691328124999 0.300534725 0.8639342718749999 0.44495710937500005 0.8722839234374999 0.4521096421875 0.7109745765625 0.454161990625 0.703254625 0.4595109671875 0.7035638703125 0.46117979218749994 0.6714808031249999 0.45463922500000004 0.67027755 0.45519550000000003 0.65958319375 0.44954204062500003 0.6571935515625 0.3758479484375 0.653758109375 0.3850498296875 0.6514021999999999 0.4471588609375 0.6554055359375 0.449463 0.6349108328125
0 0.0849888546875 0.7392568125000001 0.0868684515625 0.7665943296875 0.10560004375000001 0.9380638703124999 0.2303480359375 0.9279486140625 0.2106239515625 0.7279551703125 0.193689915625 0.72821381875 0.2112065734375 0.7246883875 0.21572113750000002 0.74103916875 0.24096995156249998 0.739610996875 0.23480123593750002 0.6757203765625001 0.1979673625 0.677716440625 0.1968021203125 0.6842500078125 0.167700403125 0.6883433343750001 0.086022365625 0.69558538125 0.088537275 0.7345112625 0.0929991484375 0.7360068953125001 0.0849888546875 0.7392568125000001
0 0.8583420937499999 0.6527739984375 0.8410362062500001 0.715720015625 0.8428367640625 0.7207748140625 0.857109484375 0.724075328125 0.8577184515624999 0.72823611875 0.834308215625 0.8291971406249999 0.901514434375 0.846284475 0.907750515625 0.845407334375 0.9475531859374999 0.675259109375 0.8583420937499999 0.6527739984375
0 0.8017928124999999 0.70850049375 0.7940870015625 0.7138308062500001 0.7906966609375 0.7631417953125 0.8177460296874999 0.7667684218749999 0.8266317531249999 0.6752816359375 0.825109334375 0.6648796609375001 0.8004431421874999 0.663041046875 0.79580851875 0.6966028828125 0.8017928124999999 0.70850049375
0 0.950571678125 0.6886354875 0.9482148484374999 0.694275046875 0.9418323609374999 0.73763723125 0.9483992734375001 0.7462680578125 0.9570185328124999 0.74717893125 0.9569921859375 0.739751359375 0.94953816875 0.73230691875 0.951007896875 0.7278537484375 0.9654797140625 0.7035243671875 0.9767602906249999 0.7008760765625001 0.9547290671875001 0.6880507265625 0.950571678125 0.6886354875
0 1 0.7863897921875 0.96336 0.77601208125 0.9495498421875 0.8193574015625 0.9510459140625 0.8223318031250001 0.9665102250000001 0.826526325 0.97155471875 0.8247551765625 0.9733025828124999 0.8149548281250001 0.97687735 0.8176368500000001 0.9601540843749999 0.8773160843750001 0.9622591249999999 0.8844512765625 0.9786105390625 0.887459409375 0.9745058437499999 0.9028993171874999 1 0.9101201390625 1 0.7863897921875
0 0.36039231250000003 0.9032874609375 0.4370522015625 0.9052441343750001 0.4387210265625 0.873161065625 0.35879085312500003 0.8706027640625 0.3565130609375 0.8985250421875 0.36039231250000003 0.9032874609375
0 0.150803978125 1 0.14575689218750001 0.9515245765625 0.1047656328125 0.954105403125 0.10210431718749999 0.9576645671874999 0.10670980468749999 1 0.150803978125 1
0 0.7277270265625 0.9737049828125001 0.731377675 0.95939055 0.6498987374999999 0.9390027015625 0.657021925 0.936939171875 0.6599086859375001 0.913177684375 0.6188910765625 0.9083309375 0.6142828015624999 0.9493203484375 0.6359831921875 0.9526377281249999 0.6258883375 0.9880291890624999 0.7277270265625 0.9737049828125001
0 0.902995834375 0.9288817875 0.9094046671875 0.892947175 0.8799721187499999 0.8875325343749999 0.8773371515624999 0.8985192703125 0.8577154531250001 0.8949095078125 0.856550209375 0.9014430750000001 0.8550277906250001 0.8910411 0.820246265625 0.8853172125000001 0.8172804671874999 0.8867959781250001 0.8146718453125 0.9052102890624999 0.797128840625 0.901308146875 0.7874480562499999 0.9653048703125 0.86553866875 0.9543209703125 0.870571140625 0.9175183406249999 0.8857573140625 0.927060040625 0.902995834375 0.9288817875
0 0.6365131203125001 0.9345158 0.63476525625 0.9443161484375 0.63745291875 0.94818455625 0.6400878890625 0.9371978203125 0.6365131203125001 0.9345158
0 0.854776 0.9038158515625 0.8544978640625001 0.9091630281249999 0.8610384281250001 0.9103662828125 0.85657655625 0.9088706484375001 0.854776 0.9038158515625
0 0.92048614375 0.91792878125 0.9109663828125001 0.947931296875 0.9639084499999999 0.9404846859375 0.9662964546874999 0.9337791328125 0.92048614375 0.91792878125