0 0.9223277859375001 0.0268203015625 0.89289564375 0.025106075 0.8698316078125 0.0350064484375 0.866478846875 0.0399219484375 0.8826794609374999 0.0776630984375 0.8813641015625 0.082697259375 0.874055209375 0.08533802812499999 0.8738178796874999 0.089412825 0.895300034375 0.1417717578125 0.8981781359375001 0.14500585 0.906446390625 0.1434431125 0.909324490625 0.1466772078125 0.9198875718749999 0.17591277031250002 0.9351087234375 0.17782145625 0.9741752828125 0.173963896875 0.944652153125 0.10171569062500001 0.9511203421875001 0.0959594921875 0.9223277859375001 0.0268203015625
0 0.7125212890625 0.5246556890625 0.6532295546875 0.57742085 0.7099508484375 0.638987309375 0.729355415625 0.6217187109375 0.7408678125 0.634655090625 0.7785989171875001 0.601077259375 0.7788362453125 0.5970024625 0.7125212890625 0.5246556890625
0 0.771622125 0.141723421875 0.7703852390625 0.0752113234375 0.6855365578125 0.0753802234375 0.6854279390625 0.09479483749999999 0.675122284375 0.096238909375 0.6740543 0.1145754921875 0.67598308125 0.1341087734375 0.714337646875 0.14247559999999998 0.771622125 0.141723421875
0 0.573891596875 0.7813195109375 0.5953637046875 0.8163012249999999 0.6038692906249999 0.810663690625 0.61058485625 0.8182099109375001 0.6415319640625 0.8660093375000001 0.7106546921875 0.8199496953125 0.67215131875 0.76148861875 0.6531027453125 0.7726450218750001 0.6343900734375 0.7429348 0.573891596875 0.7813195109375
0 0.73080383125 0.017709610937500002 0.7306314406250001 0.015655260937500002 0.6498694859375 0.010951414062500001 0.6507519828125 0.0232686703125 0.6629763703125 0.023980659374999998 0.6549655390625 0.0562230328125 0.6742614875 0.0583690484375 0.71536544375 0.0546301546875 0.7142673187499999 0.0208350875 0.73080383125 0.017709610937500002
0 0.5891290421875001 0.3968546484375 0.5711585015625 0.407051684375 0.614607515625 0.5209971703125 0.6521113359374999 0.5088713515625 0.6528233250000001 0.49664696406250003 0.6851743171875 0.4852431828125 0.6434067078125 0.37752855625000004 0.5891290421875001 0.3968546484375
0 0.6307741859375 0.08547869062499999 0.6191330749999999 0.057202495312500004 0.60451529375 0.062484034375 0.6011625328125 0.06739953125 0.6108849125 0.0935196640625 0.6307741859375 0.08547869062499999
0 0.37705254843749997 0.475474371875 0.37681521875 0.47954916562500005 0.397862903125 0.6095665546875 0.40074100156250003 0.6128006484374999 0.4647309953125 0.602217475 0.4430799421875 0.4650098625 0.38232404062500003 0.47271493593749997 0.37705254843749997 0.475474371875
0 0.312308475 0.21820907812499998 0.2107041421875 0.049768693749999995 0.155714490625 0.0813191734375 0.1417000796875 0.0937909390625 0.24342307812500003 0.2601939265625 0.312308475 0.21820907812499998
0 0.23386292968750003 0.9884334515625 0.2214135859375 0.9539772531249999 0.1567116 0.9767848140625001 0.1532401765625 0.9837377109375 0.23386292968750003 0.9884334515625
0 0.0130134875 0.21483779687500001 0.118866178125 0.3980852875 0.219261865625 0.34158123125 0.056109265625 0.054052579687500005 0.053112501562500004 0.052855884374999995 0.040413453125 0.0602934875 0.031175782812500004 0.0434009765625 0.0226871484375 0.04874745625 0.0130134875 0.21483779687500001
0 0.1489505890625 0.1974508625 0.14356043125 0.2022476953125 0.1583169703125 0.22968318906250001 0.1611950703125 0.2329172859375 0.16538853125 0.2311172171875 0.16670389218749998 0.226083053125 0.1537474203125 0.20284101875 0.1489505890625 0.1974508625
0 0.0786080234375 0.000457328125 0.0255177171875 0.0001484578125 0.024838526562499998 0.0118096921875 0.0786080234375 0.000457328125
0 0 0.9748124859375 0.0135104921875 0.9755993828125 0 0.9489502390625001 0 0.9748124859375