0 0 0.2262048625 0.0653069328125 0.21593531718749998 0.070401034375 0.2127032171875 0.0711060703125 0.20127060624999998 0.08455590156250001 0.199919659375 0.07712750625 0.1585791453125 0.063677678125 0.1599300953125 0.060355707812500006 0.1527425765625 0.0540547515625 0.1144893265625 0 0.1223287921875 0 0.2262048625
0 0 0.3552985109375 0.094820403125 0.338750740625 0.0896468828125 0.303584753125 0.0628488375 0.27411136406250003 0.031620459375 0.27068701562499997 0 0.27651055156250004 0 0.3552985109375
0 0 0.52744785625 0.0100087703125 0.5264978218749999 0.0143374921875 0.5326240656250001 0.0309282609375 0.5322378328124999 0.0360223625 0.529005734375 0.0389219328125 0.521673378125 0.192970903125 0.5025195796874999 0.1783364109375 0.3918118046875 0 0.41480998125 0 0.52744785625
0 0.003285975 0.723420709375 0.1034272265625 0.7059443625 0.0848260703125 0.601555946875 0.000123234375 0.6147023171875 0.003285975 0.723420709375
0 0.040564028125 0.82779680625 0.0354508515625 0.7947050859375 0.03224956875 0.7916661031250001 0.0054172859375 0.79668396875 0.006487801562499999 0.8334827578124999 0.040564028125 0.82779680625
0 0.1388161375 0.959390359375 0.28231485 0.9342551531250001 0.273698675 0.8877531109374999 0.1559721859375 0.9070991609375 0.152167475 0.8833175046875 0.1407311484375 0.8825459046875 0.1263349109375 0.88703239375 0.12271122812499999 0.8694735390625 0.1195099453125 0.8664345578124999 0.0080564328125 0.8874039968749999 0.0101512125 0.959411578125 0.13187048750000002 0.9346439859375 0.1356148546875 0.9563513765625 0.1388161375 0.959390359375
0 0.144646821875 0.553460696875 0.140842109375 0.5296790390624999 0.032297070312499995 0.543622165625 0.03610178125 0.5674038203125 0.144646821875 0.553460696875
0 0.0461848828125 0.022305121875 0.0539149921875 0.0740169703125 0.05711627500000001 0.0770559546875 0.10771430625 0.06861318125 0.0990238859375 0.014848015624999999 0.08696231875 0.015128806249999998 0.051278984375 0.0190730234375 0.0461848828125 0.022305121875
0 0.26854385937499997 0.2112039640625 0.22310027031250002 0.21848890625 0.2200800171875 0.22167272656249998 0.22412609843750003 0.25375145312499997 0.1145139640625 0.266681584375 0.1218407484375 0.3401973796875 0.12504203125 0.3432363640625 0.1333374140625 0.343043246875 0.24294955 0.330113115625 0.23924645 0.274156175 0.24144097968749997 0.2782564296875 0.2807233734375 0.2731905921875 0.28297824843749997 0.27936511406250003 0.29749517187499996 0.2790271609375 0.342938759375 0.27174221875 0.34803286093749997 0.2685101203125 0.337746165625 0.200252409375 0.33448453906250003 0.19513915937499998 0.325122059375 0.1943192828125 0.3220223859375 0.1591050140625 0.294055634375 0.160793915625 0.291035378125 0.16397773437500002 0.2940747078125 0.1971177375 0.31380641875 0.1976962171875 0.313987446875 0.203919021875 0.2726915515625 0.21110740625000002 0.2709194203125 0.221527021875 0.26854385937499997 0.2112039640625
0 0.168236978125 0.1159825109375 0.1155047578125 0.122399296875 0.1221677703125 0.1730981515625 0.1821282828125 0.1654752546875 0.1862950484375 0.20170251718749999 0.189556675 0.20681576875 0.25259778593750004 0.19808331875000001 0.238083978125 0.09152407812499999 0.1677542359375 0.09938836875 0.168236978125 0.1159825109375
0 0.253388475 0.011254409375 0.15825078125 0.0134692125 0.157105484375 0.0186850546875 0.1562139671875 0.0135166296875 0.1500103859375 0.01366105 0.15581609375 0.045698812500000005 0.19924617656250002 0.040536415625 0.20434027968750001 0.037304317187500005 0.2052263453125 0.032094509375000004 0.25381087343750003 0.025774281249999996 0.253388475 0.011254409375
0 0.2221826625 0.6149636671875001 0.190128559375 0.61882339375 0.2008376546875 0.701600978125 0.23496560312499998 0.6976929703125 0.23752219062500002 0.71423883125 0.4153298796875 0.69141841875 0.4204239796875 0.6881863218750001 0.40389667031250004 0.583749628125 0.2240151375 0.60661831875 0.2221826625 0.6149636671875001
0 0.2759562953125 0.1093234609375 0.272936040625 0.1125072828125 0.279176653125 0.14868626406250002 0.31739195 0.1426074328125 0.3090171484375 0.1044024625 0.2759562953125 0.1093234609375
0 0.2841469515625 0.2482028234375 0.28658285625 0.26060015000000003 0.287408578125 0.253316075 0.2841469515625 0.2482028234375
0 0.495136178125 0.2246099484375 0.49588248437500004 0.1789277828125 0.5435809468749999 0.17781736406249998 0.5652658171875 0.1741990328125 0.5629315265625 0.129626421875 0.5659105140625 0.1606921546875 0.619709828125 0.1552883625 0.621199325 0.1708212296875 0.6244006078125001 0.17386021093749998 0.728918640625 0.16416218124999998 0.72527588125 0.1102795046875 0.675563915625 0.11351247187499999 0.671860815625 0.057555528125 0.668478503125 0.04829374375 0.5566718359375 0.05712361875000001 0.5567925218750001 0.06127215312499999 0.486281753125 0.06291364375 0.4844492765625 0.07125899218750001 0.40469671093750004 0.07622913906249999 0.41111523749999995 0.22552811718750002 0.4143165203125 0.22856709999999997 0.495136178125 0.2246099484375
0 0.8049871765625 0.1395589109375 0.8142893156250001 0.138304521875 0.81660453125 0.1465533125 0.829047609375 0.1462636375 0.8287458953125 0.13589230000000002 0.882364184375 0.12426570625 0.8917266625 0.12508558281249998 0.8966588109375 0.151954503125 0.9008668468750001 0.1539322125 0.9031820625 0.162181003125 0.9192869734375 0.2520978234375 0.9894835265624999 0.23965519375 0.9880541562499999 0.1905209203125 0.9436713093750001 0.1986005140625 0.9291765796875 0.1283650953125 0.9289955515624999 0.12214229218749999 0.9351567484375 0.11992318906249999 0.93497571875 0.113700384375 0.911607184375 0.010607509375000001 0.8079428046875 0.009401265625 0.8217208265625 0.072747840625 0.7980224515625001 0.07848871874999999 0.793874759375 0.078585278125 0.7906131328125 0.0734720265625 0.7851378999999999 0.027934701562499997 0.7795921515625001 0.0090713765625 0.774713171875 0.009014603125 0.7184127640625 0.017034028125 0.7389258140625 0.1514751796875 0.7555165828125 0.1510889484375 0.7954596296875 0.2757372453125 0.8170841578125 0.270044646875 0.7853348875 0.1773785171875 0.7861606109375 0.170094440625 0.8077247953125 0.162327575 0.8032753890625 0.1520527953125 0.8073627390624999 0.1498819703125 0.8071817109375001 0.1436591671875 0.80077914375 0.1375812015625 0.7964916890625 0.097205403125 0.8049871765625 0.1395589109375
0 0.7729934203125 0.1454929078125 0.7753086359375 0.15374169843750002 0.7761343593750001 0.146457621875 0.7729934203125 0.1454929078125
0 0.854194209375 0.190305178125 0.8439869328125 0.16044555625 0.8179733406249999 0.15793764375 0.82818061875 0.18779726562500001 0.854194209375 0.190305178125