0 0.227229725 0 0.2091738875 0.0295678390625 0.1719645984375 0.0067123125 0.16442943906250002 0.0085233109375 0.1240534328125 0.073874465625 0.1205215546875 0.07636806093750001 0.109570534375 0.0683091859375 0.10603865781249999 0.07080278125 0.07413818125 0.123151965625 0.12877481875000002 0.15826645 0.1214765828125 0.170437225 0.12394962968750001 0.17395471406250002 0.18623989375 0.2124380890625 0.1573998890625 0.2591174859375 0.1456269640625 0.26742947031250003 0.1083114296875 0.3271108390625 0.165421115625 0.365742815625 0.1622421828125 0.366232715625 0.034364259375 0.284575978125 0.03052391875 0.2829683421875 0.006613909375 0.418707846875 0.0475733921875 0.443682775 0.037567628125 0.4595196375 0.039687731250000004 0.4650408234375 0.07689701875 0.48789635000000003 0.0904346625 0.46956589062500004 0.1738026171875 0.5229945171875 0.18145624062500001 0.52636340625 0.18498811875 0.523869809375 0.24878907031250003 0.41917144375 0.1678941640625 0.3692603046875 0.1799015703125 0.3537647390625 0.18096040156249998 0.3477536546875 0.15705671875 0.33129460625 0.1824906375 0.344918759375 0.20874157499999998 0.3070853421875 0.21097769843749997 0.300243059375 0.1822463828125 0.2819289171875 0.21461826562500003 0.23275592656250002 0.25547789375 0.2582977453125 0.263013053125 0.25648674374999997 0.2733717625 0.23864618593750003 0.2915050015625 0.24689775625000002 0.38579465625 0.0978649875 0.38650054375 0.093857596875 0.382025853125 0.089998809375 0.2389882578125 0 0.227229725 0
0 0 0.768529121875 0.0230126890625 0.7820982359374999 0.034669596875 0.786149721875 0.12860386562499998 0.6215772921875 0.028398426562500002 0.5642457796875 0.015682690625000002 0.56620538125 0.009796228125 0.570361375 0 0.5878148750000001 0 0.768529121875
0 0.08390339687500001 0.9163131718749999 0.1058054375 0.9324309218750001 0.14971331875 0.8645861734375 0.110030984375 0.8382131562499999 0.102848765625 0.8380204609374999 0.0877808875 0.8591858140624999 0.052573240624999996 0.8366715859375 0.032680171875000004 0.873525203125 0.0212650765625 0.9149202046875 0.01585001875 0.9222523890625001 0.112969678125 0.938812178125 0.076721178125 0.916120478125 0.0782514140625 0.9132855828125 0.08390339687500001 0.9163131718749999
0 0.14410405625 0.32289443281249997 0.1542307296875 0.3297808109375 0.147282990625 0.3224045328125 0.14410405625 0.32289443281249997
0 0.3213562296875 0.6977847140625 0.31558578593750003 0.689577234375 0.23021619062499998 0.6358073078124999 0.20019889218750003 0.6833179031250001 0.1950183171875 0.68346650625 0.1860689390625 0.6757489296875 0.1825370609375 0.6782425234375 0.15405 0.7229182265625 0.21033533750000002 0.76037770625 0.22034110468749998 0.744540840625 0.22587462343750003 0.7423885453125 0.2720332890625 0.772961646875 0.3213562296875 0.6977847140625
0 0.3571195375 0.483048034375 0.3549994328125 0.47752685 0.31284405 0.4476363421875 0.284591471875 0.48512846249999997 0.2847099328125 0.49030835 0.30013564375 0.5022260125 0.2561092984375 0.564890875 0.363146453125 0.6419621328125 0.4303632640625 0.547133640625 0.35252882812499997 0.49155271562499997 0.3571195375 0.483048034375
0 0.290662365625 0.9598229703125 0.2848706734375 0.9681228718750001 0.39274451875 0.9865163499999999 0.5079925375000001 0.8204184203124999 0.5078740749999999 0.8152385343749999 0.49327271406250006 0.80449336875 0.4321597453125 0.7651787953125 0.297844584375 0.9600156671875 0.31044430312500004 0.970419534375 0.290662365625 0.9598229703125
0 0.5124781828125 0.0575494296875 0.49705247343750003 0.0456317671875 0.49352059531250003 0.048125362500000005 0.4540849578125 0.1022855453125 0.46868631875 0.11303071093749999 0.47221819531250003 0.11053711562499999 0.5124781828125 0.0575494296875
0 0.6909967906250001 0.226268128125 0.6835776484375 0.21571565625 0.6600269078125 0.19725291250000002 0.6517858609375 0.203071303125 0.6815686765625 0.1627442921875 0.679448571875 0.15722310625 0.570409775 0.07981054843749999 0.527560721875 0.1416442140625 0.621173809375 0.20713910625 0.6230594328125 0.21984387343749998 0.6665105703124999 0.25408306718749996 0.6696895046875 0.25359316875000004 0.6909967906250001 0.226268128125
0 0.6139439859375 0.7105238484374999 0.515856209375 0.641170165625 0.502671509375 0.6574969312500001 0.49336918750000003 0.6517830499999999 0.48783566875 0.6539353484375 0.463114965625 0.688933871875 0.49879401718749994 0.714624290625 0.49738224375 0.7226390703125001 0.5800443125 0.780075090625 0.5974667765625 0.757247340625 0.5973483140625 0.7520674515625 0.5872216421875 0.7451810734375 0.6139439859375 0.7105238484374999
0 0.48034204375 0.9539834 0.5339198515625 0.9951089718749999 0.5370987859375 0.994619071875 0.5366273796875001 0.9914428796875001 0.540277721875 0.9941291703124999 0.5578162046874999 0.9589379515625 0.5407417953125 0.9446752953124999 0.5321478046875 0.9524973796875 0.5805303765625001 0.8885114171874999 0.5465000234375 0.8651659921875 0.48034204375 0.9539834
0 0.6507219328125 0.9962142109375 0.6882709765625 0.9440319296874999 0.6881525140625 0.9388520421875001 0.6167944109375 0.8874712046875001 0.5526380718749999 0.9766299093749999 0.5793677453125 0.9946027531249999 0.580786775 0.99662108125 0.6507219328125 0.9962142109375
0 0.7551677906250001 0.24236955781249997 0.721147209375 0.28919755468749997 0.72526895625 0.295060040625 0.8155846453125 0.35586494687500003 0.8195879296875 0.3565475421875 0.827004628125 0.3495566578125 0.8821126734375 0.3878473359375 0.889529371875 0.38085645 0.89883169375 0.38657033125 0.9043652140624999 0.384418034375 0.9213162734375 0.3584140921875 0.9191961703124999 0.3528929078125 0.9090694984375001 0.3460065296875 0.9253146703124999 0.3240099765625 0.9228416234375001 0.3204924859375 0.8381779140625 0.26271516875 0.8285226484375 0.2590049828125 0.8233420734375001 0.2591535859375 0.8133363062500001 0.27499045 0.7841335859375 0.25350011562499997 0.7744783203125001 0.2497899296875 0.7717707921875 0.253456021875 0.7551677906250001 0.24236955781249997
0 0.9040843109375001 0.058277851562500003 0.904908659375 0.0594503484375 0.9397633609374999 0.083968271875 0.9523174203125 0.06650203906249999 0.9040843109375001 0.058277851562500003
0 0.919549815625 0.994650215625 0.9264246281249999 0.955621221875 0.840973403125 0.8906098953124999 0.7964756515625 0.9500985671875 0.8309774093750001 0.976620184375 0.8140214640625001 0.9675374140624999 0.8051929921875001 0.9825430796875001 0.8023670015625 0.9810292859375 0.7910654796875 0.9925174625000001 0.7889291390625 0.9954101453125 0.847729971875 0.9950680515625001 0.8485232234375 0.9940590328125 0.8484047625000001 0.9888791453125 0.8564498203124999 0.9950173203125001 0.919549815625 0.994650215625
0 0.8461442046875 0.82028786875 0.8394333921875001 0.8232713640625 0.8724049171875 0.8526278765624999 0.8965381921875 0.8268166296875 0.8655683125 0.7978014156250001 0.8461442046875 0.82028786875