0 0.891864765625 0 0.9251160296875 0.022058715625 0.9393856609375 0 0.891864765625 0
0 0.9188962234375 0.9723624781250001 0.948545146875 0.98743491875 0.9733722125 0.9374903609375 0.9457794609375 0.9244386140625 0.9188962234375 0.9723624781250001
0 0.8529511578125 0.19627080937500002 0.9174130828125 0.23349995156249997 0.934370221875 0.20596041718749997 0.928154409375 0.195833290625 0.9401366765624999 0.1774696578125 0.8838521343749999 0.14425825625 0.8529511578125 0.19627080937500002
0 0.8252401515625 0.1730564609375 0.8521233890625 0.1251325984375 0.833688803125 0.1130438984375 0.84899183125 0.1180365140625 0.8694589374999999 0.1301133875 0.9022505328125 0.0658938859375 0.8358033875 0.0327416109375 0.80301179375 0.09696110937499999 0.8050916156250001 0.101014325 0.7991359578125 0.11324492187499999 0.7792128140625 0.1479160171875 0.8252401515625 0.1730564609375
0 0.7775504359375 0.6164533390625 0.73873223125 0.686805875 0.7418401390625 0.6918694375000001 0.760251075 0.701925615625 0.833847515625 0.7380852859375 0.8636731046874999 0.68099734375 0.8923175953125 0.697091959375 0.8953545500000001 0.6960579625000001 0.896890409375 0.6533632109374999 0.8570079312500001 0.63225233125 0.8519621078125 0.635330675 0.8460300999999999 0.6495937921875 0.84299314375 0.6506277890625001 0.7775504359375 0.6164533390625
0 0.782007846875 0.9121791343749999 0.8546235015624999 0.951393496875 0.8934180546875 0.8790084421875 0.8208023984375 0.8397940765625 0.782007846875 0.9121791343749999
0 0.7557589 0.49055532656249995 0.8498933984375 0.5448894328125 0.888758903125 0.4786019375 0.8222408078125 0.4393520984375 0.8211890734375 0.43630923125 0.8331476890625 0.415913078125 0.7870967 0.38874011249999996 0.754186853125 0.4427970125 0.754234153125 0.446862053125 0.7644677078125001 0.4529004890625 0.74650613125 0.481462196875 0.7557589 0.49055532656249995
0 0.8121129703125 0.355055715625 0.8663649921875001 0.38827894375 0.877366475 0.3729700046875 0.87425856875 0.367906440625 0.8251469734375 0.339734953125 0.8200774984375 0.340780775 0.8121129703125 0.355055715625
0 0.8213588984375001 0.9749625906249999 0.8114328015625001 0.9953469187499999 0.8685692062499999 0.995014509375 0.8264283734375001 0.97391676875 0.8213588984375001 0.9749625906249999
0 0.711776828125 0 0.7045520984375 0.02029293125 0.6974264531250001 0.0193180578125 0.694413146875 0.022384575 0.6346437140625001 0.1263978578125 0.7298062984375 0.18174231093749998 0.7379600296875 0.18372753125000002 0.7688373578125 0.1296824578125 0.7657058 0.1225863734375 0.74526234375 0.1125420203125 0.7421544359375 0.10747845625 0.7700657609375 0.060564942187500005 0.7413976203125 0.04243780625 0.775135234375 0.05951912031249999 0.7940539453125 0.025870198437500002 0.7919741234375001 0.0218169828125 0.804765796875 0 0.711776828125 0
0 0.6799156609375 0.261306225 0.6978772359375001 0.232744515625 0.698928971875 0.23578738437500002 0.6929496640624999 0.24598546093749998 0.718533546875 0.26108155312500003 0.7394847765625 0.22742080625 0.7302320078125 0.21832767656250002 0.7180368859375 0.21839862499999999 0.714042796875 0.22451983593749997 0.7229881078125 0.2071902015625 0.7219363734375001 0.2041473328125 0.625769353125 0.149825053125 0.6008713359375 0.1936720515625 0.5958491609375 0.19878291406249998 0.59176046875 0.1967740421875 0.584800378125 0.2100268125 0.5879082828125 0.215090375 0.6083517390625001 0.22513472812500002 0.618514340625 0.22507560468749999 0.624659203125 0.2291051703125 0.629705028125 0.22602682812500002 0.629657728125 0.2219617875 0.6214566953125 0.2159115265625 0.6265498203125001 0.2168982234375 0.6541898749999999 0.23401501093750002 0.6501957859374999 0.240136221875 0.651271171875 0.245211609375 0.6799156609375 0.261306225
0 0.7352527578125 0.038408240625 0.7280798109375 0.033368328125 0.7301596328125 0.03742154375 0.7352527578125 0.038408240625
0 0.7120339265625 0.22656418125000002 0.70603096875 0.2347297375 0.7090915734375 0.2357282609375 0.7120339265625 0.22656418125000002
0 0.609160128125 0.8186661390625 0.6786678796875 0.8528169390624999 0.709450603125 0.7906417828125 0.6143589703125001 0.741394890625 0.5964446953125 0.774021640625 0.5719125484375 0.7619684171875 0.5490707031250001 0.807836109375 0.5521786078125 0.8128996734375 0.595121690625 0.835009075 0.609160128125 0.8186661390625
0 0.6342125875 0.875434809375 0.5728822203124999 0.84530175 0.5626959671875 0.8433283546875 0.5319368953125 0.9075360296874999 0.6167713218750001 0.9487119640625 0.6218407984375001 0.9476661421875001 0.6356900328124999 0.91506304375 0.6387269890625 0.9140290453125001 0.6786094640625 0.935139925 0.6646892796875 0.9616454624999999 0.680039609375 0.9707031171875 0.692979009375 0.9472522734375 0.6847543265625 0.9391694906250001 0.7086006078125 0.8922796249999999 0.64624215625 0.8611362187499999 0.6342125875 0.875434809375
0 0.6567455546875001 0.6283357796875 0.6536612984375 0.6253047359374999 0.6291055 0.6112189921875 0.6220271546875 0.6143091593750001 0.60808331875 0.638782178125 0.6091587046875 0.6438575656250001 0.6347425875 0.6589536578125 0.6188135328125 0.6875035406250001 0.6464299375 0.7025878078125001 0.6514994109375001 0.7015419859375001 0.6633634265625 0.6730157515624999 0.6806280250000001 0.6718989796875 0.6895969859375 0.6566018671875 0.6864890796875 0.6515383015625 0.6599244125 0.639496903125 0.6547839859375 0.6344451656250001 0.6567455546875001 0.6283357796875
0 0.6227115953125 0.49844367656250005 0.6564965125 0.5195900296875 0.6773767890625 0.479831721875 0.643615525 0.4607178890625 0.6227115953125 0.49844367656250005
0 0.66018456875 0.6618546265624999 0.6561904796875 0.6679758375 0.659251084375 0.6689743609375001 0.66018456875 0.6618546265624999
0 0.6449524906249999 0.662959575 0.63777954375 0.657919659375 0.639859365625 0.661972875 0.6449524906249999 0.662959575
0 0.48922746874999995 0.5561346859375 0.5823102312499999 0.6074259234375 0.6190722640625 0.5350526921875 0.528045671875 0.4857821484375 0.48922746874999995 0.5561346859375
0 0.5629755015625 0.3432928796875 0.5946332953125 0.3563209765625 0.6164470578125 0.3094429359375 0.5765882312499999 0.290364578125 0.5686000531250001 0.3026069984375 0.5072933359375 0.2745064609375 0.4726111234375 0.35093290625 0.47571903125 0.3559964703125 0.543146959375 0.3860940546875 0.5629755015625 0.3432928796875
0 0.5092702906250001 0.7064347671875 0.5757410843749999 0.7416195625 0.6124794671875 0.6672138125 0.5460323218750001 0.634061534375 0.5092702906250001 0.7064347671875
0 0.54008493125 0.210286959375 0.5282209156250001 0.23881319374999999 0.5476362859374999 0.2478471984375 0.5537338468749999 0.24781172499999998 0.5558136671875 0.251864940625 0.574224603125 0.26192111875 0.5792940796875 0.26087529531250003 0.5892201765625 0.24049096718750002 0.5881684390624999 0.23744809843749998 0.5656924625 0.22741557031249998 0.5577279359375 0.2416905125 0.5645697765625 0.2182751421875 0.5451544046875 0.2092411359375 0.54008493125 0.210286959375
0 0.5768483859375 0.31272230156249997 0.5728779484375 0.3208760328125 0.5729252484375 0.3249410734375 0.5768483859375 0.31272230156249997
0 0.45106720781250004 0.158972071875 0.4757523703125 0.096832390625 0.41752991093749997 0.07176289687500001 0.3908122265625 0.1339144015625 0.444969646875 0.15900754687500002 0.45106720781250004 0.158972071875
0 0.44831832968749996 0.7088220328125 0.45134417187500003 0.7941760609374999 0.4605023390625 0.795139109375 0.4644254765625 0.7829203375 0.4776250328125 0.781827215625 0.47677361406249996 0.708656484375 0.44831832968749996 0.7088220328125
0 0.371007334375 0.1787480984375 0.3532113125 0.22153744843749998 0.3613886953125 0.2255551890625 0.3356517953125 0.2846520015625 0.3887574796875 0.306702278125 0.43226675 0.20278359531249998 0.4301869296875 0.19873037968750001 0.4342519703125 0.1987067296875 0.4490583390625 0.16101641718749998 0.3918639640625 0.1369572703125 0.3888270078125 0.13799126718750002 0.3749777734375 0.1705943671875 0.37502507500000004 0.1746594078125 0.379113765625 0.176668278125 0.3740206390625 0.1756815796875 0.371007334375 0.1787480984375
0 0.41792085625000003 0.19270376875 0.410771559375 0.1896963734375 0.4148839015625 0.193737765625 0.41792085625000003 0.19270376875
0 0.4140965921875 0.7374783390624999 0.399750696875 0.7273985125 0.4117329640625 0.7090348796875 0.4114491578125 0.6846446359375 0.42144620625 0.6703578703125 0.3978948453125 0.655249953125 0.3908164984375 0.6583401203125 0.3629051765625 0.7052536359375 0.37521855 0.7153452875 0.351230365625 0.75004003125 0.349245146875 0.754116896875 0.355413659375 0.760178984375 0.3374284328125 0.786708171875 0.342592509375 0.79379243125 0.35999901093750003 0.80487078125 0.3520344828125 0.8191457218749999 0.360211865625 0.8231634640625 0.34834785 0.8516896968750001 0.34122220312499996 0.8507148250000001 0.33820890000000003 0.8537813421875 0.3126375546875 0.9271057984375 0.38917634843750004 0.9541013890625001 0.39510835625 0.939838271875 0.404266521875 0.940801321875 0.4200063734375 0.8959912750000001 0.411828990625 0.891973534375 0.41470039375 0.8767118937499999 0.3850987703125 0.8657044921875 0.3949539140625 0.8392226031250001 0.3979672203125 0.8361560859375 0.40612095156250005 0.8381413078125 0.415137215625 0.8269092328125 0.4140965921875 0.7374783390624999
0 0.4143761265625 0.2374428640625 0.4072268296875 0.2344354703125 0.411339171875 0.2384768609375 0.4143761265625 0.2374428640625
0 0.4036222625 0.18668898125 0.396472965625 0.18368158750000002 0.4005853078125 0.187722978125 0.4036222625 0.18668898125
0 0.39341235937499996 0.182683065625 0.38217437187500003 0.17766679999999999 0.3903754046875 0.1837170609375 0.39341235937499996 0.182683065625
0 0.2825156203125 0.8713829484375 0.30454223593749996 0.8427975906249999 0.30865457812499997 0.84683898125 0.31573292343750003 0.8437488140625 0.339721109375 0.8090540703125001 0.3140899234375 0.7898929390625 0.298042615625 0.8082802203125 0.2467802484375 0.7699579562500001 0.235542259375 0.764941690625 0.236393678125 0.8381124218749999 0.2825156203125 0.8713829484375
0 0.25471685312500003 0.2292247734375 0.256678421875 0.22311538749999998 0.2852992609375 0.2371774828125 0.3139785140625 0.1689165921875 0.24346632812500002 0.1357879640625 0.240429371875 0.1368219625 0.2285417078125 0.163315675 0.229203921875 0.22022624375 0.24861929218749998 0.2292602484375 0.25471685312500003 0.2292247734375
0 0.238232721875 0.2974147171875 0.28830145156250003 0.3204989921875 0.303178771875 0.2889062390625 0.2531100421875 0.265821965625 0.238232721875 0.2974147171875
0 0.24570628593750002 0.939691140625 0.26161169218749997 0.9091087359375001 0.23707954375 0.8970555125 0.23826206874999997 0.9986815281249999 0.2551027703125 0.9985835515625 0.2763832953125 0.9557739296875001 0.24570628593750002 0.939691140625
0 0.23111961406249998 0.384860390625 0.23238420468749998 0.406195940625 0.241329515625 0.3888663078125 0.23415656875000002 0.3838263921875 0.23111961406249998 0.384860390625