0 0 0.87431105 0.033941759375000005 0.9284559734375 0.0380905046875 0.9285042515624999 0.15137392656249998 0.8571973906249999 0.1734626125 0.8398169 0.0695109734375 0.67364430625 0.011832075000000001 0.7092856671875001 0.035017509375 0.7479430703125 0.0107767859375 0.710310890625 0 0.7174025609375 0 0.84776235625 0.006348871875 0.8451346750000001 0.0134462390625 0.8545547890625 0 0.865990309375 0 0.87431105
0 0 0.6748598015625 0.0060072484374999995 0.6863928296874999 0.009100703125 0.6874663296875 0.0321360546875 0.6752843687500001 0.043708042187500004 0.6660815140625 0 0.581352478125 0 0.6748598015625
0 0.06914310312500001 0.21921396718750003 0.0593143640625 0.18797451406250001 0.020703112500000002 0.20101271875 0.029548978125000003 0.22912822500000002 0.0566606578125 0.2211437109375 0.0618284859375 0.2222413515625 0.02216194375 0.236304778125 0.0555796578125 0.3425189125 0.060711276562500006 0.34569113749999997 0.0794892578125 0.3396846484375 0.11781609062500001 0.40238081093750006 0.126186 0.39832820468749996 0.1323004921875 0.40462437500000004 0.16763724687499998 0.40088558750000003 0.18968972343749999 0.3855796796875 0.2003512546875 0.36910371249999996 0.19121572343749998 0.3575848734375 0.18288202343749999 0.359562896875 0.16333841875 0.3499979421875 0.12009196562499999 0.21254435312500003 0.11503276250000001 0.2052229625 0.06914310312500001 0.21921396718750003
0 0.051126034375 0.5976926796875001 0.080281128125 0.6509445859375 0.1263518296875 0.6265806656249999 0.1295539109375 0.621430415625 0.100362609375 0.5702530921875 0.051126034375 0.5976926796875001
0 0.125343246875 0.7438067015625001 0.16763778437500002 0.8169240609375 0.17280561249999998 0.8180217031250001 0.2262995578125 0.7844066453125 0.1839688109375 0.7133638671875 0.1777819015625 0.7112168640625 0.17989248124999999 0.7091664203125 0.1758885703125 0.7008198078125 0.14771635 0.65069184375 0.138435984375 0.647471340625 0.1174387984375 0.661752025 0.10361139687500001 0.6813036578125 0.10131977343750001 0.6937270171875001 0.1285453265625 0.7386564515625 0.1756713203125 0.7132673078125 0.125343246875 0.7438067015625001
0 0.31980691562499997 0.9546077046875 0.2375147171875 0.9941126453125 0.3396808171875 0.9953015781250001 0.31980691562499997 0.9546077046875
0 0.482507953125 0.8454883375 0.49298844218750004 0.8393852859375001 0.4571342734375 0.7538928453125 0.46233830937500003 0.7529159015625 0.4644850984375 0.7487908765625 0.466487053125 0.7529641828125 0.4811162890625 0.7469094125 0.486284115625 0.748007053125 0.46645084531250003 0.7550387671875 0.46324876562500006 0.7601890140625 0.473149921875 0.7872793 0.49043811093749995 0.8071930328124999 0.546772053125 0.7891735625 0.550010340625 0.7819487281249999 0.5440768890625 0.765279640625 0.5680951140625 0.7562216234375 0.5692228203125 0.7510472359375 0.56026833125 0.7291554812500001 0.5435647234375 0.7351861109375 0.5426180578124999 0.7299875828125 0.5457839296875 0.7269119171875 0.5603045390625 0.727080896875 0.5874162187499999 0.7190963828125 0.5926564640625 0.71604485625 0.5906545078125001 0.7118715484375 0.5948394593749999 0.709845246875 0.5949118765625 0.7056960812499999 0.582170725 0.663010209375 0.552984671875 0.6709705828125 0.54781684375 0.6698729421875 0.547889259375 0.665723775 0.5509465078125 0.668871859375 0.5884662609375 0.6589334609375 0.5886835109375 0.6464859609375 0.682428578125 0.6247518421875 0.687668821875 0.6217003156249999 0.687777446875 0.6154765656250001 0.67037538125 0.5426488843749999 0.661058809375 0.5415029625 0.5672775328124999 0.5653116671875 0.57983764375 0.6183704546875 0.53289269375 0.6333866796875001 0.5058534296875 0.6372220296875 0.501156309375 0.609154803125 0.5115281734375 0.6092755015625 0.518692709375 0.5554087515624999 0.5156354624999999 0.552260665625 0.48044354218749996 0.5477011187499999 0.4722237171875 0.6025930921875 0.40871999062500003 0.615341615625 0.4134171109375 0.6434088421874999 0.41021503125000003 0.6485590921875 0.3312802390625 0.653865521875 0.3281143671875 0.6569411875 0.3312854890625 0.713003221875 0.334342734375 0.7161513078125 0.36651361875 0.7154881843750001 0.3081053046875 0.7334835156249999 0.3178616265625 0.7688721359375 0.2990836484375 0.7748786265625001 0.3089123875 0.8061180765625 0.300542478125 0.8101706859375 0.32842503125 0.8768953171874999 0.333484234375 0.8842167078125 0.4212958515625 0.8458135 0.4282483859375 0.8635319499999999 0.4344352953125 0.865678953125 0.4424431203125 0.8823721796875 0.44018770625 0.8927209578124999 0.4562033546875 0.9261074125000001 0.4216684328125 0.9433430625 0.41162244374999996 0.9245511109375 0.373192234375 0.9272163984375 0.385203971875 0.9522562390625 0.391318465625 0.958552409375 0.3745786484375 0.9666576234375001 0.3900734453125 0.9958880078125001 0.4956365640625 0.9971164703125 0.5681830859375 0.9966944078125 0.5519918374999999 0.9656097140625001 0.5185122062499999 0.98182014375 0.515454959375 0.9786720593749999 0.5134892109375 0.9724241687499999 0.5166550828124999 0.9693485031250001 0.5657830296874999 0.948132665625 0.5438339296875 0.8980771234375 0.5397213921875 0.8959542578124999 0.5338241484374999 0.8772105890624999 0.5255990749999999 0.8729648624999999 0.517699875 0.8500478843750001 0.49157106875 0.8611563437499999 0.48643944843750003 0.8579841171875 0.482507953125 0.8454883375
0 0.3193566671875 0.8020896109375 0.334968775 0.7991587874999999 0.3391899390625 0.7950578984375001 0.3193566671875 0.8020896109375
0 0.383036184375 0.719830471875 0.378923646875 0.7177076078125 0.3821257265625 0.7125573593750001 0.376921690625 0.7135343015625 0.38179985156249996 0.731228609375 0.383036184375 0.719830471875
0 0.390681925 0.757269534375 0.3979241265625 0.7583913156250001 0.400070915625 0.7542662890625 0.390681925 0.757269534375
0 0.40097612343750005 0.7024017015624999 0.4041057875 0.7014006187499999 0.4031229140625 0.698276675 0.40097612343750005 0.7024017015624999
0 0.40179895468750004 0.952449359375 0.41118794531249997 0.9494461125000001 0.4133347328125 0.9453210875 0.40179895468750004 0.952449359375
0 0.4185592296875 0.7648564640625 0.40815115625000004 0.766810346875 0.40705965937500005 0.7699101546875 0.4101531140625 0.7709836546875 0.4185592296875 0.7648564640625
0 0.5059673046875 0.690135978125 0.507167428125 0.6808124203125 0.43642150312499994 0.6924391625 0.43325563125000005 0.6955148296875 0.43627667031249995 0.7007374984375 0.4498144046875 0.69778253125 0.4585516453125 0.7321217890625 0.5127387984375 0.71822734375 0.51288363125 0.7099290093749999 0.5059673046875 0.690135978125
0 0.5003539390625 0.179619465625 0.502247271875 0.190016521875 0.5074150984375 0.19111416406249998 0.9248657 0.10778442968749999 0.8319481734374999 0.02266543125 0.7902796765625 0.0325555484375 0.7446072671875 0.034099053125 0.7382755234375 0.040250384374999996 0.5592639203124999 0.073442265625 0.5004625640625 0.173395715625 0.5003539390625 0.179619465625
0 0.7435787609375 0.74685124375 0.743651178125 0.7427020765625 0.7269061125 0.6916695921875 0.5735164 0.7427971828125 0.5922634203125 0.798002975 0.6027077015625 0.79397450625 0.6087859875 0.8023452624999999 0.6171196859375 0.8003672375 0.6294572984375 0.806735828125 0.6398291625 0.8068565265625001 0.6555498953125001 0.7977019515625 0.6475058625 0.78308330625 0.64863356875 0.7779089203125 0.7383385171875 0.74990276875 0.7435787609375 0.74685124375
0 0.8795149921875 0.8635959328125 0.7021070546875 0.9237815406250001 0.6853672375000001 0.9318867546874999 0.679180328125 0.9297397500000001 0.6541068140624999 0.9398229875 0.6451161140624999 0.920005815625 0.6774680390625 0.9089697765625001 0.6827444921875 0.9038436687500001 0.6590830999999999 0.8330181515625 0.65395148125 0.8298459250000001 0.5881923421875 0.8529432265624999 0.6197167234375 0.9487603046875 0.603013115625 0.9547909359375 0.6048702390625 0.9672625765625 0.6204461390625 0.966406334375 0.6264520078125 0.9789262546874999 0.651489315625 0.9709175999999999 0.6597505984375001 0.97308874375 0.6972703499999999 0.9631503453124999 0.8559003078125 0.9089712296875 0.8638719265624999 0.9277390421874999 0.87322470625 0.926810378125 0.8811239078125 0.94972735625 0.8664946718750001 0.955782128125 0.874393871875 0.9786991046875 0.8795617 0.9797967468750001 0.9140242046875 0.9667102640625 0.9022297187499999 0.929222921875 0.9033574249999999 0.9240485328125001 0.919993865625 0.98130476875 0.9261807765625001 0.983451771875 0.9296855421875 0.9945912484375 0.9530571296874999 0.9944552765625 0.9529665812499999 0.994138509375 0.9541304953124999 0.9868895359375 0.99167545625 0.9755068078125 0.9937798453125 0.8549342515625 0.914525871875 0.8785283968750001 0.9133981640625001 0.8837027859375001 0.9232269046875 0.9149422375 0.9075423796875001 0.9220222296875 0.900300178125 0.9209004484375001 0.8944753515625001 0.8980076109375 0.8903628140625001 0.895884746875 0.8925096046875 0.8917597203125001 0.8846466109375 0.8667681578125 0.8795149921875 0.8635959328125
0 0.6058373640625 0.792973425 0.6089308203125 0.7940469265625001 0.6131519812499999 0.7899460406250001 0.6058373640625 0.792973425
0 0.74826538125 0.656643071875 0.7837469703125 0.6446059515625 0.7920444625 0.6447025109375 0.793135959375 0.6416027046874999 0.7762822703125 0.596793971875 0.733486065625 0.611858478125 0.74826538125 0.656643071875
0 0.8291711718749999 0.7167222296875 0.82021668125 0.6948304734375 0.786845675 0.7048171515625 0.7816054296875 0.7078686765625 0.7875750906250001 0.72246318125 0.7812795546875 0.7265399265625 0.7811709296875 0.7327636796875 0.7863387578125 0.7338613203125 0.8259690921875 0.721872478125 0.8291711718749999 0.7167222296875
0 0.866489421875 0.8966444296875 0.864523675 0.8903965390625 0.859138596875 0.901746396875 0.8664170046875 0.9007935953124999 0.866489421875 0.8966444296875