0 0.0951801875 0.466783615625 0.10421419531250001 0.4623502421875 0.11133245 0.467783709375 0.2008231453125 0.41203893281250004 0.1022847890625 0.2512879953125 0.088925353125 0.25695136875 0.075838296875 0.24016433125 0.0364211359375 0.26427308437499997 0.0230848875 0.332959721875 0.0660747828125 0.4009497578125 0.059011914062500004 0.4057548140625 0.059833601562500005 0.41204660156250006 0.0951801875 0.466783615625
0 0 0.6149431015625 0.0638172265625 0.6388383156249999 0.067348659375 0.6364357875 0.088315721875 0.581066528125 0.0902314734375 0.5711996890625 0.0759118875 0.5449749703125 0 0.5169520421875 0 0.6149431015625
0 0.26125433125 0.5901516796874999 0.2691942734375 0.601876934375 0.3076568984375 0.5774224968749999 0.216292184375 0.43234354843749995 0.1782404015625 0.4599438796875 0.12838947812499998 0.49043337343750004 0.1589721 0.5381352359375 0.17468582500000002 0.530870175 0.180626934375 0.5371044859375 0.1708266265625 0.5454845921875 0.18155939375000002 0.56387331875 0.1670505078125 0.575456796875 0.198837965625 0.6274770765625 0.2549577640625 0.59101 0.26125433125 0.5901516796874999
0 0.229946753125 0.7724449046874999 0.2562316421875 0.826496028125 0.3336231234375 0.7909715687500001 0.309309375 0.737292128125 0.30654424375 0.735747921875 0.297510234375 0.7401812921875 0.29033659375 0.724509303125 0.27265173125 0.7314026796875 0.267887765625 0.7243675265625 0.2635623375 0.7255975296875 0.2317517359375 0.7421010171875 0.21745984062499998 0.7209955609375001 0.1777923765625 0.7411315796875 0.1985193046875 0.786975025 0.229946753125 0.7724449046874999
0 0.4464256796875 0.9677087046875 0.4304904109375 0.934019671875 0.451295865625 0.9215778734375 0.43494975468749997 0.8847429484375 0.3108002453125 0.9400892203125 0.32117755625 0.9655705734375 0.313209921875 0.948726059375 0.3084736484375 0.9468101671875001 0.2821656203125 0.961282809375 0.2842903234375 0.9657746812499999 0.4217882125 0.9917016234375 0.4189405078125 0.982982190625 0.44565937968749997 0.9716554390625 0.4464256796875 0.9677087046875
0 0.6149288625 0.0840689890625 0.618871140625 0.08481235312499999 0.666750925 0.053951175 0.6456685390625 0.015200359375 0.6125463671875 0.008954759375 0.559953965625 0.04097293125 0.544457234375 0.0155490546875 0.5318640984375 0.0172656921875 0.5075272078124999 0.0321100203125 0.5166719890625 0.04815369375 0.491157953125 0.06379886093750001 0.491979640625 0.07009065 0.48491677187500004 0.07489570625 0.56237274375 0.1968958265625 0.6381208515625 0.14878779375 0.59839345 0.0850422609375 0.5866220015625 0.0930506859375 0.582679725 0.0923073203125 0.5695649734375 0.07040102031249999 0.596256153125 0.0539550078125 0.6149288625 0.0840689890625
0 0.9348349218750001 0.2517860984375 0.9394881140625 0.23834420625 0.9023043015625 0.1351887890625 0.9140757484375 0.1271803625 0.890500609375 0.064434925 0.86887346875 0.0705849375 0.8632106 0.056220628125000005 0.8432124999999999 0.0524497375 0.7610378296875 0.0840038421875 0.7914311515625 0.1695139 0.794196284375 0.171058109375 0.8075557203124999 0.16539473437500002 0.81628965625 0.1782925140625 0.80876055625 0.169713153125 0.8016699968750001 0.16939894687499998 0.8084604859375 0.1870443046875 0.816372734375 0.19365029843749998 0.8271055031250001 0.21203902343749997 0.8337852187499999 0.20920733593750002 0.8393431781249999 0.2174150125 0.8592207265624999 0.2518474109375 0.8676268968749999 0.2769570796875 0.9313034874999999 0.2541886265625 0.9348349218750001 0.2517860984375
0 0.9747561734374999 0.35136646250000003 0.9739344843750001 0.3450746765625 0.9361782234374999 0.2817008265625 0.9322359453125 0.280957459375 0.9031904765625001 0.29900515781250003 0.943739565625 0.369042478125 0.9747561734374999 0.35136646250000003
0 1 0.120487075 0.9806282421875 0.1264331625 0.94172708125 0.142622446875 0.9513103968750001 0.1669312734375 0.9372400453124999 0.1867799078125 0.9396497203124999 0.1954167453125 0.9488221937500001 0.21657968125 0.9621816296875 0.2109163046875 0.9645636124999999 0.21443388125 0.978172284375 0.2548438609375 1 0.24690153750000002 1 0.120487075
0 1 0.15050328125 0.9729375375 0.1607812625 0.9776738109374999 0.16269715468749998 1 0.15417206562500002 1 0.15050328125
0 1 0.40479737031249996 0.986887628125 0.40990843750000006 0.9849441828125001 0.414656015625 0.9989083140625 0.44797336562499995 1 0.44958550468749997 1 0.40479737031249996
0 0.9470386359375 0.815097409375 0.913161109375 0.8317225593750001 0.9088633734375 0.838071821875 0.9331410984374999 0.8866749 0.9470386359375 0.815097409375