0 0.9570917578125 0.4605883859375 0.9653386906250001 0.44752448749999996 0.98685104375 0.45331066093750005 0.99284335 0.43522698125000003 0.9910555953125 0.358433346875 0.9415390640625001 0.343487634375 0.9147125656249999 0.430829946875 0.9211712421874999 0.43277938593750004 0.91724666875 0.44785487343749997 0.9226620499999999 0.45090332968749997 0.9570917578125 0.4605883859375
0 0.9199841328125 0.703186271875 0.981589296875 0.6864327921875 0.9910784218750001 0.6808134156250001 0.9691176671875 0.6098516968750001 0.9011532703125 0.628927503125 0.8981725484374999 0.6386322046874999 0.9199841328125 0.703186271875
0 0.8839525609375001 0.073721875 0.8965218546875 0.0626695640625 0.9311504546875 0.08089815781250001 0.9342803484375001 0.077601109375 0.9690066093749999 0.008196296875 0.9639292890625001 0.0056079765625 0.8962044656250001 0.005213965625 0.8737673109375 0.04943886875 0.8761025218749999 0.0579202578125 0.8638315703125 0.0817878734375 0.8839525609375001 0.073721875
0 0.9798978109375 0.5678601390625 0.9781077703125 0.490968303125 0.9513292078125 0.488541325 0.9487951015625 0.47151639687499997 0.9114343953124999 0.47367192812500003 0.9117824593750001 0.4886231203125 0.905423228125 0.49094544687499997 0.907262990625 0.5699731671875 0.9798978109375 0.5678601390625
0 0.9273289 0.284055759375 0.96518505625 0.2113538984375 0.899157190625 0.1758714328125 0.85916471875 0.24863544218750003 0.9273289 0.284055759375
0 0.8465430234375001 0.11969410625000002 0.8271172671875 0.1117099 0.816932909375 0.133379484375 0.7931350687500001 0.12124780312500001 0.76133980625 0.17881203125 0.753291765625 0.20041946562500002 0.8192699078125001 0.23376604687500002 0.8632366749999999 0.1480624359375 0.8685028859375 0.1447032390625 0.8728749703125 0.14885071249999998 0.8760545859375 0.14768954843749998 0.8882758140625 0.1216860484375 0.8988082343749999 0.11496765625000001 0.9131160578124999 0.086766125 0.8649743140625 0.0849606265625 0.8465430234375001 0.11969410625000002
0 0.8010500140625 0.9203792828124999 0.8689149625000001 0.8970317078125 0.8721443015625001 0.8980064265625 0.8745292359375 0.9086237015625 0.8798948937500001 0.909536271875 0.9318120406249999 0.8898586343750001 0.9066219468750001 0.8179221921875 0.901256290625 0.817009621875 0.8694601328125 0.8286212609374999 0.8512756734375 0.7821289874999999 0.7664196265625 0.810245515625 0.7633394578125 0.8156784484375 0.8010500140625 0.9203792828124999
0 0.8828657906249999 0.3943531140625 0.8914607890624999 0.39624040781250003 0.8945906812500001 0.39294335937499997 0.902340378125 0.35852061874999996 0.8152476734375 0.3364749375 0.7910547265625001 0.44511394531250004 0.82652773125 0.45369998593750005 0.8392461953125 0.44905532812500004 0.8672172234375 0.4567909421875 0.8797856218750001 0.39978604687499997 0.8828657906249999 0.3943531140625
0 0.8710432421875 0.48339627656250006 0.8767569640625 0.49926003906250005 0.9012003140625 0.49320562656250005 0.897473740625 0.47087206249999997 0.8740239640624999 0.47369157343749996 0.8710432421875 0.48339627656250006
0 0.7696400328124999 0.351694365625 0.78752436875 0.29346615625 0.7153361640625 0.2688495578125 0.6963588109375001 0.3260408984375 0.7327268390625 0.3730728546875 0.7499168296875001 0.37684744062500003 0.75895844375 0.3520051046875 0.7696400328124999 0.351694365625
0 0.7702438593750001 0.7449456750000001 0.778689684375 0.7404253140625 0.7785902375 0.736153546875 0.7672622437500001 0.7086977875 0.7523080156249999 0.7091328234375001 0.734223003125 0.6669123203125 0.7339743875 0.6562328984375 0.72165281875 0.6320120421875 0.6634758859375001 0.6582837796875001 0.7144021390625 0.7796988 0.7747651125 0.7555008 0.7702438593750001 0.7449456750000001
0 0.6774418984375 0.936799165625 0.6200099234375 0.9491565812499999 0.6237862203125 0.9736260296875001 0.6334742359375001 0.9765501890625 0.6368030203124999 0.981796678125 0.6145457125 0.9899248265624999 0.6114158203125 0.993221875 0.6131672296875 0.9995829171875 0.679344540625 0.9976577437499999 0.673020984375 0.9764683953125 0.6964210375000001 0.9715130015625 0.691352828125 0.937463146875 0.6774418984375 0.936799165625
0 0.5872192984375 0.9180505328124999 0.6884209359375 0.9033511453124999 0.67510400625 0.790460015625 0.6665090109375 0.7885727218749999 0.6652170953125001 0.7789923171875001 0.6491698484375 0.778390484375 0.6450454875 0.7389698453125 0.5703737984374999 0.745416790625 0.5724115640624999 0.7870354609375 0.583142878125 0.78886060625 0.5714179890625 0.7902703609375 0.5705238609375 0.7977770296875 0.5872192984375 0.9180505328124999
0 0.618218096875 0.7803595718749999 0.6119085875 0.784817784375 0.644946934375 0.7806506640624999 0.618218096875 0.7803595718749999
0 0.25310613125 0.0097866640625 0.2480249703125 0.0761917359375 0.34331488593750004 0.08303763593749999 0.34939515 0.006985509375 0.25310613125 0.0097866640625
0 0.1594965390625 0.313873521875 0.156366646875 0.3171705703125 0.1510009875 0.316257996875 0.15731049531250002 0.3117997828125 0.156763540625 0.28830505624999997 0.14394563124999998 0.28867794375 0.14469148125 0.320716209375 0.1494613515625 0.3419507578125 0.1491647984375 0.421040625 0.1525433078125 0.4284229984375 0.2528508140625 0.421230278125 0.252255028125 0.44155225312499996 0.2629863421875 0.44337739843749996 0.266465190625 0.500984128125 0.2792831015625 0.500611240625 0.2798291625 0.47815337968750005 0.2829102265625 0.518673034375 0.369356528125 0.5129522203125 0.3624982765625 0.4020105296875 0.34322169062499996 0.40043397656249996 0.35171723906249996 0.3980495 0.3510211125 0.3681471203125 0.3476923265625 0.36290063125 0.340190353125 0.36205020625 0.35082221874999997 0.3596035828125 0.3433175640625 0.2208953984375 0.3603583875 0.21826232812500002 0.35578651875 0.1596187328125 0.16153072968749999 0.1716818421875 0.16704734375000002 0.270907240625 0.15855179531250002 0.27329171875 0.1594965390625 0.313873521875
0 0.3435428015625 1 0.3414441515625 0.966878359375 0.3380159203125 0.9573601015625 0.128955075 0.9762658999999999 0.1282101203125 0.990180221875 0.12905412031250002 1 0.3435428015625 1
0 0.261644703125 0.43166110937499996 0.2618427046875 0.3942520578125 0.2580166859375 0.36764672656249997 0.25483707031249997 0.36880789062499997 0.2572228984375 0.4253777515625 0.261644703125 0.43166110937499996
0 0.24256433125000001 0.30077033124999997 0.2379924625 0.2421267328125 0.2377944609375 0.27953578437500004 0.233670996875 0.2860677328125 0.23516180156250002 0.304191675 0.24256433125000001 0.30077033124999997
0 0.173451834375 0.0409578625 0.1725079828125 0.046328648437499995 0.18005968125 0.0493149578125 0.2078815421875 0.05064291875 0.21308476875000001 0.01095093125 0.1561478046875 0.012607290625 0.153082225 0.0383444421875 0.173451834375 0.0409578625
0 0.179823728125 0.570039734375 0.17743150937500002 0.5169603203124999 0.1320253296875 0.5194375328125 0.1375422421875 0.6571519765625 0.28222243125 0.6490937359375 0.2775231421875 0.563029753125 0.179823728125 0.570039734375