0 0.8446636609375 0.5610103515625 0.863359703125 0.557269603125 0.9084967 0.5406843203125 0.9160672390625001 0.5431827390625 0.9176703453125 0.5504161484375001 0.944428796875 0.5417573078125 0.9473331421875001 0.5383433875 0.945412540625 0.5269242843749999 0.9620136046875001 0.5233666359375 0.9649179484375001 0.5199527171875 0.9625679843749999 0.4611699296875 0.95437808125 0.43660507812500005 0.8402499765625 0.47502056562500006 0.8318700703124999 0.4757529671875 0.82929885 0.4696575296875 0.7734969671874999 0.512455565625 0.7693070140625 0.5128217671875 0.768656396875 0.51814543125 0.7824649828125 0.5611796953125 0.7858455703125 0.5640443140625 0.8372674968749999 0.54690973125 0.8404893359375001 0.547681503125 0.8446636609375 0.5610103515625
0 0.774787525 0.793589959375 0.7791362265624999 0.79531660625 0.7810412 0.8204307578125001 0.7947379234375 0.8202870296875 0.7973091421875 0.826382465625 0.8245438375 0.8240021625 0.8263213171875 0.8196333687499999 0.9226902406249999 0.8112107546875 0.924165853125 0.788961221875 0.918292184375 0.7115259203125001 0.924418365625 0.7088837734375 0.9249102359375 0.7014672625 0.9353851203125 0.7005517609374999 0.94276565625 0.72834743125 0.9334176359375 0.7302178046875001 0.930846415625 0.7241223671875 0.9235933718749999 0.7258096421875 0.9276895609375 0.8076137375 0.9749059078125001 0.804540403125 0.9669841437500001 0.6862030531250001 0.819208921875 0.6980652015625 0.8166377015625 0.6919697640625 0.7873080296875 0.69453316875 0.78584804375 0.7030876515625 0.7723100703125 0.7053242281250001 0.7735800515625 0.7220669953125001 0.769548846875 0.7245260421874999 0.774787525 0.793589959375
0 0.81291904375 0.420527828125 0.8923850312500001 0.3977821203125 0.8668784609375001 0.2978354421875 0.8586573046874999 0.3006606890625 0.855927334375 0.2924724046875 0.8475474296875 0.2932048046875 0.8420562374999999 0.3042183375 0.8156152828125001 0.31706287187500004 0.8122346953124999 0.314198253125 0.8077428734375 0.2966837109375 0.7932367859375 0.30005825937499997 0.787253725 0.318488303125 0.7883649593750001 0.3331382234375 0.81291904375 0.420527828125
0 0.78406684375 0 0.7666633875 0.0053331734375 0.7631084265625 0.014070759375 0.7465073624999999 0.01762840625 0.74360301875 0.021042326562499998 0.7670458671875 0.0937820078125 0.8268477015625001 0.07591502343749999 0.8281489390625 0.0652676921875 0.8447500031249999 0.06171004375 0.8476543453125001 0.0582961234375 0.8284408484375 0 0.78406684375 0
0 0.6448109468750001 0.3172440734375 0.5754710890625 0.362278684375 0.626942371875 0.44310229218749997 0.6962822281250001 0.3980676796875 0.6448109468750001 0.3172440734375
0 0.6842535953125 0.4897079609375 0.649828365625 0.4389953421875 0.6196737015625 0.45848461562500004 0.618864334375 0.46171543281250005 0.64541715625 0.49204889375 0.671191865625 0.49822307343750005 0.6842535953125 0.4897079609375
0 0.6858953796875 0.8866812875000001 0.7081463828125 0.8742029546874999 0.708797 0.8688792875000001 0.6967346390625 0.8488663296875 0.696258396875 0.8425877906249999 0.7020670828125 0.8357599531250001 0.6747361484375001 0.7812672140625 0.6445971109374999 0.7870614375 0.6344397234375 0.7921626296875 0.6337891046874999 0.7974862968750001 0.6429627499999999 0.807218125 0.6805785640625001 0.8860926156250001 0.6858953796875 0.8866812875000001
0 0.624040503125 0.5855595484375 0.6110100265625 0.5666845625 0.5482882234375 0.6016605171875 0.5474788562499999 0.6048913359375 0.5925064640625 0.684171396875 0.65619638125 0.648057471875 0.624040503125 0.5855595484375
0 0.62764976875 0.9528668296875 0.5949238828125 0.9662606640625 0.5796553109375 0.9317808843750001 0.5162985140624999 0.9583854546874999 0.512743553125 0.9671230390625001 0.50355428125 0.971086259375 0.503871775 0.97527195 0.51255355 0.992420290625 0.5260915234375 0.990183715625 0.5295198171875 0.9983109656250001 0.6118007828125 0.9911196359375 0.6102080828124999 0.9870453953125 0.6366490406249999 0.9742008609375 0.62764976875 0.9528668296875
0 0.46464543281250004 0.4720340375 0.53738150625 0.4161689953125 0.45886552812500003 0.312428440625 0.44499443125000004 0.324174371875 0.43437642812500005 0.30930197812500004 0.4290596125 0.3087133046875 0.409062334375 0.323101384375 0.39019191875 0.3384443375 0.40403176093750004 0.3540885015625 0.378067046875 0.373211575 0.4392038484375 0.45635049843750003 0.456265528125 0.4727664390625 0.46464543281250004 0.4720340375
0 0.22054273750000003 1 0.2342704171875 0.993568225 0.2549026859375 0.9875515296874999 0.25891826562500003 0.99878753125 0.2621401046875 0.9995593046875 0.2826136265625 0.9914497624999999 0.28535922187499996 0.9859429984375 0.2803755296875 0.97584496875 0.2976272125 0.9669636562499999 0.318100734375 0.9588541140625001 0.3243700375 0.9719998625 0.329686853125 0.972588534375 0.34903351250000003 0.9635241203125 0.34470043906250003 0.9481024265625001 0.3835525078125 0.9320664437499999 0.389821809375 0.94521219375 0.3930436484375 0.9459839656250001 0.414485284375 0.93673645 0.4101522109375 0.9213147562499999 0.46335161874999997 0.8998113796875 0.467367196875 0.9110473828125001 0.4728427609375 0.9137289015625001 0.49428439687500003 0.9044813875 0.489951321875 0.8890596921875 0.528803390625 0.8730237109375001 0.5371832984375 0.872291309375 0.5423257375 0.8844821859374999 0.562799259375 0.8763726437500001 0.5653861078125 0.8687730328125 0.5393564109375 0.8036329640625001 0.531785871875 0.8011345453125 0.5011549609375 0.8143452796874999 0.49182256718749995 0.8025206046875001 0.4703809328125 0.8117681203125 0.47471400468749997 0.8271898125 0.42360957343749994 0.8485100890625 0.4160390328125 0.8460116718749999 0.41202345625000003 0.8347756687500001 0.4038022984375 0.8376009156249999 0.3886455921875 0.846299128125 0.39169305468750004 0.8586731046875 0.3887887125 0.8620870249999999 0.364283984375 0.8726556125 0.35396785 0.875663959375 0.346571684375 0.8615633375 0.3220669578125 0.8721319265625 0.3262412828125 0.8854607734375 0.3233369390625 0.8888746937500001 0.3096558453125 0.8753233734375 0.289023575 0.8813400687499999 0.2575832984375 0.8977816234375 0.2628844875 0.9120653453124999 0.25998014375 0.9154792625000001 0.22306430625 0.9292392984375001 0.2156681390625 0.915138678125 0.1922902734375 0.9266621390625 0.1966233484375 0.9420838328125001 0.1505182359375 0.9598070890624999 0.1669616890625 1 0.22054273750000003 1
0 0.406626028125 0.76361890625 0.4128953328125 0.776764653125 0.416117171875 0.777536425 0.43949503749999996 0.766012965625 0.434352596875 0.7538220890625 0.4393519140625 0.7502250687500001 0.4802989609375 0.7340059890624999 0.4875363765625 0.7460137625 0.4938213078125 0.7454644609375001 0.510104875 0.737721121875 0.51075549375 0.73239745625 0.4847257984375 0.6672573875000001 0.47731400625 0.6668518140625 0.44877807187499996 0.6798794499999999 0.4423500234375 0.6646408562499999 0.439128184375 0.6638690828125 0.4157503203125 0.67539254375 0.42057526406249995 0.6833977265625 0.4199246453125 0.6887213921875001 0.38526253125 0.7043911734375 0.36269403125 0.7126838140625 0.355297865625 0.69858319375 0.3369193203125 0.7065096343749999 0.3319200015625 0.7101066546875 0.3367449453125 0.7181118375 0.3341581 0.7257114484375 0.30965337187499997 0.7362800359375 0.29933723749999996 0.7392883828125 0.293067934375 0.7261426359375001 0.28984609375 0.7253708640625 0.269372571875 0.733480403125 0.2664682296875 0.7368943234375 0.27161067031249997 0.7490851984375 0.2543589859375 0.7579665125 0.233885465625 0.766076053125 0.22761616093749998 0.7529303046875 0.22439432343750002 0.7521585328125 0.203111434375 0.7634988921875 0.205190784375 0.7770108421875 0.1827810328125 0.787396328125 0.16843369375 0.7928637234375 0.161196275 0.7808559484375001 0.1426589828125 0.78668954375 0.13765966093749998 0.7902865625 0.1418339875 0.8036154109375 0.0987919671875 0.8200175937499999 0.09604637187500001 0.8255243578125 0.1191873515625 0.8803832968749999 0.132566578125 0.876053878125 0.13883588125 0.8891996265625 0.144152696875 0.889788296875 0.16559433125 0.8805407828125 0.1602931453125 0.8662570609375001 0.167387440625 0.8624769421874999 0.1939871453125 0.8517252531249999 0.199303959375 0.8523139265624999 0.20541451562500002 0.863366828125 0.22798301406250002 0.8550741875 0.22847488437500002 0.8476576765624999 0.22364994062500002 0.8396524921875 0.2347754421875 0.8334133265625001 0.263470121875 0.8224785375 0.27086628749999997 0.836579159375 0.2832773984375 0.8333877109375001 0.2944029 0.8271485453125 0.289260459375 0.81495766875 0.29216480312500004 0.81154375 0.32908064062500003 0.7977837140624999 0.332937471875 0.8069268703124999 0.3384130359375 0.8096083890625 0.35969592499999997 0.7982680296875 0.3545534828125 0.786077153125 0.35955280312500004 0.7824801328125 0.406626028125 0.76361890625
0 0.3172608953125 0.14151995625 0.2770919640625 0.1818983171875 0.304454153125 0.2090009578125 0.2573496703125 0.25525228437499997 0.325913890625 0.3251017328125 0.320597075 0.32451305937499997 0.3078528390625 0.337213865625 0.3477692609375 0.3769129515625 0.374067096875 0.3482805234375 0.3454192984375 0.3181301640625 0.340419978125 0.321727184375 0.3972056046875 0.2640961234375 0.349083653125 0.213527234375 0.36876343437500003 0.1949534640625 0.3663509625 0.19095087187499998 0.3172608953125 0.14151995625
0 0.305775965625 0.46274525312500003 0.30063352499999996 0.450554378125 0.25921023593750003 0.46049492187499996 0.25343280625000003 0.43993266249999996 0.1433515359375 0.46219405468749997 0.13206728750000002 0.466340375 0.1367178546875 0.48594776093750003 0.0952945671875 0.4958883046875 0.09415207656249999 0.5086284812499999 0.0873909046875 0.5028992453125001 0.03565148125 0.5158481359375 0.0357946015625 0.5316360312499999 0.059523690625 0.6359515015625 0.1135168375 0.6249123562500001 0.11642118125 0.6214984375 0.11273872656249999 0.600753078125 0.096947028125 0.6010799062500001 0.094375809375 0.59498446875 0.11435746093750002 0.5942914390625 0.11867490624999999 0.6234081828125 0.1222142390625 0.6283656484375 0.12640419375 0.627999446875 0.1678274796875 0.618058903125 0.1805873421875 0.5916630484375001 0.23442174218749998 0.57853105625 0.26359266875 0.57387480625 0.2695288453125 0.5965299125 0.3214270171875 0.5856738671875 0.3264263375 0.5820768468749999 0.3206645328125 0.5478195375 0.32388637187499997 0.5485913109375 0.327727575 0.5714295171875 0.3312669078125 0.57638698125 0.3862281703125 0.5642098625 0.361229096875 0.4431516234375 0.3093309265625 0.4540076671875 0.3086803078125 0.459331334375 0.3151239859375 0.4608748796875 0.305775965625 0.46274525312500003
0 0.33170695 0.3319689421875 0.3346112921875 0.328555021875 0.327358246875 0.330242296875 0.33170695 0.3319689421875
0 0.28610360468749996 0.8984490375 0.288516078125 0.9024516296874999 0.2915791671875 0.9011305546875 0.2857861078125 0.8942633453125 0.28610360468749996 0.8984490375
0 0 0.11372666718749999 0.0048387734375 0.12353106093749999 0.0082193609375 0.1263956796875 0.01434554375 0.12375353281249998 0.0191704875 0.131758715625 0.0417389859375 0.123466075 0.050262014062500006 0.13852156875 0.020757965625 0.152687175 0.022361071875 0.1599205859375 0.014298660937499999 0.1648386796875 0.02217106875 0.1852178390625 0.025551654687499998 0.1880824578125 0.031677835937499996 0.1854403109375 0.03537591875 0.192490621875 0.023282303125 0.1998677609375 0.0248854078125 0.207101171875 0.0156961359375 0.2110643921875 0.02807599375 0.23526304374999998 0.037265265625 0.23129982187499998 0.0408046 0.23625728750000002 0.0403127296875 0.2436737984375 0.018553596875 0.24873562031250002 0.023854784375 0.263019340625 0.0352977828125 0.260965865625 0.0636749671875 0.2458453875 0.0590087703125 0.23993305 0.0453120484375 0.240076778125 0.0625637328125 0.231195465625 0.0709280109375 0.2441581140625 0.0681824171875 0.249664878125 0.0325521875 0.2664726328125 0.0452495390625 0.29485697499999997 0.0545975609375 0.2929866015625 0.06151748124999999 0.300808684375 0.1530927140625 0.2569907890625 0.149235884375 0.24784763281250002 0.15939327187500002 0.2427464375 0.1492671375 0.22045753281249997 0.13991911875000002 0.2223279078125 0.12495241406249999 0.20572886875 0.12560303281250002 0.20040520312500001 0.1347923046875 0.1964419828125 0.13222108593749998 0.1903465453125 0.140283496875 0.1854284515625 0.1398072515625 0.1791499140625 0.12983986875 0.15895385625 0.1227455703125 0.162733975 0.1190474890625 0.1556836640625 0.13323608125 0.148123425 0.13050611406249998 0.139935140625 0.136473546875 0.1352001484375 0.136156053125 0.13101445625000002 0.12522055468749999 0.11195637031250001 0.1139363046875 0.1161026921875 0.1039689203125 0.09590663125 0.104778284375 0.0926758140625 0.113967559375 0.0887125921875 0.11123759062500001 0.080524309375 0.11914125312499999 0.07351336875 0.109015121875 0.051224464062499996 0.10192082499999999 0.055004584375 0.09822274375 0.047954275000000005 0.11031635937499999 0.040577134375000004 0.10774513906250001 0.034481696875 0.110379690625 0.0321447171875 0.000742584375 0.041726965625 0 0.0420472328125 0 0.047472031250000005 0.0013775765625 0.05009835 0 0.05108951874999999 0 0.07626844687499999 0.00150506875 0.0795812953125 0.0122974484375 0.08285148437499999 0.00245755625 0.092138371875 0.0040606625 0.09937178125 0 0.10112309531250001 0 0.11372666718749999
0 0 0.1576930421875 0.00253816875 0.1627064625 0.01140994375 0.15455755 0.0096480921875 0.14523129375 0.02044046875 0.1485014828125 0.0459133125 0.136794921875 0.0360890484375 0.132386759375 0.027709140625 0.1331191609375 0 0.143300696875 0 0.1576930421875