0 0.835526315625 0.0651679671875 0.9137020796875 0.0053157625 0.7879155124999999 0.0045839578125 0.835526315625 0.0651679671875
0 0.5241228062500001 0.05019838125 0.5526315796875 0.028434415624999997 0.5877192984375 0.079077146875 0.5921052625 0.0791026625 0.665570175 0.027994979687499998 0.6494883046875 0.0037786124999999995 0.541885965625 0.0031525999999999998 0.5372807015625 0.010801246875 0.517543859375 0.012879403125 0.501096490625 0.02484511875 0.517543859375 0.05016010625 0.5241228062500001 0.05019838125
0 0.2202492296875 0.0012813718749999999 0.00548245625 0.1579266328125 0.0076754390625 0.16232535625 0.0032894734375 0.1688787859375 0.0296052625 0.206312590625 0.0328947375 0.20742821875 0.03508771875 0.20086202968750003 0.0427631578125 0.208582121875 0.096491228125 0.282359615625 0.32456140312500004 0.11701982343749999 0.3322368421875 0.12035395 0.3859649125 0.196324425 0.4572368421875 0.14301100312499998 0.40241228125 0.07032362187499999 0.4265350875 0.052920104687500004 0.389029465625 0.0022633078125 0.2202492296875 0.0012813718749999999
0 0.83662280625 0.14302522499999998 0.9254385968750001 0.2455156234375 0.9660087718750001 0.2117604265625 0.8870614031249999 0.11919585937499999 0.875 0.10925726875 0.83662280625 0.14302522499999998
0 0.76644736875 0.2040204640625 0.79605263125 0.2403769125 0.8278508765625 0.213149628125 0.7982456140624999 0.1789861625 0.7916666671875 0.18114086875 0.76644736875 0.2040204640625
0 0.4561403515625 0.40068006250000004 0.46271929843750004 0.39413939062500003 0.5 0.44260189843750003 0.506578946875 0.44044719062500004 0.623903509375 0.35012099218750004 0.561403509375 0.265327553125 0.528508771875 0.28925898437500003 0.5186403515625 0.2815261328125 0.5098684203125 0.2661242234375 0.5361842109375 0.24654048125 0.504385965625 0.2035923265625 0.43969298281249997 0.2503650765625 0.4736842109375 0.2933259890625 0.498903509375 0.27483236093749996 0.4111842109375 0.34230448125 0.4528508765625 0.399564434375 0.4561403515625 0.40068006250000004
0 0 0.313126565625 0.0208333328125 0.29836681875000004 0 0.269078946875 0 0.313126565625
0 0.10197368437500001 0.3492774765625 0.0493421046875 0.276602853125 0.043859648437499996 0.2754744671875 0.027412281249999997 0.2896331640625 0.08333333281250001 0.3656163984375 0.0986842109375 0.35693377656249997 0.10197368437500001 0.3492774765625
0 0.4221491234375 0.511227921875 0.408991228125 0.49580049375 0.4287280703125 0.4805644421875 0.42434210468750005 0.473959978125 0.44078947343749997 0.46199426250000003 0.45065789531249995 0.45218325468750004 0.45065789531249995 0.44779729062499996 0.40679824531250003 0.3949105421875 0.3947368421875 0.38497195156249997 0.3256578953125 0.44487707812500005 0.396929825 0.5297215515625 0.4013157890625 0.52974706875 0.4221491234375 0.511227921875
0 0.7412280703125 0.5711983046875 0.745614034375 0.571223821875 0.7697368421874999 0.5494343390624999 0.7763157890625 0.551665596875 0.7828947375 0.54731790625 0.7982456140624999 0.5320563390624999 0.80701754375 0.5408793015625 0.8114035093749999 0.54090481875 0.8410087718750001 0.513664775 0.8322368421874999 0.5048418125 0.8322368421874999 0.49387689999999995 0.8607456140625 0.4677269703125 0.8267543859375 0.4291520203125 0.709429825 0.5326361140625 0.7412280703125 0.5711983046875
0 0.96491228125 0.4321487828125 0.9309210531250001 0.4637492734375 0.960526315625 0.49352677500000003 0.9923245609375 0.4619135265625 0.96491228125 0.4321487828125
0 0 0.5324248109374999 0.0208333328125 0.5176650640625 0.01644736875 0.506674634375 0 0.48446007187499995 0 0.5324248109374999
0 0.1228070171875 0.5588285046875 0.08662280624999999 0.5882232546874999 0.09758771875 0.60583090625 0.023026315624999998 0.6624146640624999 0.07456140312500001 0.731793434375 0.169956140625 0.6588835140625 0.15241228125 0.636851621875 0.2061403515625 0.59440104375 0.210526315625 0.592233578125 0.21600877187499998 0.5977479296875 0.23903508750000002 0.6296801390625 0.33662280624999996 0.55458999375 0.305921053125 0.5127447093749999 0.3103070171875 0.5039982968750001 0.2828947375 0.4676546046875 0.210526315625 0.5220581390625 0.2061403515625 0.5242256046875 0.19298245625 0.5066051953125 0.1228070171875 0.5588285046875
0 0.49451754374999995 0.5006840359375 0.4901315796875 0.51162343125 0.517543859375 0.5435811578124999 0.5471491234375 0.5207270796875 0.5142543859375001 0.48106201875 0.5021929828125 0.471123428125 0.4846491234375 0.4841792546875 0.48355263125 0.48965533125 0.49451754374999995 0.5006840359375
0 0.620614034375 0.6801457140625 0.6271929828125 0.6867629359375 0.6337719296875 0.682415246875 0.6502192984375 0.6660635671875 0.6436403515625 0.6594463453125 0.691885965625 0.6180603625 0.6557017546874999 0.575086690625 0.5833333328125 0.6382621546875 0.56798245625 0.6250149515625 0.5296052625 0.6587829078125 0.540570175 0.6741975765625 0.5186403515625 0.693806834375 0.55701754375 0.7367932640625 0.620614034375 0.6801457140625
0 0.4111842109375 0.5857255328125001 0.4013157890625 0.5779926828125 0.36951754375 0.6074129484374999 0.381578946875 0.619544521875 0.4451754390625 0.6615811828125 0.46162280625 0.647422484375 0.4111842109375 0.5857255328125001
0 1 0.66715328125 0.9978070171875 0.6647963 0.9660087718750001 0.6964095484375 0.9978070171875 0.7305857734375001 1 0.7284055484375 1 0.66715328125
0 1 0.7385240468750001 0.9495614031249999 0.6842524562500001 0.8782894734375001 0.7551097390625 0.9385964906250001 0.820153578125 1 0.7627731843750001 1 0.7385240468750001
0 0.680921053125 0.7605404296875 0.7006578953125 0.7431113953125 0.67105263125 0.7111409125 0.6403508765625 0.7109622953125 0.5953947375 0.751270921875 0.6217105265625 0.7799327953125 0.6217105265625 0.7843187609375 0.5822368421874999 0.8213698109375001 0.6557017546874999 0.89964809375 0.7357456140624999 0.8244558812499999 0.683114034375 0.7671321359375 0.680921053125 0.7605404296875
0 0.351973684375 0.861696846875 0.289473684375 0.7703244609375 0.254385965625 0.78985716875 0.2368421046875 0.7634393109375 0.1348684203125 0.8275390281250001 0.1458333328125 0.845146678125 0.1513157890625 0.8484680484375 0.2182017546875 0.8082870046874999 0.2203947375 0.8148787093750001 0.21162280625 0.82359960625 0.2357456140625 0.85882766875 0.180921053125 0.8979823921874999 0.2192982453125 0.9541267171875001 0.351973684375 0.861696846875
0 0.755404509375 1 0.8333333328125001 0.9204183671875 0.8442982453125 0.9314470703125 0.8760964906250001 0.8998338218749999 0.8684210531250001 0.8921137296874999 0.8618421046875 0.8964614187500001 0.853070175 0.8898314375 0.8607456140625 0.8800076718750001 0.83991228125 0.859053134375 0.835526315625 0.8612205984375001 0.8256578953125 0.8512947656250001 0.830043859375 0.8469343171875 0.80701754375 0.8237740375 0.8004385968750001 0.828121728125 0.78508771875 0.812681540625 0.694078946875 0.9031608390624999 0.7072368421874999 0.9207812499999999 0.6875 0.9404032671874999 0.7488185875 1 0.755404509375 1
0 0.47111377968749996 1 0.506578946875 0.9755349093750001 0.5241228062500001 0.9909878546875 0.5296052625 0.9899232578125 0.5252192984375 0.9284942328125 0.4802631578125 0.887662509375 0.45175438593750006 0.9072334921874999 0.44078947343749997 0.9071697000000001 0.3651315796875 0.96045760625 0.3881578953125 0.981424903125 0.396929825 0.9792829546874999 0.41557017500000004 0.9958387703125 0.413064690625 1 0.47111377968749996 1