0 0.013863870312500002 0.41789527499999995 0.01563115 0.397872003125 0.0355147890625 0.38763928281250004 0.003793353125 0.32599999999999996 0.004925153125 0.42326666562500004 0.008922049999999999 0.42295345624999997 0.013863870312500002 0.41789527499999995
0 0.017168509375 0.701895275 0.007908975 0.6796956515625 0.0083629984375 0.7187142859375 0.0193081421875 0.713872003125 0.017168509375 0.701895275
0 0.0105000421875 0.9023714281249999 0.0372520640625 0.9666974625 0.1278215296875 0.9286385812500001 0.08362301562499999 0.8261389328125001 0.0517859203125 0.8405112859375 0.043599743749999996 0.8246043734375 0.0097663234375 0.839315790625 0.0105000421875 0.9023714281249999
0 0.11788994531250001 0.7627316703125 0.09634305 0.7159760265624999 0.0615408625 0.7333832890624999 0.0830877578125 0.7801389328125 0.11788994531250001 0.7627316703125
0 0.14150805625 0.9874873125000001 0.114796053125 0.998799625 0.151596053125 0.9983714171875 0.14750805625000002 0.9874174968749999 0.14150805625 0.9874873125000001
0 0.22631557500000002 0.1963935234375 0.216385390625 0.202509884375 0.20636211875 0.2006262453125 0.1945250234375 0.214765878125 0.1885250234375 0.21483569375 0.0890835546875 0.2639993 0.084188278125 0.2730574796875 0.1046537203125 0.312824759375 0.08677008124999999 0.32303420781250003 0.1134217 0.3787316703125 0.1184566078125 0.381673490625 0.1512587953125 0.36428950000000004 0.1348864421875 0.3324756765625 0.137851534375 0.32944076875 0.2303511828125 0.285358615625 0.2016530203125 0.225684425 0.262315575 0.1959746265625 0.27817594218749997 0.18378845 0.2941992140625 0.185602271875 0.2950944890625 0.1765906359375 0.302036309375 0.171509184375 0.306036309375 0.1714626390625 0.315187578125 0.18435791562499998 0.3133970265625 0.20238118749999998 0.30744357187500004 0.20645100312500003 0.3055133875 0.2124742765625 0.30416500625 0.2684975484375 0.3072231875 0.2734626390625 0.310188278125 0.27042773124999997 0.3210712171875 0.17428809843749998 0.32090831249999996 0.1602880984375 0.3178966765625 0.1593230078125 0.276106125 0.177811721875 0.29796649375 0.165555728125 0.300885040625 0.1585208203125 0.2859199484375 0.1616953609375 0.2800130375 0.1697651765625 0.273989765625 0.16783499375 0.2481759421875 0.18413753125 0.2341992140625 0.1863004359375 0.230338846875 0.19834697968749998 0.22631557500000002 0.1963935234375
0 0.1719692953125 0.5110684156249999 0.111236925 0.5347782140625 0.1277954546875 0.5825920375 0.1068769078125 0.5898363953125 0.105958359375 0.59684803125 0.1275517984375 0.6476036734374999 0.20419108125 0.615707696875 0.1918187265625 0.5838473296875 0.1977256390625 0.5757775140625 0.1719692953125 0.5110684156249999
0 0.2310616828125 0.43237025156250003 0.24163115 0.39524225468749996 0.23944497187499997 0.37926552812500003 0.23641006406249998 0.3763004359375 0.18257296875 0.3909287828125 0.17857296875 0.3909753265625 0.1684100640625 0.3770916875 0.1426195125 0.395394225 0.137700965625 0.40245240468750004 0.14887550624999998 0.4173244078125 0.16878241875 0.40909168749999997 0.17607331875 0.43401023437499997 0.185201315625 0.4449055109375 0.2310616828125 0.43237025156250003
0 0.18136675468750002 0 0.19195415625 0.0797775140625 0.18790761250000002 0.0758240578125 0.185605075 0.049847329687500004 0.1685934390625 0.04904514375 0.16779125156250002 0.0660567796875 0.16995415625000002 0.08003350625 0.1740239734375 0.0859869625 0.17705888125 0.0889520546875 0.18905888125 0.088812421875 0.1949890640625 0.08274260624999999 0.257884340625 0.07300953437499999 0.2491861765625 0.013102623437499999 0.2470930890625 0.0051258953125 0.23906981562500002 0.0032189828125 0.23857167812500002 0 0.18136675468750002 0
0 0.38470446875 0.8296364796875 0.34869213125 0.7430437421875 0.21033211562499998 0.799661153125 0.24126299843750001 0.879312071875 0.2463444515625 0.886253890625 0.37776264843749996 0.8347179328125 0.38470446875 0.8296364796875
0 0.306447075 0.6365208203125 0.291016540625 0.5996953609375 0.25419108125 0.6151258953125 0.26962161562500003 0.6519513546875 0.306447075 0.6365208203125
0 0.38283036406250004 0.58262484375 0.385842 0.5835899359375001 0.3649467234375 0.5928342921875001 0.3620049046875 0.5978692015625 0.387714703125 0.6585783000000001 0.4295285265625 0.6420895859375 0.43249361875 0.6390546765625 0.4284005296875 0.6311012218750001 0.44630744218749996 0.622891771875 0.43395835937499994 0.5930314046875 0.417016540625 0.59822921875 0.40264418593749995 0.5663921234375 0.386737275 0.5745783 0.3817023671875 0.5716364796875 0.37753946250000003 0.5576830234375 0.394458009375 0.5504852109375 0.3953998296875 0.545473575 0.3676667578125 0.48278774843749994 0.29300420312500003 0.512660453125 0.33108635625 0.60522991875 0.38283036406250004 0.58262484375
0 0.4223511828125 0.28312449375000004 0.34077008124999997 0.32007865 0.37567769375000004 0.3976830234375 0.37871260156250003 0.40064811562499997 0.38468932968749997 0.3985783 0.5289329859375 0.331891071875 0.515595540625 0.303042340625 0.50566535625 0.3091587015625 0.49966535624999997 0.3092285171875 0.49357226875000004 0.30129833437500003 0.45578171718749994 0.319740503125 0.45277008125 0.3187754125 0.4945373609375 0.2982866984375 0.4310246734375 0.1690081328125 0.427989765625 0.166043040625 0.3961759421875 0.1824153953125 0.395234121875 0.18742703125 0.4223511828125 0.28312449375000004
0 0.4326769921875 0.3110081328125 0.441851534375 0.3259034078125 0.433642084375 0.307996496875 0.4326769921875 0.3110081328125
0 0.5028973765625 0.24318197343749998 0.51386246875 0.2400539765625 0.5508166250000001 0.32163507812500003 0.553851534375 0.3246001703125 0.6025606328124999 0.29903000468749996 0.588188278125 0.267192909375 0.5851533703125 0.2642278171875 0.57816500625 0.26530926875 0.53716430625 0.1797747109375 0.5381293984375 0.176763075 0.6007919515625 0.1470300046875 0.5567563437499999 0.058530354687499994 0.4503497828125 0.1107754125 0.501583203125 0.216193609375 0.49365302031249997 0.22228669843749999 0.495746109375 0.23026342500000002 0.5028973765625 0.24318197343749998
0 0.5879460234375 0.5042278171875 0.5725154890625 0.46740235781250006 0.563550396875 0.4705070828125 0.560608578125 0.475541990625 0.593516190625 0.5531696359375 0.602504553125 0.5520649125 0.6193998296875 0.5428670999999999 0.602911115625 0.5010532765625 0.59987620625 0.49808818437499996 0.5879460234375 0.5042278171875
0 0.6098638703125 0.4109601875 0.6499692953125 0.50550638125 0.6559692953125 0.505436565625 0.728608578125 0.4735871328125 0.69567769375 0.3939594875 0.7175613328125 0.38370349375 0.7174682453125001 0.37570349375 0.7020377109375 0.338878034375 0.6234217 0.3727972828125 0.6326660578125 0.3936925578125 0.6784333359375 0.3731573 0.6864100640624999 0.3710642109375 0.689444971875 0.374029303125 0.6784566078125 0.3751573 0.6097940546875 0.40496018749999996 0.6098638703125 0.4109601875
0 0.627655821875 0.5647740109375 0.6718543359375 0.6672736609375 0.8121678093750001 0.6066329765625 0.8120979921875 0.6006329765625 0.8028769078125 0.5817377015625 0.755109628125 0.60229623125 0.7202020171875 0.5246918578125 0.627655821875 0.5647740109375
0 0.7461526703125 0.1763427765625 0.6864086625 0.1990409390625 0.6824086625 0.19908748437499998 0.6793039390625 0.1901223921875 0.676292303125 0.1891573 0.6474202984375 0.20049474531249997 0.6722813671875 0.2742154796875 0.6815024515625 0.29311075625 0.7093860921874999 0.282784946875 0.70926973125 0.272784946875 0.7740021015624999 0.24902860312500003 0.7461526703125 0.1763427765625
0 0.677773584375 0.7462154796875 0.6608550359375001 0.75341329375 0.6599132171875 0.7584249296875 0.6917393765625001 0.8290642109374999 0.7842855703125 0.7889820578125 0.7400405125 0.682482409375 0.66540123125 0.7143551125000001 0.665471046875 0.7203551125 0.677773584375 0.7462154796875
0 0.743991165625 0.3343893203125 0.715351884375 0.365726765625 0.7426660578125001 0.3924125921875 0.7683635203125 0.3661100546875 0.813002803125 0.3345864328125 0.802700265625 0.30870279375 0.7956188125 0.30178424531250003 0.7777119015625 0.3099936953125 0.743991165625 0.3343893203125
0 0.8486099796875 0.6442140796875 0.8715983421875 0.64294645 0.9143772578125 0.6234461 0.8814696453125 0.545818453125 0.8824347375 0.5428068171875 0.9302252890625 0.5242482859375001 0.9311671078125 0.5192366500000001 0.9250042031250001 0.5053064671875 0.9319460234375001 0.5002250140625 0.938957659375 0.5011435625 0.9482020171875 0.5220388375 0.9870042031249999 0.50458503125 0.9623060406249999 0.44486429687499995 0.965247859375 0.4398293890625 0.9772013156250001 0.43568975625000006 0.9801198640625 0.4286548484375 0.9205373609375 0.2933297390625 0.8598049890624999 0.3170395375 0.8978871421875001 0.4096090046875 0.7784456734375 0.45900533125000004 0.7785154890625 0.46500533125 0.8134463734375 0.5446097046875 0.809516190625 0.5506562484375 0.8486099796875 0.6442140796875
0 0.808815225 0.1466097046875 0.8161061249999999 0.171528253125 0.8241061249999999 0.17143516406249998 0.8330479453124999 0.1663304390625 0.82575704375 0.1414118921875 0.808815225 0.1466097046875
0 0.822471746875 0.8045398890625 0.83150665625 0.8074351640625 0.8394135671875 0.799342075 0.8673437515625 0.793016265625 0.8703088421875 0.7899813578125 0.8591575734375001 0.7771093546875 0.8471110296875001 0.7732489874999999 0.8182855703125 0.7885864328125 0.822471746875 0.8045398890625
0 0.95746684375 0.20088756874999997 0.9445825031249999 0.1250272015625 0.9415475953125 0.12206210937499999 0.8597105 0.137016265625 0.8367919515625 0.14428389531250002 0.852687928125 0.22110935468749998 0.95746684375 0.20088756874999997