0 0 0.9390159062500001 0.0089876359375 0.9399670328124999 0.0210057625 0.9234307953125 0.023827740625 0.9094829796875 0.0260461546875 0.8713710421875 0.020148909375 0.869084871875 0.026473646875 0.7949603078125 0 0.7923719218749999 0 0.9390159062500001
0 0.3227272484375 0.868101284375 0.32263026250000004 0.90430075625 0.404704925 0.9101371125 0.40856784687500003 0.8610394796874999 0.39264725624999997 0.8582861796874999 0.396733809375 0.7880799765625001 0.38929892499999996 0.7776768140625 0.3864670609375 0.7745278375 0.36252779375 0.771400834375 0.29837839375 0.7684112046875 0.2880146578125 0.7910585421875 0.2836945875 0.8652765328124999 0.3227272484375 0.868101284375
0 0.2382778734375 0.8339955968749999 0.1822639046875 0.829373778125 0.17744714374999998 0.860324959375 0.176522959375 0.8934688828124999 0.251639659375 0.8979753015625 0.25609625937499997 0.855945003125 0.2381709984375 0.8530982781249999 0.2382778734375 0.8339955968749999
0 0.4624208421875 0.799186596875 0.5233881015625 0.8050449234375 0.52585980625 0.7971147828125 0.53588315 0.7975819109375 0.5390652921875 0.7947132156250001 0.54128370625 0.756601275 0.5293724515625 0.754034825 0.5307735546875 0.729964128125 0.5199230140625 0.7264414484375 0.4858436453125 0.7248532078125 0.48373210312500003 0.7438624640625 0.4675779953125 0.7451209484375 0.4624208421875 0.799186596875
0 0.320467421875 0.6306586671875001 0.17412660156249998 0.6238385765625 0.169105978125 0.710091915625 0.2412740546875 0.7134552484375 0.243629 0.7075309984375 0.2957503875 0.709960071875 0.29962319531250003 0.67795923125 0.341721240625 0.679921175 0.3409138140625 0.711059209375 0.3629651703125 0.71208689375 0.3644830328125 0.6860103046875 0.35257178125 0.68344385625 0.3546734359375 0.6473378078125 0.3216547796875 0.644793334375 0.320467421875 0.6306586671875001
0 0 0.7015740828125 0.0047231390625 0.7024309921875 0.0159041828125 0.6657424125 0.0133058359375 0.6585816515625 0.07180139062499999 0.672370121875 0.0820384796875 0.6346318859375 0.08190195156249999 0.6024441921875 0.0899206265625 0.602817896875 0.09791953125 0.5689980171875 0 0.5445539671875 0 0.7015740828125
0 0.42072063125000003 0.66952354375 0.4046832828125 0.6687761375 0.4025717421875 0.6877853968750001 0.3844129640625 0.688950453125 0.38489976875 0.7151204703125 0.4199230921875 0.7177583703125 0.4235524984375 0.672672521875 0.42072063125000003 0.66952354375
0 0.442732446875 0.6021640640625 0.444824215625 0.5489612234375 0.430664890625 0.5332163421875 0.336562215625 0.5268194328125 0.3280863921875 0.5515660875 0.3268119328125 0.5907276859375 0.37033085312499997 0.6028125156249999 0.41844290468749995 0.6050547359375 0.41916322656249994 0.62721296875 0.592508696875 0.63629725625 0.594026559375 0.610220665625 0.5588864765625 0.6095886578124999 0.5598205468749999 0.593541525 0.477629125 0.5897110624999999 0.47480714687500003 0.603658878125 0.442732446875 0.6021640640625
0 0.6694737625 0.5745158234375001 0.6373990625 0.5730210109375 0.6347136140625 0.6191565171875 0.6957976328125001 0.6230089546875 0.696955334375 0.5858532453125 0.6749039765625 0.584825559375 0.67006744375 0.5815831578124999 0.6694737625 0.5745158234375001
0 0.46480170468750004 0.4302179421875 0.4538344046875 0.428701153125 0.454768475 0.4126540203125 0.448871225 0.4103678515625 0.4494451328125 0.3832416015625 0.3893050703125 0.38043882500000004 0.3867264953125 0.4074716484375 0.3805957296875 0.40919726250000005 0.378951221875 0.420182953125 0.3772968296875 0.41407185156250004 0.372226778125 0.414841234375 0.3735308953125 0.4269700078125 0.3643347484375 0.42955843125 0.3594982125 0.426316028125 0.36196991562499997 0.41838588750000005 0.3571333828125 0.415143484375 0.341212790625 0.4123901859375 0.336619659375 0.42223279218750004 0.3020633703125 0.41157132812499997 0.3135946921875 0.368865075 0.246370021875 0.3496414609375 0.2165928234375 0.4468090375 0.2996213234375 0.47079184218750003 0.3039809359375 0.46496101875000007 0.3057520890625 0.469066228125 0.3394811828125 0.47667214218750004 0.3426633234375 0.47380344531249996 0.345485303125 0.45985562968749993 0.35149930937499996 0.4601359078125 0.3530270578125 0.45115610781250004 0.35645260156249997 0.46137241875 0.37756000312500004 0.46135044374999995 0.3774531296875 0.4804531265625 0.44950444999999994 0.48582235 0.4529003359375 0.44474828593750004 0.47978822499999996 0.44901837499999997 0.4820264109375 0.44510001718750003 0.47520498125 0.47595777031250003 0.503036825 0.48127751874999997 0.5108022125 0.4514694203125 0.4870964625 0.444330634375 0.503571190625 0.3857641015625 0.4985011390625 0.3865334828125 0.4842645984375 0.4411816609375 0.488020646875 0.4111867109375 0.47210005625000007 0.4084334125 0.4679838453125 0.42734924375 0.46480170468750004 0.4302179421875
0 0.5884005015625 0.465142490625 0.61181341875 0.37371230781250003 0.5613365390625 0.36029754375 0.5590983515625 0.3642159015625 0.551429953125 0.35782452343750004 0.515696190625 0.35012518125000003 0.49322722812500003 0.44260502187500006 0.4960590921875 0.44575399843749997 0.577433203125 0.46362570156249994 0.58026506875 0.4667746765625 0.57873731875 0.47575447656250003 0.602559828125 0.4808873703125 0.6206790625 0.41133514531250004 0.6057024265625001 0.40963150625000005 0.5922930796875 0.46733523125 0.5822697375 0.4668681015625 0.5884005015625 0.465142490625
0 0.07656685468749999 0.34876759218750003 0.082327571875 0.318866071875 0.07961246562499999 0.3137112015625 0.021827346875 0.304984175 0.0158331125 0.33889748124999997 0.07656685468749999 0.34876759218750003
0 0.6260400749999999 0.30196734062499997 0.6315277312500001 0.20769043437499998 0.628812625 0.2025355671875 0.4965044859375 0.19636945781249998 0.4917272671875 0.2957078046875 0.4895959515625 0.2805234796875 0.45952592187499997 0.2791220921875 0.4568404734375 0.325257596875 0.5531813328124999 0.3277361484375 0.556820621875 0.2997470921875 0.6260400749999999 0.30196734062499997
0 0.334896065625 0.29644415 0.3950361296875 0.299246928125 0.40229493906249997 0.20907523281249998 0.3092529796875 0.201722090625 0.305020009375 0.2226438140625 0.3010502140625 0.290844128125 0.3128447109375 0.29541646718750003 0.31191064062499996 0.3114636 0.385022671875 0.315876590625 0.3858399828125 0.30183535 0.3807699296875 0.30260472968749996 0.37935894062500003 0.3095786375 0.373344934375 0.309298359375 0.371807303125 0.3011813671875 0.33572326406249997 0.2994997015625 0.334896065625 0.29644415
0 0.1081152046875 0.255705225 0.096457240625 0.28332057499999996 0.10506959375 0.2907616140625 0.1286585859375 0.2999062921875 0.1339621546875 0.2951251265625 0.14455940625000002 0.26846600781249996 0.1867840953125 0.28551885 0.2149266734375 0.21643375625 0.21421623437499998 0.21137231406249998 0.1434492625 0.1839382828125 0.1309641015625 0.208498084375 0.11660091718750001 0.24805536093749997 0.1081152046875 0.255705225
0 0.015317259375 0.17509346718750002 0.0927487515625 0.1916320921875 0.11521771249999999 0.0991522546875 0.0209807546875 0.077795671875 0.015317259375 0.17509346718750002
0 0.2406747640625 0.08488574374999999 0.25233272812499996 0.057270390625 0.2495008640625 0.0541214140625 0.17283664375000002 0.024401214062500003 0.160234725 0.0509669078125 0.1629498296875 0.0561217765625 0.2406747640625 0.08488574374999999
0 0.44012994531249994 0 0.436976003125 0.027660207812499997 0.42884056875 0.029292395312500004 0.42473424375 0.06530501875 0.5076361015625 0.07419692343749999 0.51081824375 0.0713282234375 0.5187413578125 0 0.44012994531249994 0
0 0.2213539140625 0 0.2145745265625 0.015284040625 0.2704816203125 0.039008540625 0.2680099171875 0.0469386796875 0.29915055 0.064480628125 0.3202381796875 0.030265071875 0.2881535921875 0.011673465625 0.27931760625 0.025341003125 0.2887892140625 0 0.2213539140625 0
0 0.025509075 0 0.022879884375 0.045169 0.024861201562499997 0.0456636046875 0.0294543328125 0.0358209984375 0.036529053125 0.03514504375 0.043894771875 0 0.025509075 0