0 1 0.7491750703125 0.9381992312499999 0.7599819671875 0.9311633453124999 0.7637780375000001 0.95563526875 0.8824703640625 1 0.87436500625 1 0.7491750703125
0 0.838117465625 0.13489038125 0.8268825046874999 0.1390541984375 0.8339981703125 0.1681099234375 0.8486949296875 0.1668228140625 0.8750580640625 0.2832295921875 0.8888092171875 0.28308525625000003 0.9488624796874999 0.26934623750000003 0.9301439625000001 0.1766490578125 0.8956057656249999 0.180733796875 0.8868072171874999 0.1560652984375 0.8494322078125001 0.1635783625 0.845970409375 0.16070165625 0.8415792640624999 0.1377670875 0.838117465625 0.13489038125
0 0.8537450718749999 0.014806146875 0.852270521875 0.02129505 0.8282300093750001 0.024460425 0.8366916812499999 0.07777736874999999 0.9149034984375 0.0656279453125 0.9039256343750001 0.0082915203125 0.8661339671875 0.011601232812499999 0.8537450718749999 0.014806146875
0 0.8999954125 0.3425233578125 0.9058773656250001 0.33776838593749997 0.8960371765625 0.3025915015625 0.886485096875 0.3023680921875 0.778655175 0.3361906984375 0.8404370859375 0.532172515625 0.9484753343750001 0.5004515859375 0.9425135984375 0.4723547609375 0.8999954125 0.3425233578125
0 0.8199263968749999 0.1757020640625 0.8281959953125 0.2057166921875 0.8539193890625001 0.198164090625 0.8458581171875 0.1702511390625 0.8199263968749999 0.1757020640625
0 0.7787704703125 0.0489312375 0.7806454234375 0.0678463265625 0.7329810546875 0.0783804328125 0.7280447046875 0.08199263125 0.7302402765625 0.093459915625 0.7066164203125 0.10082864375 0.725559521875 0.1744268625 0.7959021390625 0.1576668015625 0.8008384906250001 0.154054603125 0.79979685 0.143546221875 0.7861905 0.09173979843749999 0.7890273125 0.088311475 0.80561528125 0.08473881562499999 0.8043653125000001 0.07212875468749999 0.8300887046875 0.06457615312500001 0.8256975593749999 0.041641584375 0.8180366890625 0.039132625 0.7787704703125 0.0489312375
0 0.9086740359375 0.96714014375 0.9138040875 0.9518514140625 0.8161039640625001 0.9169493875000001 0.7951187296875 0.9770850703124999 0.9086740359375 0.96714014375
0 0.797163865625 0.5656411921875 0.7893109203125 0.5398299171875001 0.72485025625 0.5518350062499999 0.72201344375 0.5552633296875 0.72661291875 0.5802995765625 0.7310203203125 0.5820335062499999 0.7249300375 0.5846868015625 0.728904528125 0.6034180171875 0.73981886875 0.60670200625 0.744530634375 0.622188771875 0.7676255421875 0.6201661703125 0.631668328125 0.6479724171875 0.65174910625 0.7437301749999999 0.6554192296875 0.7487085578125 0.85888225 0.7075705734375 0.8617190640624999 0.7041422500000001 0.8393304203125 0.6064666875 0.77046235625 0.6167378453125 0.8005931500000001 0.610919175 0.797980921875 0.5952485359375 0.8103698140625 0.592043621875 0.8057703406250001 0.5670073765625 0.79317311875 0.5681106140625001 0.797163865625 0.5656411921875
0 0.7099969390624999 0.2097085421875 0.7071601249999999 0.21313686875 0.7103013015624999 0.22346137812500003 0.703265415625 0.227257446875 0.674080225 0.23193334375000002 0.6663233171875 0.2177732265625 0.64973535 0.22134588593750001 0.644799 0.224958084375 0.6474112296875 0.240628721875 0.5496623375 0.2693286109375 0.5755290343749999 0.34868024062499997 0.7134897484375 0.3090389609375 0.7163265609375 0.30561063593750004 0.7136020390625 0.29948948125 0.7309272859375 0.29267236875 0.7321935093749999 0.2840817890625 0.8135627609375 0.2610562375 0.80434755625 0.2321843828125 0.7929042671875 0.23424652343750002 0.7892341421875 0.22926814062499998 0.77803169375 0.19103067812500002 0.7099969390624999 0.2097085421875
0 0.7488775140625 0.2921602890625 0.7563138 0.3137682109375 0.810805728125 0.29733635625 0.80357776875 0.2778301125 0.7488775140625 0.2921602890625
0 0.7009723078125 0.34299399531249997 0.7291468671875 0.4242634265625 0.7876295390625 0.405362153125 0.7592466499999999 0.32199104375 0.7009723078125 0.34299399531249997
0 0.5212321796875 0.11070442656249999 0.5447910109375 0.18813825312500002 0.613563040625 0.16621593750000002 0.5902125359375 0.0908837890625 0.5212321796875 0.11070442656249999
0 0.519658590625 0.3832521515625 0.56081601875 0.3711679875 0.5609283109375001 0.3616185078125 0.5207164859375 0.3725598953125 0.516213046875 0.3591748078125 0.5064526390624999 0.3568497203125 0.40754981562500003 0.38459070781250004 0.4107870296875 0.406566375 0.41812728125 0.41652313906250005 0.3769698515625 0.428607303125 0.3856561078125 0.46282528437500003 0.4392024296875 0.44753620625 0.4489628375 0.44986129531249996 0.4830666234375 0.6016288296875001 0.48652842031250004 0.604505534375 0.599390728125 0.5787218890625 0.563395734375 0.42923990312500004 0.6066526999999999 0.41697186718749996 0.5948252671875001 0.372429375 0.5696308218749999 0.37463585 0.5650150921875 0.37080024218749996 0.519658590625 0.3832521515625
0 0.53129395 0.404492328125 0.521741871875 0.40426891875 0.5221585265625001 0.408472271875 0.53129395 0.404492328125
0 0.3589413453125 0.25741259843750003 0.50036385625 0.22064802656250002 0.47095558281249994 0.10556789531249999 0.3274335328125 0.14251634062500002 0.3552712171875 0.2524342171875 0.3589413453125 0.25741259843750003
0 0.5154210031249999 0.9814411328125001 0.52381915 0.9807056421875 0.516190790625 0.9357954046874999 0.5056931046875001 0.9367147687499999 0.5115425484375 0.9743610734375 0.5154210031249999 0.9814411328125001
0 0.514936725 1 0.5009813390625 0.9212280046875 0.44870124218749996 0.927926503125 0.36901487187500004 0.9465648296875001 0.3719477203125 0.9547876625 0.376355121875 0.95652159375 0.383860190625 1 0.514936725 1
0 0.4133800015625 0.7211476328125 0.4076103375 0.716353121875 0.40656869687499997 0.7058447390625 0.40310689999999993 0.702968034375 0.359849934375 0.7152360703125 0.368119534375 0.7452506984375 0.3689528484375 0.7536574046875 0.366116034375 0.7570857296875 0.2948278109375 0.7749885640625 0.3257106375 0.8835797921875 0.41453243281249996 0.8609615234374999 0.414853053125 0.85351371875 0.405846178125 0.8267435421875 0.40501286406250003 0.8183368359375001 0.40994921562500003 0.8147246375 0.43283579375 0.810600359375 0.4397593890625 0.8163537703125 0.494251315625 0.79992191875 0.47059644843750004 0.7108369359375 0.4669263234375 0.7058585546875 0.4133800015625 0.7211476328125
0 0.3639884859375 0.3831059109375 0.3631551734375 0.3746992046875 0.3440997796875 0.3106504671875 0.33433937187499996 0.30832537968749996 0.3025256953125 0.318531278125 0.3253472515625 0.39920955468749997 0.3307002578125 0.3998007109375 0.36115167187499997 0.386534234375 0.3639884859375 0.3831059109375
0 0.1721593265625 0.584339059375 0.2118732140625 0.6751975109374999 0.3711661765625 0.6050690624999999 0.3316606171875 0.5163122859375 0.1721593265625 0.584339059375
0 0.316430865625 1 0.31032386875 0.9633644265625 0.22392223281249998 0.9783510203124999 0.22786917187500003 1 0.316430865625 1
0 0.233799434375 0.55456165625 0.25511542343750004 0.5452751250000001 0.250820315625 0.5339917109375001 0.2232057125 0.5438298640625 0.2261385609375 0.5520526984374999 0.233799434375 0.55456165625
0 0.1054380671875 0.6696794203125 0.11014983281249999 0.685166184375 0.10731302031250001 0.6885945078125 0.07182921875 0.6938220234375 0.0482053640625 0.701190753125 0.0615871296875 0.7720961390625 0.065048928125 0.77497284375 0.1615315953125 0.754863534375 0.149608125 0.6986698859375 0.172286375 0.6924439312499999 0.16789522968749998 0.6695093609375 0.16360012031249999 0.6582259500000001 0.1313697875 0.66422849375 0.11912569843750001 0.6154826484375 0.0558027109375 0.649647278125 0.0640723109375 0.6796619078125 0.1054380671875 0.6696794203125
0 0.18679415625 1 0.1820437828125 0.9724789953125 0.0851444609375 0.988384953125 0.0872310578125 1 0.18679415625 1
0 0.093262003125 0.258421040625 0.0802806359375 0.2129196484375 0.0768188390625 0.2100429421875 0.0450051625 0.2202488390625 0.0593487890625 0.2688108109375 0.093262003125 0.258421040625
0 0.050607764062500005 0.8536147046875 0.1064619515625 0.84024343125 0.0919099953125 0.7895797828125 0.0341340453125 0.8049283578124999 0.047457915625 0.9393435875 0.058732557812499996 0.935580090625 0.0451262078125 0.8837736671875 0.0456551578125 0.878427540625 0.04817135 0.8824470203124999 0.057306775 0.8784670765625 0.050607764062500005 0.8536147046875
0 0.044294396874999996 0.736511971875 0.0439900328125 0.7227591375 0.0329959125 0.6866233515625 0.0226778203125 0.68935450625 0.02772031875 0.74022474375 0.044294396874999996 0.736511971875