0 0.958688734375 0.9551280515625 0.9586891234375001 0.951889415625 0.8861741359374999 0.940084140625 0.8805975421875001 0.9633407890625 0.958688734375 0.9551280515625
0 0.534249553125 0.99652710625 0.533964784375 0.99979565 0.6730273953125 0.9851706390625001 0.6764492796875 0.9070844843750001 0.6728948984375 0.9042196984374999 0.5731261546875001 0.8995987890625001 0.5688499625000001 0.987490575 0.561976759375 0.9936110765624999 0.5494163140625 0.9970911046875001 0.534249553125 0.99652710625
0 0.21075649375 1 0.2181183171875 0.9768771171875 0.21100955156249998 0.971147546875 0.2150385484375 0.968564759375 0.21812064062499997 0.957445303125 0.17665051874999999 0.9434546171875 0.1726203578125 0.9557533125000001 0.178544328125 0.9605279546875 0.1484486953125 0.9518182203125001 0.13381531093750001 1 0.21075649375 1
0 0.4102908890625 1 0.41054471093749995 0.99982118125 0.4138646921875 0.981119984375 0.3792654453125 0.9804406109375 0.36149237031250003 0.9758325890625 0.3574610453125 0.997847190625 0.368867815625 1 0.4102908890625 1
0 0.39395875468749997 0.976736271875 0.406766396875 0.8879472484375001 0.40321201249999994 0.8850824625 0.326668028125 0.875859975 0.3140971140625 0.9667831671875 0.39395875468749997 0.976736271875
0 0.8584585578124999 0.8458411 0.86011796875 0.8413484546875001 0.8667532796874999 0.8428096921874999 0.8703088250000001 0.8359585718749999 0.87552261875 0.8343307125000001 0.8769453015625001 0.8277039015625001 0.8743436390625 0.7847962484375001 0.8653387390624999 0.781425153125 0.8653410640624999 0.7619933390625 0.8534919593750001 0.762159959375 0.8520692765625 0.768786771875 0.833821584375 0.7696263234375 0.8340536593750001 0.8106241187500001 0.8352372906250001 0.8212949546875 0.839739740625 0.822980503125 0.8406866453124999 0.8315171703124999 0.8366576468750001 0.8340999578125 0.8392627984375001 0.8478598890625 0.8584585578124999 0.8458411
0 0.1245230625 0.8722900390625 0.11765102499999999 0.8686946343749999 0.1126844265625 0.7850134953125 0.100835321875 0.7851801171874999 0.1008329953125 0.80461193125 0.0785563046875 0.8080342703125 0.0858924921875 0.893625265625 0.10627304687500001 0.8925614046874999 0.109589540625 0.9030079296875 0.1266524359375 0.90121345 0.1245230625 0.8722900390625
0 0.210309840625 0.87730188125 0.212680590625 0.8694958312500001 0.20723821406249998 0.800978171875 0.137328378125 0.8029328281250001 0.14063672968750002 0.8813907046875 0.210309840625 0.87730188125
0 0.8257600999999999 0.80393961875 0.8283675781250001 0.7982677359375 0.8286089562500001 0.7615382734375 0.8015930890625 0.7611409 0.7989856109375 0.76681278125 0.7987442328125 0.8035422421874999 0.8257600999999999 0.80393961875
0 0.43001208750000003 0.7084593406249999 0.42622097812500004 0.7034603875000001 0.4162680109375 0.7012685328125 0.4229079765625 0.6638661406249999 0.3994476546875 0.65661764375 0.3892567953125 0.662007528125 0.371483721875 0.65739950625 0.3681649 0.6663847953125 0.3617663140625 0.667057725 0.32858975 0.6597515406250001 0.29966146562499996 0.797735340625 0.4048784 0.822294375 0.43001208750000003 0.7084593406249999
0 1 0.5463869125 0.9760375937499999 0.544161 0.9727176125 0.5628621953125 0.974845821875 0.6015015140625 0.969630865625 0.61284528125 0.9618026203125 0.678440465625 0.9653570015625 0.6813052500000001 1 0.6854359265625 1 0.5463869125
0 0.756819265625 0.6298287078125 0.7570571546875 0.6222469671875 0.7492370484374999 0.6198308031249999 0.6594224375 0.6076858406250001 0.6475628640625 0.6952956265625 0.7397470640625 0.709350446875 0.7449608578125 0.7077225874999999 0.7482808390625 0.6890213921874999 0.7885673296875 0.692341240625 0.7940248265625 0.6345521078125 0.756819265625 0.6298287078125
0 0.8260305546875 0.5243124765625 0.8283978171875 0.5456541500000001 0.8319521984374999 0.548518934375 0.8501998890625 0.5476793828125001 0.8561087421875 0.6787608203125 0.9411853390625 0.677370159375 0.9331540921875 0.4590698671875 0.9189354 0.45732663125000006 0.9163290828124999 0.45328260781249996 0.84547118125 0.456416503125 0.8452321296875001 0.47371415156249996 0.824851575 0.4747780125 0.8260305546875 0.5243124765625
0 0.08024711875 0.5412121296875 0.0819007125 0.5852990234375001 0.063889746875 0.588272740625 0.06128226875 0.5939446234375 0.06719810000000001 0.6667306171875 0.14326979374999999 0.6619688625 0.142088490625 0.6318662125000001 0.17929521406249999 0.626873703125 0.1736184375 0.5367900640625 0.08024711875 0.5412121296875
0 0.519602765625 0.6115951546875 0.53761373125 0.6086214375 0.5390375781250001 0.59227871875 0.501595290625 0.585421153125 0.49732840312500004 0.59558568125 0.4975639671875 0.6074357546875 0.519602765625 0.6115951546875
0 0.5167620515625 0.5859851500000001 0.5196062546875 0.582447434375 0.5288571859375 0.5102254375 0.4376210546875 0.49499138125000003 0.430034184375 0.523857103125 0.39188055624999996 0.52031294375 0.3847648125 0.5728788171875 0.42102230625 0.578781453125 0.42742089375000003 0.5781085234375001 0.43097643750000003 0.5712574 0.5167620515625 0.5859851500000001
0 0.24732054531249997 0.5301184515624999 0.2515816171875 0.5685334609375 0.344713884375 0.581409040625 0.348509646875 0.5475443640625001 0.3068016328125 0.5411354187499999 0.3030093609375 0.545852371875 0.2767048359375 0.5421415921875 0.273150453125 0.53927680625 0.2729148921875 0.5274267312500001 0.24732054531249997 0.5301184515624999
0 0.9402698359375 0.406503996875 0.9395643093749999 0.36123786562500004 0.9345918953125001 0.3261362625 0.8357700578125 0.330052021875 0.8329258546875 0.3335897375 0.8371846 0.3914365609375 0.8094573921875 0.394352590625 0.813480575 0.4403493390625 0.8758070296874999 0.4381126828125 0.8769953125000001 0.409919890625 0.9402698359375 0.406503996875
0 0.0022928421875 0.394106040625 0.0029755140625 0.5114473171875 0.029299804687499997 0.509866109375 0.030250198437499997 0.48925505625000004 0.0219671078125 0.395127390625 0.0022928421875 0.394106040625
0 0.4447426140625 0.3938459734375 0.4459378765625 0.3073577375 0.4381177703125 0.30494157187500004 0.3691560015625 0.3057169890625 0.3665485234375 0.3113888734375 0.36701848593749997 0.34480492812499997 0.29473906250000004 0.344849728125 0.2968637828125 0.41263676875 0.4113258359375 0.41355334218750006 0.41346102343749996 0.39389721718750004 0.4447426140625 0.3938459734375
0 0.2423562734375 0.4270054984375 0.28619831093750003 0.4234742265625 0.2828853046875 0.3838799796875 0.23785847499999999 0.386456321875 0.23880188906250002 0.4241407125 0.2423562734375 0.4270054984375
0 0.6979420453125 0 0.6409845421875 0.2177549375 0.6371899437499999 0.24190370625000002 0.636233734375 0.3110942953125 0.67746713125 0.32295081406250004 0.684577059375 0.31896447656250004 0.6848149484375 0.3113827375 0.6933463984375 0.31048549687500004 0.7412162703125 0.31408734531250004 0.781029309375 0.3131388609375 0.8597433734375001 0.0112280078125 0.8592699218750001 0.006959673437499999 0.8535826765625 0.0043191968749999995 0.8371475296875 0 0.6979420453125 0
0 0.5355169234375 0.3076526234375 0.5367005546875 0.318323459375 0.56561139375 0.326078265625 0.571063075 0.3168686671875 0.57651359375 0.317374975 0.5902646500000001 0.266270340625 0.5961921109375 0.2418972609375 0.589320071875 0.23830185781250002 0.5952475328125 0.21392877968750001 0.5274728843750001 0.1962273109375 0.5004453875 0.29298900781250004 0.501155565625 0.29939150937500003 0.5355169234375 0.3076526234375
0 0.0423546390625 0.33576808593749996 0.014627429687499999 0.3386841171875 0.0172314171875 0.3621599546875 0.0459066953125 0.35806468593749996 0.0423546390625 0.33576808593749996
0 0.9239415421875 0.2106669265625 0.9414778921875 0.21314078125 0.9533258328124999 0.2226900671875 0.9752631796875001 0.225934825 0.9620003609375001 0.10636603124999999 0.9519182687500001 0.103010084375 0.953342115625 0.0866673640625 0.924668003125 0.0810467265625 0.9075923124999999 0.1897161859375 0.9253653875 0.19432420625 0.9239415421875 0.2106669265625
0 0.2959308359375 0.2875092125 0.29498742031249997 0.249824825 0.26418044531249996 0.24442849375 0.26939423749999997 0.24280063593749998 0.272001715625 0.2371287546875 0.2739001765625 0.21533846250000002 0.2419084078125 0.2089872046875 0.235032878125 0.234539521875 0.23763919375000003 0.238583546875 0.22484202187500002 0.23992940625 0.2281538625 0.2892395609375 0.2959308359375 0.2875092125
0 0.4577951234375 0.23917976406250002 0.46325145624999997 0.1911065375 0.437895 0.1862165171875 0.43813288906250003 0.1786347765625 0.4345785078125 0.175769990625 0.40163866875 0.1705979734375 0.3985565765625 0.181717428125 0.37225205 0.178006646875 0.3684574546875 0.202155415625 0.337650478125 0.19675908749999999 0.329586665625 0.2505041984375 0.33314105 0.253368984375 0.376745196875 0.257419453125 0.3795917265625 0.23444992187499997 0.38456879375 0.2306878953125 0.45495091875 0.24271747968750002 0.4577951234375 0.23917976406250002
0 0.5803209859375 0.1863512265625 0.6132608234375 0.1915232453125 0.6227449921875 0.15058313750000002 0.5838811828125 0.1406364765625 0.5722641515625 0.18180089531250002 0.5803209859375 0.1863512265625
0 0.15234447812500002 0.082385525 0.071058990625 0.0887751375 0.0684515125 0.09444702031249999 0.0746040703125 0.16936718125 0.0885860359375 0.1689762484375 0.09379866406250001 0.177064296875 0.123658734375 0.1739239578125 0.1283955859375 0.1971754875 0.181717140625 0.1915677375 0.1807702359375 0.1830310671875 0.16252254375 0.18387061875 0.18148157812500001 0.1797176609375 0.1717758015625 0.092216809375 0.157793834375 0.0926077390625 0.15234447812500002 0.082385525
0 0.33742421875 0.10718175625 0.302589409375 0.0946523078125 0.297373290625 0.1157119796875 0.336473825 0.1277928078125 0.33742421875 0.10718175625
0 0.473796109375 0 0.40544993749999997 0.0071878671875 0.38742927968749996 0.0911274796875 0.4661049640625 0.10984156406250001 0.4734516203125 0.1079893953125 0.49289573437499995 0.0109457 0.502138525 0.0067350546875 0.506877703125 0.01055476875 0.521096396875 0.012298003125 0.5239045671875 0 0.473796109375 0
0 0.5470520046875 0 0.5331764109375 0.0628450859375 0.5542671453125 0.0681837265625 0.5578215281250001 0.07104851250000001 0.5566355703125 0.079809490625 0.5601899515625 0.08267427656250001 0.602134690625 0.0912173890625 0.6052167828125 0.0800979328125 0.633890896875 0.08571857187500001 0.6504884828125 0.0116444078125 0.6490669625 0.008555310937500001 0.6346115421875 0.004677909375 0.6354420015625 0 0.5470520046875 0
0 0.3208371 0.0938127546875 0.33837228750000004 0.1060025171875 0.34358840625 0.08494284375 0.3246305359375 0.07937989375 0.319890196875 0.0852760875 0.3208371 0.0938127546875
0 0.0007827093749999999 0.1345363140625 0.02152505625 0.1285295625 0.021052765625 0.1145453203125 0.013707275 0.10668158125 0.0163147546875 0.10100970000000001 0.022238725 0.10578434218749999 0.0255540546875 0.125946775 0.040721978125 0.11679486406249999 0.03527495 0.08714083593750001 0.0265067765625 0.0859039078125 0.0253231453125 0.075233071875 0.011577903125 0.077758171875 0.0094438765625 0.0876983875 0.000311428125 0.05353000625 0.0007827093749999999 0.1345363140625
0 0.2684647765625 0.088525359375 0.2731478515625 0.021101884374999998 0.2159652265625 0.027115698437500002 0.21301268750000002 0.07492560468750001 0.21419631875 0.085596440625 0.222016425 0.0880126078125 0.2684647765625 0.088525359375