0 0.773142915625 0.8832454296875 0.672297725 0.973093646875 0.82645851875 0.9421960015625 0.773142915625 0.8832454296875
0 0.10900216562500001 0.9531473296874999 0.14601491718749998 0.7850298109375 0.046103165625 0.76226051875 0.0936496359375 0.999489009375 0.21074099375 0.9988077921875 0.188949859375 0.9939042328125 0.1852407078125 0.9914336531249999 0.1885304375 0.9757757125 0.1844084296875 0.9712452234375 0.10900216562500001 0.9531473296874999
0 0.43491140625 0.9649626765624999 0.4357371203125 0.969082496875 0.43038310625 0.9744408874999999 0.4332687296875 0.9781478515625001 0.43986350312500005 0.98432539375 0.4481009546875 0.9773177625 0.46554134375 0.9973254062500001 0.5224290640625 0.99699444375 0.5745789828125 0.9508971 0.576223846875 0.9430681312500001 0.4228860515625 0.7766764171875 0.41505708124999996 0.7750315515625 0.411762975 0.779977084375 0.3895036984375 0.7544412031250001 0.313308909375 0.8232789437499999 0.309191278125 0.8294608609375 0.319908059375 0.8401688921874999 0.292725125 0.8649009359375001 0.359913625 0.9382122875000001 0.38132968749999996 0.9167787265625 0.38833294218750003 0.9143037703125 0.43491140625 0.9649626765624999
0 1 0.6909574703125 0.9564267671875 0.7286646859375 0.9263363328124999 0.6961277375 0.91150848125 0.7076702312500001 0.9090379015625001 0.71137938125 0.9110999984375001 0.716322728125 0.9045074124999999 0.7155013890624999 0.8970934875 0.7212726375 0.8546720328124999 0.76084346875 0.8827025562499999 0.7937932765625 0.88641170625 0.7962638578125001 0.9119475890625001 0.774004578125 0.9160652203125 0.7678226609375 0.9111196874999999 0.7645285562499999 0.9226512453125 0.7525753921875 0.9358407921874999 0.7649304734375 0.9432547187500001 0.7591592265625 0.9584932390625 0.7443204406249999 0.9551947578125001 0.738553565625 0.9576653374999999 0.7348444171875 0.957667525 0.74020061875 0.9663243953125 0.7513215078125 1 0.79159131875 1 0.6909574703125
0 0.7685752375 0.7963119843750001 0.8229389203125 0.7414916921875 0.81840405625 0.7349012921875 0.8118136578125 0.7394361578125 0.813460709375 0.7369633921875 0.7623495703125001 0.6850702875 0.756167653125 0.6809526578125 0.7487537265624999 0.686723903125 0.7409225687500001 0.6797228359374999 0.702620934375 0.718467953125 0.710452090625 0.7254690234375001 0.710041421875 0.7287653140625 0.7005675859375 0.7349494203125 0.6927364296875 0.7279483515625 0.6577288984375 0.7617479359375 0.6692692078125 0.771219584375 0.6709162609375 0.7687468187500001 0.677098178125 0.7728644499999999 0.726972934375 0.823934025 0.7607440796875 0.7893109140625 0.7685752375 0.7963119843750001
0 0.8612427437499999 0.7081027765625 0.856707878125 0.701512378125 0.8649475171875001 0.6998609499999999 0.927959321875 0.634736734375 0.7935866953125 0.4988264375 0.790290403125 0.49841576718749997 0.783289334375 0.506246925 0.776694559375 0.5000693828125 0.7738089375 0.4963624203125 0.7803971484375001 0.48647135312499995 0.74701041875 0.45352373281249997 0.7148863265625 0.4856740765625 0.7148885140625 0.49103028125000003 0.7202469046875 0.4963842953125 0.6926533015625 0.5244126328125 0.6889485265624999 0.532654459375 0.796116340625 0.6397347718749999 0.789113084375 0.6422097250000001 0.7866425046875001 0.645918875 0.789528128125 0.6496258390625 0.8513560515625 0.7122269718750001 0.8571251109375 0.71428469375 0.8612427437499999 0.7081027765625
0 0.7178025765625 0.5643678828125 0.711212178125 0.5689027484375 0.716983425 0.576316671875 0.7289365890624999 0.58784823125 0.7400618546875 0.589903765625 0.7404725234375 0.5866074718750001 0.7178025765625 0.5643678828125
0 0.894904509375 0.405669509375 0.8940787953125 0.4015496890625 0.8714088500000001 0.3793101015625 0.8623478703125 0.38755411562500003 0.8516310890625001 0.376846084375 0.8281551171875 0.3986925046875 0.8227967265625 0.3933384890625 0.76843304375 0.4481587796875 0.804705396875 0.4848133609375 0.8248872640625 0.467912475 0.84590796875 0.487268628125 0.8747379562500001 0.46006381718749995 0.8788555890625 0.4538819 0.8755571078125 0.448115028125 0.898620221875 0.42420869687499996 0.8879034406249999 0.4135006671875 0.894904509375 0.405669509375
0 0.846630865625 0.23964690000000002 0.77449683125 0.1630414421875 0.7184839109375 0.21497829687499997 0.7226081046874999 0.2248649890625 0.5858699046875 0.3497615921875 0.58958124375 0.357588375 0.6299756000000001 0.39877344375 0.63904533125 0.41195424375 0.5542024203125 0.4910959078125 0.5908876296875001 0.5298104 0.67161290625 0.45685065312499995 0.6464680046875 0.427607809375 0.6505856375 0.421425890625 0.846630865625 0.23964690000000002
0 0.968213675 0.3331248046875 0.9682158609375 0.33848100937500003 0.9402094 0.3644494359375 0.9744218421875 0.401516875 0.9904439359375001 0.3852423578125 0.9648711750000001 0.2576495609375 0.928232171875 0.29399964375 0.968213675 0.3331248046875
0 0.135590675 0.48179051875 0.24226469062499997 0.388631403125 0.17672324374999998 0.312847284375 0.1441862921875 0.34293771875 0.1371786625 0.334700265625 0.1318224578125 0.334702453125 0.06221806875 0.3990053296875 0.135590675 0.48179051875
0 0.0015445828125 0.265491325 0.0017591171874999998 0.3023665796875 0.023459825 0.3285664765625 0.058058873437500005 0.3034193875 0.0217821453125 0.2560523984375 0.0015445828125 0.265491325
0 0.2635473109375 0.040469450000000004 0.263545121875 0.0351132453125 0.1940967328125 0.049032425000000004 0.19433390156250002 0.053270203125000005 0.201343721875 0.06686385781250001 0.206699921875 0.0668616703125 0.2635473109375 0.040469450000000004