0 1 0.4797206140625 0.9385785578125001 0.47442150312500003 0.944208390625 0.47187988125 0.94470031875 0.467671171875 0.941393478125 0.4320884546875 0.6802075999999999 0.4036933078125 0.673183971875 0.44553442656250003 0.6701504203125 0.4441133046875 0.6681007265625001 0.434274765625 0.5897476953125 0.429382815625 0.5841178640625 0.4319244390625 0.581986175 0.47753699843749997 0.664793878125 0.480816521875 0.669849796875 0.455810234375 0.8510702203125 0.4748587609375 0.8387993578125 0.6163424187500001 0.9199399749999999 0.6247598437499999 0.9324294656250001 0.5270303578125 0.9245859515625 0.6306356375 0.9901928765625 0.63507831875 1 0.5511730125 1 0.4797206140625
0 0.677665909375 0.97293478125 0.6734572015625 0.972442853125 0.611392425 0.9011954265625001 0.499126884375 0.9971300125000001 0.7407963546875 0.9957240203125 0.7035194046875 0.9524924875 0.677665909375 0.97293478125
0 0.8279770140625 0.21618716718750003 0.641427384375 0.1879833328125 0.6310149203125001 0.2496928359375 0.6309602625 0.25928541250000003 0.80537569375 0.2818047546875 0.8048837671875001 0.2860134640625 0.71043379375 0.2728407421875 0.7064163890625 0.2798370359375 0.6969331234375 0.342721696875 0.694664790625 0.3712534609375 0.7909731546875001 0.38677649999999997 0.8079173171875 0.2874345875 0.8373782750000001 0.2908780796875 0.8475994312499999 0.2216803546875 0.8279770140625 0.21618716718750003
0 0.8058676421875001 0.11334710156250001 0.8218397015625 0.030956392187499997 0.7274694953124999 0.0199260953125 0.720600309375 0.04898665 0.7188785640625001 0.0637171265625 0.7453332984375 0.1020054453125 0.8058676421875001 0.11334710156250001
0 0.6513751937500001 0.5773708484375 0.6591093781249999 0.575075190625 0.657797575 0.5589235875 0.6208483953124999 0.5556714 0.6198098796875 0.57368139375 0.6513751937500001 0.5773708484375
0 0.596088053125 0.7127600734375 0.63910433125 0.71885450625 0.6512112140624999 0.6061485765625 0.6049154234375 0.6007373734375 0.5970445843750001 0.66807670625 0.596088053125 0.7127600734375
0 0.3773719125 0.2936382796875 0.3654290203125 0.2954420109375 0.3539233734375 0.4668785546875 0.393906103125 0.47155186562500007 0.38324766875 0.6174901921875 0.506967296875 0.6266181859375 0.5096728984375 0.603470290625 0.548972396875 0.6048640890625 0.5506121562499999 0.5634602359375 0.5115586249999999 0.5599620843750001 0.5177897109375 0.45190213124999995 0.5453922796875 0.4529953046875 0.553946359375 0.3068110125 0.3773719125 0.2936382796875
0 0.09269079218750001 0.95255581875 0.2749817546875 0.9738625765625001 0.2986635484375 0.7206581984375 0.2556472703125 0.7145637640625 0.2523950828125 0.75151294375 0.21596515468750002 0.7803179953125 0.192817259375 0.7776123953125 0.191450796875 0.77105336875 0.1619898390625 0.7676098765625 0.1589016296875 0.775781328125 0.116814546875 0.770862053125 0.1147921765625 0.7972894625 0.103095246875 0.796988840625 0.09956976875 0.799776425 0.09366664062499999 0.8502809250000001 0.094787140625 0.8589443046874999 0.10085423906249999 0.86178655 0.09269079218750001 0.95255581875
0 0.2182062140625 0.3048979234375 0.22331679218749997 0.2702990609375 0.2247652484375 0.22140698749999999 0.18453655625 0.21883803125 0.179152678125 0.3013997703125 0.2182062140625 0.3048979234375
0 0.17324955 0.3519042703125 0.16945077343749998 0.4026547359375 0.20219124375000003 0.4054149953125 0.206919215625 0.3558396921875 0.17324955 0.3519042703125
0 0.118017059375 0.5598253890625 0.131435753125 0.381146590625 0.0139127953125 0.3737523 0.0027309984375 0.469418684375 0.003212175 0.5521261 0.0225832296875 0.5550700859375 0.118017059375 0.5598253890625
0 0.6068369359375 0.21128880625000002 0.6124180984375001 0.16353890468750001 0.33690421718749997 0.1307450828125 0.33075553593749996 0.17322174375 0.6068369359375 0.21128880625000002
0 0.28702724218750003 0.2030210046875 0.24049262031250002 0.20113137343749998 0.20911162343749998 0.6063409484375 0.261552103125 0.608327875 0.28702724218750003 0.2030210046875