0 0.22813898125 0.19911640625 0.23133921875 0.17156793125 0.21252806875000002 0.1681453890625 0.22032525625 0.09291539531250001 0.2129120046875 0.095672425 0.21717992343749998 0.0667400453125 0.1812219796875 0.0603377015625 0.17903207031249999 0.065516253125 0.16909057031250002 0.0645608171875 0.163947290625 0.088035946875 0.14504939687500001 0.0851540828125 0.142382340625 0.09849123125 0.18389926875 0.10264351093749999 0.185685978125 0.096060484375 0.197563225 0.0987739765625 0.184759703125 0.19508391249999998 0.22813898125 0.19911640625
0 0.653456275 0.9961644546875 0.722885984375 0.995760525 0.7153187062499999 0.970153275 0.670304965625 0.9832737046875 0.652538771875 0.9937604999999999 0.653456275 0.9961644546875
0 0.8664036906250001 0.9409980750000001 0.8580988656249999 0.9073783531249999 0.8096749546875 0.9273966640625 0.8177931468749999 0.9539322953125 0.8664036906250001 0.9409980750000001
0 0.6713458796875 0.8860287781249999 0.6858179609375 0.921091259375 0.8182622765625001 0.8746193734375 0.80424613125 0.8328940515625 0.6859754234375 0.8684580484375 0.6713458796875 0.8860287781249999
0 0.9356153703125001 0.33181393593749997 0.919697946875 0.36533893281249996 0.99137980625 0.3963107875 0.9977358375 0.383358703125 0.9980538937500001 0.32868930625 0.950170409375 0.3049949171875 0.9356153703125001 0.33181393593749997
0 0.8747673499999999 0.0740241609375 0.9294112906249999 0.0977303203125 0.9445977265625001 0.0885990890625 0.9510483328125 0.0728695421875 0.8808001015625001 0.05960836562500001 0.8747673499999999 0.0740241609375
0 0.13342242499999998 0.4784239796875 0.145012403125 0.437997334375 0.1898791359375 0.45190907343750003 0.1997996703125 0.4134169140625 0.11772484999999999 0.38727487968749996 0.094001584375 0.46678295 0.13342242499999998 0.4784239796875
0 0.0995576203125 0 0.0895375125 0.0781884921875 0.163947290625 0.088035946875 0.16909057031250002 0.0645608171875 0.17903207031249999 0.065516253125 0.18491101875 0.00618580625 0.138707128125 0 0.0995576203125 0
0 0.0758944140625 0.1621276203125 0.0748175875 0.185899046875 0.0880337765625 0.18886529999999999 0.08740660156249999 0.2011948953125 0.1319545890625 0.2086832046875 0.13496940468750002 0.1912552328125 0.1513868875 0.194354459375 0.15635263906250002 0.1717670953125 0.1634593265625 0.1731086671875 0.17138733125 0.11047991406249999 0.1235087984375 0.10660505 0.12749231562500002 0.0981228171875 0.124028675 0.094705125 0.0699656359375 0.08883237499999999 0.0559076484375 0.1591321578125 0.0758944140625 0.1621276203125
0 0.1984 0.22896096875 0.200028040625 0.207350409375 0.1663154 0.20137192499999998 0.16380050156249998 0.22549320625 0.1984 0.22896096875
0 0.21252806875000002 0.1681453890625 0.26647481875 0.1738513890625 0.2734154734375 0.16811275625 0.2760471953125 0.14041410781250002 0.27040277968750004 0.1399913328125 0.2762658140625 0.09944770625 0.2504096421875 0.095016609375 0.22032525625 0.09291539531250001 0.21252806875000002 0.1681453890625
0 0.20842435625000003 0 0.2015735671875 0.054881090625 0.23313169218750002 0.060088626562500004 0.22690993593750003 0.091201759375 0.2313387421875 0.09203781093749999 0.244662828125 0.083026365625 0.2589872828125 0.08611613125 0.25936317343750004 0.09385728125000001 0.28782778750000004 0.0973238796875 0.2933838640625 0.0618429140625 0.2949564234375 0.0348441765625 0.3014496875 0 0.20842435625000003 0
0 0.3381633625 0 0.34387223125 0.00082099375 0.3383894890625 0.0282385390625 0.34533946718749997 0.029936179687499998 0.336953190625 0.0948566125 0.388344603125 0.10265124218749999 0.40342777031250004 0 0.3381633625 0
0 0.45458877031249995 0.15162209375 0.4635130421875 0.090959696875 0.40684387343750006 0.08283293124999999 0.3997160234375 0.143384525 0.45458877031249995 0.15162209375
0 0.3480092703125 0.251975871875 0.35119220625 0.2264380921875 0.3758250796875 0.22993123125 0.39141855468750003 0.1220213546875 0.3311234171875 0.114495603125 0.31141600625 0.24757468437500002 0.3480092703125 0.251975871875
0 0.4424105765625 0 0.44070031875 0.009094281249999999 0.47344510937499995 0.0141401796875 0.47527346562500006 0 0.4424105765625 0
0 0.49199065 0 0.4491870640625 0.2630842390625 0.5432981453125 0.275858096875 0.596148834375 0.0058730484375 0.5650376234375 0 0.49199065 0
0 0 0.7757149671875 0.05825055 0.7910520546875001 0.0683782984375 0.7495994953125 0.0080084375 0.7333610421875 0.0453874703125 0.6095098453125 0.10366948281249999 0.623147378125 0.11643660156249999 0.5857067875 0.0201223203125 0.5602190015625 0 0.629880178125 0 0.7757149671875
0 0 0.8010303593750001 0.073000821875 0.8208750484375 0.0892671578125 0.760270296875 0.0683782984375 0.7495994953125 0.05825055 0.7910520546875001 0 0.7757149671875 0 0.8010303593750001
0 0.2317659109375 0.8619228640625 0.24644261093750003 0.7793358109375 0.18335056249999998 0.7701893906249999 0.1684115140625 0.849491725 0.2317659109375 0.8619228640625
0 0.3639087328125 0.5549503578125 0.3876040015625 0.463288959375 0.34480825 0.4529176640625 0.3216894515625 0.5454377640625 0.3639087328125 0.5549503578125
0 0.3708883875 0.35285789843750004 0.3366312984375 0.34831924375 0.33503110937499997 0.37235609687500004 0.35375208593749996 0.3746260859375 0.3581226984375 0.376715234375 0.3644056859375 0.3772585578125 0.3783886078125 0.3792768703125 0.3790676609375 0.3710706890625 0.37062176875 0.370119059375 0.3708883875 0.35285789843750004
0 0.5267109984375 0.7184121046875 0.5049302875 0.7729195468750001 0.5441085921875 0.783207859375 0.5578018984375 0.75791875 0.5444947484375 0.7557280578125 0.5584955375 0.724090884375 0.5496187703125 0.718880021875 0.5361890765624999 0.71409518125 0.5267109984375 0.7184121046875
0 0.5230941703124999 0.7773340078125 0.4982975578125 0.8014912093750001 0.526376290625 0.8115910234375001 0.54486955 0.7963994078125001 0.5419959890625 0.7907791937499999 0.541026546875 0.7836544484375 0.5230941703124999 0.7773340078125
0 0.539705421875 0.68934879375 0.52987146875 0.7075248640625 0.544447025 0.7111762328125 0.5548058328125001 0.719345009375 0.56320435625 0.7051401390625001 0.560896409375 0.6966914609375 0.5687656 0.687271590625 0.5632506125 0.682673925 0.5609871609375 0.67624760625 0.552371165625 0.6781776828125 0.5504963140625 0.688729140625 0.539705421875 0.68934879375
0 0.71233300625 0.3211370890625 0.6647249453125 0.43178767812499996 0.7445254046875001 0.4681272265625 0.7701025328125 0.4092801296875 0.7643892015625 0.406101928125 0.8415638875000001 0.23365081718749997 0.7917531343750001 0.2092930140625 0.7643707765625 0.19902470625 0.7262354109375 0.2882815359375 0.7205601421875001 0.302871940625 0.71233300625 0.3211370890625
0 0.804345 0.721973465625 0.8059744 0.727294534375 0.8331837375 0.727417525 0.8221243875 0.63883659375 0.79749504375 0.6468708359375 0.8061969609374999 0.7069398375 0.804345 0.721973465625
0 0.7756159984375001 0.7303050453125 0.77484704375 0.686259821875 0.742139775 0.69021955625 0.7435336765625 0.727398165625 0.7756159984375001 0.7303050453125
0 0.9655812078125001 0.44258238437499997 0.9794594234374999 0.4185065640625 0.950299253125 0.40312484687500005 0.9362233906249999 0.42690625468750004 0.9655812078125001 0.44258238437499997
0 0.9155166390625 0.3940519859375 0.854242328125 0.36288088749999997 0.8349913843750001 0.40730330625000005 0.8842351484375 0.42776183124999995 0.879382034375 0.43685121093749996 0.9523474593750001 0.472521796875 0.9642481171874999 0.448179784375 0.9655812078125001 0.44258238437499997 0.9362233906249999 0.42690625468750004 0.932292653125 0.4272140578125 0.9066413640625001 0.415451396875 0.9155166390625 0.3940519859375
0 0.9527445734375 0.23664196093749998 0.9667411015624999 0.205346784375 0.929847925 0.1887623640625 0.9180594093750001 0.22098856093750002 0.9527445734375 0.23664196093749998
0 0.9443613390625 0.25376353281249997 0.9519919484375 0.2433987703125 0.9527445734375 0.23664196093749998 0.9180594093750001 0.22098856093750002 0.9125430671875 0.21971153124999998 0.908171334375 0.230455815625 0.9076497765625 0.2363778171875 0.9443613390625 0.25376353281249997
0 0.9335255625000001 0.172616471875 0.9343314796875 0.17660370625 0.9593391078125 0.19062304531250002 0.9754434984374999 0.1532768234375 0.9564704875000001 0.1426463109375 0.9445646625 0.1493759015625 0.9335255625000001 0.172616471875
0 0.305294640625 0.21447426875 0.3205215921875 0.10615239843749999 0.2918676765625 0.1021358609375 0.2764673265625 0.2113248515625 0.305294640625 0.21447426875
0 0.0915447875 0.762242865625 0.126639025 0.633782459375 0.10366948281249999 0.623147378125 0.0453874703125 0.6095098453125 0.0080084375 0.7333610421875 0.0683782984375 0.7495994953125 0.0892671578125 0.760270296875 0.0915447875 0.762242865625
0 0.8909762828125001 0.597800034375 0.9030374312499999 0.573938246875 0.873399878125 0.55720233125 0.8631720515625 0.581410203125 0.8909762828125001 0.597800034375
0 0.9083736921875 0.5722674671875 0.9195316734375 0.540415015625 0.8903420343749999 0.52657034375 0.8778874921875 0.5552856421875 0.9083736921875 0.5722674671875
0 0.9755094484375 0.2238207546875 0.9627730484375 0.21631725156249998 0.9527445734375 0.23664196093749998 0.9984493999999999 0.260707665625 0.9986298859374999 0.22968483593750003 0.9796762140625 0.2206222671875 0.9755094484375 0.2238207546875
0 0.3365912296875 0.7288645890625001 0.3443038640625 0.6790716703124999 0.32434281249999997 0.6765890125 0.31557936249999996 0.7268263140625 0.3365912296875 0.7288645890625001
0 0.4136626921875 0.688094178125 0.4255608875 0.6899546203125 0.43297381875 0.6778990312500001 0.437549296875 0.6626082328125 0.43193205937499995 0.6561701296875 0.42535286406250006 0.6545424843750001 0.427650115625 0.6488271390625 0.426684628125 0.6421102203125 0.419459565625 0.6380467390625 0.408727434375 0.63602076875 0.3963843296875 0.6440818703125 0.38506121875 0.656556265625 0.38091121875 0.6792333484374999 0.38054554218750003 0.686834509375 0.3950188171875 0.698800940625 0.4136626921875 0.688094178125