0 0.619428090625 0.7220092593749999 0.6667609359375 0.7100146703125 0.6504150796875 0.643492096875 0.5955434453125 0.6579638203125 0.619428090625 0.7220092593749999
0 0.799863359375 0.673684190625 0.7815921171875 0.6122636953125 0.7818278265624999 0.6118816328125 0.7567753125000001 0.621712053125 0.76722829375 0.6501887281250001 0.77792368125 0.6796181921875 0.799863359375 0.673684190625
0 1 0.69811884375 0.9799326296875 0.7020283890625 0.99766373125 0.7745627093749999 1 0.7741567093749999 1 0.69811884375
0 0.44683394062500004 0.7308648796874999 0.45771788593749996 0.7614130921875 0.46781034843749997 0.7938172109375 0.512707721875 0.7730532484375 0.49042003125000005 0.7120791 0.44683394062500004 0.7308648796874999
0 0.93961479375 0.3850455953125 0.960256396875 0.3793224671875 0.9532071453125001 0.35283818437500003 0.9305218999999999 0.35698463125 0.93961479375 0.3850455953125
0 0.9830298140625 0.34396113437500003 0.9532071453125001 0.35283818437500003 0.960256396875 0.3793224671875 0.9889465296875001 0.3726807703125 0.9830298140625 0.34396113437500003
0 0.9746868531249999 0.41172180625 0.9160201328124999 0.4291388109375 0.9213758999999999 0.45065881093750004 0.9549498078124999 0.44411790937499995 0.9551714828125 0.44407472343750004 0.9573042578125 0.4521887734375 0.98224575 0.446174165625 0.9746868531249999 0.41172180625
0 0.364894 0.2179538 0.38110772187499997 0.29177115 0.42014345625000005 0.2758256890625 0.398213665625 0.20946659687500002 0.364894 0.2179538
0 0.5402039656250001 0.2486327984375 0.5297449515625 0.23642649062499999 0.517623159375 0.22418697656250003 0.47457167031249997 0.233561721875 0.483810303125 0.26558595625 0.5402039656250001 0.2486327984375
0 0.5680078109375 0.1631095984375 0.5875504453125 0.22327397968749998 0.636342828125 0.2104278078125 0.6237947265625 0.1517579375 0.5680078109375 0.1631095984375
0 0.253487653125 0.5228982875 0.2541925609375 0.53435779375 0.31226529062499997 0.5271827375 0.3063411921875 0.5090088109375001 0.253487653125 0.5228982875
0 0.3199830546875 0.45882925781250006 0.3190312015625 0.4971456109375 0.3542043640625 0.496637790625 0.35500757968749996 0.46166978125 0.3199830546875 0.45882925781250006
0 0.1563584296875 0.4493615125 0.16844992812499998 0.5170070453125 0.1952563765625 0.5110912984375 0.1825599953125 0.44610567031250004 0.1563584296875 0.4493615125
0 0.3997569515625 0.5162930968749999 0.398280884375 0.5080090890625 0.40091043906249996 0.498694121875 0.3997584171875 0.4705147078125 0.36890230156250003 0.4747823984375 0.385185284375 0.5474097625 0.40678034218750003 0.5431605765625 0.40617205 0.5193500984375 0.3997569515625 0.5162930968749999
0 0.598642596875 0.3877125171875 0.572799034375 0.3888397546875 0.565105471875 0.376829984375 0.5436426203125 0.371851575 0.5214951265625001 0.376166371875 0.510035721875 0.387999909375 0.5106559859375001 0.4079004234375 0.48307690000000003 0.4154583203125 0.5123851125 0.48598928125 0.619863759375 0.44849527968749997 0.598642596875 0.3877125171875
0 0.6158129578125 0.388338028125 0.6331725687499999 0.4426881046875 0.6995049453125 0.42178183437500005 0.6853293140625001 0.3635550953125 0.6158129578125 0.388338028125
0 0.6309507984375 0.3172364203125 0.6532411484375 0.311885371875 0.6488655640625 0.2857625703125 0.6209211203125 0.29297147031250004 0.6309507984375 0.3172364203125
0 0.7133791656249999 0.2955052796875 0.7619840546875001 0.28235949374999997 0.757487940625 0.25178530625 0.7035753687499999 0.264095359375 0.7133791656249999 0.2955052796875
0 0.41286306093749997 0.0075965390625 0.42576128750000003 0.0568703046875 0.44716534531249996 0.052406223437499996 0.44058399687499994 0.0021959203125 0.41286306093749997 0.0075965390625
0 0.7051326078125 0 0.7089159234375 0.008386635937500001 0.7087560109375 0.008627878125 0.7072115625000001 0.013340609375000001 0.7185728874999999 0.0298249875 0.7413891328125 0.01949745 0.7305952 0 0.7051326078125 0
0 0.8196428359375 0.130934853125 0.8299729109375 0.12308190156250001 0.8193405500000001 0.10118230312500001 0.812374053125 0.0938208859375 0.799081903125 0.0575862734375 0.7791576078125 0.0592620234375 0.760462040625 0.0463494046875 0.8088090765624999 0.1473314578125 0.814872721875 0.141255090625 0.8196428359375 0.130934853125
0 0.7917386796875 0.871110771875 0.81128225 0.8640259078125 0.7970622671875 0.7967320203125 0.77287969375 0.79890123125 0.7917386796875 0.871110771875
0 0.5895805875 0.7288325984374999 0.614889396875 0.7234817359375 0.6049370359374999 0.6934873390625 0.5820530500000001 0.699416234375 0.5895805875 0.7288325984374999
0 0.5412310046875 0.7149323796875 0.516875796875 0.658268659375 0.49412753593750003 0.6723855375000001 0.5219552078125 0.7371544140624999 0.5367905453125 0.731533040625 0.5412310046875 0.7149323796875
0 0.668087834375 0.563430103125 0.68649043125 0.5493825250000001 0.6651975515624999 0.5030047390625 0.6485061609375 0.5106053859374999 0.668087834375 0.563430103125
0 0.8452075453125 0.46350216875 0.898383765625 0.44894057343749993 0.8845859734375001 0.3911234234375 0.823844009375 0.40253705625 0.8452075453125 0.46350216875
0 0.6859154937499999 0.7026694546875001 0.7705568046875 0.6831332812500001 0.76216099375 0.6529616875 0.6743395921875 0.671814865625 0.6859154937499999 0.7026694546875001
0 0.871294459375 0.772353896875 0.9833780921875 0.7414418671874999 0.9767119203125001 0.7038953671875 0.8582804953125001 0.730245659375 0.871294459375 0.772353896875
0 1 0.6253462296875 0.9093604687499999 0.643444140625 0.9152311234375 0.661460409375 0.8838941328125 0.6675655125 0.898499484375 0.7092586703125 1 0.6912420859374999 1 0.6253462296875
0 0.9673641203125 0.626471446875 0.9572094828125 0.5735181609375 0.8561389625 0.5969420734375 0.8676001828125001 0.64891180625 0.8670244968749999 0.6497802781249999 0.9673641203125 0.626471446875
0 0.5508719578125 0.5225256125 0.572886209375 0.5914313203125 0.6507345828125 0.568428553125 0.631209675 0.49685296093750003 0.5508719578125 0.5225256125
0 0.49959971562499994 0.6614033046875 0.526474334375 0.648289278125 0.504680084375 0.6011057937500001 0.493313646875 0.604538721875 0.4957660328125 0.61796875 0.48094547812500005 0.62661250625 0.49959971562499994 0.6614033046875
0 0.688245228125 0.8169444484374999 0.7915527953125 0.791355690625 0.7882858046875 0.7592184921875 0.6825052734375 0.7829780703125 0.688245228125 0.8169444484374999
0 0.5192550484375 0.861506134375 0.6176387531249999 0.839691821875 0.6135537828125 0.7973776703125 0.5060608484375 0.818319546875 0.5192550484375 0.861506134375
0 0.67252480625 0.1295539921875 0.6481267484375001 0.13016851875 0.6343232015625 0.1394755 0.6460788828124999 0.1778162015625 0.6881997546874999 0.1654504375 0.67252480625 0.1295539921875
0 0.6024495234375 0.1462313890625 0.69968884375 0.09098398125 0.68827415 0.042597682812499996 0.588463784375 0.0945223875 0.6024495234375 0.1462313890625
0 0.5425897828124999 0.05305957343749999 0.49398986406249995 0.0501536921875 0.4305204515625 0.0584011453125 0.46191141875 0.18085918125 0.5940487546875 0.1496117625 0.5787422875 0.0886430953125 0.5531967203125 0.08124574531249999 0.5425897828124999 0.05305957343749999
0 0.089814359375 0.2347167109375 0.12499952968750001 0.37223414843749997 0.1556236875 0.3676544984375 0.122221190625 0.2222055953125 0.089814359375 0.2347167109375
0 0.354780846875 0.14658244843749998 0.37674955312499997 0.13753349374999999 0.364036925 0.08549243125 0.33967885937500003 0.088641225 0.354780846875 0.14658244843749998
0 0.29925503125 0.205699196875 0.3508763921875 0.1870496875 0.36563735468749997 0.17272416562499998 0.387282415625 0.16678453437500002 0.380317140625 0.14406546874999998 0.2865358390625 0.1772312484375 0.29925503125 0.205699196875
0 0.0017868546875 0.153561890625 0.0181919328125 0.150685371875 0.0242841921875 0.1705912734375 0.05441978125 0.1627243984375 0.050406285937499996 0.10661456875 0.050327224999999996 0.10623080468749999 0.001403690625 0.12063283124999999 0.0017868546875 0.153561890625
0 0.30538863437499997 0.2212272203125 0.31912243125 0.2739517078125 0.3622999328125 0.2569472390625 0.35492077499999997 0.2072915328125 0.30538863437499997 0.2212272203125
0 0.20215593906249998 0.21217894531249998 0.20952423437499998 0.25944176875 0.265433825 0.2418686203125 0.25847105 0.19881258125 0.20215593906249998 0.21217894531249998
0 0.16608134218749998 0.279838334375 0.20013808437499997 0.2717747703125 0.18354358125 0.21198142656250002 0.1507832265625 0.224099225 0.16608134218749998 0.279838334375
0 0.1984155109375 0.3489814421875 0.247756240625 0.33411664218750003 0.23445081406249998 0.27177071875 0.182758884375 0.2914003796875 0.1984155109375 0.3489814421875
0 0.34139244999999996 0.7617644140625 0.2234478734375 0.790477884375 0.223171621875 0.791477096875 0.23195069687499997 0.82941029375 0.3465213546875 0.8051777296875 0.34139244999999996 0.7617644140625
0 0.0100826234375 0.5495410171875 0.00923614375 0.5620167515625 0.009783651562499999 0.5646743390625 0.143220890625 0.5332249078125 0.130322275 0.48760674374999996 0.03782471875 0.511131503125 0.0399318578125 0.5313305890625 0.0405968875 0.5312010265625 0.0273320890625 0.5434283109375 0.0100826234375 0.5495410171875
0 0.22618349375000002 0.6906154765625 0.33926139843750003 0.6651400953125 0.329544675 0.606885015625 0.2133588703125 0.6283649625 0.22618349375000002 0.6906154765625
0 0.056419292187500004 0.7910429625 0.24199071874999997 0.7451629468750001 0.2296859359375 0.7054796156250001 0.047916959375 0.7497727796875 0.056419292187500004 0.7910429625