0 0.816072875 0.5357194328125 0.8141902828124999 0.5061943109375 0.831761134375 0.5056690046875 0.8204655875 0.47108911875 0.8167004046875 0.41645182812500003 0.7708704453124999 0.4149301375 0.7407489875 0.422285259375 0.7482793515624999 0.5252845359375 0.760829959375 0.5385356921875 0.816072875 0.5357194328125
0 0.25273279375 0.7894663078125 0.2595141703125 0.7895057609375 0.2632793515625 0.8030904187499999 0.291153846875 0.8017546109374999 0.3378542515625 0.7937267125 0.3378542515625 0.74702630625 0.294919028125 0.749043725 0.291153846875 0.7211473234375 0.311497975 0.7190187203125 0.3099797578125 0.6873702109375001 0.24672064843750002 0.69378355625 0.25273279375 0.7894663078125
0 0.239170040625 0.6549946890625 0.28834008125 0.65005808125 0.286761134375 0.6291784500000001 0.276295546875 0.6280244453125 0.2694939265625 0.6196650359375 0.2684615390625 0.6086671265625 0.27263157968749996 0.59927843125 0.27159919062500004 0.5888068375 0.2747368421875 0.5820234734375 0.2747368421875 0.5584404765625 0.2307894734375 0.564460103125 0.239170040625 0.6549946890625
0 0.20287449375 0.12943939843750002 0.172348178125 0.13142779375 0.17380566875 0.1655860703125 0.17742914999999998 0.2349998640625 0.23301619375 0.2313151625 0.2301214578125 0.14739143906250002 0.2072267203125 0.1476226140625 0.20287449375 0.12943939843750002
0 0.08680161875 0.39605155625 0.08862348125 0.42221600156249994 0.123502025 0.41841082187499995 0.1209514171875 0.3973433515625 0.111578946875 0.397025665625 0.1086032390625 0.392170296875 0.08680161875 0.39605155625
0 0.56658896875 1 0.5607489875 0.9226348124999999 0.5071659921875 0.9279910906250001 0.5127444734375 1 0.56658896875 1
0 0.46113360312499996 0.5043022296874999 0.4691093125 0.575178590625 0.48072874531250004 0.5767036812499999 0.52576923125 0.5725932484375 0.5290485828125 0.5598997765625 0.5245748984375 0.49869966093749996 0.46113360312499996 0.5043022296874999
0 0.3824696359375 0.319411378125 0.3828340078125 0.34811795 0.5191497968750001 0.32812153906249997 0.5141497968750001 0.2979912359375 0.3824696359375 0.319411378125
0 0.37242915 0.2439076203125 0.4016396765625 0.24626379687500002 0.4334615390625 0.2429671484375 0.44174089062500005 0.304897909375 0.5020647765625 0.2960585796875 0.4832793515625 0.08105050312499999 0.41797570781250004 0.0900835328125 0.418643725 0.1220712265625 0.398542509375 0.1269745234375 0.4054251015625 0.1841603125 0.363704453125 0.19503094999999998 0.37242915 0.2439076203125
0 0.8010526312499999 0.8420288078124999 0.8046761140625 0.9354102140625 0.8540890687499999 0.9320742078125 0.85044534375 0.8383283140625 0.8010526312499999 0.8420288078124999
0 0.7928137656249999 0.7049363421875 0.8008097171875 0.8115618093749999 0.8409514171874999 0.8096900828125 0.8361133609375001 0.7022327859375 0.7928137656249999 0.7049363421875
0 0.781761134375 0.575297140625 0.7882995953124999 0.66833113125 0.8002834015625 0.668765225 0.8028340078125 0.6898326953125 0.833704453125 0.6860244390625 0.831882590625 0.572673759375 0.781761134375 0.575297140625
0 1 0.0058178296875 0.9543527125000001 0.005552260937499999 0.9529554656249999 0.075827534375 1 0.0756522 1 0.0058178296875
0 0.46226720625000006 0.6648756265625 0.4649797578125 0.709871165625 0.48119433125000005 0.7089128671875 0.48433198437499997 0.7366639140625 0.5256882593750001 0.7306292140624999 0.5277530359375 0.7421392046874999 0.5471457484375 0.7412196390625 0.5366801625 0.601705309375 0.45882591093749997 0.6078718000000001 0.46257085 0.653096015625 0.47447368437500004 0.6513029171875 0.47639676093750005 0.6644720000000001 0.46226720625000006 0.6648756265625
0 0.85773279375 0.4248889296875 0.8590485828125001 0.4065969890625 0.8716801625 0.40055711718750003 0.8712348171875 0.38660715625000003 0.8189271249999999 0.3876186296875 0.8167004046875 0.41645182812500003 0.8197975703125 0.44080183125000005 0.8590485828125001 0.44058484375000007 0.85773279375 0.4248889296875
0 1 0.1319758515625 0.9205870453125 0.13076067656249998 0.9210323890625001 0.18786853125 0.8726315796874999 0.1880120453125 0.8718623484375 0.25879704375 0.9170647765625001 0.2584527359375 0.9260121453125001 0.250448109375 0.92394736875 0.23839156250000001 0.952813765625 0.23795221406249997 0.957206478125 0.242350240625 1 0.24307582343749998 1 0.1319758515625
0 0.3912550609375 0.453389615625 0.3969230765625 0.4861149 0.46797570781250003 0.4756375828125 0.46493927187499995 0.4420571640625 0.3912550609375 0.453389615625
0 0.610991903125 0.5321983718750001 0.6107489875 0.5629661890625 0.614777328125 0.5872001515624999 0.6468218625000001 0.58738658125 0.6447975703125 0.5631642765625 0.6455668015625 0.5323995234375001 0.610991903125 0.5321983718750001
0 0.652186234375 0.6652315546875001 0.6534412953125 0.691716590625 0.6837044531250001 0.6929452875 0.6818218625 0.6643513390625 0.652186234375 0.6652315546875001
0 0.6389068828125 0.8294053109374999 0.6458704453124999 0.9680693046875 0.7743319843750001 0.9575616109375 0.765971659375 0.8193753203125 0.6389068828125 0.8294053109374999
0 0.7451821859375001 0.5649021453125 0.688502025 0.5663132796875 0.6902631578125 0.6230036875 0.675 0.6229148890625 0.675 0.6569027421875 0.686761134375 0.6661412078125 0.705080971875 0.6675433359375 0.709008096875 0.6823839984375 0.7216396765625 0.6846437203125 0.7216396765625 0.674178134375 0.7647975703125 0.675299665625 0.7591295546875 0.659153328125 0.740384615625 0.6555422484375 0.7395141703125 0.6311242296875 0.7464777328125 0.6254967265625 0.7451821859375001 0.5649021453125
0 0.4509311734375 0.0109230359375 0.45530364375000004 0.013863454687499999 0.45929149843749995 0.035323901562499996 0.474919028125 0.036123321874999996 0.4861740890625 0.0325653203125 0.4810931171875 0.013284746875 0.4825506078125 0.0060260203125 0.4819409515625 0.00280385 0.4188785984375 0.0024369640625 0.41969635624999996 0.010012571875 0.420060728125 0.0205612515625 0.4509311734375 0.0109230359375
0 0.5471457484375 0.097859315625 0.5467004046875 0.1266219046875 0.6129757078125 0.128748375 0.6129757078125 0.1012787390625 0.5471457484375 0.097859315625
0 0.67787449375 0.0693081296875 0.6722026234375 0.0039107609375 0.6354129859375 0.003696725 0.6440890687499999 0.072390925 0.67787449375 0.0693081296875
0 0.705384615625 0.7272212171875 0.7079959515625001 0.7795441015625 0.7633603234375 0.7781253109375 0.76030364375 0.7231885 0.705384615625 0.7272212171875
0 0.6529757078125 0.23096489375 0.6549797578125001 0.24184699843750002 0.5837449390625 0.2466552375 0.58483805625 0.27463730468750003 0.7126315796875 0.271048803125 0.708421053125 0.1993643890625 0.6529757078125 0.20114707968749998 0.6529757078125 0.23096489375
0 0.73423076875 0.045688634374999995 0.73665991875 0.10533839375000001 0.7672267203125 0.1042611640625 0.7648178140625 0.0467370296875 0.73423076875 0.045688634374999995
0 0.78180161875 0.3769572953125 0.8144331984375001 0.37589208125 0.8119230765625 0.293023225 0.7416194328125 0.2957518625 0.745384615625 0.391178625 0.78180161875 0.3769572953125
0 0.6639878546875 0.455988475 0.6740283406249999 0.5269780625 0.7279959515625001 0.524154384375 0.73680161875 0.527970796875 0.7482793515624999 0.5252845359375 0.7418218624999999 0.42945749375000003 0.6677530359375 0.4340468171875 0.665242915625 0.42210913593750005 0.598704453125 0.4242321484375 0.5999595140625 0.458126090625 0.6639878546875 0.455988475
0 0.9260121453125001 0.250448109375 0.927348178125 0.2958202546875 0.9910323890624999 0.29353893750000004 0.9903036437500001 0.279000284375 0.9968421046874999 0.2757994578125 0.9950202421875 0.2525297484375 0.9260121453125001 0.250448109375
0 1 0.28528699375 0.9938663968749999 0.2855392296875 0.9916801625 0.3102431109375 0.9694129546875001 0.312502228125 0.971153846875 0.368322071875 0.9859716593750001 0.36883338125 0.9938259109375001 0.3789195609375 0.9803036437499999 0.37665465625 0.9807489875 0.4014953046875 1 0.4005100953125 1 0.28528699375
0 0.10285425156250001 0.3068939359375 0.111578946875 0.397025665625 0.15698380625 0.3907513609375 0.1460931171875 0.3035017671875 0.10285425156250001 0.3068939359375
0 0.11819838125 0.4403232859375 0.125829959375 0.5293757828125 0.1705060734375 0.5252632296875 0.165060728125 0.435150578125 0.11819838125 0.4403232859375
0 0.0920040484375 0.1588955875 0.0934615390625 0.214855484375 0.150850203125 0.213731871875 0.147206478125 0.1577794984375 0.0920040484375 0.1588955875
0 0.0899797578125 0.125989075 0.09022267187500001 0.1577718640625 0.1449797578125 0.1565924546875 0.1434615390625 0.1257941484375 0.0899797578125 0.125989075
0 0.08757085 0.098849553125 0.0899797578125 0.125989075 0.1448583 0.12248243750000001 0.14560728750000002 0.09526007343750001 0.08757085 0.098849553125
0 0.3123076921875 0.2619384109375 0.311578946875 0.23359409062499997 0.0721457484375 0.255784103125 0.0756477734375 0.28544010625 0.17419028281249999 0.2805073359375 0.184170040625 0.3865168140625 0.192348178125 0.3883862546875 0.22692307656250002 0.384882953125 0.22619433125000002 0.3750811421875 0.2374493921875 0.3751466234375 0.238542509375 0.36934326562500003 0.23708502031249998 0.348626284375 0.24471659843750002 0.33340752500000004 0.242651821875 0.29410401406250003 0.255 0.29235399218749997 0.25392712500000003 0.27129511875 0.3123076921875 0.2619384109375
0 0.23119433125 0.39053533281249997 0.23228745 0.42539999218749996 0.27151821875 0.42273349375 0.2693522265625 0.38674923125 0.23119433125 0.39053533281249997
0 0.287206478125 0.3452741578125 0.287186234375 0.3758003546875 0.3245344125 0.3717261421875 0.32277327968749997 0.34044059375 0.287206478125 0.3452741578125
0 0.476072875 0.8538425859375 0.48259109375 0.9169776734375 0.5542510125 0.9092974125 0.5423076921875001 0.7484991828124999 0.45323886562500004 0.7572927375 0.45761133593750003 0.7986542078125 0.4770647765625 0.798767384375 0.47831983749999996 0.816365778125 0.4635222671875 0.8203080296874999 0.46665991875 0.8537878234375 0.476072875 0.8538425859375
0 0.2903441296875 0.2931466640625 0.2892914984375 0.31690572031249997 0.31789473749999997 0.31917739375 0.31726720625 0.292675765625 0.2903441296875 0.2931466640625
0 0.134615384375 0.5734552328125 0.1431781375 0.664658896875 0.1849595140625 0.6621691796875 0.17678137656249998 0.569206621875 0.134615384375 0.5734552328125
0 0.151072875 0.707376890625 0.15870445312499998 0.79677351875 0.20228744999999998 0.79340359375 0.191761134375 0.702168265625 0.151072875 0.707376890625
0 0.161437246875 0.8394007531250001 0.1743724703125 0.9427958453124999 0.22198380625 0.94149389375 0.20732793593749999 0.83525478125 0.161437246875 0.8394007531250001
0 0.21411339843750002 1 0.22040485781250002 0.99122155 0.21787449374999998 0.970498325 0.17834008125 0.9735071874999999 0.178565859375 1 0.21411339843750002 1
0 0.3233977109375 1 0.3176315796875 0.9605726234375 0.2700202421875 0.9648502828125001 0.272829009375 1 0.3233977109375 1
0 0.261497975 0.8309747906249999 0.27091093125 0.920159109375 0.3117004046875 0.9172587640625001 0.30165991875 0.8261679609374999 0.261497975 0.8309747906249999