0 0.116010803125 0 0.1220308796875 0.061373390625 0.1544343125 0.061373390625 0.1503668890625 0 0.116010803125 0
0 0.01320805625 0.167811159375 0.053024840625 0.1510729609375 0.048217665625 0.13626609375 0.0008846703125000001 0.15206179687500002 0.0012851203125 0.22089337812499998 0.009466971875 0.214527896875 0.010748253125 0.2060729609375 0.004488871875 0.1998497859375 0.0204825859375 0.19360515 0.01320805625 0.167811159375
0 0.10034492187499999 0.181008584375 0.10149241718749999 0.1938197421875 0.1039773109375 0.2557725328125 0.134310796875 0.254077253125 0.1294337109375 0.13135193125 0.0691152078125 0.1356223171875 0.0720278421875 0.1788841203125 0.10034492187499999 0.181008584375
0 0.0905909515625 0.212231759375 0.09014212187500001 0.1977897 0.06713783125 0.1977897 0.06648799375 0.21150214531249997 0.067737584375 0.23448497812500002 0.0892419765625 0.2348712453125 0.0905909515625 0.212231759375
0 0.0555059640625 0.238197425 0.054672853125 0.220407725 0.0246714796875 0.22017167343750002 0.0224195796875 0.23884120156250002 0.025264270312499996 0.2630472109375 0.054918800000000004 0.262682403125 0.0555059640625 0.238197425
0 0.154506175 0.12536480625 0.12884630625 0.126287553125 0.12965739375000002 0.15873390625 0.15562305781250002 0.15873390625 0.154506175 0.12536480625
0 0.2096905546875 0.12017167343749999 0.1650880578125 0.12210300468749999 0.165192928125 0.1401287546875 0.210895215625 0.139120171875 0.2096905546875 0.12017167343749999
0 0.27242053125 0.1947424890625 0.27084034375 0.177639484375 0.16544137187500002 0.18283261875 0.16753036875 0.2062446359375 0.172296125 0.2545064375 0.273829940625 0.24888412031249998 0.27242053125 0.1947424890625
0 0.2808059 0.400407725 0.2786569546875 0.29660944218749996 0.27461886875 0.262768240625 0.27398040468749996 0.24892703906250002 0.1307847546875 0.2566094421875 0.136261925 0.405021459375 0.1678069890625 0.405021459375 0.16824931875 0.3519527890625 0.21362760781249998 0.3542703859375 0.20918391406249998 0.3834978546875 0.21538291250000002 0.390407725 0.2261822875 0.395021459375 0.23235995156249997 0.4019527890625 0.2808059 0.400407725
0 0.294453034375 0.25639485 0.2943909859375 0.2457296140625 0.2739188828125 0.2457296140625 0.27398093125 0.25639485 0.27911446406249996 0.2977897 0.2969177578125 0.29643776875 0.294453034375 0.25639485
0 0.0933741203125 0.36233905625 0.0909583375 0.33070815468750003 0.128322459375 0.327639484375 0.1226555109375 0.2720171671875 0.0033172656250000003 0.275107296875 0.0016765999999999999 0.28818311875 0.0017541359375 0.30151041875 0.0120347328125 0.3792489265625 0.04895058125 0.3765879828125 0.08541578749999999 0.3739270390625 0.0933741203125 0.36233905625
0 0.00270375625 0.46473620000000004 0.0028782390625000003 0.49472732031250005 0.03554126875 0.4950858375 0.035414425 0.4732832625 0.0353626140625 0.46437768281249997 0.00270375625 0.46473620000000004
0 0.1958183 0.63860515 0.19511677656249998 0.6434334765624999 0.1968045828125 0.679034334375 0.225347478125 0.6793991421875 0.2255352390625 0.6452789703125 0.2299686859375 0.6437982828125 0.22957578750000002 0.6389699578125 0.1958183 0.63860515
0 0.28872642187499997 0.6442060078125 0.2599760515625 0.6450643781250001 0.2610029625 0.674034334375 0.2889665828125 0.6744206015625 0.28872642187499997 0.6442060078125
0 0.9479198562500001 0.232618025 0.9495781687499999 0.2557725328125 0.9853752828125 0.2563090125 0.983111740625 0.23240343281250003 0.9479198562500001 0.232618025
0 1 0.179987490625 0.9801272093750001 0.180472103125 0.9804192234375 0.23066523593750002 1 0.23034525781249998 1 0.179987490625
0 0.9512038031250001 0.2806866953125 0.949547096875 0.254120171875 0.880597865625 0.257682403125 0.883137009375 0.3142060078125 0.9521043453125 0.31375536406250004 0.9512038031250001 0.2806866953125
0 0.9274467703125 0.3652360515625 0.9290202125 0.3479828328125 0.8921993 0.3485193140625 0.8708413890625 0.3511802578125 0.8715425437500001 0.379484978125 0.9316101671875 0.38004291874999996 0.9274467703125 0.3652360515625
0 0.956800965625 0.35751072968750003 0.9576081484375001 0.34871244687499997 0.9286356953125001 0.34828326249999997 0.927534478125 0.365557940625 0.931355653125 0.38055794062500004 0.9564414890625 0.38055794062500004 0.956800965625 0.35751072968750003
0 1 0.2822706390625 0.9586197203125 0.28283261875 0.95670248125 0.3774678109375 1 0.37676341875 1 0.2822706390625
0 0.0342979296875 0.5395708156250001 0.055640496875 0.5379613734375 0.0587724890625 0.5230257515625001 0.056003068749999996 0.50806866875 0.053360571875 0.5038626609375 0.0029485109375 0.5068059984375 0.0032709921875 0.562235846875 0.025375221875 0.5624463515625 0.0260514578125 0.5680257515625 0.03711418125 0.56626609375 0.0342979296875 0.5395708156250001
0 0.0033046765625 0.5680257515625 0.0035529781250000004 0.5738197421875 0.0053733390625 0.5916309015625 0.02469663125 0.5933476390625 0.027899284375 0.590557940625 0.025504850000000003 0.5625965671875 0.0032709890625 0.562235246875 0.0033046765625 0.5680257515625
0 0.0376577828125 0.6006866953125 0.003483615625 0.59878264375 0.0044178046875000005 0.7593562234375 0.005512225 0.7593562234375 0.04288908125 0.7584763953125 0.0451496375 0.7523605156250001 0.0422527875 0.6933690984374999 0.041029165625 0.6748497859375 0.0376577828125 0.6006866953125
0 0.0407046234375 0.7629184546875 0.041107965625 0.7584763953125 0.007210501562500001 0.7598712453124999 0.0059504125 0.764592275 0.0070790171875 0.796287553125 0.0413233265625 0.7954935625 0.0407046234375 0.7629184546875
0 0.077262628125 0.624978540625 0.039003446875 0.625429184375 0.0425110484375 0.6934978546874999 0.08041115 0.690343346875 0.077262628125 0.624978540625
0 0.1765259203125 0.6938412015625001 0.17414663125000002 0.64635193125 0.1683551375 0.646781115625 0.1487858765625 0.6618025750000001 0.1406822421875 0.5893991421875 0.1111897734375 0.5881115875 0.118916871875 0.5957939921875 0.1189690578125 0.6047639484375 0.1149652140625 0.617381975 0.1113620890625 0.625107296875 0.1197855515625 0.745107296875 0.1537517640625 0.74446351875 0.149612303125 0.6931974249999999 0.1765259203125 0.6938412015625001
0 0.1973063671875 0.64356223125 0.194453003125 0.5699141625 0.1405072359375 0.5666952796875 0.14799151093750001 0.661738196875 0.168570978125 0.6469957078124999 0.1973063671875 0.64356223125
0 0.28699345468750004 0.641416309375 0.28660780468749997 0.5751287546875 0.26064426093750004 0.5754935624999999 0.26425901406249996 0.6066523609375001 0.2642416796875 0.640557940625 0.28699345468750004 0.641416309375
0 0.287873721875 0.49763948437499994 0.2547311875 0.496008584375 0.22691703125 0.4954935625 0.22951864375 0.5738197421875 0.2499086546875 0.57446351875 0.287888990625 0.5740343343750001 0.287873721875 0.49763948437499994
0 0.2299269921875 0.5739270390625 0.1950685921875 0.5724463515625 0.19693118437499998 0.638090128125 0.23183075312499998 0.6392703859375 0.2299269921875 0.5739270390625
0 0.26477953125 0.6407939921875 0.26460799375 0.6113090125 0.2608528609375 0.57446351875 0.22995032499999998 0.5742489265625 0.2316136640625 0.6388412015625 0.26477953125 0.6407939921875
0 0.811435559375 0.5565879828125 0.7451376437499999 0.5548068671874999 0.7469942515625 0.5899141625000001 0.7555833125 0.590836909375 0.755131421875 0.6238197421875 0.8118212093749999 0.6228755359375 0.811435559375 0.5565879828125
0 0.7557950328125 0.590343346875 0.7464980671875 0.5894635187499999 0.74450983125 0.5538626609375 0.71646524375 0.5543133046875 0.7137471703125 0.6219527890625 0.7551548796875001 0.624163090625 0.7557950328125 0.590343346875
0 0.7109099203125 0.7465665234375 0.6818468859375 0.7453218890625 0.6834357046874999 0.7675965671875 0.711656334375 0.7678969953125 0.7109099203125 0.7465665234375
0 0.74489634375 0.7457081546875 0.7462396203125 0.76635193125 0.7709551578125 0.765407725 0.769608009375 0.7440987125 0.74489634375 0.7457081546875
0 0.44596170312499994 0.7480901281250001 0.44617141250000003 0.74356223125 0.4453034296875 0.741909871875 0.440970275 0.7384978546875 0.39986873749999996 0.737274678125 0.3996241296875 0.750557940625 0.40293752656250004 0.8 0.44717921250000003 0.7987553640625 0.44596170312499994 0.7480901281250001
0 0.4646199953125 0.7461587984375 0.45753845000000004 0.7461587984375 0.4527999421875 0.74315450625 0.4519627953125 0.746802575 0.45363983750000003 0.773175965625 0.48046761718750003 0.7738197421875 0.47920103437500006 0.7442274671875 0.47769514218750003 0.743583690625 0.47552175312499995 0.7388626609375 0.4740033765625 0.7360729609375001 0.471635371875 0.7347854078125 0.46992487499999996 0.73585836875 0.46993611093750004 0.7377897 0.46952190937499994 0.74036480625 0.4688931140625 0.7429399140624999 0.4646199953125 0.7461587984375
0 0.4670216765625 0.71266094375 0.5401368718749999 0.709592275 0.54162925625 0.63783261875 0.5383498078125 0.62373390625 0.3928917984375 0.6224678109374999 0.391701125 0.6391201718749999 0.398438928125 0.6980686687500001 0.4298514921875 0.6974248921874999 0.4349140921875 0.6897424890625 0.44260671875 0.687811159375 0.45543660468749997 0.6910300421875 0.4599512953125 0.6961373390625 0.46448845937499994 0.705107296875 0.4670216765625 0.71266094375
0 0.47203384374999996 0.7295064375 0.483235646875 0.7516523609375 0.4889331796875 0.7793347640625 0.548301246875 0.777682403125 0.54039350625 0.7094420593749999 0.4675166125 0.7128969953125 0.46755531406250006 0.71954935625 0.47203384374999996 0.7295064375
0 0.668370978125 0.64581545 0.664588728125 0.6301287546875 0.5584239656250001 0.6364806859375001 0.56047939375 0.657811159375 0.572909940625 0.7325536484375 0.638387384375 0.7260944203124999 0.633537440625 0.6854935625 0.6694977234375 0.6808798281249999 0.668370978125 0.64581545
0 0.6239657750000001 0.530429184375 0.59089710625 0.530429184375 0.590303478125 0.5611802578125 0.551092975 0.5604077249999999 0.5529923671875 0.625 0.6268210984375 0.6265450640625 0.6239657750000001 0.530429184375
0 0.5644481109374999 0.49899141562500005 0.56218088125 0.48920600781249995 0.5346111421875 0.49012875468750006 0.534246878125 0.501287553125 0.5380351109375 0.5475107296874999 0.56690874375 0.5457081546875 0.5644481109374999 0.49899141562500005
0 0.6410502296875 0.5087982828125 0.6400486765625 0.4878755359375 0.5852411859375 0.487768240625 0.58497726875 0.5087982828125 0.6102587359375 0.5092274671875 0.6410502296875 0.5087982828125
0 0.704984925 0.4879828328125 0.6502688875 0.4888412015625 0.6508790984374999 0.5199570812500001 0.7060719828125 0.5199141625 0.704984925 0.4879828328125
0 0.7065226265625 0.5199141625 0.6513509515625 0.5199141625 0.65197500625 0.5497210296875 0.708026509375 0.5497210296875 0.7065226265625 0.5199141625
0 0.8189121968749999 0.4843347640625 0.7135623734375 0.486909871875 0.71427114375 0.5497210296875 0.8197271562499999 0.5506437765625 0.8189121968749999 0.4843347640625
0 0.817473646875 0.668626609375 0.8254967765625001 0.6681759656249999 0.8230062109375 0.6236909875000001 0.75137969375 0.628133046875 0.7579651046875 0.7051502140625 0.819909903125 0.7037768234375 0.817473646875 0.668626609375
0 0.8241888828124999 0.6351716734374999 0.82479921875 0.6663090125 0.82678305625 0.6937768234374999 0.86722920625 0.6930042921874999 0.8656968578124999 0.6583047203125 0.855458184375 0.6578540765625001 0.8531029374999999 0.6329399140625 0.8241888828124999 0.6351716734374999
0 0.9064429796875 0.6685193140625 0.904939303125 0.627682403125 0.8955078406249999 0.6258154499999999 0.8666758781249999 0.6274034328125 0.86854013125 0.6712017171875 0.9064429796875 0.6685193140625
0 0.953292478125 0.6396995703125 0.9526137453124999 0.6336909875 0.9495757453125 0.6278969953125 0.942264625 0.6253218890625 0.908795721875 0.6266094421874999 0.9097227562500001 0.6384120171875 0.915598040625 0.6892703859375 0.9565676875 0.68626609375 0.953292478125 0.6396995703125
0 0.9260589484375 0.5693133046875001 0.9301814937499999 0.5697210296875 0.9322359328125 0.561373390625 0.9294748046875 0.5293991421875 0.8962217406249999 0.5309012875 0.8954028234375 0.537682403125 0.8984940453125001 0.62639485 0.9287490578125001 0.625965665625 0.9260589484375 0.5693133046875001
0 0.9164365078125 0.4792918453125 0.8935210484375 0.4798068671875 0.8939014078125 0.5009227468749999 0.9162236234375 0.5017167375 0.9164365078125 0.4792918453125
0 0.9604719375 0.4721030046875 0.9622013015625 0.5111587984375 0.9840797265625 0.509442059375 0.983002878125 0.47188841249999997 0.9604719375 0.4721030046875
0 0.99294185 0.5314806859375001 0.966830090625 0.532188840625 0.966753409375 0.5448283265625 0.9687209203125 0.5768669531249999 0.994986765625 0.576824034375 0.9938993328124999 0.5448283265625 0.99294185 0.5314806859375001
0 1 0.7240601984375 0.9993739234374999 0.7038626609375 0.9963898625000001 0.64463519375 0.9643668421875 0.647317596875 0.9674375171875 0.71405579375 0.971289765625 0.7639055796875 1 0.7635350984375 1 0.7240601984375
0 0.0245459984375 1 0.017786203125 0.9325965671875001 0.017715290624999998 0.9204077249999999 0.0053484546874999995 0.9193212421875 0.0058178296875 1 0.0245459984375 1
0 0.19715788750000002 1 0.194474259375 0.96824034375 0.1878212375 0.8943562234375 0.1873214046875 0.8859012875 0.11833858906250001 0.8836909875 0.119290828125 0.8961373390625 0.1212324953125 0.9237339062500001 0.155170021875 0.92553648125 0.15661363281250001 0.9523605156249999 0.162798259375 0.9531115874999999 0.1677141859375 0.9571030046875 0.175301540625 0.9628969953125001 0.174007275 0.969120171875 0.168663928125 0.969120171875 0.1637634828125 0.9677897 0.1619823671875 0.9677897 0.160234834375 0.9735622312500001 0.161573171875 0.9749141625 0.1722986953125 0.9815879828125 0.1705899890625 0.994034334375 0.169297215625 1 0.19715788750000002 1
0 0.2178401515625 0.9455579406249999 0.2275004515625 0.95356223125 0.23234464843749997 0.959978540625 0.227565746875 0.9647854078125 0.223317084375 0.9685193140624999 0.21318235 0.9711802578125001 0.2116847703125 0.9904077250000001 0.2555408140625 0.9892703859375 0.25021440625 0.8852145921875 0.19027904843750001 0.8889484984375 0.1930766984375 0.9124463515624999 0.21549222656250003 0.910836909375 0.2176754796875 0.91725321875 0.2139820234375 0.9242060078125001 0.2129587515625 0.93274678125 0.2129959546875 0.93914163125 0.2178401515625 0.9455579406249999
0 0.3045460828125 1 0.30472321562500004 0.8856223171875 0.25000717968749997 0.8864806859375 0.2561435015625 1 0.3045460828125 1
0 0.544711328125 1 0.5428062109375 0.9766094421875 0.5402534328125 0.9435622312499999 0.53711485 0.9315450640625 0.4687517578125 0.9362660937499999 0.46944725 0.9525321890624999 0.4748972359375 1 0.544711328125 1
0 0.5438565578125 0.935836909375 0.5762074734375 0.9378755359375001 0.584726896875 0.9342060078125 0.5841371468750001 0.9029184546875 0.5791030875 0.8712446359375001 0.520965171875 0.870407725 0.5210148609374999 0.8789484984374999 0.5211543140625 0.9029184546875 0.54267791875 0.9029184546875 0.5438565578125 0.935836909375
0 0.624578546875 0.8681330468749999 0.5855751609375 0.8697639484374999 0.5865631484375 0.8994206015625 0.6251943765625 0.9002145921875 0.624578546875 0.8681330468749999
0 0.6582885015625 1 0.6556426 0.95143776875 0.6555574546875 0.936802575 0.6210159484375 0.93446351875 0.6157880421875 0.94324034375 0.60527540625 0.94733905625 0.5964985828125 0.94733905625 0.5871151421875 0.94266094375 0.5848736453125001 0.940987125 0.5402409484375 0.941416309375 0.544556359375 1 0.6582885015625 1
0 0.694066153125 1 0.6944326328125 0.9795278968750001 0.6937602359375 0.9672317593749999 0.6564889296875001 0.967811159375 0.65720386875 0.98004291875 0.6582887656249999 1 0.694066153125 1
0 0.7198035984375 0.8625536484375 0.6788406796875 0.8630257515625 0.6793497359375 0.8693776828124999 0.6798999796875 0.8791201718749999 0.6744457296874999 0.882188840625 0.6613763109375 0.8820600859375001 0.6614954140625 0.9025321890625 0.7224582078124999 0.9020386265625 0.7198035984375 0.8625536484375
0 0.8559158859375 0.8693133046874999 0.7941158078125 0.8697424890625 0.79473600625 0.9025751078124999 0.857382609375 0.9037982828125 0.8559158859375 0.8693133046874999
0 0.8362429406249999 1 0.8342725015625 0.9962660937500001 0.853436090625 0.9963519312500001 0.8458665390625001 0.9493562234375 0.7871726828125001 0.9488626609375 0.7895823328125 0.9757510734375 0.7984417484375 0.9751931328125 0.8009154484375 1 0.8362429406249999 1
0 0.9445907078125 0.9476824031250001 0.916517684375 0.9506223171875 0.9129108390624999 0.9318884125 0.843878890625 0.9359871249999999 0.852381703125 0.99216738125 0.9506635625 0.98454935625 0.9445907078125 0.9476824031250001
0 1 0.9841755937500001 0.9738518875000001 0.9866738203125 0.97637255 1 1 1 1 0.9841755937500001
0 0.9849386859375 0.9189699578124999 0.9522534109375 0.9184763953124999 0.9613285625 0.9881974250000001 0.992207378125 0.9843347640625 0.9849386859375 0.9189699578124999
0 1 0.8303330546875 0.96719630625 0.8312017171875 0.9659648796875 0.8592918453125 0.9727216437499999 0.917811159375 1 0.9164295703124999 1 0.8812524828124999 0.9997876890624999 0.8782618031249999 1 0.877464853125 1 0.8303330546875
0 1 0.9179957703125 0.9852648187499999 0.9196995703124999 0.9922086265625 0.98454935625 1 0.9839081453125 1 0.9179957703125
0 0.6267830296875 0 0.62705985 0.0036480687499999996 0.6354276999999999 0.0034334765625 0.6354167046875 0.0310515015625 0.6845401078125 0.0279184546875 0.6892143484375 0.027253218750000002 0.6881731953125 0 0.6267830296875 0
0 0.57493488125 0 0.57500549375 0.00094420625 0.5691813328124999 0.006824034375 0.5601289234375 0.0110944203125 0.5526116875 0.006287553125 0.5565503265625 0.037789699999999996 0.604067409375 0.0351931328125 0.6009670234375 0 0.57493488125 0
0 0.48143650625 0 0.48159874843750006 0.009227467187500001 0.4839132140625 0.038197425 0.5115795249999999 0.039120171875 0.5440687953125 0.039120171875 0.5427453625 0 0.48143650625 0
0 0.45366083125 0.009570815625 0.42967740625 0.010944206250000001 0.43110715937500005 0.035386265625 0.45513624999999996 0.034484978124999996 0.45366083125 0.009570815625
0 0.3744479203125 0 0.37234990625000003 0.031373390625000004 0.3781361578125 0.030042918749999998 0.389728525 0.034484978124999996 0.40046440937499994 0.0429399140625 0.4015121328125 0.0017167374999999998 0.3774678109375 0 0.3744479203125 0
0 0.5776375359375 0.1730257515625 0.5539362 0.174935621875 0.553070003125 0.247360515625 0.648527125 0.24478540781250002 0.64774539375 0.2210729609375 0.66696549375 0.21980686718750003 0.6665006 0.180472103125 0.5911521484375 0.1832832625 0.5884950171875001 0.16918455 0.57845035 0.1688841203125 0.5776375359375 0.1730257515625
0 0.224738053125 0 0.2247211546875 0.000021459374999999998 0.21768379062499998 0.0039270390625 0.210656275 0.005836909375 0.197838265625 0.008347639062499999 0.1959060453125 0.0045064375 0.1992119625 0.02315450625 0.2030531640625 0.02315450625 0.20645844375000003 0.055193132812500004 0.2679270046875 0.0494206015625 0.2646192421875 0 0.224738053125 0
0 0.755361546875 0 0.7572691609375 0.0248712453125 0.802908303125 0.020386265625 0.8010340812500001 0 0.755361546875 0
0 0.562351365625 0.2787553640625 0.5633231875 0.257682403125 0.5617386578125 0.24721030000000002 0.5194839546875001 0.2506437765625 0.5211508968749999 0.2789699578125 0.562351365625 0.2787553640625
0 0.40385809687499996 0.1098712453125 0.3697366765625 0.10965665312499999 0.370212053125 0.1175965671875 0.37888220625 0.1177038625 0.37895055312500003 0.14420600781249998 0.40098955468749997 0.1442703859375 0.41025632187500005 0.14364806875 0.409143059375 0.11090128749999999 0.40385809687499996 0.1098712453125
0 0.5199301875 0.1429184546875 0.45407095937499997 0.146459228125 0.45170143593749995 0.10802575156250001 0.4159289046875 0.10802575156250001 0.4184469125 0.1830472109375 0.5215476390625 0.1811802578125 0.5199301875 0.1429184546875
0 0.5220675578125 0.1893991421875 0.52101203125 0.181330471875 0.3804665765625 0.18347639531249998 0.37951729375 0.193669528125 0.38252891718750004 0.2502575109375 0.5240310640625 0.2502575109375 0.5220675578125 0.1893991421875
0 0.4521263765625 0.1072961375 0.45385574218749997 0.14635193124999998 0.5443244609375 0.1420815453125 0.544113096875 0.10575107343750001 0.4521263765625 0.1072961375
0 0.54418146875 0.10643776875 0.5447594546875 0.12832617968749999 0.5983823187499999 0.127682403125 0.59761619375 0.1066523609375 0.54418146875 0.10643776875
0 0.58732034375 0.129570815625 0.5875481890625001 0.16873390625 0.591622503125 0.1829828328125 0.665496259375 0.1812017171875 0.6628295375000001 0.10643776875 0.5978536171875 0.1068884125 0.5984258625 0.1277897 0.58732034375 0.129570815625
0 0.5599887828125001 0.38905579375 0.5550497671875 0.31839055781250003 0.5265519125 0.31839055781250003 0.52273683125 0.3302575109375 0.5282740703125001 0.39678111562499996 0.5568323203125 0.3997854078125 0.5599887828125001 0.38905579375
0 0.6087498890624999 0.39004291874999997 0.6069781046875 0.35107296093749996 0.580797846875 0.35107296093749996 0.5800256218750001 0.36587982812500003 0.58184001875 0.39004291874999997 0.6087498890624999 0.39004291874999997
0 0.716893546875 0.262768240625 0.722981103125 0.2615879828125 0.7229226296875 0.24047210312499998 0.6340462640625 0.2454935625 0.6357269421875 0.2761802578125 0.6670599109375 0.2766094421875 0.670322634375 0.3210300421875 0.7201030484375 0.3201716734375 0.716893546875 0.262768240625
0 0.7458494906250001 0.3488841203125 0.7396987937499999 0.3465879828125 0.7304131468749999 0.3365879828125 0.7211274999999999 0.3265879828125 0.72031476875 0.3196781109375 0.6402809640625 0.32124463593749997 0.6407387328125 0.3888626609375 0.7460820796875 0.3888626609375 0.7458494906250001 0.3488841203125
0 0.8333477359374999 0.34673819687499996 0.8102790671875001 0.34673819687499996 0.8085639609375 0.3175107296875 0.767826371875 0.31982832656250004 0.7840902468750001 0.326824034375 0.79039831875 0.341416309375 0.77629390625 0.3515021453125 0.7810923421875 0.3648068671875 0.7895051359374999 0.372317596875 0.795765765625 0.3787553640625 0.795410240625 0.391416309375 0.8343618453125 0.38826180312499997 0.8333477359374999 0.34673819687499996
0 0.7943038203125 0.25656652343749997 0.7169126343750001 0.262360515625 0.72036330625 0.3206437765625 0.7951014109375001 0.3162017171875 0.7943038203125 0.25656652343749997
0 0.849063978125 0.2448497859375 0.814087934375 0.2452789703125 0.8133720343749999 0.3066523609375 0.8492051984375 0.306008584375 0.849063978125 0.2448497859375
0 0.8289366765624999 0.10493562187500001 0.8027539234375001 0.1045064375 0.8042050250000001 0.132618025 0.8291052203125 0.1339055796875 0.8289366765624999 0.10493562187500001
0 0.8011897984375 0.208197425 0.8050163093749999 0.216738196875 0.8051809828125001 0.24504291875 0.83183334375 0.24504291875 0.8328528421874999 0.22847639531250002 0.896871696875 0.22581544999999997 0.9021680046875 0.225107296875 0.9026992765624999 0.1688841203125 0.7967448484374999 0.17081545 0.7942857796875 0.205515021875 0.8011897984375 0.208197425
0 0.9243214640625 0.1415665234375 0.915860425 0.14420600781249998 0.9170816984375 0.23240343281250003 0.9478672125 0.23463519375000003 0.9474851781250001 0.2316738203125 0.9723027671875 0.2298283265625 0.9699114468750001 0.13600858437500002 0.9350594140625 0.1356223171875 0.9346775171875 0.136373390625 0.9309801765625 0.1389699578125 0.9243214640625 0.1415665234375