0 0.022464121875 0.8768857453125 0.073647834375 0.8657320187499999 0.067387815625 0.8156429718749999 0.01147828125 0.823627265625 0.013417578125 0.8652647890624999 0.022464121875 0.8768857453125
0 0.5372245921875 0.0365043828125 0.505027578125 0.040282912500000004 0.5089290390625 0.06769251875 0.4867378859375 0.070923628125 0.49157019843749994 0.1087078421875 0.5746919859374999 0.09826411406249999 0.5636616265625001 0.0195850734375 0.5345262765625 0.024441857812500002 0.5372245921875 0.0365043828125
0 0 0.4466585171875 0.0630537796875 0.4477977796875 0.0665350234375 0.43123548906250003 0.0698997390625 0.43838355625 0.0730213171875 0.45341746250000003 0.08619146718750001 0.4491618359375 0.0867316484375 0.43454746093749996 0.081811121875 0.42020776875 0.0814036515625 0.3983530984375 0 0.39512794375000004 0 0.4466585171875
0 0.8059883890625 0.2560913703125 0.8091618109375001 0.2696171390625 0.8232694296874999 0.2684513765625 0.825108271875 0.286088475 0.8373100906250001 0.2981763609375 0.8628161703125 0.2914131609375 0.8561002406249999 0.2446416578125 0.8208960218750001 0.249821796875 0.8059883890625 0.2560913703125
0 0.5982702109375 0.8670573765625 0.6159954765625 0.863179671875 0.6150214546874999 0.8422670296874999 0.5946094468750001 0.8452524921875 0.5982702109375 0.8670573765625
0 0.5731804765625 0.9679494468750001 0.579187278125 0.9996357250000001 0.619796778125 0.9977443078125001 0.610326084375 0.922756928125 0.5446291265625 0.9346680109375001 0.5513320359375 0.9698013046874999 0.5731804765625 0.9679494468750001
0 0.406546115625 0.9620980359375 0.37159777968749996 0.96665583125 0.3734748359375 0.9912296749999999 0.39320987500000004 0.9903105 0.394014228125 0.9866104734375 0.4072049625 0.9867286156249999 0.406546115625 0.9620980359375
0 0.2086590125 0.862780775 0.19620755 0.8676133546875 0.1976457140625 0.8810164703125001 0.1836858390625 0.8888493578125001 0.169940628125 0.9012911499999999 0.17398833125 0.9340250109375001 0.2277840234375 0.921284603125 0.23290045625000003 0.9127444875 0.22506222343750001 0.8890587203125 0.2194184484375 0.8766653859375 0.21321602031250003 0.8706261703125 0.2086590125 0.862780775
0 0.52084865625 0.7390755343750001 0.5558646890625 0.7298549875 0.55205911875 0.6809131749999999 0.519665909375 0.6809161921875 0.52084865625 0.7390755343750001
0 0.4963801140625 0.8812646093750001 0.5168602640625 0.880615946875 0.5156872640625 0.8493149546875 0.49545069843749995 0.8490773296875 0.4963801140625 0.8812646093750001
0 0.8267430140625001 0.8406263609375 0.8533858125 0.836862353125 0.8420976171874999 0.7356095078125 0.8149042281250001 0.73891081875 0.8267430140625001 0.8406263609375
0 0.076287934375 0.661604203125 0.0044583265625 0.6729060265625 0.0069715046875 0.726864971875 0.043786834375 0.7243845328125 0.0586751109375 0.7181362109375 0.0589129625 0.7013994203125 0.0398003828125 0.7043243609375 0.0405328078125 0.698206321875 0.080533496875 0.68722754375 0.076287934375 0.661604203125
0 0.31813186875 0.7759050656250001 0.32303543281249997 0.7981811046875 0.3555648671875 0.7945498703125 0.3522769078125 0.7693906187499999 0.31813186875 0.7759050656250001
0 0.3621247453125 0.793410090625 0.3143626515625 0.8007011921875 0.320191284375 0.8389069953125 0.4146766546875 0.8238644828125 0.40808226875000003 0.7801394578124999 0.3728780515625 0.785319596875 0.3621247453125 0.793410090625
0 0.5887706515625 0.43417773281249994 0.584846171875 0.438165515625 0.5875790390625 0.4588334578125 0.6074022984375 0.45675036406249997 0.6047962046875 0.43225117031250004 0.5887706515625 0.43417773281249994
0 0.38818564375000003 0.521146153125 0.3838505359375 0.5276761609375 0.38721203593750003 0.5583461828125 0.4057609015625 0.5564241812499999 0.40578045781250005 0.50048776875 0.38685711875 0.5017964375 0.38818564375000003 0.521146153125
0 0.009454701562499999 0.7801802328125 0.018870690625 0.7783266484375 0.0141240984375 0.7445672625 0.0078633703125 0.7460136796875 0.009454701562499999 0.7801802328125
0 0.2361912375 1 0.23569214062500002 0.9892841515624999 0.2104918359375 0.993001321875 0.21154078906249998 1 0.2361912375 1
0 0.8505795890625001 0.975824603125 0.8329425453124999 0.9785383875000001 0.8265988296875 0.978203075 0.8275602671875 0.98806756875 0.8509818671874999 0.9869766890625 0.8505795890625001 0.975824603125
0 0.9538404609375 0.910664225 0.9561613 0.9268545421875001 0.9445407265625001 0.9368574031250001 0.94861640625 0.9566489015625 0.9529166390625001 0.9585444171875 0.9526317765625001 0.9822422671875 0.9676273999999999 0.9815438359374999 0.9943405343749999 0.97859734375 0.9948956062500001 0.883188696875 0.9363401953125001 0.8962186265625001 0.94022106875 0.9118275953125 0.9538404609375 0.910664225
0 0.6655866609375 0.012680995312500002 0.639880159375 0.016014790625 0.643545778125 0.076805415625 0.6771654875 0.07342861875 0.67235058125 0.027280739062499997 0.6671908640625 0.0161060640625 0.6655866609375 0.012680995312500002
0 0.3218471234375 0.3283701015625 0.3487585984375 0.3246953171875 0.3465011671875 0.2958865453125 0.31891672656250003 0.2977817375 0.3218471234375 0.3283701015625
0 0.45472195 0.52114000625 0.43915208437500003 0.5236761203125 0.4415383453125 0.5513190781249999 0.478608709375 0.547761215625 0.48094661875 0.542911340625 0.5081196484375 0.53873603125 0.5052941640624999 0.516953284375 0.4785263140625 0.514537453125 0.4768620265625 0.49453190625000004 0.4507319890625 0.4979464703125 0.45472195 0.52114000625
0 0.4525468265625 0.7234555796875 0.45792210625 0.76066511875 0.45020743124999996 0.7640969203125 0.4576824265625 0.793089978125 0.4252728078125 0.794925040625 0.42917521562500005 0.8223549531250001 0.4420531109375 0.8258043234375 0.44858561874999997 0.8249506828125 0.45313885000000004 0.8475685984375 0.48814781875 0.8386332484375 0.48452855 0.8159718328125001 0.5055606765625 0.8079519828124999 0.49946270625 0.781438234375 0.4957097234375 0.7794968843750001 0.49183669218750004 0.7684250609375 0.48903863437500006 0.7472311171875 0.469864975 0.747534065625 0.46589236874999995 0.7225287859375 0.4525468265625 0.7234555796875
0 0.72318214375 0.47514415468750004 0.7486478953125 0.472757559375 0.746850103125 0.4472643828125 0.7217527078125 0.45056980781249995 0.72318214375 0.47514415468750004
0 0.608086653125 0.4225142046875 0.7414798859375 0.40797915468749996 0.7389180125 0.3809344546875 0.605118765625 0.3963633609375 0.608086653125 0.4225142046875
0 0.2625314671875 0.5738387234375 0.2744294515625 0.5750344562499999 0.2707465390625 0.531784253125 0.26248745156250003 0.5353228 0.2583389578125 0.5139679328125 0.2535301890625 0.5120757546875 0.2532032125 0.49369677031250003 0.27448431875 0.4879646 0.2751147765625 0.467424875 0.2227733734375 0.4725079 0.22514244218749999 0.48973369843750003 0.2330786265625 0.5019795640625 0.23991131875 0.5582479515625 0.2478710328125 0.56925151875 0.2625314671875 0.5738387234375
0 0.1877470390625 0.86682725 0.21882101562499998 0.8599064578125001 0.21237582187499998 0.8233164828125 0.181579865625 0.828779646875 0.1877470390625 0.86682725
0 0.128397890625 0.684754053125 0.132298734375 0.7025392828125 0.1347594234375 0.7274115046875 0.144327075 0.7633270125 0.14546091249999998 0.787670953125 0.13745542500000002 0.7918488109374999 0.0722419140625 0.8027810421874999 0.067387815625 0.8156429718749999 0.073647834375 0.8657320187499999 0.07883519375 0.8661415375000001 0.08194119062500001 0.8664241703125001 0.0867140265625 0.8749716796874999 0.1061233703125 0.868370353125 0.10386850624999999 0.857528375 0.10847618125 0.8529186921875 0.10676968125 0.8446760140625 0.114910675 0.8403494078125 0.1391525375 0.8304708671875 0.1420171125 0.8212013828125 0.17135216250000002 0.8158266062499999 0.20107797187499998 0.7777757640625 0.1835246703125 0.7019032890625 0.1312593484375 0.6710489421875 0.128397890625 0.684754053125
0 0.4420531109375 0.8258043234375 0.42681233125 0.8279792 0.43838680781250006 0.865042440625 0.41158018749999997 0.8692210296875 0.4158415515625 0.89824168125 0.4652492875 0.892644171875 0.462243184375 0.85955658125 0.4528976046875 0.8629219109375 0.4420531109375 0.8258043234375
0 0.922127025 0.2808779359375 0.90520645 0.2863052734375 0.9091711531250001 0.3058984640625 0.94293955 0.301782228125 0.9405970124999999 0.2785730046875 0.922127025 0.2808779359375
0 0.8626410453125001 0.262751575 0.8684932515625 0.2708825546875 0.866243734375 0.277193340625 0.8727488828125001 0.29147957343750003 0.879306034375 0.29202876875 0.8861641828125 0.2959823359375 0.9010092921874999 0.2940497125 0.907294428125 0.2791474140625 0.9137478328125 0.2669842015625 0.915817896875 0.25288865 0.9117022265625 0.24272342187499998 0.90775065625 0.236518328125 0.9066743984375 0.2265167515625 0.8596349406250001 0.22966398593749998 0.8591745328125 0.25123351875 0.8626410453125001 0.262751575
0 0.73136025625 0.3794348328125 0.7597519421875 0.3747754640625 0.756107028125 0.3423891 0.7276727875 0.3461348078125 0.73136025625 0.3794348328125
0 0.925023659375 0.45534561875 0.9090041687499999 0.4560917375 0.91230765 0.48770045156249997 0.969834134375 0.4842886 0.9687332703125 0.4291979265625 0.925033496875 0.4319657890625 0.925023659375 0.45534561875
0 0.5204343109375 0.4990747625 0.5256343718750001 0.543007165625 0.553953521875 0.5411591421875 0.5847003609375 0.5355151375 0.5816610437499999 0.49254017031249997 0.5204343109375 0.4990747625
0 0.922127025 0.2808779359375 0.9435532625 0.2778248875 0.943817609375 0.3062178 0.934398215625 0.307124509375 0.9359252265625001 0.35126868125 0.9831266671875 0.34854120312500003 0.9860787375 0.33416040156250004 0.9889006328125 0.31523712656249997 0.9881666812500001 0.2994788765625 0.9766325734375 0.300416425 0.9769843484375 0.285688740625 0.9874153484375 0.2833474484375 0.9842436390625 0.21524961562499997 0.9135531765625 0.2208653 0.922127025 0.2808779359375
0 0.38342438125 0.3835333953125 0.409159253125 0.3808087046875 0.407057853125 0.35535001875 0.3795382171875 0.35907347500000003 0.38342438125 0.3835333953125
0 0.4285017203125 0.340006209375 0.45724106875 0.33756888281249997 0.45278389375000005 0.2811898546875 0.42484589375 0.2846682796875 0.4285017203125 0.340006209375
0 0.5713661609375 1 0.57482205625 0.9998390390624999 0.5687092484375 0.9724306890625 0.5381723421875 0.9751552125 0.5352812703125001 0.9392949953124999 0.5034614562499999 0.9419978828125 0.5056670484375 0.9797416562500001 0.5008134515625 0.9930512125 0.4821897125 0.998171271875 0.482376709375 1 0.5713661609375 1
0 0.6347156890625001 0.63164758125 0.6660176250000001 0.630494884375 0.6614808531249999 0.59206613125 0.630582315625 0.5883369671875001 0.6347156890625001 0.63164758125
0 0.881375384375 0.709546146875 0.8801091031249999 0.6889116343749999 0.851873059375 0.6907964828125001 0.850193153125 0.699725921875 0.8317614343749999 0.702415675 0.8354201453125001 0.728981990625 0.8611427218750001 0.7259933562499999 0.8595430203125 0.711743165625 0.881375384375 0.709546146875
0 0.9271128671875 0.733053840625 0.9517146343749999 0.732213209375 0.9581375671875 0.7456079796874999 0.9883220843749999 0.7405598953125 0.98548024375 0.714057271875 0.9772066921875 0.7129165515625 0.97475161875 0.6798643390625 0.9455042921875 0.6836275703125 0.9474865906250001 0.6999760890625 0.9253718687499999 0.702226953125 0.9271128671875 0.733053840625
0 0.9289969921875001 0.7647693578125 0.933892328125 0.7986642484375001 0.9659358140625001 0.7937737515625 0.961312434375 0.7596016750000001 0.9289969921875001 0.7647693578125
0 0.9530284968749999 0.80279881875 0.9359284718750001 0.8078682562499999 0.939156853125 0.8317483875 0.9938783328125 0.8240314062499999 0.9911187078125 0.7909933812500001 0.9521508265625 0.7970609828125 0.9530284968749999 0.80279881875
0 0.8196371046875001 0.971588796875 0.8573201906250001 0.96545895 0.8557517328124999 0.9081925171874999 0.8172705812500001 0.9129148562499999 0.8196371046875001 0.971588796875
0 0.9798666640624999 0.1330697171875 0.9697192734375 0.0912600671875 0.95813811875 0.045752890625 0.957711234375 0.023044525 0.9503186843749999 0.013296439062500002 0.949245346875 0.0055225484375 0.8920152281249999 0.0051895921875 0.88112195 0.017780878125 0.8609670515625 0.031965884374999996 0.8412591562499999 0.0290991421875 0.8421395593750001 0.0480017359375 0.8519324890625001 0.0551149234375 0.8527102093750001 0.0853559 0.8567393937500001 0.1312351640625 0.860472746875 0.14367678125 0.8932223531249999 0.14215144375 0.8873076187500001 0.123503675 0.905405753125 0.13942714843749998 0.924370365625 0.133762175 0.9339197609375001 0.1352097296875 0.9798666640624999 0.1330697171875
0 0.8090702656250001 0.0343626671875 0.8344703234375 0.031002449999999997 0.8577437390625 0.028290665625 0.858703565625 0.0049957906250000005 0.800399125 0.0046565859375 0.8025554921875001 0.0098217015625 0.8090702656250001 0.0343626671875
0 0.550878671875 0.1199649890625 0.5469805625 0.1301982515625 0.5313678125 0.1339979109375 0.53480318125 0.1605746296875 0.5569333125 0.15559647031249998 0.562444153125 0.19353220937499999 0.5884316218750001 0.1905515828125 0.5805218390625 0.126011203125 0.5748764515625 0.1179519796875 0.569029253125 0.11429723437499999 0.5584708578125 0.11346640781249999 0.550878671875 0.1199649890625
0 0.607899346875 0.255103028125 0.5842655296875 0.2557561453125 0.5897608 0.30864808125 0.6152700531249999 0.30719545 0.6187268234375 0.29928201875 0.607899346875 0.255103028125
0 0.714049521875 0.25721961718749997 0.727180084375 0.2909954625 0.7516541906249999 0.287413853125 0.741279734375 0.2538351984375 0.714049521875 0.25721961718749997
0 0.727011109375 0.32887018125 0.784496425 0.3167107859375 0.778813534375 0.2833816140625 0.720948846875 0.2922013296875 0.727011109375 0.32887018125
0 0.8707796484375001 0.398172271875 0.8716420906250001 0.43154283125 0.91349424375 0.4288610234375 0.9670549734374999 0.42636639218749994 0.9676068765625001 0.373559059375 0.9112809671875001 0.3743511984375 0.9054769328125 0.3589538875 0.901284784375 0.3711745609375 0.860440128125 0.3644699046875 0.86160245 0.39859970625 0.8707796484375001 0.398172271875
0 0.799688221875 0.37551989531249996 0.80213195625 0.43060906406250005 0.8040818203125 0.43446567812500003 0.8636045593749999 0.4293533890625 0.858591453125 0.3702126359375 0.799688221875 0.37551989531249996
0 0.46190478125 0.6478354109375 0.45913864843749996 0.616405146875 0.3504154359375 0.6341862515625001 0.3546825265625 0.6567767984375 0.3710519109375 0.6709698546875 0.387631228125 0.6822434296875 0.41730159375 0.6779518046875 0.4158974125 0.6569778078125 0.46190478125 0.6478354109375
0 0.516497303125 0.7426355515624999 0.5127765734375 0.720853809375 0.510034928125 0.7179090171875 0.5002332828125 0.6114389984375 0.4626514359375 0.6131894 0.47123875625 0.7066935265625001 0.4635843234375 0.7070500375 0.469864975 0.747534065625 0.49419667812499996 0.747011225 0.516497303125 0.7426355515624999
0 0.611110009375 0.7473649609375 0.5596823203125 0.7532803734375 0.561353403125 0.798333478125 0.6369840765625 0.7948109234375 0.6364675656250001 0.736539159375 0.611110009375 0.7473649609375
0 0.66742791875 0.7839720484375 0.7280734718749999 0.7785022515625 0.719964659375 0.7175523140625 0.6606170875 0.7224936625 0.66742791875 0.7839720484375
0 0.6426559109375 0.72174310625 0.7263458078125 0.7125751640625 0.72584693125 0.6568663734375 0.6387650609375 0.6609222765625 0.6426559109375 0.72174310625
0 0.7632092984375001 0.7080706015625 0.7363272484375 0.7066978125000001 0.7414975546875 0.772708728125 0.8043633124999999 0.7677256015625 0.8014317906249999 0.7047846375 0.7632092984375001 0.7080706015625
0 0.5497802 0.3384067421875 0.544680721875 0.324156775 0.5653590640624999 0.3067935171875 0.5576731781250001 0.2509921671875 0.5405519 0.2486153796875 0.52643721875 0.25749320625 0.5333797203125 0.3252935546875 0.5262510078125 0.3212101546875 0.5197189171875001 0.262221540625 0.4853084296875 0.267405409375 0.4861937875 0.2973361609375 0.47108812499999997 0.30066455468750003 0.47270562656250004 0.312675684375 0.46242808750000003 0.31787500625 0.46869758125 0.41272829062499994 0.493437134375 0.4104772578125 0.53646716875 0.4046884515625 0.5344239609375 0.38834277031250003 0.566289328125 0.381812415625 0.5626827953125 0.344133890625 0.5350361078125 0.34731388124999996 0.5497802 0.3384067421875
0 0.3990402859375 0.4732917671875 0.4164067046875 0.469573209375 0.415888046875 0.466301059375 0.4700614984375 0.4612344421875 0.4662402390625 0.41064520312499997 0.3944171171875 0.41291199843750004 0.3990402859375 0.4732917671875
0 0.6007169234374999 0.031431032812499995 0.5960519578125 0.0034677281249999997 0.5655020265624999 0.0032899953125 0.569210340625 0.036927295312500004 0.6007169234374999 0.031431032812499995
0 0.5812209390625 0.10082903125 0.6147271671875 0.09501580937500001 0.6114511640625 0.057443975 0.5775694546875 0.0617486171875 0.5812209390625 0.10082903125
0 0.7794021734375 0.15534756562500002 0.792499903125 0.1556531703125 0.793582834375 0.15924494843749998 0.8510452890625 0.15140030468750001 0.8483147000000001 0.114616971875 0.79241961875 0.1185429203125 0.78626653125 0.10875745156250001 0.7809459453125001 0.107235021875 0.755083928125 0.1448006921875 0.7694811406250001 0.1533475859375 0.7794021734375 0.15534756562500002
0 0.8344703234375 0.031002449999999997 0.8090702656250001 0.0343626671875 0.8149654890625 0.0875411890625 0.8425753500000001 0.0844443046875 0.8407031843749999 0.0551699421875 0.8353696390625001 0.0503111125 0.8344703234375 0.031002449999999997
0 0.432615646875 0.027723396875 0.40447578125000005 0.0347313546875 0.41421610624999994 0.09051840625 0.444298159375 0.0854547484375 0.43931648125 0.0304837859375 0.432615646875 0.027723396875
0 0.681785825 0.0157925484375 0.685948340625 0.04225400625 0.7157127109375 0.0386701703125 0.7109040765625 0.00413591875 0.665293803125 0.003870565625 0.6671908640625 0.0161060640625 0.681785825 0.0157925484375
0 0.6381267671875 0.1531170703125 0.6889590343750001 0.147086953125 0.6807680656249999 0.0935473640625 0.6313626640625001 0.09875816093749999 0.6381267671875 0.1531170703125
0 0.0189788109375 0.741329709375 0.029593071874999998 0.7813677234374999 0.034145468750000005 0.8057152234375 0.060489446875 0.8029621640625001 0.0479969078125 0.741382153125 0.0189788109375 0.741329709375
0 0.0595583265625 0.9507289734375 0.060409957812500005 0.9406172546875 0.09311884375 0.937343921875 0.07883519375 0.8661415375000001 0.073647834375 0.8657320187499999 0.048442025 0.8719521984374999 0.047793090625 0.8768048 0.031611171874999996 0.8775584859375 0.0350049328125 0.9032418468750001 0.0275946421875 0.9040346328125001 0.0257886328125 0.912440909375 0.0158395671875 0.9150814859375 0.018380018749999998 0.93205513125 0.016554823437499998 0.9326226875 0.0178326890625 0.9600589859375 0.0595583265625 0.9507289734375
0 0.04356993125 0.5445423640625 0.0431312015625 0.5285695984375 0.0462511046875 0.524782071875 0.0442714734375 0.5058696312500001 0.0390036765625 0.5028593703124999 0.037656126562499996 0.481353696875 0.0133160796875 0.4843186359375 0.0181446703125 0.5303234453125001 0.02065258125 0.547909034375 0.04356993125 0.5445423640625
0 0 0.5771839921875 0.001888409375 0.6177288890625 0.0348695875 0.6106906249999999 0.0734245546875 0.6010000359375 0.0623113796875 0.548939490625 0.03624848125 0.55379560625 0 0.560872715625 0 0.5771839921875
0 0.059149014062500005 0.7746193734375 0.06710054531250001 0.7758361359375 0.0722419140625 0.8027810421874999 0.13745542500000002 0.7918488109374999 0.1264743015625 0.7299542328124999 0.0535981265625 0.7454349578125 0.059149014062500005 0.7746193734375
0 0.7897728890625 0.5732922046875 0.7378985218749999 0.5792284234375 0.739101625 0.6308348968749999 0.7692825265625001 0.6283304296875001 0.7670985796875 0.6041574859375001 0.7919490515625001 0.601229815625 0.7897728890625 0.5732922046875
0 0.9042849921875 0.6736847499999999 0.9404652828125 0.6698020875 0.9335146078125 0.6144955328124999 0.89950585 0.6182567062500001 0.9042849921875 0.6736847499999999
0 0.849752478125 0.690264475 0.9003653015624999 0.6860758609375 0.8962760890625001 0.6244910625 0.8438785015624999 0.62967844375 0.849752478125 0.690264475