0 0.5905283234375001 0.586453246875 0.5929882109375 0.5601192390625 0.566825934375 0.5583142984375 0.56377525625 0.5853353046875001 0.5905283234375001 0.586453246875
0 0.9045274296875 0.4856442375 0.93505895625 0.47919857343750005 0.8560626890625 0.46537828281250004 0.8547215109374999 0.5170854328125001 0.8890427875 0.517989 0.8894093156249999 0.49809188750000005 0.9045274296875 0.4856442375
0 1 0.44692176562499997 0.9517259656249999 0.4353706203125 0.9471916031250001 0.46606014531250006 0.973723409375 0.4711910796875 0.9963004140624999 0.4742632359375 1 0.47318386874999996 1 0.44692176562499997
0 0.70928181875 0.383720009375 0.7381945046875 0.384503884375 0.7418504234375 0.3589902078125 0.71187971875 0.35590851562500003 0.70928181875 0.383720009375
0 0.7422471921875 0.26383578124999996 0.7021263265625 0.260186125 0.7005364234375 0.28401878593749996 0.73918588125 0.2862725765625 0.7422471921875 0.26383578124999996
0 0.8060116234375 0.2236695171875 0.872318534375 0.22910454374999997 0.8738062 0.20096366250000003 0.8112054750000001 0.19249716875 0.8060116234375 0.2236695171875
0 0.9388571406249999 0.17403851406249998 0.9357057359375001 0.1936813921875 0.9600556640625 0.19609605624999998 0.9633250625 0.1758947265625 0.9388571406249999 0.17403851406249998
0 0.9253049578124999 0.08774167968749999 0.9264833187500001 0.116234653125 0.928424578125 0.1480706984375 0.9631864546875001 0.14989512031250002 0.9636198390624999 0.09263762812500001 0.9253049578124999 0.08774167968749999
0 0.10171984999999999 0.26296895 0.0918180921875 0.2635001421875 0.07578853906250001 0.26456397656249997 0.0742440046875 0.2810987796875 0.09482895625 0.283885675 0.10171984999999999 0.26296895
0 0.1053177484375 0.352708325 0.1030319953125 0.383050678125 0.1281284109375 0.38334646875 0.125732521875 0.3563774328125 0.1053177484375 0.352708325
0 0.2255510359375 0.8736032796875 0.228236415625 0.8488485906250001 0.196954271875 0.8468867984375 0.1933859671875 0.8688785984375 0.2255510359375 0.8736032796875
0 0.1124078546875 0.0881802046875 0.11086910781249999 0.1194518671875 0.1394324578125 0.1216264859375 0.139588175 0.09083168750000001 0.1124078546875 0.0881802046875
0 0.25766370781250003 0.8746606234375 0.2816872125 0.8779858640624999 0.286190721875 0.8534991859375 0.26099894687499997 0.8525799296875001 0.25766370781250003 0.8746606234375
0 0.3187498078125 0.9395098734375 0.3242642609375 0.8804756312500001 0.2992012796875 0.875358778125 0.2871842359375 0.93377011875 0.3187498078125 0.9395098734375
0 0.1934192765625 0.474357325 0.19287929374999999 0.5560112187499999 0.25344320468750003 0.5557453531250001 0.2488401984375 0.4704236796875 0.1934192765625 0.474357325
0 0.252596096875 0.3898123515625 0.2852616484375 0.38706501875 0.28211710156250003 0.35495614531249997 0.2514349 0.35831680625 0.252596096875 0.3898123515625
0 0.24112610937499998 0.332668271875 0.21504556875 0.33139773125 0.2134929328125 0.389596821875 0.244391309375 0.390029384375 0.24112610937499998 0.332668271875
0 0.22184774687500003 0.24025556250000002 0.2201287671875 0.2537249359375 0.218377040625 0.266840196875 0.2684575921875 0.2721573046875 0.274297140625 0.24863641875 0.22184774687500003 0.24025556250000002
0 0.095577634375 0.2596625890625 0.12693133437499998 0.263912090625 0.12930013125 0.24090225781250002 0.0989876609375 0.237720884375 0.095577634375 0.2596625890625
0 0.07193177656250001 0.25957643125 0.095577634375 0.2596625890625 0.0989876609375 0.237720884375 0.0732283140625 0.23606554375000002 0.07193177656250001 0.25957643125
0 0.073776028125 0.1308387453125 0.06836060625 0.166967009375 0.10405934218749999 0.170507078125 0.1073310734375 0.1354819765625 0.073776028125 0.1308387453125
0 0.1382451578125 0.0201748546875 0.1360734734375 0.043423525000000004 0.13775861250000002 0.054511271875 0.2171475890625 0.0580200203125 0.223823128125 0.0215562109375 0.1382451578125 0.0201748546875
0 0.1149664671875 0.053742257812500006 0.1196957796875 0.029891984375000003 0.08103830468749999 0.022791090625 0.07851691093749999 0.0516627625 0.09188415625 0.0527909671875 0.1149664671875 0.053742257812500006
0 0.2789446109375 0.1305272015625 0.282693878125 0.076295796875 0.3042783671875 0.07777835625 0.30616816875 0.046037139062499996 0.23265700625000002 0.0472558453125 0.2196457484375 0.15859290937499998 0.28658197812499997 0.16457277812499999 0.29066445937499996 0.1319086921875 0.2789446109375 0.1305272015625
0 0.342672446875 0.0231010765625 0.33695254375 0.0502740421875 0.3613024734375 0.052688706249999995 0.3645781640625 0.022554165625 0.342672446875 0.0231010765625
0 0.343339784375 0.12048813750000001 0.3654631203125 0.12395388437499999 0.370741415625 0.07425990625 0.3492586515625 0.0740373859375 0.343339784375 0.12048813750000001
0 0.3624501703125 0.1345976734375 0.33826254375000003 0.13373413437499998 0.335504471875 0.15503876249999998 0.3619856390625 0.1557788765625 0.3624501703125 0.1345976734375
0 0.32170080156249997 0.189589615625 0.37011981875 0.19202276093749998 0.3723040890625 0.16276679375 0.32573078906249997 0.1581922046875 0.32170080156249997 0.189589615625
0 0.47849970624999993 0.0286978953125 0.49646476093749997 0.029229446875 0.4979097765625 0.017048646875 0.47930009062499995 0.0133173203125 0.47849970624999993 0.0286978953125
0 0.5413046609375 0.0295752796875 0.501365809375 0.02750063125 0.4989745796875 0.041824359374999995 0.47362628281249997 0.0402317109375 0.47282589843749995 0.05561228124999999 0.5302210921875 0.056852298437500004 0.5535213984375 0.0575839875 0.5525380875 0.0309962515625 0.5413046609375 0.0295752796875
0 0.5535213984375 0.0575839875 0.5302210921875 0.056852298437500004 0.5276800203125 0.08405541562499999 0.5507017859375 0.0830709515625 0.5530502187499999 0.0635677375 0.5535213984375 0.0575839875
0 0.5554966515624999 0 0.5530502187499999 0.0635677375 0.6141234953125 0.0611375546875 0.6147567421875 0.005719990625 0.5570752671875 0 0.5554966515624999 0
0 0.4717066890625 0.15356776875 0.46794673906249995 0.16328225000000002 0.46738704843749995 0.17397195781250002 0.49083259218749997 0.1743233265625 0.491612784375 0.15422601875 0.4717066890625 0.15356776875
0 0.47053677968749996 0.1794814703125 0.4667517859375 0.1946318625 0.46987878125 0.2062573125 0.490611034375 0.2069974890625 0.4922151796875 0.18136806562500002 0.47053677968749996 0.1794814703125
0 0.4567950515625 0.2610542375 0.4539006203125 0.28804688125 0.479251253125 0.2886748859375 0.4832072125 0.2625330921875 0.4567950515625 0.2610542375
0 0.5629588812499999 0.2917566625 0.5614920640625 0.3210837765625 0.593656646875 0.32111560625 0.5977305984375 0.2944153609375 0.5629588812499999 0.2917566625
0 0.533817734375 0.2645256921875 0.532494225 0.2885601984375 0.5673427578125 0.291336159375 0.5690011171875 0.265361246875 0.533817734375 0.2645256921875
0 0.532494225 0.2885601984375 0.5300582828125 0.3205104046875 0.558971278125 0.32035136406250003 0.5612358390625001 0.2914103625 0.532494225 0.2885601984375
0 0.5726020734375 0.2625167015625 0.5720918937499999 0.29029400625 0.5973747234375 0.2895337609375 0.5970133 0.258402603125 0.5726020734375 0.2625167015625
0 0.600344021875 0.287109015625 0.6272014921875 0.2859347671875 0.6300668921875 0.2611321421875 0.60324045 0.26173931562499997 0.600344021875 0.287109015625
0 0.6042465703125 0.2927809015625 0.5976461468750001 0.2990778609375 0.5960203609375 0.319771115625 0.5921589968750001 0.32728264218750003 0.5769614140625 0.327661465625 0.5748735296875 0.3497781390625 0.606757475 0.3514048828125 0.6105996234375 0.2914811515625 0.6042465703125 0.2927809015625
0 0.5738846578125 0.35402201718750004 0.571639909375 0.3780528875 0.6011923718750001 0.37833005468750003 0.6049027484375 0.35481731562499996 0.5738846578125 0.35402201718750004
0 0.6750440203125 0.2701096796875 0.6462301328125 0.271791646875 0.64118074375 0.340411121875 0.6836027812500001 0.3391575875 0.689825746875 0.2920352640625 0.6757483734374999 0.2869990671875 0.6750440203125 0.2701096796875
0 0.6990809796875 0.28174734218749997 0.6998959140625 0.2636270890625 0.6802681203125001 0.2623385671875 0.6800706671875 0.27854644375 0.6860160765625001 0.2806710515625 0.6990809796875 0.28174734218749997
0 0.8992961453125 0.09439461875 0.8947266703125001 0.1550575984375 0.9237582421875 0.15409894531249999 0.9231151375 0.09074808749999999 0.8992961453125 0.09439461875
0 0.917575234375 0.0762957390625 0.966807575 0.08247168125 0.96892851875 0.05976620312499999 0.9217002734375 0.060323839062499995 0.917575234375 0.0762957390625
0 0.93058145625 0.037038787499999996 0.9284155578125001 0.05068313125 0.9719129859375 0.05271594375000001 0.9732793281250001 0.0412729265625 0.93058145625 0.037038787499999996
0 0.9015920640624999 0.03416405 0.8989307249999999 0.0461584484375 0.9284155578125001 0.05068313125 0.9302712812499999 0.037008028124999995 0.9015920640624999 0.03416405
0 0.8192664234375 0.0820068765625 0.8160468703125 0.10284908906250001 0.8451276375000001 0.10606182187499999 0.8469868281249999 0.08286987812499999 0.8192664234375 0.0820068765625
0 0.8190991578125001 0.053965031249999997 0.8171994437500001 0.0743021859375 0.846615028125 0.0772191875 0.8481109859375 0.0546271640625 0.8190991578125001 0.053965031249999997
0 0.8495758296875 0.0791136125 0.848352565625 0.105833396875 0.8560737218750001 0.11102872500000001 0.8636265546875 0.1114487671875 0.8681834859374999 0.082866665625 0.8495758296875 0.0791136125
0 0.8976096859375 0.0487905 0.8551503203124999 0.0466851953125 0.8539292484375001 0.051300771875 0.852175665625 0.0700735296875 0.8943184109375 0.075568359375 0.8974251656250001 0.0564034921875 0.8976096859375 0.0487905
0 0.9217002734375 0.060323839062499995 0.9322323453125 0.054219399999999994 0.9001669718749999 0.050776485937500004 0.8975923234375 0.0755202265625 0.917575234375 0.0762957390625 0.9217002734375 0.060323839062499995
0 0.6766023234375 0.9393398156250001 0.677890646875 0.8499095515624999 0.6575226562500001 0.8408066906249999 0.6527552078125 0.8159708109375 0.5445172890625 0.8131098937499999 0.5363368078125 0.942732346875 0.644628771875 0.9534711343750001 0.65643248125 0.9365721546874999 0.6766023234375 0.9393398156250001
0 0.6678313765625 0.9406848734375 0.6532206984375 0.94605591875 0.6503992578125 0.9616965828125 0.6835815078125 0.9668072125 0.682744846875 0.9417032593749999 0.6678313765625 0.9406848734375
0 0.6579058984375 0.8115694843749999 0.6575226562500001 0.8408066906249999 0.6916255625 0.84616211875 0.6946638890625 0.813635709375 0.6579058984375 0.8115694843749999
0 0.6918406484374999 0.71912684375 0.6874828171875 0.721852475 0.656718978125 0.7197447218749999 0.6536326625 0.7459727515625 0.6967042484375 0.7483361281249999 0.69789706875 0.721942259375 0.6918406484374999 0.71912684375
0 0.6952153671875 0.6660863203125 0.691833709375 0.6616502578125 0.6669057859375 0.65790639375 0.66588626875 0.6723442171875 0.6934158218750001 0.6785389703125 0.694671365625 0.675198696875 0.6952153671875 0.6660863203125
0 0.6610235125 0.6020181484375 0.6595448921875 0.6272433687500001 0.6845740578124999 0.6275544187500001 0.6888628031249999 0.601138621875 0.6610235125 0.6020181484375
0 0.6656841 0.5934674984375 0.69322706875 0.5957602203125 0.6935698921875 0.5725933390625 0.6674498609375 0.574564375 0.6656841 0.5934674984375
0 0.6961343859375 0.44929968281250005 0.6719561125 0.4445775671875 0.6706189765625 0.45466388125 0.6699912140625 0.47712270781250005 0.6677121968749999 0.49001025 0.693228915625 0.49144416875 0.697781484375 0.47770756406250003 0.6961343859375 0.44929968281250005
0 0.567195025 0.49822158906249997 0.563619134375 0.5510667312499999 0.5921752578125 0.5521441828125 0.5958621953125001 0.49834517656250005 0.567195025 0.49822158906249997
0 0.60886655 0.41268628593749995 0.588591409375 0.41339489374999994 0.5716806937500001 0.42483148125000003 0.5717845921875 0.44720935937500006 0.6021712984375001 0.44912621250000007 0.60886655 0.41268628593749995
0 0.5548840046875 0.74229851875 0.6331107296875 0.7375782828124999 0.63241355 0.68185335625 0.59563839375 0.682789703125 0.595484721875 0.6703407218749999 0.5955733671875 0.6590560796875 0.631553359375 0.6591154 0.6309477203125 0.6064038203125001 0.5555016078125 0.6074306484374999 0.5548840046875 0.74229851875
0 0.595484721875 0.6703407218749999 0.59563839375 0.682789703125 0.63241355 0.68185335625 0.63500915625 0.681080084375 0.63512641875 0.6596232265624999 0.631553359375 0.6591154 0.5955733671875 0.6590560796875 0.595484721875 0.6703407218749999
0 0.460926734375 0.9109569687500001 0.46069175468749995 0.9336740375 0.5120447375 0.93194654375 0.5114132390624999 0.910283859375 0.460926734375 0.9109569687500001
0 0.41956670625000003 0.91775420625 0.3957095609375 0.915936634375 0.3933728265625 0.9444757578124999 0.4181518296875 0.9444111359375 0.41956670625000003 0.91775420625
0 0.9021572093750001 0.9740091609375 0.909551590625 0.8840440968750001 0.88647020625 0.8802640578125001 0.8398487484375 0.87761444375 0.834049028125 0.966246471875 0.88512739375 0.9693380546875 0.9021572093750001 0.9740091609375
0 0.8703138703125 0.84392638125 0.85570735 0.8304608328124999 0.8383909812500001 0.8330855953125 0.836294634375 0.8578767671875 0.8513579203124999 0.8615195625000001 0.86740485 0.8614442531250001 0.8703138703125 0.84392638125
0 0.84071845 0.8605522125 0.8392020890625 0.8744363999999999 0.8613837640625001 0.874223859375 0.8634450265625 0.8639023484375 0.84071845 0.8605522125
0 0.9389579187500001 0.631487371875 0.9296619156249999 0.7075143796875001 0.9691145875 0.7119749343749999 0.97093501875 0.62812354375 0.9389579187500001 0.631487371875
0 0.8358305156249999 0.6326418796875 0.8364188203125 0.61177995625 0.8254721546875 0.6070542140625 0.8053074390624999 0.6086947921875 0.7807890515625 0.6080835296875 0.7802394828125 0.6341683953125 0.8040589578124999 0.6352147171875 0.8130133624999999 0.635664103125 0.8225997046875 0.6363954421875 0.8278784343750001 0.6362610390625 0.83132225 0.6346289359374999 0.8358305156249999 0.6326418796875
0 0.7819515484374999 0.46291920781250007 0.7760234890625 0.49114605312500004 0.8152878187500001 0.49175035625 0.818302515625 0.46652395625 0.7819515484374999 0.46291920781250007
0 0.817847415625 0.593074921875 0.8198650593749999 0.57546865625 0.7863928828125 0.5725221781250001 0.7819822921874999 0.60353098125 0.797626221875 0.6065954140625001 0.80921868125 0.600179478125 0.817847415625 0.593074921875