0 0.47517361874999997 0.9751616859375 0.47631446874999994 0.9849454609375 0.4806623046875 0.98786495 0.483002471875 0.9972576703125 0.5465994546874999 0.9968876734375 0.5479899875 0.9966838234375001 0.5425824015625 0.9656291859374999 0.51960846875 0.9732736 0.5167423765625 0.968348175 0.47517361874999997 0.9751616859375
0 0.824575671875 0.1337794171875 0.8464043437500001 0.27211415156249996 0.8822930921875001 0.26685291875 0.9086499984374999 0.2591648859375 0.8809464984375 0.1224521109375 0.824575671875 0.1337794171875
0 0.5590529078124999 0.0170862734375 0.5670838328125 0.055384081249999995 0.610287990625 0.046089784375 0.614606378125 0.062439246875 0.648834290625 0.0557150109375 0.63977278125 0.0083574234375 0.6101586609375 0.0123287265625 0.6096073328125 0.00870875625 0.5590529078124999 0.0170862734375
0 0.20950819375 0.0347545515625 0.2296272421875 0.24007755312499998 0.31467063125 0.22952240468750001 0.3090884765625 0.176144678125 0.331302675 0.17362827187500002 0.3192221484375 0.07340128124999999 0.297024515625 0.074003184375 0.28961783125 0.0230106078125 0.20950819375 0.0347545515625
0 0.2557890859375 0.261592703125 0.25326319062499997 0.242040390625 0.17461359999999998 0.24561358906250003 0.1862337640625 0.347943503125 0.22783645 0.3422969359375 0.218661578125 0.26748785625 0.2557890859375 0.261592703125
0 0.4618708171875 0.295672453125 0.4597963703125 0.2715307671875 0.49125500625 0.2680703390625 0.48748511875 0.2172847734375 0.4630578328125 0.219837775 0.459212909375 0.2119924109375 0.453454746875 0.21195246874999998 0.4418581515625 0.2229456140625 0.416139065625 0.22537959531250001 0.4192397859375 0.260576009375 0.380185390625 0.2685217953125 0.3900112546875 0.3330377015625 0.43154655468750003 0.32694869375 0.42758925625 0.30096535625 0.4618708171875 0.295672453125
0 0.41976777500000007 0.3857087796875 0.40980297656250003 0.32999234843749997 0.3900112546875 0.3330377015625 0.3560151921875 0.337507471875 0.365005153125 0.3941069734375 0.3780104171875 0.3947909765625 0.41976777500000007 0.3857087796875
0 0.37021445625 0.39877112656249997 0.359072828125 0.39818399531250004 0.372532084375 0.4648400453125 0.42426967031249996 0.45357516562500005 0.4138704875 0.390150746875 0.37021445625 0.39877112656249997
0 0.8008462265625 0 0.8126809140625 0.0711910484375 0.8528210125 0.063764575 0.8426655515625001 0 0.8008462265625 0
0 0.8528210125 0.063764575 0.8126809140625 0.0711910484375 0.792559465625 0.07463425781250001 0.7907971296875 0.067244309375 0.6622617625 0.08736210625 0.67392196875 0.14301503437500002 0.8039204265625 0.12319675000000001 0.80568525625 0.1176541171875 0.880102603125 0.10692969375000001 0.8712993546875 0.061672479687500004 0.8528210125 0.063764575
0 0.9107396624999999 0 0.9268523265624999 0.11740830625000001 0.9526157359375 0.11256765312499999 0.935471521875 0 0.9107396624999999 0
0 0.908950875 0.46778383906250004 0.9220170281250001 0.5081190859375 0.9410657609375 0.503702334375 0.9472622390625001 0.500820184375 0.9324957609375 0.4618650015625 0.908950875 0.46778383906250004
0 0.912621065625 0.5057751640625 0.9018291187499999 0.4670186 0.8772873499999999 0.4730013390625 0.8895158953125 0.5144462578125 0.912621065625 0.5057751640625
0 0.8841162421875 0.5244487 0.8793102265625 0.486418284375 0.8759226531250001 0.48198050625000005 0.8545926125 0.4843672984375 0.8575402703125 0.511814484375 0.8610247546875 0.526600278125 0.8841162421875 0.5244487
0 0.40701378593750004 0.6015460265625 0.40099009218750004 0.5734601015624999 0.35676226718750004 0.5787307921875 0.37857577343750004 0.763636065625 0.4176710578125 0.758521559375 0.4162041703125 0.7286573765625 0.461216790625 0.7224697984375 0.4462405609375 0.6141554890625 0.414752503125 0.6187715875 0.40701378593750004 0.6015460265625
0 0.304949065625 0.2992272078125 0.300993315625 0.247625928125 0.2613200703125 0.2527223625 0.2636083296875 0.2864958859375 0.2791090421875 0.3019461953125 0.288719546875 0.304484821875 0.304949065625 0.2992272078125
0 0.1718427515625 0.9583608187499999 0.1629607359375 0.90193053125 0.10662424687500001 0.9107856109375 0.11654003906249999 0.96618026875 0.1718427515625 0.9583608187499999
0 1 0.6338798546875 0.9680364375 0.639515103125 0.9738514703125001 0.6575983546875 0.982020375 0.704490559375 1 0.7015685703125001 1 0.6338798546875
0 0.9597417609375001 0.6654441640625001 0.9585266390625 0.6379074703125001 0.9248523203125 0.6432758296875 0.9298662765625 0.670666821875 0.9597417609375001 0.6654441640625001
0 0.389443265625 0.9918621703125 0.3902158390625 0.9977974875 0.43749291875 0.9975224375 0.43551759843750004 0.9845526281250001 0.389443265625 0.9918621703125
0 0.4196860921875 0.49915006875 0.41967375625000003 0.5058133046875 0.4046832703125 0.508010884375 0.4068103703125 0.5153679234374999 0.39473739218750004 0.5166238046875 0.4012892 0.5427819078125 0.4070094078125 0.5501262 0.4165657859375 0.5794212765625 0.46826741250000004 0.5729110171875 0.45484382968750003 0.4950239984375 0.4196860921875 0.49915006875
0 0.8513790296874999 0.918098496875 0.857304390625 0.9513388265625 0.921064190625 0.9419917421875 0.91566800625 0.9004909703124999 0.8675857078125 0.907025759375 0.8664355968749999 0.9128277953125 0.8513790296874999 0.918098496875
0 0.303330653125 0.5389469078125 0.2983305609375 0.50045150625 0.230411203125 0.510408375 0.23479940937500002 0.5477187609375 0.303330653125 0.5389469078125
0 0.55353750625 0 0.5566259687499999 0.010862871875000001 0.6097037171874999 0.0027322390625 0.6093314328125 0 0.55353750625 0