0 0.3375741046875 0.2153750515625 0.32896870625 0.1232542515625 0.253575503125 0.1364605671875 0.2598735859375 0.175253603125 0.304705190625 0.1655419625 0.30935850781249996 0.2222426140625 0.32242402812500004 0.2283959796875 0.3375741046875 0.2153750515625
0 0.398817778125 0.23882220781250002 0.39011009531249996 0.112573246875 0.3337194765625 0.1183431515625 0.34204375468750003 0.20442025 0.3670620765625 0.204691440625 0.37197931875 0.24671146406250002 0.39111077656250004 0.2526729875 0.398817778125 0.23882220781250002
0 0.8626324078125001 0.31866568906250003 0.856612915625 0.294904946875 0.8342902249999999 0.3013133328125 0.8394064046875 0.3217973265625 0.8626324078125001 0.31866568906250003
0 0.786865053125 0.2731410515625 0.7771538796875 0.2247467328125 0.7479523390625 0.23326763437500003 0.757144121875 0.2745995140625 0.786865053125 0.2731410515625
0 0.7963370890625 0.33791193124999996 0.786865053125 0.2731410515625 0.757144121875 0.2745995140625 0.769191790625 0.3430924203125 0.7963370890625 0.33791193124999996
0 0.9425043796875 0.3067783484375 0.9613372671875 0.300013228125 0.9570886406250001 0.2709606171875 0.9357089125 0.277711396875 0.9425043796875 0.3067783484375
0 0.8791659203125001 0.289918834375 0.8803066296875001 0.31160961875000004 0.8979623468750001 0.317859553125 0.9425043796875 0.3067783484375 0.9357089125 0.277711396875 0.8791659203125001 0.289918834375
0 0.9421545531250001 0.18257742500000002 0.9390089640625 0.16106753125 0.9478510734375 0.15497873281250002 0.9354093703125 0.0865389546875 0.8872292328125001 0.0942649765625 0.8917974609374999 0.12962440625 0.8808941796875001 0.1341353328125 0.8977304640625 0.241021115625 0.916491509375 0.23605439062500003 0.910259103125 0.18931510468749999 0.9421545531250001 0.18257742500000002
0 0.9045979859375001 0.054896846875 0.8954344453124999 0.017116215625 0.852963825 0.026487159375000003 0.8626569375 0.06361505625 0.9045979859375001 0.054896846875
0 0.289802675 1 0.286888184375 0.9632259875000001 0.2601215046875 0.9648898046875001 0.256969246875 0.9653148328125001 0.25446470625 0.9701690140625001 0.256418828125 0.9856685203125 0.25921625000000004 1 0.289802675 1
0 0.09740728125 0.972474715625 0.08870405 0.9550903609375 0.111529921875 0.9423536531250001 0.098709709375 0.910096803125 0.0594946421875 0.9205122703124999 0.0684081734375 0.9814640328124999 0.0777690609375 0.9859442796875 0.09740728125 0.972474715625
0 0.026406934375000003 0.593205278125 0.0542802359375 0.585981409375 0.0541525375 0.56938600625 0.045202409375 0.5423759203125 0.015639271875 0.5459819140625 0.025640759375 0.593308584375 0.026406934375000003 0.593205278125
0 0.8260298593750001 0.5843050421875 0.876123175 0.5814188796875001 0.8752800562499999 0.5571837796875 0.8227592171874999 0.5619400140625 0.8260298593750001 0.5843050421875
0 0.7686523796875 0.5729469828125 0.7967364484375 0.56869078125 0.7996068453125 0.556721875 0.792617821875 0.505724634375 0.759929809375 0.506890034375 0.7686523796875 0.5729469828125
0 0.1484941078125 0.2997178 0.163189596875 0.2890834859375 0.16186679531249998 0.259278634375 0.1085517890625 0.26242031875 0.1103500859375 0.2745646484375 0.1144454203125 0.29921087812499997 0.1179323859375 0.30229577500000004 0.1245161609375 0.333425928125 0.15557181250000002 0.3272039375 0.1484941078125 0.2997178
0 0.10099925624999999 0.416842675 0.095429584375 0.43080772968750003 0.10147071562500001 0.4686069078125 0.1253534375 0.465386721875 0.11977128125 0.40615060312500006 0.1050930609375 0.41018673124999994 0.10099925624999999 0.416842675
0 1 0.5319170718749999 0.9953647046875 0.5282701953125 0.9725389609375 0.53398620625 0.9919947234375 0.6490151562500001 1 0.6582056781250001 1 0.5319170718749999
0 0.9681632578125001 0.469109503125 0.9644491953125 0.44081209218749995 0.9968856859375 0.43136311562499996 0.9824623484374999 0.3731849328125 0.925412359375 0.3791778953125 0.9446146921875 0.4756831765625 0.9681632578125001 0.469109503125
0 0.6887517578125 0.5264816046874999 0.6572204359375 0.5291455968750001 0.667350553125 0.5800994140625 0.6920870140625001 0.5767641171875 0.6885328515625 0.5265111203124999 0.6887517578125 0.5264816046874999
0 0.6932056046875 0.5569375125 0.698608709375 0.5709881890624999 0.7189262140625 0.566437646875 0.7200811890625001 0.5392277187500001 0.6958189265625 0.5351206578125 0.6956320859375 0.5353694390625 0.6932056046875 0.5569375125
0 0.7428252921875 0.5299005796875 0.730107734375 0.5345219796875 0.72924689375 0.5652696640625 0.7521735203125 0.5632963359375001 0.7543268328125 0.53528103125 0.7428252921875 0.5299005796875
0 0.6877063015625 0.6895291 0.690153065625 0.6798531984375 0.7126402125 0.6774695875 0.70423144375 0.622259084375 0.696305909375 0.6230146875 0.6842163984375 0.6326939375 0.6439071015625 0.63394786875 0.62247656875 0.6281398265625 0.6264187265625 0.6572337609375001 0.62705355625 0.6571481640625 0.6389970453125 0.6574606453125 0.6401243203125 0.6586054625 0.6489331796875 0.67930704375 0.6504786 0.6810215296875 0.6679444515624999 0.692842059375 0.6877063015625 0.6895291
0 0.616758528125 0.658491559375 0.6077767734374999 0.6146271703124999 0.5332191765625 0.6278996859375 0.5417116921875 0.6705555859375 0.56364435 0.682086865625 0.564279178125 0.68200126875 0.5896003375000001 0.67503208125 0.616758528125 0.658491559375
0 0.5790963453125 0.49574419531249997 0.5901720046875 0.5742284109375 0.6548329171875 0.5705183515625001 0.6422920546875 0.5111696328125 0.61716390625 0.516100503125 0.609031625 0.492088025 0.5790963453125 0.49574419531249997
0 0.5215728125 0.5658143765625 0.51591293125 0.57198835625 0.52511279375 0.6058960109375 0.55423343125 0.5992641609375 0.546043809375 0.5617323125 0.5215728125 0.5658143765625
0 0.4248405328125 0.6977837921875001 0.4922820546875 0.6894282734375 0.479944196875 0.6149823249999999 0.40901841875 0.624545478125 0.4248405328125 0.6977837921875001
0 0.4476024328125 0.8848766937500001 0.46312106875000003 0.8849083546875001 0.48063545 0.8962975234374999 0.4829609125 0.9097570218750001 0.5115969890625001 0.9129389609375 0.5101634390625 0.8933670359375 0.5017806109375 0.8842793265625 0.498560103125 0.8575252046875 0.4129826203125 0.8697793765625 0.42190031093749997 0.9017575000000001 0.436974225 0.9060749484375 0.4476024328125 0.8848766937500001
0 0.409380884375 0.6120650890625 0.5058703437500001 0.59245924375 0.49387372812499997 0.5304211578125 0.39413032812500004 0.5526569109375 0.409380884375 0.6120650890625
0 0.3575617453125 0.697330340625 0.3582841359375 0.6972329390625001 0.3660377390625 0.7203350484375 0.37745153125 0.7283209546875 0.394529896875 0.7252803828125 0.38191818906249997 0.64331406875 0.32684434218749997 0.6498455 0.329617346875 0.695978003125 0.3575617453125 0.697330340625
0 0.31828860625 0.6493445453125 0.2192683359375 0.669045678125 0.226155434375 0.7045396265625 0.237374003125 0.706000715625 0.23755356718749998 0.7072286 0.24086958749999998 0.741504775 0.2826960625 0.73841408125 0.2782435796875 0.7021670515625 0.3274519578125 0.697656215625 0.31828860625 0.6493445453125
0 0.21479133906249998 0.7087996624999999 0.21079243593750002 0.7104567890625 0.210573528125 0.7104863046875 0.2019560203125 0.6714023140625 0.124247834375 0.685569171875 0.143153325 0.758369384375 0.21533828124999999 0.7421523875 0.21236177656250002 0.7233251140625 0.21890986093749998 0.7232247734375 0.21479133906249998 0.7087996624999999
0 0.136918040625 0.6623068796875 0.2247969453125 0.643504284375 0.21546241875 0.5848635453125001 0.12491285156250001 0.6040262390625 0.136918040625 0.6623068796875
0 0.3333669875 0.59141436875 0.30841162031249997 0.5947791796875 0.31113091875 0.6345913703125 0.3366629015625 0.635016890625 0.33373912968749997 0.5913641890625 0.3333669875 0.59141436875
0 0.363298315625 0.7374735453125 0.3706290171875 0.7842436125 0.43289416875000003 0.7763624515624999 0.4253708234375 0.7423181828125001 0.3983634671875 0.7449311671875 0.396540440625 0.7355179515625 0.363298315625 0.7374735453125
0 0.33869164218750003 0.7809254671875 0.3341200265625 0.7322629796875 0.358186203125 0.72342835 0.3582832984375 0.6973493203125 0.329617346875 0.695978003125 0.3274519578125 0.697656215625 0.2782435796875 0.7021670515625 0.2826960625 0.73841408125 0.2982782109375 0.742238184375 0.3046525109375 0.783994671875 0.33869164218750003 0.7809254671875
0 0.393296628125 0.7021934703125 0.42078884531250005 0.6960271328125 0.40825834843750003 0.6263695921875 0.3829945390625 0.6309833703125001 0.393296628125 0.7021934703125
0 0.173351653125 0.7733026609375 0.177112890625 0.7990224453125 0.21345677031250002 0.7982808265625 0.2125825640625 0.7890974203125001 0.20598373125 0.7890033734374999 0.2059131859375 0.788520990625 0.202363578125 0.7642483546875 0.173351653125 0.7733026609375
0 0.2626806875 0.7981502296875 0.28838896875 0.7953546640625 0.283507065625 0.74212809375 0.2546434421875 0.746243459375 0.2626806875 0.7981502296875
0 0.5205669921875 0.7576770765624999 0.54765839375 0.756707315625 0.5410320125 0.7144482046875 0.5141330015625 0.71673355625 0.5205669921875 0.7576770765624999
0 0.38580892968749997 0.5079656421875 0.3804486265625 0.47863810312500005 0.319767684375 0.48681991093750004 0.327980553125 0.5264950734375 0.33815656562499996 0.537465090625 0.3633746203125 0.5340648578125 0.3572210703125 0.5139666859375 0.38580892968749997 0.5079656421875
0 0.886385240625 0.947413365625 0.8878344234375 0.9563180171875001 0.9783917875 0.9441078734374999 0.9757393296875 0.9281659156250001 0.9340452453125 0.93506211875 0.9229484593749999 0.945881971875 0.9166023890625 0.9314889015625001 0.887364096875 0.9367056500000001 0.8875436640625001 0.9379335328125 0.886385240625 0.947413365625
0 0.819724121875 0.8467760921874999 0.831483784375 0.8578903203125 0.8323841968749999 0.8674055781250001 0.8631293703124999 0.8592131546875 0.861337675 0.8365816374999999 0.88825858125 0.8263559468749999 0.8796827515625001 0.7954943906249999 0.851805009375 0.8094041531249999 0.8178819296875 0.8099088015625 0.8162258187500001 0.8228542828125001 0.8192206359374999 0.846843978125 0.819724121875 0.8467760921874999
0 0.53552300625 1 0.5535970125 0.9975833281250001 0.5433269234375 0.9301028421875 0.5194535703125001 0.9394928046875 0.517966046875 0.9593915140625 0.489360178125 0.9664905671874999 0.489022440625 0.97623984375 0.49296732031249996 1 0.53552300625 1
0 0.4153201703125 0.87782640625 0.378177371875 0.885316321875 0.384120890625 0.9158843953125 0.42418692656249996 0.9122037921875 0.42190031093749997 0.9017575000000001 0.4153201703125 0.87782640625
0 0.226082959375 0.896678940625 0.2309041359375 0.9230830828125001 0.27804560624999997 0.918023659375 0.267248709375 0.8837276484375 0.225433946875 0.8945305625 0.226082959375 0.896678940625
0 0.0509503359375 0.2770063578125 0.0597534875 0.3746007703125 0.0710229796875 0.397474765625 0.11977128125 0.40615060312500006 0.1103500859375 0.2745646484375 0.0509503359375 0.2770063578125
0 0.261785565625 0.3940901109375 0.2389835625 0.3976788328125 0.24669036093750002 0.42610865625 0.28840590312500003 0.419969759375 0.2777321109375 0.3401121875 0.2515950796875 0.342876128125 0.261785565625 0.3940901109375
0 0.3571791234375 0.40423513906249997 0.4016178015625 0.4028268875 0.4177157734375 0.3950666359375 0.4011223046875 0.32311734375 0.346036434375 0.3315509 0.3571791234375 0.40423513906249997
0 0.31848319375 0.272884821875 0.3153062875 0.24078105625 0.2951222234375 0.24502294062500002 0.286866428125 0.21970794374999997 0.262577896875 0.21877938281249998 0.21271069687500002 0.231607103125 0.2033383390625 0.245212890625 0.17971459843749998 0.2605837265625 0.19272652031249998 0.3010204234375 0.24248401875 0.294311459375 0.2515950796875 0.342876128125 0.313930771875 0.33547735 0.302065190625 0.2750985140625 0.31848319375 0.272884821875
0 0.262577896875 0.21877938281249998 0.2454980921875 0.13938309531249998 0.193966215625 0.1451015671875 0.21271069687500002 0.231607103125 0.262577896875 0.21877938281249998