0 0.11478961875 0.9175963234375001 0.1040891890625 0.89156891875 0.0769900796875 0.901754390625 0.0883221890625 0.9287458671875 0.11478961875 0.9175963234375001
0 0.0755679859375 0.902748084375 0.1033912859375 0.8933325062499999 0.09004202812499999 0.8530119624999999 0.0659521046875 0.860940309375 0.07334929531249999 0.8978060796875 0.0755679859375 0.902748084375
0 0.22140690312500003 0.786740090625 0.1861100046875 0.7982223859375 0.196423975 0.8260366937500001 0.22798353593749998 0.8142746421875 0.22140690312500003 0.786740090625
0 0.196371759375 0.8218451390625001 0.187220653125 0.79720538125 0.16343618124999998 0.8031614984375001 0.1716785203125 0.8285139796875001 0.196371759375 0.8218451390625001
0 0.1716785203125 0.8285139796875001 0.16490160781250002 0.8052230625 0.131573515625 0.814723421875 0.1382492171875 0.8375099234375 0.1716785203125 0.8285139796875001
0 0.1382492171875 0.8375099234375 0.131169740625 0.8153319890624999 0.10576962812499999 0.8224092687500001 0.10981864374999999 0.8438990093750001 0.1382492171875 0.8375099234375
0 0.93021255 0.079314596875 0.9213974125 0.081247621875 0.9243255125 0.09922585625 0.9336267671874999 0.096330209375 0.93021255 0.079314596875
0 0.6210168390625 0.572385234375 0.6003489515625 0.5013782234375 0.552788034375 0.5123476609375001 0.5770385625000001 0.586139575 0.6210168390625 0.572385234375
0 0.546832690625 0.6458178359375 0.5100387984375 0.5573440578125 0.490304265625 0.5664483312499999 0.47786142812500004 0.5608945453125 0.45588573125 0.5646172015625 0.5555305125000001 0.7971679843749999 0.57053616875 0.7919062484375 0.58485665625 0.8195946015625 0.6148575671875001 0.8042143421875 0.5683382171875 0.6965378328125 0.5836039953125 0.6892963812499999 0.5644121906249999 0.6361293421875 0.546832690625 0.6458178359375
0 0.6144827546875 0.618119934375 0.6069938125000001 0.5929184828125 0.5830511406250001 0.6031095546875 0.5883707015625 0.623505534375 0.6144827546875 0.618119934375
0 0.6514387968750001 0.7841719406250001 0.6384269406249999 0.7559072640625 0.598871209375 0.768005296875 0.612043896875 0.7984911734375 0.6514387968750001 0.7841719406250001
0 0.43437007968749997 0.78794773125 0.420793884375 0.7587269812499999 0.39063483906249996 0.7681865640625001 0.40374458124999996 0.799123165625 0.43437007968749997 0.78794773125
0 0.394148984375 0.7063092015625 0.3797839125 0.6725016562499999 0.356214825 0.6802956453125 0.3674470640625 0.7100654953125 0.394148984375 0.7063092015625
0 0.36464558125 0.713576171875 0.3342003 0.64047096875 0.29515438125000004 0.664282890625 0.3324497015625 0.7336333546875 0.36464558125 0.713576171875
0 0.414230053125 0.6079653921875 0.4071005953125 0.58706721875 0.370632325 0.5848490234375 0.38786387968749997 0.619728778125 0.414230053125 0.6079653921875
0 0.3512976296875 0.6146198046875 0.34426095156250003 0.5941840125 0.3172317 0.6002403015625 0.330533840625 0.61793929375 0.3512976296875 0.6146198046875
0 0.2890811296875 0.3750936171875 0.30402516562500004 0.3838304515625 0.30539152812500003 0.3906400609375 0.31305994843749996 0.40188429687499994 0.3113152609375 0.416777175 0.3077417078125 0.4259407546875 0.315471878125 0.454419290625 0.3393026515625 0.44847551093750004 0.3063526578125 0.353277525 0.2760834296875 0.36087754375 0.2790234671875 0.37716800625 0.2890811296875 0.3750936171875
0 0.2036962046875 0.38243917031249997 0.24414833125 0.47331018125 0.2673012140625 0.4666088453125 0.2495354984375 0.41192199374999994 0.2358926484375 0.3740695875 0.2036962046875 0.38243917031249997
0 0.1726632 0.426310440625 0.18435565 0.4287797015625 0.1991310875 0.43689469531249997 0.21158337343750003 0.4552723765625 0.22887596718749997 0.47473102031250003 0.22028415468749998 0.4386821625 0.1984479453125 0.3820551875 0.16086829062500002 0.389368234375 0.1726632 0.426310440625
0 0.2315354796875 0.37091913593750003 0.224313215625 0.3391841015625 0.221383834375 0.3386720421875 0.210990409375 0.31209980000000004 0.1498387484375 0.3303591796875 0.16703325468750002 0.38787784062499997 0.20322925937499997 0.382951334375 0.2315354796875 0.37091913593750003
0 0.1541759 0.366935365625 0.1437499 0.343040071875 0.0909066140625 0.3628470296875 0.0998351453125 0.3886708234375 0.1541759 0.366935365625
0 0.1651054375 0.3150412 0.1568343359375 0.2914018453125 0.125407578125 0.2985839890625 0.13043537656249998 0.32593458124999997 0.1651054375 0.3150412
0 0.15368275625 0.282684175 0.16443584687499999 0.3139973984375 0.184503446875 0.306334640625 0.1789859640625 0.27534234999999996 0.15368275625 0.282684175
0 0.10590325625000001 0.32521612499999997 0.1224626328125 0.3218007609375 0.131474440625 0.314514078125 0.112484925 0.2620275890625 0.0791151984375 0.2726308890625 0.10590325625000001 0.32521612499999997
0 0.1094804828125 0.2632163171875 0.09810771874999999 0.2397351640625 0.0738493875 0.2498819046875 0.08161491875 0.2722028703125 0.1094804828125 0.2632163171875
0 0.08161491875 0.2722028703125 0.07146160625 0.246172059375 0.0511583359375 0.2538615375 0.06326035468749999 0.2802127046875 0.08161491875 0.2722028703125
0 0.2198541171875 0.1379763765625 0.18967717343749999 0.14483508437499998 0.1998656265625 0.164161196875 0.21102402812499998 0.1883212890625 0.23484170624999998 0.18122019375 0.224340259375 0.1477757921875 0.2198541171875 0.1379763765625
0 0.2150972984375 0.1352366609375 0.2047862515625 0.10427000625 0.1796982078125 0.11290256875 0.1891044875 0.1440558296875 0.2150972984375 0.1352366609375
0 0.4130118109375 0.160056296875 0.43149786093750003 0.216367434375 0.45984946875 0.2124241046875 0.44695645781250004 0.1557035671875 0.4130118109375 0.160056296875
0 0.43228916718750005 0.21659819374999997 0.456677196875 0.2663953703125 0.48228646875000003 0.2562107578125 0.4634983484375 0.20221629531250002 0.4618111546875 0.2033084390625 0.45898229687500003 0.2119244578125 0.43228916718750005 0.21659819374999997
0 0.44763438125 0.24928432812499998 0.42342204375000003 0.1968682375 0.398334134375 0.205829078125 0.41718475312500003 0.258278553125 0.44763438125 0.24928432812499998
0 0.3929983640625 0.1663508859375 0.3846559734375 0.14333907343750002 0.36218457187499997 0.14928701718749998 0.369054978125 0.1747911375 0.3929983640625 0.1663508859375
0 0.2970960625 0.2558192390625 0.2873184921875 0.22237875 0.26585787031249997 0.23008805937500001 0.2798862859375 0.2639650421875 0.2970960625 0.2558192390625
0 0.276020946875 0.26970875156249996 0.2581161625 0.23518672187499998 0.22909217499999998 0.2415668734375 0.2449761875 0.28480090156250004 0.276020946875 0.26970875156249996
0 0.25315033593749997 0.2256175625 0.2428209890625 0.1910651984375 0.2110508796875 0.2025423703125 0.2207173703125 0.2319347671875 0.25315033593749997 0.2256175625
0 0.52385986875 0.3823732765625 0.49620738124999997 0.29479375 0.472634303125 0.30311385 0.49668241875 0.3965364734375 0.52385986875 0.3823732765625
0 0.3323843640625 0.3469454640625 0.3242678671875 0.3205821078125 0.29821309375 0.33225938125 0.3074818765625 0.35650278750000003 0.3323843640625 0.3469454640625
0 0.126724215625 0.5133970109375 0.10936425000000001 0.4835558875 0.089369325 0.49398331874999996 0.10187784687500001 0.5264009234375 0.126724215625 0.5133970109375
0 0.105298296875 0.53394689375 0.09028929218750001 0.5000970625 0.06125879375 0.5111405125 0.0709777703125 0.5453810234375001 0.105298296875 0.53394689375
0 0.073888 0.3444262328125 0.0831873796875 0.3405383984375 0.09311754531250001 0.33542611093749997 0.08696271718750001 0.310212146875 0.0641974546875 0.31797166875 0.073888 0.3444262328125
0 0.2454221125 0.923243321875 0.2285133390625 0.8955416265625 0.208264759375 0.9031760500000001 0.2181618546875 0.9304416109375 0.2454221125 0.923243321875
0 0.16192229062500002 0.8061001921875001 0.14943011875 0.7621884859375 0.0845925328125 0.7823899890625 0.0934981140625 0.8241523296875 0.16192229062500002 0.8061001921875001
0 0.080483196875 0.7471675890625 0.073431765625 0.721525709375 0.043801757812499995 0.72794330625 0.051627896875 0.7543884375000001 0.080483196875 0.7471675890625
0 0.12644578281250002 0.6869535140624999 0.12062439218750001 0.6846960125 0.115481590625 0.6952119421875 0.0760896578125 0.70648825625 0.060153051562500004 0.6993569140625 0.0388313453125 0.6968381828125 0.0449631046875 0.727397359375 0.064282953125 0.7231062296874999 0.1305273296875 0.7056568828125 0.12644578281250002 0.6869535140624999
0 0.135141490625 0.956779 0.11881720625 0.9278405093750001 0.0903887796875 0.9394820578124999 0.112117178125 0.9691444671875 0.135141490625 0.956779
0 0.42245644843749997 0.759150128125 0.40624118437499995 0.7292261203125 0.378598103125 0.736809784375 0.3912751765625 0.7697398015625 0.42245644843749997 0.759150128125
0 0.38429274062499996 0.974861321875 0.389847321875 0.9955314124999999 0.4050796375 0.9953541687499999 0.4034384015625 0.98717465625 0.419420475 0.98197418125 0.42329216093750005 0.9917690078125 0.45062321718750004 0.9827394875 0.439565490625 0.9577706921875 0.38429274062499996 0.974861321875
0 0.34350455156250004 0.98857055 0.3464128734375 0.9960368171875 0.381837646875 0.9956246140625 0.3743998125 0.97841194375 0.34350455156250004 0.98857055
0 0.4133823078125 0.067660075 0.40705870624999996 0.0413865640625 0.37251875 0.0513995140625 0.380257175 0.07948238125 0.4133823078125 0.067660075
0 0.3211251984375 0.0966685890625 0.309851321875 0.06800167812499999 0.289147378125 0.07358508750000001 0.302037425 0.10244394999999999 0.3211251984375 0.0966685890625
0 0.8318423062500001 0.1723178546875 0.8198190000000001 0.13259931875 0.790259640625 0.1471224609375 0.8061270671875 0.1806639203125 0.8318423062500001 0.1723178546875
0 0.7543078828125 0.20393669062500003 0.759362653125 0.22519710625 0.8095136609375 0.20835301093749997 0.8024649281249999 0.179011653125 0.759916196875 0.18940695624999998 0.762268525 0.1990555203125 0.7543078828125 0.20393669062500003
0 0.770306653125 0.2499267109375 0.744810475 0.20727441406249997 0.7039748234375 0.2181262203125 0.73843680625 0.264510534375 0.770306653125 0.2499267109375
0 0.7454201312500001 0.3191887625 0.73661659375 0.29027499375 0.6769757656250001 0.30841974687499996 0.689593309375 0.33985183281250003 0.7454201312500001 0.3191887625
0 0.9770640437500001 0.312810890625 0.9580210328125001 0.31957374843749997 0.9687112859375 0.34129149375 0.9818909843749999 0.3368671703125 0.9770640437500001 0.312810890625
0 0.902678959375 0.25965795625 0.8871485609375 0.216657415625 0.8646354640625 0.23386393125 0.87502496875 0.271446196875 0.902678959375 0.25965795625
0 1 0.42711803593750003 0.993152384375 0.3929912109375 0.8189215203125 0.45977776718749996 0.7584622796875 0.483453659375 0.77140883125 0.527009003125 1 0.437628303125 1 0.42711803593750003
0 0.9070577406250001 0.666095740625 0.8814741984375001 0.6053170546875 0.806283996875 0.637043346875 0.8286808499999999 0.7061835484375 0.9070577406250001 0.666095740625
0 1 0.6814339015625 0.96052729375 0.6958214546875 0.944930653125 0.696718221875 0.908369884375 0.715333740625 0.8954650031250001 0.7325940656250001 0.875038425 0.7268921828125 0.85910376875 0.7348406515625 0.8709010328125 0.7878475078125 1 0.7412893625 1 0.6814339015625
0 0.9680569468750001 0.9082149156250001 0.95536590625 0.8566180796875 0.8703003171875 0.893620459375 0.881507365625 0.9260657312499999 0.9680569468750001 0.9082149156250001
0 1 0.8387485140625 0.962944128125 0.8531071203125 0.9761205937499999 0.9065517906249999 1 0.901626671875 1 0.8387485140625
0 0.05920689999999999 0.8249213937500001 0.093093265625 0.8221346671875001 0.08307542500000001 0.7774499875 0.0508765359375 0.7858073906249999 0.057436673437499995 0.8185014984375 0.05920689999999999 0.8249213937500001
0 0.0859425046875 0.769679684375 0.07805440625 0.7460926546875 0.055145715625 0.7530281624999999 0.0649685734375 0.7736991296875 0.0859425046875 0.769679684375
0 0.31552742500000003 0.7346940984375 0.30050568125 0.7005623625 0.2658636046875 0.718147425 0.28550560625 0.7504069765625 0.31552742500000003 0.7346940984375
0 0.301117171875 0.703609871875 0.2920248828125 0.678717225 0.25268054375000004 0.6931792375 0.2627208015625 0.72061225625 0.301117171875 0.703609871875
0 0.276735115625 0.6478362843750001 0.26556321562499996 0.6215340406250001 0.2308255890625 0.6318722906249999 0.2465436734375 0.6604105171875 0.276735115625 0.6478362843750001
0 0.658410590625 0 0.66494861875 0.03258391875 0.6977552984375001 0.024197909375 0.6919320124999999 0 0.658410590625 0
0 0.9204606515625 0.0307135328125 0.8990653046875 0.0366732875 0.9099836531250001 0.081040915625 0.928965371875 0.0730989609375 0.9204606515625 0.0307135328125
0 0.8389121203125001 0 0.8417431078125001 0.0128637609375 0.8817880312499999 0.0032037359374999996 0.881349471875 0 0.8389121203125001 0
0 0.837643803125 0.0743365203125 0.825557165625 0.02381881875 0.75983123125 0.0431967359375 0.7779923359375001 0.09734240625 0.837643803125 0.0743365203125
0 0.8333329812500001 0.04040324375 0.8502802828125 0.10062122968750001 0.9078732953124999 0.0867947421875 0.8954021515624999 0.0222391609375 0.8333329812500001 0.04040324375
0 0.2968185828125 0.9057264953124999 0.28225400624999997 0.867757775 0.255347365625 0.8751895484375 0.2697776640625 0.9141271109375 0.2968185828125 0.9057264953124999
0 0.2706324515625 0.9152202609375 0.2576480171875 0.8819596703125001 0.2283819828125 0.8933581187499999 0.2454221125 0.923243321875 0.2706324515625 0.9152202609375
0 0.2080971203125 0.183562621875 0.1980631828125 0.16129365625 0.1704254375 0.1716339984375 0.1753081984375 0.1942212296875 0.2080971203125 0.183562621875
0 0.14837210781250001 0.242894384375 0.138596328125 0.21383094531250002 0.12277330156249999 0.21687556875 0.131834846875 0.2489316390625 0.14837210781250001 0.242894384375
0 0.24018027968750003 0.6603659656249999 0.25205828124999996 0.6946645796875 0.29027846875 0.6790774234375 0.2773573796875 0.6463509421875 0.24018027968750003 0.6603659656249999
0 0.180383396875 0.7189027265625 0.20955739062499998 0.7809763843749999 0.2786974109375 0.7638709578125 0.26813078749999997 0.7254059671875 0.253887965625 0.6920984984375 0.20935001406249998 0.7060120484375 0.180383396875 0.7189027265625
0 0.338505275 0.824966846875 0.319583725 0.7740203250000001 0.2416950296875 0.7934992265624999 0.26338261093750004 0.8468737890625 0.338505275 0.824966846875
0 0.2292277109375 0.8928772703125001 0.21597364687499998 0.8589281281250001 0.18041581874999998 0.8704204656250001 0.19404673125 0.9099606437500001 0.2292277109375 0.8928772703125001
0 0.197066696875 0.8231244703125 0.22851231093750002 0.8930248203125 0.2581700515625 0.8823772921874999 0.228538953125 0.813984990625 0.197066696875 0.8231244703125
0 0.20387644218749998 0.937108778125 0.1828666625 0.8842729203124999 0.20336736718749998 0.8550714718749999 0.1982163296875 0.8248134234375 0.10004957968749999 0.8518890546875 0.10424565937500001 0.8728012843749999 0.12596270625 0.8746694109375 0.1353309421875 0.9054146640624999 0.114819540625 0.91872828125 0.13490340781250001 0.9508966984375 0.20387644218749998 0.937108778125
0 0.1260168609375 0.87330124375 0.1082394828125 0.8725028484375 0.10304315312500001 0.8859189171875 0.11275253125 0.9172723093749999 0.1387066296875 0.9064037375 0.1260168609375 0.87330124375