0 0.151641828125 0.3130451234375 0.161717334375 0.30646067499999996 0.0119252671875 0.31193095937500004 0.008785478125 0.3568503015625 0.0632467671875 0.356092615625 0.06310041718750001 0.40119311875 0.09255771874999999 0.4012899984375 0.10034720781249999 0.401789375 0.10199737499999999 0.39526198749999997 0.1037934375 0.3869523515625 0.1082255421875 0.383631965625 0.1225947109375 0.3845531578125 0.135159771875 0.38535869218749996 0.15103917656250002 0.39059975625 0.1639892640625 0.3944373 0.163127028125 0.337840034375 0.1588961484375 0.3297412171875 0.150044228125 0.32736080312500004 0.15029505468749998 0.32377235781249997 0.151641828125 0.3130451234375
0 0.634511634375 0.70229974375 0.6359277375 0.696375878125 0.6464969234375 0.6955391296875 0.6559146390625 0.6971453328125 0.677121409375 0.6874780171875 0.6790736984375 0.6589376015624999 0.6400657 0.6585270359375001 0.565618153125 0.6627762578125 0.560573228125 0.7206157906249999 0.547501003125 0.72127074375 0.5464350421875 0.7292006125 0.545918721875 0.7448226671875 0.5583352109375 0.745618675 0.575673915625 0.7464529718749999 0.576646740625 0.7157595671875 0.633926740625 0.7176827890624999 0.634511634375 0.70229974375
0 0.1656779765625 0.7860097875000001 0.08233514374999999 0.781178646875 0.08072403593750001 0.8402194328125001 0.1626281796875 0.843977225 0.1656779765625 0.7860097875000001
0 0.0860689890625 0.6646228765625 0.08663361875 0.6711856093749999 0.090729125 0.676950934375 0.10269989375 0.67771836875 0.10865810468749999 0.6284688046875 0.03667288125 0.6188416953125 0.0268152703125 0.673855925 0.047554845312499996 0.67819284375 0.048252410937500004 0.66821314375 0.048286546875 0.667724775 0.050644978125 0.6553347859375 0.0560157171875 0.6501763296874999 0.06324355625 0.6471204890625 0.0683708890625 0.6454443140625 0.07934409375 0.6461477953125 0.0838777546875 0.6529649796875 0.0860689890625 0.6646228765625
0 0 0.5539946875 0.06674404687499999 0.56714955 0.0781215265625 0.5117422031250001 0 0.497359815625 0 0.5539946875
0 0.8857711968749999 0.819355771875 0.8890580859374999 0.7790422421875001 0.8329101187499999 0.775869225 0.8278801328125001 0.8173293890625001 0.8857711968749999 0.819355771875
0 0.8041444953125 0.781127496875 0.7265402296875 0.7799061921875 0.695669475 0.778375 0.6991815906250001 0.7589352328125 0.6764961656249999 0.754985453125 0.6689241 0.8401341484374999 0.6632541468750001 0.8489632593750001 0.658282815625 0.9438765312499999 0.6672095265625 0.9415268031249999 0.671969209375 0.9393151718749999 0.6741189734375 0.9323505843750001 0.6763181625 0.9249839218749999 0.6816087343749999 0.914872103125 0.6843956984374999 0.9112969484375 0.69744580625 0.9100433812500001 0.703306509375 0.9091607203125 0.7157500140625 0.9107902734375 0.71972216875 0.9131351234375 0.7258168015625001 0.915616040625 0.7336969812499999 0.9169530453125001 0.734888778125 0.8999026234375 0.7298585078125 0.8995801390624999 0.73365018125 0.8572301015624999 0.72449026875 0.851630659375 0.7256538671875 0.834983671875 0.7269317453124999 0.8167017124999999 0.7326469999999999 0.8178999265625 0.7426650890625 0.8185421765625 0.75051806875 0.80776281875 0.7544475890625 0.7988221296875 0.7593300125 0.7945494984375 0.7607701734375001 0.792551628125 0.767970703125 0.790496478125 0.7837025640624999 0.7923581734375 0.8036256453125 0.7940406640625 0.8041444953125 0.781127496875
0 0.31017858125000003 0.892233165625 0.3060483859375 0.8997746328125 0.3001126 0.9072216734375 0.300464109375 0.9192735125 0.3197131890625 0.9193131515624999 0.32046715312499996 0.9085265843749999 0.3236606703125 0.6819661625 0.29178315625 0.682332653125 0.2881665890625 0.75969406875 0.26354764375 0.7593101718749999 0.2594785703125 0.894997490625 0.26537279687500004 0.8881449859374999 0.269972615625 0.8824252234375001 0.28068248906250004 0.8753055734374999 0.295260925 0.8732328546874999 0.30245612187500004 0.8736941328125001 0.3126323109375 0.8827499671875 0.31017858125000003 0.892233165625
0 0.8062043062500001 0.2676040546875 0.79775300625 0.272607675 0.79803810625 0.3112306296875 0.751604284375 0.3173184390625 0.7496929234375 0.38034974374999997 0.8940058265624999 0.366033446875 0.8981004859375 0.29311769375 0.89755610625 0.2148923265625 0.8030916921875001 0.22368097812499999 0.8062043062500001 0.2676040546875
0 0.4749656671875 0.146700365625 0.5794492078125 0.1382340984375 0.653790496875 0.1379451765625 0.6559626765625 0.08612808125 0.6195305765625 0.08089177343750001 0.5727351640625 0.0793421109375 0.47846354843750005 0.086287540625 0.4749656671875 0.146700365625
0 0.0692399421875 0 0.0612379609375 0.028271974999999998 0.0574871546875 0.0401461328125 0.052233239062500006 0.0494284859375 0.0515356734375 0.059408185937500003 0.053397120312500004 0.07456415 0.0282627140625 0.17153336875 0.20100467968750002 0.1732444484375 0.2038227484375 0.1042566203125 0.21489819687499997 0.0983121484375 0.2208737234375 0.07992610781250001 0.2154870671875 0.07341682499999999 0.23279894843750001 0 0.0692399421875 0
0 0.23279894843750001 0 0.2154870671875 0.07341682499999999 0.2208737234375 0.07992610781250001 0.21489819687499997 0.0983121484375 0.2038227484375 0.1042566203125 0.20100467968750002 0.1732444484375 0.22478573124999998 0.1627397234375 0.22850367187499998 0.1308999375 0.2966196046875 0.140065703125 0.3256709703125 0.0511111875 0.27820092500000004 0.0363372296875 0.2846196203125 0.0091709078125 0.25209340625 0 0.23279894843750001 0
0 0.37033872031250004 0 0.34871630468750003 0.048386875 0.3374659828125 0.0458527015625 0.3256709703125 0.0511111875 0.2966196046875 0.140065703125 0.2939864640625 0.1603509765625 0.4541683734375 0.148374396875 0.47185689999999997 0.00694835625 0.580765865625 0.0403991296875 0.5906794515625 0.0016835046874999998 0.564419415625 0 0.37033872031250004 0
0 0.8092409953124999 0.058842920312500005 0.7649428015625 0.047492915625 0.7369768718749999 0.0461906046875 0.7160972734375 0.115534853125 0.7601296046875 0.1163528390625 0.7890930984375 0.11771910156250001 0.8092409953124999 0.058842920312500005
0 0.751604284375 0.3173184390625 0.79803810625 0.3112306296875 0.79775300625 0.272607675 0.8062043062500001 0.2676040546875 0.8030916921875001 0.22368097812499999 0.7879630609375 0.230879934375 0.73794521875 0.23669531875 0.7380925421875 0.263258809375 0.7552604015625 0.261352096875 0.7667771375 0.2615998671875 0.7670219 0.26511344062500003 0.7630868796875 0.27138770624999997 0.762389315625 0.2813674046875 0.7622496765625 0.2903804296875 0.763234203125 0.297951196875 0.762955178125 0.3019430765625 0.760994059375 0.3083438875 0.751604284375 0.3173184390625
0 1 0.349668265625 0.9859003859375 0.34886855 0.9831714359375001 0.43793225781249995 1 0.43901112031249995 1 0.349668265625
0 1 0.476641684375 0.9804865546875 0.47634348125 0.9771996796875 0.5663738625 0.9961896234375001 0.5661556453125 1 0.511642553125 1 0.476641684375
0 0.6279831484375 0.42266914843750003 0.7187957375 0.4209834 0.7177568640625 0.3141460734375 0.7128228984375 0.3072605671875 0.7062342968750001 0.300866184375 0.70488359375 0.289688746875 0.7082320234374999 0.27838599375 0.710361871875 0.26316597812500003 0.7107313625 0.236528978125 0.649747884375 0.240617596875 0.6499648375 0.2732002015625 0.623379265625 0.2735007125 0.6279831484375 0.42266914843750003
0 0.605311365625 0.46031091718750006 0.5947421765625001 0.46114766406249996 0.585394684375 0.6018927140625 0.610877315625 0.6030358234375 0.6146928234375 0.541129034375 0.6322661828125 0.5407413156249999 0.6341707078125001 0.520814575 0.6899434375 0.51837545625 0.6890151203125 0.5889987609375 0.71463875 0.588124696875 0.7161948765624999 0.5085196640625 0.698099209375 0.5093644546875 0.70014983125 0.4583713796875 0.63567805 0.4562430421875 0.6360545156249999 0.4292012484375 0.6281778953125 0.427203284375 0.6259393625 0.4305576578125 0.624662771875 0.43448558593750003 0.6222489796875 0.447362584375 0.6189772625 0.45116260468749997 0.611051984375 0.45718105937500003 0.605311365625 0.46031091718750006
0 0.46614757031250004 0.9176527218749999 0.462611728125 0.9435321890624999 0.4949763734375 0.9435168546874999 0.529711665625 0.9443573437499999 0.5303918171875 0.9196811578125 0.46614757031250004 0.9176527218749999
0 0.55318536875 0.8549812625 0.5498584171875 0.8522512062500001 0.5432135703125 0.8487965578125 0.5397092515625 0.8470789015625 0.5379281359375 0.8420591484375001 0.53683866875 0.8332445984374999 0.5345739828125 0.82721273125 0.5230778375 0.905668634375 0.560670625 0.912600325 0.5630464125 0.9432737890625 0.588714121875 0.9414640953125 0.5875350984375001 0.9153250187499999 0.643210640625 0.9219016468750001 0.65029475 0.857154421875 0.6331768984374999 0.8549905875 0.6266920734375 0.8571769343750001 0.6083660375 0.8539971859375 0.6038308921875 0.8472012343750001 0.5938211156250001 0.847050075 0.5914074484375 0.8529099890625 0.5872809578125 0.8588733812499999 0.5810830265625 0.8572603093750001 0.576932159375 0.8519819921874999 0.56072624375 0.8544622593750001 0.55318536875 0.8549812625
0 0.44414550156250004 0.4579982734375 0.470046546875 0.460170646875 0.4691333859375 0.44456359375 0.4453313609375 0.44103278437500004 0.44382452812500006 0.433919090625 0.3884941125 0.4391806046875 0.32578608125 0.44262544843749996 0.2931078265625 0.4468224015625 0.2861315453125 0.6253217046875 0.438690503125 0.6147333359375 0.44390010156250004 0.5331870109375 0.43802009374999995 0.5312957218750001 0.4267467640625 0.527565675 0.42069175000000003 0.52116284375 0.40436096875 0.511093915625 0.40299364843749996 0.50198428125 0.406893175 0.48920253125 0.40814879218750005 0.4712390734375 0.40994917031250006 0.4668328421875 0.41962481250000006 0.45742871875 0.44414550156250004 0.4579982734375
0 0.5258824484375 0.4858039515625 0.5284013671875 0.4854535515625 0.530458440625 0.45602405625 0.49904578437499997 0.4540102234375 0.494365775 0.4922935421875 0.5216827984375 0.495559134375 0.521543409375 0.4905379890625 0.5258824484375 0.4858039515625
0 0.5026242140625 0.424166375 0.49326275312499995 0.2857197984375 0.5093632921875 0.284747103125 0.49815351718749995 0.2444213375 0.42636291562500006 0.2463454515625 0.4261746203125 0.2633748921875 0.4326352625 0.2642796328125 0.431819159375 0.290290803125 0.45026348125000004 0.29147325 0.4473400359375 0.3619686484375 0.414650790625 0.36388274374999996 0.41562687187499997 0.421596390625 0.5026242140625 0.424166375
0 0.5699597562500001 0.3959998078125 0.592937409375 0.393633740625 0.5913472875 0.2425256578125 0.5282898328125001 0.2363289265625 0.531623328125 0.4250230390625 0.5593459765625 0.422790540625 0.5607470625000001 0.40884617656250005 0.5699597562500001 0.3959998078125
0 0.384862871875 0.43165344531249994 0.3829204703125 0.351162940625 0.3993229078125 0.35136134218750004 0.39936003124999997 0.3102636015625 0.38836159531250003 0.30992108906250004 0.386844525 0.2584220234375 0.36597212031250004 0.2575104875 0.28833713125 0.25703370937500003 0.287995140625 0.43395344687500004 0.384862871875 0.43165344531249994
0 0.8339113953125 0.9143557124999999 0.8350188359375 0.881431440625 0.7838907484375001 0.8787295437499999 0.7820487546875 0.912097278125 0.8339113953125 0.9143557124999999
0 0.6301719265625 0.729919275 0.6339211140625001 0.722033453125 0.633926740625 0.7176827890624999 0.576646740625 0.7157595671875 0.575673915625 0.7464529718749999 0.5583352109375 0.745618675 0.545918721875 0.7448226671875 0.5464350421875 0.7292006125 0.54291410625 0.729550759375 0.5379711125 0.7298097390625 0.5338167046875 0.7312923453125 0.5265201375 0.7319763125 0.5217313625 0.733994121875 0.509079025 0.732607121875 0.5063387359375 0.8029223062499999 0.5379839703125 0.80435385 0.5440183234375 0.8009868796875 0.5494065703125 0.794357878125 0.5575789796875 0.7893790390625 0.570871309375 0.7858801718749999 0.5809742984375 0.786527865625 0.5906659953125 0.7848243765625 0.5964051296874999 0.7817157546875 0.6054223875 0.7811207718750001 0.612968471875 0.7851024234375 0.6143868359375 0.78982165 0.6214014078125001 0.7931720296875 0.62927104375 0.7925248015624999 0.6354970296875 0.7946515562500001 0.6376030546875 0.8020382796875 0.6392557828125 0.8073697296875 0.67189754375 0.8091850875000001 0.6764961656249999 0.754985453125 0.6653877546875 0.7571313296875 0.6624611140625001 0.7575195765625 0.6559795390625001 0.7547792375 0.6516765359375001 0.7501523515625 0.6435610781250001 0.7415059015625001 0.63492066875 0.7406747 0.6328510203125 0.7373427343750001 0.6302063734375001 0.7336966375 0.6300309296875 0.7319364484374999 0.6301719265625 0.729919275
0 0.789662940625 0.496017484375 0.8025888234374999 0.49684615 0.8168570656249999 0.4992112140625 0.8307750437499999 0.5065873609375 0.836392109375 0.529321115625 0.8356381453124999 0.540107684375 0.8460685765625 0.545831234375 0.8467689937499999 0.5458761375 0.85238914375 0.5585003578125 0.8522377578125001 0.5606661640625 0.83825810625 0.5749132140625 0.8273931421875 0.5857767468749999 0.8922260046874999 0.5769440296874999 0.894245046875 0.44496442187499996 0.806725565625 0.44803435625 0.7326547265625 0.454824496875 0.7300449296875 0.5333382109375 0.7398546421875001 0.5375716265625 0.7543737125 0.536348246875 0.760477375 0.531684678125 0.7625524734375 0.5224331484375 0.7627038609375 0.520267340625 0.7670937859375 0.5090100296875 0.7818651671875 0.5041769703125001 0.789662940625 0.496017484375
0 1 0.28053306718750004 0.9862480671875 0.2792317921875 0.98302610625 0.33966230625 1 0.3407504859375 1 0.28053306718750004
0 0.38750481875 0.8382596859375001 0.377513928125 0.849733796875 0.36701585625 0.8565684265625 0.3646449296875 0.8605968234375 0.36365565312500003 0.89854088125 0.47119869531249997 0.8954109375 0.4724326578125 0.8365805859375 0.436596790625 0.8347097578125 0.4360446765625 0.8426085828125001 0.4328163 0.8470085812500001 0.41804580312499995 0.8493889156250001 0.41360521875 0.8470353640624999 0.40337175781249995 0.8442891093749999 0.39927107031250003 0.8431730765625 0.3908752484375 0.8376226203125 0.3900756828125 0.8371661171874999 0.3885077171875 0.8358072109375 0.38750481875 0.8382596859375001
0 0.4446440140625 0.672915384375 0.44465851875 0.7059542390625 0.4624550015625 0.7179300578125 0.4936886234375 0.70969470625 0.4974927828125 0.67265628125 0.4446440140625 0.672915384375
0 0.3377537390625 0.811587459375 0.3437748703125 0.804444490625 0.3534147640625 0.8025670546875 0.3660830984375 0.7933547875 0.371085565625 0.7791294203125 0.379296446875 0.783665578125 0.3883993890625 0.796790346875 0.391601225 0.8010053812500001 0.40261005 0.8011992609374999 0.41368714687499997 0.800416403125 0.421005840625 0.8033810375 0.425783290625 0.742047803125 0.4123965453125 0.74018715 0.40369736874999995 0.74263678125 0.3902408671875 0.7417740984375001 0.3802652265625 0.74113456875 0.3710924015625 0.73602485625 0.36321578125 0.7340268953125 0.348831346875 0.739119375 0.3380885109375 0.7424404296875 0.332787528125 0.746600915625 0.330143109375 0.8131044328125 0.3377537390625 0.811587459375
0 0.8461314546875001 0.9865897734375 0.846158846875 0.9950771921875001 0.8838462312500001 0.9948579328125 0.8841957656250001 0.9864706125 0.8461314546875001 0.9865897734375