0 0.8300226109375 0.9434209499999999 0.8518667750000001 0.9457721625 0.8512459328125 0.920040896875 0.831460865625 0.919669221875 0.8300226109375 0.9434209499999999
0 0.7702489765625 0.8501673140625 0.7179207703125 0.8525297484375001 0.7135449031250001 0.876475596875 0.65700694375 0.8747467203125 0.6574505453125 0.91187494375 0.707291721875 0.90910655 0.7102247546875 0.91156781875 0.7448331515625 0.9101272437500001 0.742751621875 0.891972259375 0.772386475 0.889741890625 0.7702489765625 0.8501673140625
0 0.8078096109375 0.1456361984375 0.8454106828124999 0.14541737500000002 0.84414210625 0.11276381093750001 0.8060312640625 0.11198984062499999 0.8078096109375 0.1456361984375
0 0.79087838125 0.22798455468749998 0.7864547265625 0.2280103 0.7873165156249999 0.265047578125 0.8576321015625 0.26660776249999996 0.85679141875 0.230477609375 0.8152187828124999 0.2282854640625 0.8008419015625 0.22836913281250001 0.79087838125 0.22798455468749998
0 0.81873139375 0.1976619796875 0.843917971875 0.199152878125 0.8460159875000001 0.16572736875 0.8191761640624999 0.162586490625 0.81873139375 0.1976619796875
0 0.7774241703125 0.3009967859375 0.854583590625 0.30386695 0.8513603671875 0.2708707125 0.7791534015625 0.2688347203125 0.7774241703125 0.3009967859375
0 0.5670646953125 0.31585185 0.6054049375 0.31602702968749996 0.604315934375 0.2863375734375 0.566354259375 0.2853193265625 0.5670646953125 0.31585185
0 0.5706032999999999 0.4051841734375 0.621679128125 0.40984360625000005 0.6240189921875 0.381107828125 0.5684860640625 0.3759875171875 0.5706032999999999 0.4051841734375
0 0.566999971875 0.426204628125 0.5667758703125 0.4612567046875 0.5816152296875 0.4639363453125 0.6214883265625 0.46439027031249996 0.622419496875 0.44546539999999996 0.5921838125 0.445641359375 0.59173644375 0.4264147203125 0.566999971875 0.426204628125
0 0.6252144375 0.4619566328125 0.6983057875 0.47252889218750005 0.70395103125 0.39000280625 0.6298999171874999 0.3828659734375 0.6252144375 0.4619566328125
0 0.5962282515624999 0.5453045203125 0.5981032265625 0.522258346875 0.5670382421875 0.51626541875 0.5642673390625 0.5454905203125 0.5962282515624999 0.5453045203125
0 0.58583921875 0.5123721140625 0.5868447437500001 0.4814313 0.5665700046875 0.4818812109375 0.5635136000000001 0.4836249828125 0.5421658218750001 0.4816913125 0.5432872921875 0.5146776531249999 0.563973603125 0.5176551890625001 0.5658787328125 0.5111163390625 0.58583921875 0.5123721140625
0 0.6279552203125001 0.5502757093749999 0.6686020140625 0.5545090203124999 0.7093049234375 0.5611539578125 0.7072216109375 0.5305630390625 0.6730837468749999 0.52560588125 0.632704890625 0.5186271375 0.6279552203125001 0.5502757093749999
0 0.6205249562499999 0.5998193171875 0.6949315234375 0.60797196875 0.6971086343749999 0.568438665625 0.62327758125 0.556498775 0.6205249562499999 0.5998193171875
0 0.78519698125 0.3821613578125 0.7837756515625001 0.35054869843750003 0.6560449687500001 0.34093613125 0.6526415703125 0.3800561375 0.7101996359375 0.386647240625 0.7103246453125001 0.41388609687500005 0.7821911421875 0.41840240937499995 0.7834494421875 0.45156497812499996 0.84384265625 0.45260757656250006 0.8440830703125 0.462939959375 0.859234090625 0.4628517859375 0.8582534578125 0.45112964843750003 0.8616509015625 0.4497821953125 0.86188009375 0.3854768546875 0.8281589125 0.382265384375 0.78519698125 0.3821613578125
0 0.824139946875 0.5080644000000001 0.8482221546875 0.5096281078125 0.849713953125 0.51479738125 0.861060628125 0.5147313484375 0.8604608765625 0.488955703125 0.8260869953125001 0.48811572812500004 0.824139946875 0.5080644000000001
0 0.7261438078125 0.544238671875 0.730421003125 0.5512283609375 0.7874914546875 0.5587295484375 0.86638645 0.5648866875 0.8652207421875 0.5319006046875 0.7768756140625 0.5274580640625001 0.7783546484375 0.48454323906249996 0.713451253125 0.4779063703125 0.7100159421875001 0.5422746234375 0.7261438078125 0.544238671875
0 0.7503985937500001 0.6121632875 0.756522225 0.5568518734375 0.7151969703125001 0.552932303125 0.7061382640625 0.606645453125 0.7503985937500001 0.6121632875
0 0.7338084375 0.643570975 0.7339369703124999 0.6139186875 0.707113125 0.6124151921875 0.7061152671875 0.640833365625 0.7338084375 0.643570975
0 0.7879981890625001 0.56244410625 0.787779746875 0.5711195609375 0.79142080625 0.5859462671875 0.8368621015625 0.5889788890625 0.83587213125 0.5996724812500001 0.8618683328125 0.6007824921875 0.860253546875 0.5665598515625 0.7879981890625001 0.56244410625
0 0.7738817609375 0.70396851875 0.8572461203125 0.7063600125 0.8585834171875 0.67541726875 0.8268123046875001 0.675203859375 0.8241651531249999 0.6669655156250001 0.77060810625 0.669755534375 0.7738817609375 0.70396851875
0 0.7120567984374999 0.6908302281250001 0.7119292890625 0.6672867625000001 0.6516368484374999 0.6639201359375 0.6546047078125 0.684990859375 0.67742935625 0.6914521765625 0.7120567984374999 0.6908302281250001
0 0.7175756843750001 0.696993953125 0.7410652953125 0.696857253125 0.7402218781250001 0.6786729328125001 0.7175756843750001 0.696993953125
0 0.5623699906249999 0.608455759375 0.585673959375 0.610798478125 0.5884324890625 0.5800908687499999 0.5651311140625 0.57881028125 0.5623699906249999 0.608455759375
0 0.573770996875 0.7571339140625 0.5957488421875 0.756674090625 0.5951490921875 0.7308984484375001 0.571461978125 0.732054184375 0.573770996875 0.7571339140625
0 0.610879703125 0.8308255203125 0.6105236921875 0.8012645656249999 0.576158046875 0.800778590625 0.5761761234375 0.8310274812499999 0.610879703125 0.8308255203125
0 0.82962355625 0.07538557500000001 0.6983350484375 0.0725870125 0.7010939546875 0.11414949375000001 0.83756931875 0.1097926515625 0.82962355625 0.07538557500000001
0 0.845665278125 0.35600819375000003 0.8471008734375 0.3806283171875 0.8591110984375 0.380558421875 0.8564589968749999 0.355945378125 0.8552549015625001 0.3327179734375 0.82132649375 0.332959678125 0.822168975 0.3558572671875 0.845665278125 0.35600819375000003
0 0.6393546031249999 0.8272299656250001 0.7100775296874999 0.8263315703125 0.7101055281249999 0.7847528703125 0.6794732953125 0.7869005296875 0.6788255578125 0.7799782328125 0.6367787109374999 0.7802229281249999 0.6393546031249999 0.8272299656250001
0 0.8176166968749999 0.8837032562499999 0.8621793984374999 0.8851035203125001 0.8609339140625 0.8496395640625 0.817609834375 0.8482320921875001 0.8176166968749999 0.8837032562499999
0 0.3548964703125 0.8500176500000001 0.2946905203125 0.8503680250000001 0.28724608281249997 0.9382816890625 0.3194251078125 0.9389131578125 0.32050550312500004 0.9492185234375 0.336945009375 0.9474632515625 0.33669584218750004 0.9367547421875001 0.3755716484375 0.9418834796875 0.37521643125000004 0.92661721875 0.44030688125 0.9241805125000001 0.4399497671875 0.890769290625 0.37233419218749997 0.8911627875000001 0.37228441874999996 0.8709602015625 0.3544976828125 0.86900580625 0.3548964703125 0.8500176500000001
0 0.2414868109375 0.8246108515625 0.2281190046875 0.8176740656250001 0.22200566406250002 0.8201879796875 0.22216148750000003 0.8449483203125 0.22561052187500003 0.851522396875 0.2353918578125 0.8469292296875001 0.2762221984375 0.8466916124999999 0.2744558953125 0.8240206796875 0.2414868109375 0.8246108515625
0 0.22552594374999999 0.8136618578125001 0.259848453125 0.8179983578125001 0.25999500468750003 0.7891204484375 0.22779642031249997 0.7876482296875 0.22552594374999999 0.8136618578125001
0 0.230562340625 0.7667654171875 0.2537623171875 0.76463888125 0.2560805796875 0.73592535625 0.22838902968750002 0.7370601421874999 0.230562340625 0.7667654171875
0 0.2975271703125 0.816362890625 0.37368962968749997 0.81441495 0.3696581765625 0.7476339390625 0.2968179625 0.743101165625 0.2975271703125 0.816362890625
0 0.3694394859375 0.8228483296875 0.3675122734375 0.857910315625 0.4346042921875 0.8616356796875 0.4380007078125 0.8602439765625001 0.45756766249999997 0.8597981828125001 0.456967909375 0.8340225390624999 0.510914390625 0.8337085906249999 0.510556303125 0.8031076328125 0.41157544531249995 0.802665775 0.4072731015625 0.8250179765625001 0.39071519062500004 0.8216844953125 0.389531484375 0.815495540625 0.3744890515625 0.8183490843750001 0.3694394859375 0.8228483296875
0 0.24615305781250002 0.893955015625 0.2438326390625 0.86458251875 0.22584792343750001 0.865528046875 0.226407521875 0.8895779390625 0.24615305781250002 0.893955015625
0 0.2298466421875 0.703682615625 0.2682552984375 0.703945909375 0.2672732296875 0.671246421875 0.2305126515625 0.6714603546875 0.2298466421875 0.703682615625
0 0.3173794984375 0.704589403125 0.3538495234375 0.7080504125 0.3549375703125 0.7415016359375 0.372759846875 0.7459341609375 0.37441083124999996 0.763649090625 0.43087208437499996 0.762081340625 0.43131430000000004 0.7278467296875 0.3707390453125 0.7294384218750001 0.3693084 0.721193 0.42703455 0.7216979203125 0.4258204484375 0.686632084375 0.31891860156249996 0.6823196640625 0.3173794984375 0.704589403125
0 0.3729243515625 0.6351161125 0.3727338875 0.6012613625000001 0.344834521875 0.60202118125 0.3432138234375 0.634094103125 0.3729243515625 0.6351161125
0 0.4804365671875 0.8938307468750001 0.50683345625 0.8940975609375 0.503264134375 0.8652412765624999 0.4801536046875 0.8645570328125001 0.4804365671875 0.8938307468750001
0 0.47514795000000004 0.773020446875 0.49994207968750004 0.7757085406249999 0.49810010312499997 0.7497852265625 0.4745914421875 0.749103303125 0.47514795000000004 0.773020446875
0 0.44007194062500005 0.7191879671875 0.468984171875 0.7210776140624999 0.47164658125000003 0.6938446625 0.43903081562499996 0.6915561359375 0.44007194062500005 0.7191879671875
0 0.500579746875 0.6614578984375 0.491320259375 0.653302290625 0.4628957171875 0.6543085765625001 0.4636632953125 0.687296975 0.5032838421875 0.6883055671875 0.500579746875 0.6614578984375
0 0.3650972890625 0.5944018640625 0.43398031875000004 0.5952401593750001 0.432336703125 0.5597785203125001 0.3662137359375 0.5539674859375 0.3650972890625 0.5944018640625
0 0.4351700421875 0.6463710765624999 0.43427787812499996 0.6080284203125 0.41362503124999994 0.6064890109375 0.413766259375 0.6477348046875 0.4351700421875 0.6463710765624999
0 0.3450726125 0.545704003125 0.49430481875 0.5543505765625001 0.495322640625 0.5210862484375001 0.432340540625 0.5190629546875 0.4134655234375 0.5245277781250001 0.34755305625 0.5249113624999999 0.3450726125 0.545704003125
0 0.202363103125 0.47703042656249994 0.21992093437500002 0.47865423125 0.21831970156249997 0.45357038281250006 0.1997701875 0.454010253125 0.202363103125 0.47703042656249994
0 0.34845869218750003 0.515346790625 0.3853129078125 0.516305096875 0.385797409375 0.4610707578125 0.350720871875 0.45950464843749994 0.34845869218750003 0.515346790625
0 0.408673665625 0.291016615625 0.4846993515625 0.291746959375 0.48636175000000004 0.2614661640625 0.40973267187499995 0.2595222890625 0.408673665625 0.291016615625
0 0.42094801718749997 0.40972835781250005 0.489268840625 0.41112312656250005 0.49159689999999995 0.3837814828125 0.4214433125 0.3806271390625 0.42094801718749997 0.40972835781250005
0 0.3766004875 0.44324484531249997 0.403374965625 0.44547885468750004 0.4047958875 0.45615841562500004 0.44518386249999997 0.4559233734375 0.4423971578125 0.41316614375 0.37464624375 0.410595271875 0.3766004875 0.44324484531249997
0 0.62427165625 0.2541136921875 0.698489271875 0.2531949578125 0.694593121875 0.2140953046875 0.623778559375 0.21105544687500002 0.62427165625 0.2541136921875
0 0.6374409156249999 0.2876937609375 0.670156478125 0.290468521875 0.668979003125 0.2607795796875 0.6367958609375 0.2599711140625 0.6374409156249999 0.2876937609375
0 0.6797868671875 0.3003036984375 0.712016340625 0.3031034171875 0.714150834375 0.26744276562499997 0.6809378765625 0.265157715625 0.6797868671875 0.3003036984375
0 0.7475194796875 0.23458762812499998 0.7049628640625001 0.233839528125 0.706637734375 0.2630387609375 0.715563775 0.2644693890625 0.74772375 0.26428223125 0.7475194796875 0.23458762812499998
0 0.016421509375 0.9851316953125 0.0611565453125 0.9872833078125 0.060728462500000004 0.9546248515625001 0.0180967390625 0.9535010156249999 0.016421509375 0.9851316953125
0 0.0534206328125 1 0.053655929687500006 0.9900708312500001 0.021677496875 0.988553078125 0.021943846875 1 0.0534206328125 1
0 0.0289134 0.9163957734375 0.0186443796875 0.9180930078125 0.019345034375 0.9482051546875001 0.091161096875 0.9515047203125 0.0928990796875 0.9197187796874999 0.094011225 0.8962123578125001 0.032393671875 0.889135934375 0.0289134 0.9163957734375
0 0.1233458203125 0.9542825718750001 0.16248647656249998 0.9565331265625 0.160856378125 0.92830726875 0.124633753125 0.924070340625 0.1233458203125 0.9542825718750001
0 0.1314745140625 0.8995790734375 0.15494869687499999 0.899730128125 0.1556532984375 0.8682157359374999 0.13644998125000002 0.8671768359375 0.1314745140625 0.8995790734375
0 0.014458403125 0.787628475 0.05450539375 0.7898516265625 0.0547990109375 0.73211793125 0.0250586234375 0.7298126703125 0.0240169890625 0.7553987171875 0.014528248437499999 0.7554539375 0.014458403125 0.787628475
0 0.09405785312500001 0.7546591874999999 0.09312058125 0.803744575 0.1220137625 0.8048155953125 0.11779801875 0.8365938281249999 0.16116326406249998 0.8388197984374999 0.160866728125 0.7728357906250001 0.1356894171875 0.7717431421875001 0.136113965625 0.754812740625 0.09405785312500001 0.7546591874999999
0 0.0344289859375 0.64671170625 0.032787598437499996 0.619902109375 0.029223315625000003 0.5855580453125 0.0048511390625 0.586743740625 0.006279064062500001 0.648111915625 0.0344289859375 0.64671170625
0 0.0036469171875 0.5349896671875001 0.0253125484375 0.5353723421875001 0.0258458296875 0.5288193484375 0.04709013125 0.5263058890625001 0.047324075 0.5211487 0.0686239765625 0.52102474375 0.071320528125 0.5038155843750001 0.0030010859375 0.5072337046875 0.0036469171875 0.5349896671875001
0 0.149112484375 0.71070235 0.1585791078125 0.7106472578125 0.15822096562500002 0.6771917843749999 0.15826300937499999 0.643822496875 0.14794508125 0.6434178546875 0.0972386796875 0.644177634375 0.09408617500000001 0.6503475671875 0.0961862359375 0.6692990546875001 0.1021511296875 0.677518090625 0.1479138484375 0.6772517687499999 0.149112484375 0.71070235
0 0.10615683281249999 0.63671285 0.1490689015625 0.63847676875 0.1483790578125 0.6088292453124999 0.109569146875 0.6065325109375 0.09855897031250001 0.611553259375 0.098092740625 0.6276430390625001 0.10615683281249999 0.63671285
0 0.1092799890625 0.5760417906249999 0.133596728125 0.5762764546875 0.1329259328125 0.5474475562500001 0.1085602859375 0.5451110156250001 0.1092799890625 0.5760417906249999
0 0.0856270375 0.74694131875 0.109982903125 0.74885748125 0.1073312984375 0.7233150578124999 0.0855160203125 0.7250573578124999 0.0856270375 0.74694131875
0 0.1305003515625 0.7445780109375 0.1494500359375 0.7432728203125001 0.1487967484375 0.7684361734375 0.15908482031249999 0.7675575625 0.15761745 0.7225577249999999 0.1291733453125 0.7227232578125 0.1305003515625 0.7445780109375
0 0.1037487265625 0.40962706562499995 0.1273432484375 0.4082948421875 0.125770271875 0.38157335625 0.10289432968750001 0.38241458281249996 0.1037487265625 0.40962706562499995
0 0.0858788578125 0.31188098750000004 0.0855305 0.332085890625 0.090180065625 0.337015509375 0.13256067031250002 0.3330513625 0.1283919328125 0.29554651249999997 0.12052345 0.29393270312499997 0.0958503203125 0.29739549374999996 0.0858788578125 0.31188098750000004
0 0.2586526140625 0.9548449484375 0.2549484859375 0.9239979281249999 0.22350968125 0.924756215625 0.22443271718750002 0.99009486875 0.2576214046875 0.9875340265625001 0.2586526140625 0.9548449484375
0 0.978514178125 0.3203391890625 0.99853121875 0.3202226984375 0.9978179125000001 0.2895667109375 0.9499865046875 0.28173693125 0.9426843140625 0.30446063749999996 0.9453535828125 0.312698853125 0.978514178125 0.3203391890625
0 1 0.567506984375 0.989104871875 0.5663410609375 0.9835936703125 0.5852262015624999 1 0.587427078125 1 0.567506984375
0 0.9347871062499999 0.5716138453124999 0.98028335625 0.5703533125 0.979272896875 0.50601093125 0.9324337187499999 0.5132538421875 0.9347871062499999 0.5716138453124999
0 0.9831670000000001 0.6781220828125 0.9547448468749999 0.6697239484375 0.9256217109374999 0.6673265828125 0.925852825 0.70197770625 0.98458459375 0.702919334375 0.9831670000000001 0.6781220828125
0 0.9554074140625 0.77805884375 0.9582888140625 0.7174555765624999 0.9205164390625 0.7169673000000001 0.916977190625 0.7797208140625 0.9554074140625 0.77805884375
0 1 0.9221536328125 0.9621526421875 0.919638871875 0.9523045625 0.9042508328125001 0.9838396390625 0.9076299203125 0.981915784375 0.8506172265625 0.919642075 0.8533694609375001 0.9197908390625 0.8854320859374999 0.9507647406249999 0.889411896875 0.9449667921874999 0.8959734015624999 0.9201779765625 0.9020700984375001 0.9233556390625001 0.9464182703124999 0.9387802984375 0.94573105 0.9651272859375 0.9457547453125 0.9963498375000001 0.9604209406249999 1 0.9400971953124999 1 0.9221536328125
0 0.7197588890625 1 0.71990955625 0.9950447062500001 0.6921608625 0.993723615625 0.6937516078125 0.9556099203124999 0.6451875171875 0.9524184468750001 0.644940728125 0.9845940140625 0.657362503125 0.9870000593749999 0.65557635 1 0.7197588890625 1
0 0.6169775390625001 1 0.6202302125 0.9436682265625 0.57666695 0.9424391703125 0.578455603125 1 0.6169775390625001 1
0 0.6970232046875 0.9897344046875001 0.8540724281250001 0.9987337890625 0.855857259375 0.9689612249999999 0.697247878125 0.9575589656249999 0.6970232046875 0.9897344046875001