0 0.8165578453125001 0.1172939015625 0.8143583109374999 0.0899971046875 0.789482746875 0.083113684375 0.7822958390625 0.10608722343749999 0.7644621093749999 0.10116349375 0.7527048875 0.16652999375 0.7318984359375 0.1846288328125 0.7318218359374999 0.1977941046875 0.8010127734375001 0.20316252812500002 0.8081968859374999 0.1806693125 0.8165578453125001 0.1172939015625
0 0.590046221875 0.7815911515625 0.59484018125 0.749550315625 0.5338666640625 0.735500059375 0.527796990625 0.7691199656250001 0.590046221875 0.7815911515625
0 0.9729525640625001 0.725171825 0.9429183234374999 0.715433575 0.9136962937499999 0.8062959968750001 0.95925800625 0.815756384375 0.978984346875 0.7393470453125001 0.9729525640625001 0.725171825
0 0.9040496843750001 0.8804644953125 0.9116756109375 0.8495919953125 0.8580741390625001 0.8332912296874999 0.849295521875 0.863364275 0.9040496843750001 0.8804644953125
0 0.84082381875 0.709332971875 0.8319287390625 0.751915790625 0.88512450625 0.7628842359375 0.891022659375 0.732471996875 0.8926776999999999 0.7294999343749999 0.9007217828125 0.70182013125 0.8509961562499999 0.6911759078124999 0.84082381875 0.709332971875
0 0.5133736140625 0.0429573328125 0.44804294218749996 0.034664340625 0.4380246234375 0.1426937140625 0.44507738437500005 0.14277577187499998 0.44738084375 0.1484576890625 0.4821615875 0.15307640312499998 0.48981236875 0.129191215625 0.48941404374999997 0.118837059375 0.5152503703125 0.1219761375 0.518269596875 0.087207184375 0.5133736140625 0.0429573328125
0 0.744670221875 0.5153507125 0.7299423921875 0.517057115625 0.7159874328125 0.517287771875 0.69337294375 0.5121119078125 0.6812980953125 0.51197141875 0.678139896875 0.536847759375 0.7098139484375 0.5424783796875 0.7207094140625 0.5501598609375 0.7202834796875 0.555810021875 0.7289760375000001 0.5555399734375001 0.737657809375 0.553370203125 0.744670221875 0.5153507125
0 0.5146709765625 0.0564224359375 0.518269596875 0.087207184375 0.5180705265625 0.09139707968750001 0.552024215625 0.09179212656249999 0.5532081468750001 0.057198328124999996 0.5146709765625 0.0564224359375
0 0.6397885046875 0 0.6256396546875 0.042298435937500004 0.616113715625 0.065703284375 0.6697093609375 0.0792528453125 0.679983875 0.0660533859375 0.6851878296875 0.0461135953125 0.6891067296875 0.0481242890625 0.6983090515625 0 0.6397885046875 0
0 0.714328696875 0.3595147109375 0.7006695578125 0.41774105625 0.7343497921875 0.4200980203125 0.76115423125 0.3244038953125 0.7298549359375001 0.3181662703125 0.712244003125 0.31248092656250004 0.7029730265625 0.35586724531249997 0.714328696875 0.3595147109375
0 0.5724358781250001 0.4605511328125 0.5625804375000001 0.4692794109375 0.557783271875 0.509377115625 0.651606765625 0.529617534375 0.6626688749999999 0.4823873609375 0.5724358781250001 0.4605511328125
0 0.8044614140625 0.837689371875 0.762527484375 0.8352363781250001 0.7471198609374999 0.9312596140625 0.8046534875000001 0.9360338828125 0.8149771703124999 0.846829340625 0.8044614140625 0.837689371875
0 0.8098151671875 0.8182753500000001 0.8319287390625 0.751915790625 0.84082381875 0.709332971875 0.8509961562499999 0.6911759078124999 0.7933928781249999 0.675854796875 0.7890070015624999 0.6903018296875 0.7896927109375 0.7075590078125 0.782233325 0.7098085046875 0.771837875 0.7437929343749999 0.7749662609375 0.7465586359375 0.758149134375 0.8071063578125001 0.789445240625 0.817645328125 0.8098151671875 0.8182753500000001
0 0.8097336015625001 0.5733357578125 0.8168987031249999 0.54285091875 0.7680912828124999 0.5357763906249999 0.7619491328125 0.5668408265625 0.8097336015625001 0.5733357578125
0 0.41133196875 0.7445985796875 0.424434503125 0.669444075 0.37197618125 0.6593357515625 0.352541584375 0.7306392265625 0.41133196875 0.7445985796875
0 0.9653575390625001 0.48051600156249996 0.9917756921875001 0.37990463281250003 0.9041847796875 0.3505881015625 0.8908380140625001 0.3551272171875 0.8811940625 0.398814878125 0.8647602953125 0.40098179375000004 0.8412693234375 0.40383080312499997 0.8323704046874999 0.45457965156249996 0.9019162515625 0.47025805624999995 0.884254978125 0.5482853359375001 0.9438479390625 0.5594155515625 0.9653575390625001 0.48051600156249996
0 0.6393257218749999 0.9627352531250001 0.60186014375 0.957932459375 0.5784521765624999 0.965280328125 0.575239990625 0.9967210484375 0.6548941578125 0.9962576343749999 0.656608575 0.9797706828124999 0.6393257218749999 0.9627352531250001
0 0.1275697484375 0.766253796875 0.1072265 0.7610388546875 0.10822971875000001 0.7424912609375001 0.0779190890625 0.7389726078125001 0.062620390625 0.801262915625 0.061132209375 0.8243464296875 0.091429628125 0.8301357093749999 0.0915270625 0.8133898359374999 0.098346890625 0.8084690984374999 0.10393133437499999 0.7831842984375 0.12383446406250001 0.7852281249999999 0.1275697484375 0.766253796875
0 0.09035746875 0.8830498953125 0.0099536484375 0.855414478125 0.0103433625 0.88890635625 0.08202520937499999 0.911468715625 0.09035746875 0.8830498953125
0 0.0458693859375 0.9330134843750001 0.04060194375 0.9225808437499999 0.023628790625 0.9198724046875 0.0159055015625 0.948713165625 0.01935531875 0.952530659375 0.043821334375 0.9622477937499999 0.058889365625 0.965872946875 0.068162809375 0.940827578125 0.055627800000000005 0.9334545390625 0.0458693859375 0.9330134843750001
0 0.296064140625 0 0.289927828125 0.0452266484375 0.3231365828125 0.046049715625 0.3260996609375 0.0209309265625 0.3305103640625 0.020982243749999997 0.33109648125 0 0.296064140625 0
0 0.316655103125 0.0753852828125 0.3222343390625 0.050995634375 0.28602821093749997 0.047408387499999996 0.283175084375 0.068641928125 0.316655103125 0.0753852828125
0 0.6180317109375 0.31402674375 0.6226125109375 0.2848437390625 0.5930990140625 0.2756792421875 0.583669778125 0.274958171875 0.57735203125 0.279906584375 0.5699636375 0.3074848453125 0.6180317109375 0.31402674375
0 0.8306520171875 0.948825665625 0.8110550999999999 0.9429425406249999 0.8056218671875 0.9647574265625 0.8630613890625 0.9781988687500001 0.86556135625 0.9538607296875 0.8306520171875 0.948825665625
0 0.8470349046875001 0.9066138140625 0.8111089218749999 0.9111740703125 0.8101704171874999 0.9373644671875001 0.8110550999999999 0.9429425406249999 0.839742321875 0.9439968484374999 0.840062271875 0.9340440718749999 0.8447893390625 0.932264978125 0.8479839078125 0.9236557109374999 0.8470349046875001 0.9066138140625
0 0.12535979531250002 0.414235228125 0.12789758906249998 0.3909019125 0.11986758281250001 0.3898914390625 0.11839606093749999 0.37258145 0.09417907812500001 0.37260537031249996 0.09131852968750001 0.37634944375 0.0865984484375 0.3769277265625 0.08499519375 0.38225850625 0.08686741406250001 0.38699652812499996 0.08367741875 0.39481980625 0.0823634671875 0.4029705984375 0.0835951 0.4089675609375 0.12535979531250002 0.414235228125
0 0.7329347140625 0.5131835671875 0.741620671875 0.48027096875 0.736058603125 0.46417978125000003 0.7197149875 0.4621118671875 0.7130495 0.47428342968750004 0.7078098171875 0.5078693234375 0.7329347140625 0.5131835671875
0 0.642043959375 0.07521910937500001 0.6422154625000001 0.109544828125 0.6705006296875 0.1121447046875 0.70668135 0.120098540625 0.7128680468749999 0.0926373046875 0.7321222046875 0.09738105 0.7465246890625 0.023988425 0.7370789656250001 0.01859459375 0.7348542218749999 0.0106428109375 0.7243407234375 0.0086208921875 0.7148335171875 0.0137942109375 0.7031777140625 0.0166935828125 0.6963366859375 0.0215049 0.6891067296875 0.0481242890625 0.6851878296875 0.0461135953125 0.679983875 0.0660533859375 0.6697093609375 0.0792528453125 0.642043959375 0.07521910937500001
0 0.4495199296875 0.737837528125 0.4541496109375 0.7077598796875 0.42169560468749995 0.697316609375 0.4173172765625 0.729231275 0.4495199296875 0.737837528125
0 0.272988871875 0.78349184375 0.267302946875 0.7886877875 0.2599082875 0.8286024281250001 0.2979733109375 0.8354646328124999 0.306905340625 0.7902839453125 0.272988871875 0.78349184375
0 0.3025310484375 0.46872105937499997 0.30677373281250003 0.45261294531249996 0.264770025 0.4396349421875 0.258382409375 0.4565914796875 0.3025310484375 0.46872105937499997
0 0.4777365171875 0.48575980625000004 0.48519482187499996 0.43490685781250005 0.439976628125 0.42645485 0.4321406609375 0.4746614390625 0.4777365171875 0.48575980625000004
0 0.341945384375 0.41631848437499996 0.342757021875 0.43445050625 0.431328103125 0.4641932953125 0.439108190625 0.4218376828125 0.4004737328125 0.400252446875 0.36833415625 0.3958173015625 0.36591314375 0.42159743125000004 0.341945384375 0.41631848437499996
0 0.4571371015625 0.24684797500000003 0.4505979375 0.2898512234375 0.467243421875 0.2963332078125 0.48358159062499995 0.29558441874999997 0.49702611875 0.25547815625000003 0.4571371015625 0.24684797500000003
0 0.7280413328125 0.9958320765625001 0.8353757406250001 0.9952076234374999 0.8366197171875 0.9890267828124999 0.754155103125 0.9643769609374999 0.7352139875 0.9621259796875 0.7280413328125 0.9958320765625001
0 1 0.1084357203125 0.9442063484375 0.0924904203125 0.9239029437499999 0.0916864984375 0.8771122546875001 0.27468231875 0.9025012234374999 0.2758947609375 0.962623040625 0.2899569421875 0.9712789046875001 0.25846323125000004 1 0.264734596875 1 0.1084357203125
0 0.8971989765625 0.14008841562500002 0.9116852156249999 0.074819171875 0.86941071875 0.0633445953125 0.8537649296875 0.1289933671875 0.8971989765625 0.14008841562500002
0 0.6466925078125 0.45097824218750004 0.6697654749999999 0.33982559375 0.6014179390625001 0.3133530890625 0.570399959375 0.43891135937500003 0.58225744375 0.44638568906250004 0.6368769421875 0.45660649218750005 0.6466925078125 0.45097824218750004
0 0.596512053125 0.33460641406249997 0.546411421875 0.324612859375 0.535421446875 0.3969753015625 0.5776718234375 0.40884261874999994 0.596512053125 0.33460641406249997
0 0.5508470812499999 0.30536283124999997 0.5565147031250001 0.273288490625 0.5001200906250001 0.260405065625 0.49242827812499995 0.291342296875 0.5508470812499999 0.30536283124999997
0 0.43443935468749995 0.1058609828125 0.4398896484375 0.0060537109375 0.376971740625 0.003422075 0.375903203125 0.10450305625 0.43443935468749995 0.1058609828125
0 0.00716351875 0.615631328125 0.025439859375000002 0.6198665640625001 0.0326315796875 0.59981889375 0.0413438125 0.5999202593749999 0.044691879687500005 0.587448084375 0.03025413125 0.588087978125 0.0067508203125 0.5801640625 0.00716351875 0.615631328125
0 0.3118831234375 0.7904510328125001 0.3289348796875 0.6895778499999999 0.24087158125000002 0.662635775 0.23115687343750002 0.7184843921875 0.25932421250000004 0.7263231593749999 0.2519650484375 0.77890218125 0.3118831234375 0.7904510328125001
0 0.1195499546875 0.2268063796875 0.0987539515625 0.2356038765625 0.09863085625 0.25676000625 0.109771859375 0.2597717765625 0.1084890328125 0.26257349375 0.054456275 0.2565953921875 0.054683206250000005 0.27013538125 0.11010690625 0.2847542640625 0.14637865156250002 0.2920759625 0.1504464359375 0.234720571875 0.1195499546875 0.2268063796875
0 1 0.0028323671875 0.983792203125 0.0026437921874999997 0.9772553328125 0.0119347078125 0.9739575 0.0345386421875 1 0.0392871421875 1 0.0028323671875
0 0.6058702 0.6627994484374999 0.5987927953125001 0.6669529843750001 0.5939560828125 0.6913294359375 0.5981947734374999 0.6909202296875 0.5976323359375 0.705018728125 0.603249421875 0.707900725 0.5939678453125 0.7681212656249999 0.6519326828125 0.7813504765625 0.6708326796875 0.7794087671875001 0.6766330625 0.754541334375 0.6902471546875 0.756599328125 0.6950676062500001 0.7350174921875 0.684753290625 0.73253936875 0.699094359375 0.684714146875 0.7015893875 0.657471971875 0.6551517703124999 0.6371715171875 0.6227730375 0.6288033937499999 0.6159230046874999 0.631409328125 0.5854111703125 0.6249406859375 0.582877921875 0.6549990578125 0.6058702 0.6627994484374999
0 0.649398884375 0.7889848828125 0.5952574453125 0.7866737015624999 0.5893975984375001 0.8255144796874999 0.683412440625 0.8353857703124999 0.6879546828125 0.7978178953125 0.649398884375 0.7889848828125
0 0.34246559374999996 0.9799366953125 0.3426725296875 0.9443708171875 0.2657876234375 0.936532921875 0.2606651109375 0.9387222656249999 0.2505282078125 0.9941292828125 0.31950510625 0.9949318203124999 0.3221620609375 0.9791546046875 0.34246559374999996 0.9799366953125
0 0.0485388046875 0.7181719109375 0.07743339375 0.73612848125 0.10397106250000002 0.68628355625 0.1098551265625 0.6883171156250001 0.11772583750000001 0.6829282484375 0.123688421875 0.6677135203125 0.1174581875 0.6613745515625 0.133298709375 0.6298115921874999 0.10950668906250001 0.613093446875 0.0485388046875 0.7181719109375
0 0.0528646640625 0.271184109375 0.043420803125000004 0.2767293484375 0.0409805421875 0.2908059984375 0.0408876796875 0.3067658875 0.061079607812500006 0.3117170546875 0.05339058906250001 0.3421739625 0.12269167656249999 0.3586355578125 0.13742583749999998 0.2957928203125 0.109652290625 0.28782762968750003 0.0528646640625 0.271184109375
0 0.00739023125 0.216698665625 0.0167621859375 0.21975883125 0.016350140625000002 0.2117626359375 0.03775176875 0.21522130156250002 0.0482249234375 0.14536380625 0.0153411734375 0.1412256859375 0.011489867187499999 0.1576222015625 0.007741390625 0.1563458609375 0.00739023125 0.216698665625
0 0.021822440625 0.3296012234375 0.033844379687499995 0.290046103125 0.010291359375 0.2847938171875 0.0069363328124999995 0.29470929218749997 0.0067597796875 0.32505315156250003 0.021822440625 0.3296012234375
0 0.43664080624999996 0.6207206359375 0.4446601484375 0.589787215625 0.38236343437500003 0.5779705093749999 0.3766187640625 0.6082753640624999 0.43664080624999996 0.6207206359375
0 0.485528165625 0.310061459375 0.475625765625 0.3156013640625 0.45966333125 0.39063525781249997 0.5188419328125 0.4016733140625 0.538126125 0.3224421890625 0.485528165625 0.310061459375
0 0.40499687656249994 0.3772260796875 0.4143050046875 0.31244245 0.3781378609375 0.3059080078125 0.3747312328125 0.3284451734375 0.36344245000000003 0.3283138296875 0.3598827625 0.3734041828125 0.40499687656249994 0.3772260796875
0 0.523941978125 0.0393029375 0.5265030484375 0.00446315 0.44491886562499994 0.001133975 0.4419380015625 0.029309378125 0.523941978125 0.0393029375