0 0.7249815609375 0.3648734 0.7277264406249999 0.384540503125 0.7669524375 0.37695698593750004 0.764148015625 0.350307325 0.7275838125 0.357907096875 0.7249815609375 0.3648734
0 0.771052121875 0.40697063125 0.7669524375 0.37695698593750004 0.7382344296875 0.38347729375 0.7423915390625 0.413647734375 0.771052121875 0.40697063125
0 0.820248453125 0.42121498125 0.8146531250000001 0.3902110203125 0.7822590453125 0.3993268125 0.7853757781249999 0.428944278125 0.820248453125 0.42121498125
0 0 0.3806844125 0.0169207140625 0.37432671875 0.01010333125 0.34123777187500004 0 0.3441851359375 0 0.3806844125
0 0.10761743125 0.31432170625 0.131451946875 0.303200896875 0.1302005296875 0.27808665625 0.11983145312500001 0.2481917875 0.0961761953125 0.2559604140625 0.105049928125 0.289728975 0.10761743125 0.31432170625
0 0.1264537390625 0.4937069171875 0.164726896875 0.48367999062499994 0.1622326609375 0.45997794062499997 0.12374649687499999 0.471480775 0.1264537390625 0.4937069171875
0 0.1622326609375 0.45997794062499997 0.1565013609375 0.42768187500000004 0.12095051875 0.43849460625000003 0.126903259375 0.4697838359375 0.1622326609375 0.45997794062499997
0 0.333337003125 0.5457246015624999 0.32977999687500004 0.5150344890625 0.30254628125 0.5202983515625 0.305864846875 0.5518337859375 0.333337003125 0.5457246015624999
0 0.2170725484375 0.39465558437500003 0.20984136250000002 0.3545232484375 0.183286053125 0.36195600156249996 0.1891942359375 0.399238521875 0.2170725484375 0.39465558437500003
0 0.30254095468750003 0.2902174234375 0.29346756875 0.2609683453125 0.268054615625 0.2699231484375 0.2740747984375 0.29854767656250003 0.30254095468750003 0.2902174234375
0 0.5974746484375 0.10910928125 0.59872688125 0.1019531484375 0.5916669437500001 0.055281368750000004 0.590375925 0.05876334062500001 0.5679728328125 0.066569721875 0.57549915 0.1106732859375 0.5974746484375 0.10910928125
0 0.590375925 0.05876334062500001 0.59872688125 0.1019531484375 0.6504872984375 0.0880627546875 0.649586484375 0.079502559375 0.6460061078125 0.0485903671875 0.590375925 0.05876334062500001
0 0.8662230281250001 0.0587289578125 0.8592192203125 0.0339796984375 0.8379026406250001 0.0398607703125 0.8438524140625001 0.062955046875 0.8662230281250001 0.0587289578125
0 0.866773234375 0.0575406828125 0.8937200734375 0.0499396 0.8911429796875 0.0254501765625 0.8592192203125 0.0339796984375 0.866773234375 0.0575406828125
0 0.5619776265625 0.42727017968750003 0.5566738531250001 0.395925625 0.5328072921875 0.4011029625 0.542956446875 0.4291024125 0.5619776265625 0.42727017968750003
0 0.5944836421875 0.4166902796875 0.62259414375 0.4104248265625 0.6174066781249999 0.3768799203125 0.59156298125 0.385047084375 0.5944836421875 0.4166902796875
0 0.5619776265625 0.42727017968750003 0.5944836421875 0.4166902796875 0.59156298125 0.385047084375 0.5566738531250001 0.395925625 0.5619776265625 0.42727017968750003
0 0.667942675 0.355632025 0.6572050921875 0.3080407203125 0.6220008015625 0.3137854515625 0.6312803140625001 0.36502128906250003 0.667942675 0.355632025
0 0.643102646875 0.41514279062500004 0.6930013859375 0.400672678125 0.6829456703125001 0.3535331390625 0.667942675 0.355632025 0.6312803140625001 0.36502128906250003 0.643102646875 0.41514279062500004
0 0.729364421875 0.39368906875 0.7249815609375 0.3648734 0.6969201093749999 0.3704382640625 0.7015862687500001 0.3972793296875 0.729364421875 0.39368906875
0 0.4053655515625 0.3127933265625 0.4000837453125 0.29060205625 0.3774478609375 0.297168509375 0.38188760781250003 0.316024640625 0.4053655515625 0.3127933265625
0 0.29147837499999996 0.9430455390624999 0.4016535125 0.9164703265625 0.394180421875 0.8857060125 0.38585014375000004 0.8666296390625 0.27922772500000004 0.8970205968749999 0.2868542796875 0.9193264484375 0.29147837499999996 0.9430455390624999
0 0.394180421875 0.8857060125 0.4016535125 0.9164703265625 0.4239309515625 0.9094143515625 0.42041958749999997 0.8861580375000001 0.411797640625 0.8613933062499999 0.38585014375000004 0.8666296390625 0.394180421875 0.8857060125
0 0.4137629921875 0.8656804828125001 0.42041958749999997 0.8861580375000001 0.42410420000000004 0.9036717218750001 0.45980807187500006 0.8939242953125 0.44538767031250004 0.8580033640625 0.4137629921875 0.8656804828125001
0 0.5219349703125 0.8925983609375001 0.5735384765625 0.8752724015625001 0.55043086875 0.8168833187500001 0.5010177437500001 0.8349958671875 0.5219349703125 0.8925983609375001
0 0 0.3184839625 0.0039216015625 0.3318839078125 0.025039137500000003 0.3266391875 0.015204925 0.27810449843749996 0 0.28103411093749997 0 0.3184839625
0 0.8045582265625001 0.0238067375 0.8104562421875 0.024242246875 0.8128244640625001 0.0442190046875 0.8343037921875001 0.03171773125 0.8313874328124999 0.006532173437499999 0.803491696875 0.0136717921875 0.8045582265625001 0.0238067375
0 0.8128244640625001 0.0442190046875 0.8104562421875 0.024242246875 0.8045582265625001 0.0238067375 0.803491696875 0.0136717921875 0.777009775 0.0212185984375 0.7799927234374999 0.0491758359375 0.8128244640625001 0.0442190046875
0 0.2563828875 0.2159827546875 0.26127836718749997 0.2593920234375 0.293589040625 0.252983671875 0.2916042109375 0.23723352343749998 0.2835919578125 0.2118458140625 0.2563828875 0.2159827546875
0 0.28057973281250004 0.2077217234375 0.28299568750000004 0.20151290781250003 0.28582235625 0.19492915 0.28669696093749997 0.18749010625 0.2808738734375 0.1638496765625 0.2542255703125 0.1672876015625 0.2608224890625 0.195170375 0.2624860203125 0.21097846874999998 0.28057973281250004 0.2077217234375
0 0.099350253125 0.11714854999999999 0.124946465625 0.11324076875 0.12326945781250001 0.095165721875 0.121429996875 0.0953804609375 0.11915604375 0.078049528125 0.0886654046875 0.086003003125 0.099350253125 0.11714854999999999
0 0.06831585 0.11915697968750001 0.099350253125 0.11714854999999999 0.0886654046875 0.086003003125 0.0655496703125 0.09287072187499999 0.06831585 0.11915697968750001
0 0.06831585 0.11915697968750001 0.0655496703125 0.09287072187499999 0.023874454687499998 0.1016802703125 0.026207225 0.12384794531250001 0.06831585 0.11915697968750001
0 0 0.10446738124999999 0.0183560703125 0.1023244890625 0.0170203921875 0.0853540765625 0.012729290625 0.0819106484375 0.00433611875 0.0704033640625 0 0.0724272578125 0 0.10446738124999999
0 0.047054915625 0.075594065625 0.0450465328125 0.0607867734375 0.0149681265625 0.0654630546875 0.018541896874999998 0.0842567828125 0.047054915625 0.075594065625
0 0.4053121578125 0.49681574843750004 0.38489704687500004 0.385261846875 0.31171029843750003 0.406129296875 0.32827875 0.46849039843750007 0.3619395015625 0.4618835640625 0.36811492968750004 0.45717739531249996 0.378092459375 0.50765731875 0.4053121578125 0.49681574843750004
0 0.1405560734375 0.3737703234375 0.13443488125 0.34476928125 0.0771431484375 0.3603477 0.0846962484375 0.389733384375 0.1405560734375 0.3737703234375
0 0.1462409984375 0.40329234999999997 0.1405560734375 0.3737703234375 0.0846962484375 0.389733384375 0.088229278125 0.41727897187499996 0.1462409984375 0.40329234999999997
0 0.091574815625 0.426126009375 0.088229278125 0.41727897187499996 0.0846962484375 0.389733384375 0.0771431484375 0.3603477 0.050841640625 0.36396995 0.0661377640625 0.4327129140625 0.091574815625 0.426126009375
0 0.0501457671875 0.4119967640625 0.0451270515625 0.381027675 0.0213751578125 0.3876835390625 0.026170367187499998 0.41925095937499995 0.0501457671875 0.4119967640625
0 0.029167884375 0.44248551249999996 0.0630537859375 0.4316014640625 0.057886523437500004 0.4116653453125 0.0501457671875 0.4119967640625 0.026170367187499998 0.41925095937499995 0.029167884375 0.44248551249999996
0 0 0.41987124062500003 0.0082230109375 0.418648434375 0.0043969625 0.4007629546875 0.00115328125 0.3936616234375 0 0.3938684390625 0 0.41987124062500003
0 0 0.44914505312499997 0.012825190625 0.44643707812500005 0.0082230109375 0.418648434375 0 0.41999036875 0 0.44914505312499997
0 0.0213751578125 0.3876835390625 0.0451270515625 0.381027675 0.04153494375 0.3706153234375 0.0182714578125 0.3766623671875 0.0213751578125 0.3876835390625
0 0.0482367015625 0.5301624796875 0.0776822265625 0.5247221609375 0.067877709375 0.46324728281249994 0.038534162500000003 0.46965668125000004 0.0482367015625 0.5301624796875
0 0.028769815625 0.5654819375 0.0520504796875 0.5584314671875 0.0482367015625 0.5301624796875 0.0455709015625 0.5285525921875001 0.0216183875 0.5323298000000001 0.028769815625 0.5654819375
0 0.0973734875 0.5374242703125 0.1034682375 0.538368178125 0.1355049046875 0.528967115625 0.1264537390625 0.4937069171875 0.09294219375 0.4986204859375 0.0973734875 0.5374242703125
0 0.13276335156250002 0.5219706609375 0.15345020781250002 0.5155499890625 0.1746569203125 0.5047359484375 0.164726896875 0.48367999062499994 0.1264537390625 0.4937069171875 0.13276335156250002 0.5219706609375
0 0.208930275 0.573756840625 0.2029142125 0.55275489375 0.187169553125 0.562583859375 0.189494678125 0.57923439375 0.208930275 0.573756840625
0 0.20245451874999998 0.5466365359375 0.2029142125 0.55275489375 0.208930275 0.573756840625 0.2311192078125 0.5679987390625 0.22568680156249998 0.5428207875 0.20245451874999998 0.5466365359375
0 0.32977999687500004 0.5150344890625 0.3329310890625 0.5426451015625 0.3332922640625 0.5460772546875 0.359544121875 0.540233153125 0.35280655625 0.5137360875 0.32977999687500004 0.5150344890625
0 0.3213347484375 0.4964211515625 0.3165967125 0.473369353125 0.29221296875 0.47946542656249996 0.2952355 0.49924317812499996 0.3213347484375 0.4964211515625
0 0.27266829375 0.407294503125 0.27791825000000003 0.4087662109375 0.3000900640625 0.4036232234375 0.2956575453125 0.3793912765625 0.269472640625 0.3856771796875 0.27266829375 0.407294503125
0 0.282308559375 0.4578751109375 0.313642534375 0.451907775 0.3023528625 0.4039313046875 0.3000900640625 0.4036232234375 0.27791825000000003 0.4087662109375 0.27266829375 0.407294503125 0.271048090625 0.40687053124999994 0.2735626625 0.4297935953125 0.282308559375 0.4578751109375
0 0.1896229625 0.412840496875 0.1844413828125 0.382462659375 0.1552518375 0.390529928125 0.1622964921875 0.419361853125 0.1896229625 0.412840496875
0 0.1514798171875 0.3673244828125 0.17457515625 0.3616240609375 0.17436907343750002 0.3596657171875 0.1698348796875 0.332523125 0.161613875 0.30184612187500004 0.15269956406250002 0.30288678125 0.13942779375 0.3097702296875 0.14498700312499999 0.3404309765625 0.1514798171875 0.3673244828125
0 0.0210067609375 0.098540728125 0.1168541546875 0.07600885156250001 0.1102370125 0.06173959062499999 0.089659303125 0.06414183749999999 0.0183861328125 0.0870544203125 0.0210067609375 0.098540728125
0 0 0.13804491875 0.027464904687500003 0.13618822656250001 0.0183560703125 0.1023244890625 0 0.10446738124999999 0 0.13804491875
0 0.12326945781250001 0.095165721875 0.128538884375 0.114905978125 0.1497341203125 0.1094273796875 0.14702888125 0.08799805000000001 0.12316244218750001 0.0923987609375 0.12326945781250001 0.095165721875
0 0.11915604375 0.078049528125 0.121227375 0.09170499062500001 0.1412361234375 0.08797943593749999 0.13755782968750002 0.06410905781250001 0.11725449375000001 0.0671741375 0.11915604375 0.078049528125
0 0.1622836015625 0.305099196875 0.1698348796875 0.332523125 0.1986022375 0.330166234375 0.195325728125 0.3085583515625 0.181948653125 0.3018020703125 0.1622836015625 0.305099196875
0 0.20984136250000002 0.3545232484375 0.2093208453125 0.3495769109375 0.1986022375 0.330166234375 0.1698348796875 0.332523125 0.174405734375 0.3633196875 0.20984136250000002 0.3545232484375
0 0.26127836718749997 0.2593920234375 0.2563828875 0.2159827546875 0.229992690625 0.222067815625 0.23560033125 0.2627166796875 0.26127836718749997 0.2593920234375
0 0.687572796875 0.100777971875 0.712834175 0.0950495 0.70811963125 0.071443153125 0.684826403125 0.077207546875 0.687572796875 0.100777971875
0 0.5427101953125 0.195370921875 0.5354171984375 0.176234765625 0.5162788 0.17928647343749998 0.520480896875 0.20074542968750003 0.5427101953125 0.195370921875
0 0.70470671875 0.058066931249999995 0.73479641875 0.049220153125 0.73382761875 0.040013904687500004 0.73163458125 0.0222852203125 0.6983652375 0.029500349999999998 0.70470671875 0.058066931249999995
0 0.7275110640625 0.1777415859375 0.7507213109374999 0.171966440625 0.7478467796875 0.1446505375 0.7233337421875 0.1475735078125 0.7275110640625 0.1777415859375
0 0.816008075 0.162750746875 0.8134485187499999 0.14173359375 0.7895974421874999 0.143169121875 0.791987575 0.1658819015625 0.816008075 0.162750746875
0 0.69256396875 0 0.6933978046875 0.010685384374999999 0.6726337390625 0.014233431250000001 0.6698655812500001 0.02759549375 0.6732270171875 0.0435936828125 0.6939708687499999 0.0400479953125 0.6955351140625 0.030995656249999996 0.6983652375 0.029500349999999998 0.711148534375 0.0236140359375 0.711088809375 0.0177964171875 0.7162168765625 0.016359840625 0.7188943421875 0.0046637734375 0.7186864453124999 0 0.69256396875 0
0 0.5484422109375 0.4532318390625 0.5978270453125 0.4391282796875 0.5944836421875 0.4166902796875 0.5607753578125 0.42790102343749997 0.542956446875 0.4291024125 0.5484422109375 0.4532318390625
0 0.6259044015625 0.4339089890625 0.62259414375 0.4104248265625 0.5944836421875 0.4166902796875 0.5978270453125 0.4391282796875 0.6259044015625 0.4339089890625
0 0.7819802453125 0.2508425171875 0.7804177765625 0.2418281984375 0.7553927734375 0.2463028484375 0.7557081625000001 0.2703001296875 0.7621147406250001 0.2705127703125 0.771325596875 0.325374 0.8859574359375 0.29778802031249996 0.87423284375 0.23498406875 0.8473347499999999 0.24382612812499999 0.845368003125 0.2348590046875 0.8170358156249999 0.2436845453125 0.8029389234375 0.2477826796875 0.7861101234375 0.25119831875 0.7844930156250001 0.2513870984375 0.7819802453125 0.2508425171875
0 0.845368003125 0.2348590046875 0.8473347499999999 0.24382612812499999 0.87423284375 0.23498406875 0.869410015625 0.2031541890625 0.8425352890625 0.212218328125 0.845368003125 0.2348590046875
0 0.9742208874999999 0.2171881484375 0.9704113046874999 0.2179315765625 0.9700173453125001 0.22002128437500001 0.96327210625 0.2220349546875 0.9634311437499999 0.22549070625 0.9676936390625 0.24849583593750002 0.975790109375 0.2457113078125 0.9772133421874999 0.2456246359375 0.9742208874999999 0.2171881484375
0 0.7511388343750001 0.439603621875 0.773845434375 0.4366258546875 0.771052121875 0.40697063125 0.7400871578125 0.41391674843750004 0.7511388343750001 0.439603621875
0 0.8146531250000001 0.3902110203125 0.8103292625 0.365067153125 0.7741086953125 0.372626809375 0.7771213234375 0.40125500625 0.8146531250000001 0.3902110203125
0 0.77224295 0.3708417734375 0.7994515375 0.3630057640625 0.8146931546875 0.35889661875 0.8098409921874999 0.344482621875 0.7697036109375001 0.3498222609375 0.77224295 0.3708417734375
0 0.764148015625 0.350307325 0.7697036109375001 0.3498222609375 0.8098409921874999 0.344482621875 0.8058974250000001 0.32295260937500003 0.74011399375 0.337948690625 0.74450943125 0.3544392828125 0.764148015625 0.350307325
0 0.8058974250000001 0.32295260937500003 0.8098409921874999 0.344482621875 0.8120292421874999 0.352054596875 0.842082825 0.342864603125 0.8373176578124999 0.3164438375 0.8058974250000001 0.32295260937500003
0 0.842082825 0.342864603125 0.8745359046875001 0.33742061093750003 0.8689294656250001 0.309422209375 0.8373176578124999 0.3164438375 0.842082825 0.342864603125
0 0.8700871765624999 0.314784653125 0.8745359046875001 0.33742061093750003 0.8762336859375001 0.3383873296875 0.9015994109375001 0.3320948703125 0.896339278125 0.3073873 0.8700871765624999 0.314784653125
0 0.9015994109375001 0.3320948703125 0.9297720125 0.323308396875 0.9258730078124999 0.29578509531249997 0.896339278125 0.3073873 0.9015994109375001 0.3320948703125
0 0.9297720125 0.323308396875 0.9637370109375001 0.31006484218749997 0.9594745171874999 0.2870597125 0.9258730078124999 0.29578509531249997 0.9297720125 0.323308396875
0 0.98090215 0.2806783796875 0.9594745171874999 0.2870597125 0.9637370109375001 0.31006484218749997 0.9833422078125 0.3038655890625 0.98090215 0.2806783796875
0 0.820248453125 0.42121498125 0.8420634625 0.41190358906249996 0.8373949921875001 0.3862072734375 0.8146531250000001 0.3902110203125 0.820248453125 0.42121498125
0 0.8384444109375 0.390151759375 0.8420634625 0.41190358906249996 0.874366059375 0.40950186562499996 0.8712789953125 0.3941665109375 0.8576967468750001 0.3864327625 0.8384444109375 0.390151759375
0 0.8803864796875001 0.44337871562500003 0.8862976703125 0.4412171640625 0.8783622109375001 0.407809121875 0.874366059375 0.40950186562499996 0.8420634625 0.41190358906249996 0.84646726875 0.4360571390625 0.8803864796875001 0.44337871562500003
0 0.8783622109375001 0.407809121875 0.8804804718750001 0.41393823281250003 0.8977922796875 0.4104457703125 0.893301540625 0.3911051 0.8753137578124999 0.39050729375 0.8783622109375001 0.407809121875
0 0.6748436140625 0.2835415921875 0.6882930546875 0.28340210312499997 0.698245075 0.27958346875 0.693347884375 0.2470469703125 0.6648394203125 0.25380849843750003 0.6705160296875 0.282084828125 0.6748436140625 0.2835415921875
0 0.69684213125 0.270918396875 0.7046552421875 0.2704967828125 0.7069774609375 0.278564046875 0.7228979734375 0.2735172859375 0.7212393484375 0.267089275 0.7281339171875 0.2626057125 0.7229926984375 0.23941704531250002 0.693347884375 0.2470469703125 0.69684213125 0.270918396875
0 0.7521472515625 0.2644620609375 0.7492772609375 0.2488561203125 0.7441090796875 0.23474469843749998 0.7229926984375 0.23941704531250002 0.7281339171875 0.2626057125 0.7212393484375 0.267089275 0.7228979734375 0.2735172859375 0.7521472515625 0.2644620609375
0 0.84559513125 0.1164604578125 0.8411175078124999 0.09491104375000001 0.8317747109375 0.0807964765625 0.8244132499999999 0.0505096234375 0.7951384781249999 0.0593225796875 0.7978139625 0.0940804109375 0.7981198984375 0.09698764531250001 0.8013752390625 0.0975886015625 0.805573153125 0.111813290625 0.8136397484375 0.1231338890625 0.84559513125 0.1164604578125
0 0.8564520921875 0.12201902499999999 0.8789045312500001 0.11837606406250001 0.8696149515625 0.056738885937500004 0.8662230281250001 0.0587289578125 0.8388010140625 0.0639534921875 0.84559513125 0.1164604578125 0.8564520921875 0.12201902499999999
0 0.8762137359375 0.09980625 0.9055437484375 0.0915182109375 0.898140896875 0.05383793906249999 0.8708328812499999 0.058006868749999996 0.8762137359375 0.09980625
0 0.9110873046875 0.1134745546875 0.9055437484375 0.0915182109375 0.8762137359375 0.09980625 0.8789045312500001 0.11837606406250001 0.9110873046875 0.1134745546875
0 0.9055437484375 0.0915182109375 0.9366864500000001 0.084122165625 0.9309792546875 0.047388421874999996 0.898140896875 0.05383793906249999 0.9055437484375 0.0915182109375
0 0.9577794984375 0.060950103125 0.94591770625 0.0633430859375 0.9490729859375 0.0913823890625 0.9606081796874999 0.0878302796875 0.9577794984375 0.060950103125
0 0.8937200734375 0.0499396 0.9259055187499999 0.041563465625000004 0.92171963125 0.0185085171875 0.8911429796875 0.0254501765625 0.8937200734375 0.0499396
0 0.9525799812500001 0.011540490625 0.92171963125 0.0185085171875 0.9259055187499999 0.041563465625000004 0.9550130125 0.034660929687499994 0.9525799812500001 0.011540490625
0 0.8302117687499999 0.12894495156250002 0.8344781390625 0.1611259125 0.8493807953125 0.15437906875000001 0.8453519484375001 0.12717748281250002 0.8302117687499999 0.12894495156250002
0 0.8013343125000001 0 0.80157339375 0.001081634375 0.8049735109375 0.0011138843750000001 0.8091813812499999 0.0129053890625 0.8313874328124999 0.006532173437499999 0.8300991109375 0 0.8013343125000001 0
0 0.52127211875 0 0.5258833078125 0.0241916765625 0.55519334375 0.0211583203125 0.553586271875 0 0.52127211875 0
0 0.2875441015625 0.07051109375 0.291667728125 0.0700297 0.2966734890625 0.0615974578125 0.3117380953125 0.06008405625 0.309889359375 0.0448493859375 0.2809343703125 0.049701075 0.2875441015625 0.07051109375
0 0.2742082 0.11314662187499999 0.271863415625 0.08619805625 0.24269135468749997 0.0913203328125 0.24714275156249998 0.117287234375 0.2742082 0.11314662187499999
0 0.439753559375 0 0.4205211125 0.003363053125 0.421580953125 0.028990148437500002 0.4444869609375 0.02304615 0.4416582125 0 0.439753559375 0
0 0.46450604375 0 0.4670588015625 0.017815584375 0.48710269687499996 0.0138406828125 0.4855098546875 0 0.46450604375 0
0 0.5100444828125 0.051014915625000004 0.5077062437500001 0.0365731265625 0.499387609375 0.031413096875000004 0.490207 0.0277842984375 0.48006850625 0.02671978125 0.48530890937500004 0.055128784374999996 0.5100444828125 0.051014915625000004
0 0.45012243906249993 0.1640995296875 0.478464821875 0.15809312656250002 0.4748176078125 0.13276808125 0.4453774859375 0.13767640625 0.45012243906249993 0.1640995296875
0 0.13443488125 0.34476928125 0.12860706093750002 0.3173894046875 0.1069702203125 0.316727096875 0.10268021875 0.3062940328125 0.06383567500000001 0.3101134546875 0.07408400000000001 0.35694438906250003 0.13443488125 0.34476928125
0 0.9522633984375 0.2072565078125 0.946588296875 0.18968907343750002 0.9251351390625 0.19135559687499998 0.93429254375 0.21401410156249998 0.9522633984375 0.2072565078125
0 0.2883033265625 0.749733228125 0.280984790625 0.7103263890625 0.132730203125 0.7396302859375 0.1426253078125 0.7797990671874999 0.2883033265625 0.749733228125
0 0.2936227 0.7833649234375 0.2883033265625 0.749733228125 0.1426253078125 0.7797990671874999 0.146520125 0.806893678125 0.2936227 0.7833649234375
0 0.104499715625 0.7918116093750001 0.09600574687499999 0.744734996875 0.07394665624999999 0.750171384375 0.085459046875 0.79579201875 0.104499715625 0.7918116093750001
0 0.14235104375000002 0.7919707578125 0.1353272734375 0.7588650296874999 0.119713490625 0.7617709578125 0.12673088906250002 0.7948161171875 0.14235104375000002 0.7919707578125
0 0.0434234 0.6407580578125 0.083061021875 0.633780475 0.0869134984375 0.6256668015625 0.0844321875 0.6077265234375 0.036306503125 0.6180452765625 0.0393442734375 0.635634471875 0.0434234 0.6407580578125
0 0.128410346875 0.573939603125 0.132035471875 0.5908879890625001 0.1520156296875 0.5863074125 0.1482308578125 0.56978640625 0.128410346875 0.573939603125
0 0.52480504375 0.670785803125 0.516187278125 0.653255340625 0.492030371875 0.66461815625 0.5047566875 0.7099131421875 0.5366286703125 0.6991415765625 0.5350055046875 0.683717075 0.530811471875 0.6718626453125001 0.52480504375 0.670785803125
0 0.5926119109375 0.886186859375 0.597985428125 0.9205275328125 0.60618934375 0.9177917734375001 0.608868378125 0.9164162890625001 0.6133803796875 0.9155421265625 0.616533740625 0.915174 0.6197412484375 0.9155148578125001 0.625756359375 0.9155075140625 0.63295109375 0.9167930640625 0.63493065625 0.9186874328125001 0.66803786875 0.9074037984375 0.6617598234375001 0.87457888125 0.6474244984374999 0.8727167640625 0.5926119109375 0.886186859375
0 0.25649293125 0.3686968046875 0.2796522515625 0.36204880781250004 0.27219311562500004 0.3372505171875 0.25109664062500003 0.34386206874999997 0.25649293125 0.3686968046875
0 0.21789434375 0.3847702484375 0.24563971874999999 0.3798962734375 0.23963616562499998 0.3537631390625 0.2136300296875 0.3598033640625 0.21789434375 0.3847702484375
0 0.422731103125 0.3531731734375 0.419843334375 0.328842640625 0.402195359375 0.3322517234375 0.40670242031250003 0.35602535 0.422731103125 0.3531731734375
0 0.3017266609375 0.4012862640625 0.373520953125 0.3862424640625 0.3706608609375 0.36859165156249996 0.2961346609375 0.3829529546875 0.3017266609375 0.4012862640625
0 0.276413503125 0.54691314375 0.2835338796875 0.5474920734375 0.28597975781249996 0.5472065421875 0.288425634375 0.546921009375 0.28585703906250004 0.522512340625 0.2958737046875 0.5202802609375 0.2874174859375 0.483479134375 0.2421637515625 0.49017223125 0.252089125 0.5543511421875 0.2604178453125 0.5494957828125 0.271178115625 0.547524325 0.276413503125 0.54691314375
0 0.4447188421875 0.5173939843750001 0.44957988281250005 0.5159477046875 0.4573814625 0.5144442687499999 0.46029225625 0.5141044609375001 0.45744127187499994 0.49265127499999994 0.42910435312499995 0.4977373671875 0.43696314999999997 0.5247779640625 0.43988074531250004 0.52178053125 0.4447188421875 0.5173939843750001
0 0.5569497265625001 0.4885759421875 0.5519354359374999 0.463287865625 0.5202544890625 0.47023581718749996 0.5251408765625001 0.4970307375 0.5569497265625001 0.4885759421875
0 0.5072552531250001 0.42856963124999997 0.523753346875 0.42415030624999994 0.5289756890625 0.41855398125 0.524355653125 0.402845784375 0.49835382812500006 0.40853807499999995 0.502746834375 0.42695004374999995 0.5072552531250001 0.42856963124999997
0 0.63758708125 0.17450556718750002 0.6441743515625 0.1960743828125 0.6557504578125 0.19504997968749999 0.653844725 0.176940321875 0.649782075 0.1414451953125 0.61286045625 0.1487596984375 0.61386325 0.158288971875 0.6161639125 0.1749014859375 0.63758708125 0.17450556718750002
0 0.6441743515625 0.1960743828125 0.63758708125 0.17450556718750002 0.6161639125 0.1749014859375 0.6208270375 0.200741484375 0.6441743515625 0.1960743828125
0 0.5838412046875 0 0.5875799453125 0.025777173437500002 0.6200106875 0.02031535 0.6161102171875 0.0021115640625 0.615837128125 0 0.5838412046875 0
0 0.54405636875 0.22002448125 0.5427101953125 0.195370921875 0.520480896875 0.20074542968750003 0.5244321671875001 0.22740426875000003 0.54405636875 0.22002448125
0 0.20228990468750002 0.2537912484375 0.1983384453125 0.235102925 0.17743506874999998 0.238299365625 0.1815342140625 0.25819667812499997 0.20228990468750002 0.2537912484375
0 0.1302005296875 0.27808665625 0.15562731875 0.27587450156250004 0.15199006718750002 0.241310696875 0.12033358281249999 0.2482966671875 0.1302005296875 0.27808665625
0 0.9314584796875 0.139054453125 0.9547448453125 0.1363359953125 0.958933309375 0.129470640625 0.956562296875 0.1069395625 0.9464910703125 0.09756970468750001 0.9338390140625 0.101008678125 0.9340429718750001 0.102946834375 0.9213909140625001 0.10638580625 0.9314584796875 0.139054453125
0 0 0.49549618124999995 0.0269370359375 0.48934266718749997 0.021340073437500003 0.4552120109375 0 0.45916414687499996 0 0.49549618124999995
0 0 0.5228944546875 0.035436790625 0.513140678125 0.0269370359375 0.48934266718749997 0 0.49549618124999995 0 0.5228944546875
0 0.0366207921875 0.5813647578125 0.0620619078125 0.57598316875 0.059270589062500004 0.5607359140625 0.0520504796875 0.5584314671875 0.032152934375 0.565352675 0.0366207921875 0.5813647578125
0 0.059270589062500004 0.5607359140625 0.0620619078125 0.57598316875 0.0657608984375 0.6035502578124999 0.09495785 0.5957478078125 0.08768721562500001 0.54940718125 0.0520504796875 0.5584314671875 0.059270589062500004 0.5607359140625
0 0.0655526921875 0.601571721875 0.0620619078125 0.57598316875 0.0366207921875 0.5813647578125 0.041989334375 0.6135192375 0.0648370703125 0.6060492546875 0.06475421249999999 0.605261878125 0.0649725578125 0.6036422890625001 0.0655526921875 0.601571721875
0 0.09294219375 0.4986204859375 0.1264537390625 0.4937069171875 0.122033671875 0.4579265203125 0.0896145859375 0.4636935390625 0.09294219375 0.4986204859375
0 0.0896145859375 0.4636935390625 0.122033671875 0.4579265203125 0.1238785984375 0.456791471875 0.12095051875 0.43849460625000003 0.084743728125 0.4463796484375 0.0896145859375 0.4636935390625
0 0.2029142125 0.55275489375 0.2009616125 0.5417832781249999 0.18977554375 0.5115137296875 0.1841096015625 0.5033667578125 0.166946025 0.5113789640624999 0.178469515625 0.5676051875 0.2029142125 0.55275489375
0 0.2339971484375 0.44503980781249997 0.227430096875 0.4166630546875 0.17547567343749998 0.432987684375 0.1843914109375 0.47026653281249997 0.1994444828125 0.46767131093750003 0.20704581093750002 0.4609593375 0.20747237031250002 0.45451271093749995 0.2339971484375 0.44503980781249997
0 0.2507160578125 0.463913503125 0.24526458906249998 0.43816553437500005 0.23380958281250003 0.4403407203125 0.2339971484375 0.44503980781249997 0.20747237031250002 0.45451271093749995 0.20704581093750002 0.4609593375 0.20939505 0.4595610453125 0.2127431328125 0.472515653125 0.2507160578125 0.463913503125
0 0.23380958281250003 0.4403407203125 0.24526458906249998 0.43816553437500005 0.2439939125 0.43406294375 0.2735626625 0.4297935953125 0.271048090625 0.40687053124999994 0.227430096875 0.4166630546875 0.23380958281250003 0.4403407203125
0 0.24526458906249998 0.43816553437500005 0.2517010109375 0.465106496875 0.28220876875 0.4565379078125 0.2735626625 0.4297935953125 0.2439939125 0.43406294375 0.24526458906249998 0.43816553437500005
0 0.40009841875 0.23785203125 0.38601820937500003 0.183191384375 0.3510074390625 0.1896083875 0.362749275 0.2442150234375 0.40009841875 0.23785203125
0 0.35341020156249997 0.3485538015625 0.3502613609375 0.313381178125 0.2816793078125 0.33250528125 0.28683702968749997 0.365767540625 0.35341020156249997 0.3485538015625
0 0.4968147375 0.10865936406250001 0.49041742499999996 0.063034271875 0.46258894687499996 0.068674125 0.47030422656250004 0.11535115 0.4968147375 0.10865936406250001
0 0.492495246875 0.0827792484375 0.542403271875 0.0701473984375 0.5392581812499999 0.0517328046875 0.49041742499999996 0.063034271875 0.492495246875 0.0827792484375
0 0.5488290703125001 0.09698741250000001 0.542403271875 0.0701473984375 0.492495246875 0.0827792484375 0.4968147375 0.10865936406250001 0.5488290703125001 0.09698741250000001
0 0.5309946359375 0.14956963437499998 0.5527952546875 0.14381598906249998 0.5535835953125 0.1437239578125 0.5505922125 0.1152976515625 0.525231828125 0.1214464265625 0.5309946359375 0.14956963437499998
0 0.5535835953125 0.1437239578125 0.5309946359375 0.14956963437499998 0.5384911031249999 0.1737504515625 0.5868649390625 0.16170644375 0.57549915 0.1106732859375 0.5505922125 0.1152976515625 0.5535835953125 0.1437239578125
0 0.5569460046875 0 0.5653251218750001 0.0649372859375 0.5900503796875001 0.05878090625 0.5916669437500001 0.055281368750000004 0.5837828468749999 0 0.5569460046875 0
0 0.6504872984375 0.0880627546875 0.656713028125 0.1085292953125 0.687572796875 0.100777971875 0.684826403125 0.077207546875 0.6560944937500001 0.084179096875 0.6504872984375 0.0880627546875
0 0.5955023515625 0.20314609374999998 0.591818409375 0.1813609640625 0.5689562296874999 0.18597143124999999 0.5733006703125 0.20878305937500002 0.5955023515625 0.20314609374999998
0 0.591818409375 0.1813609640625 0.5955023515625 0.20314609374999998 0.6208270375 0.200741484375 0.6161639125 0.1749014859375 0.5953127390625 0.177621778125 0.591818409375 0.1813609640625
0 0.75653448125 0.08273359687500001 0.7490283078125 0.052627134374999995 0.72172471875 0.06247707500000001 0.7280290515625001 0.0904961921875 0.75653448125 0.08273359687500001
0 0.75653448125 0.08273359687500001 0.7814834875 0.0744256296875 0.772860509375 0.0494566484375 0.7490283078125 0.052627134374999995 0.75653448125 0.08273359687500001
0 0.76113423125 0.112443615625 0.75653448125 0.08273359687500001 0.7280290515625001 0.0904961921875 0.734798240625 0.11884934375 0.76113423125 0.112443615625
0 0.76113423125 0.112443615625 0.787988378125 0.10571171406249999 0.7814834875 0.0744256296875 0.75653448125 0.08273359687500001 0.76113423125 0.112443615625
0 0.7275110640625 0.1777415859375 0.7233337421875 0.1475735078125 0.6997970984374999 0.151997028125 0.7036647781250001 0.18252825 0.7275110640625 0.1777415859375
0 0.8319307671875 0 0.8379877515624999 0.033086134375 0.862964071875 0.026982195312500002 0.8567048796875 0 0.8319307671875 0
0 0.8567048796875 0 0.862964071875 0.026982195312500002 0.8878319171875001 0.0206252359375 0.8836671328125 0 0.8567048796875 0
0 0.8836671328125 0 0.8878319171875001 0.0206252359375 0.9150802609375001 0.01705595 0.9098531921875 0 0.8836671328125 0
0 0.9098531921875 0 0.9150802609375001 0.01705595 0.9523318406250001 0.0091824875 0.9513655406250001 0 0.9098531921875 0
0 0.537820134375 0.4152938296875 0.5289756890625 0.41855398125 0.523753346875 0.42415030624999994 0.5072552531250001 0.42856963124999997 0.514374928125 0.46744788281250005 0.550488175 0.45906283124999997 0.542956446875 0.4291024125 0.537820134375 0.4152938296875
0 0.6902856078124999 0.351531790625 0.6881495078125 0.33706640625 0.6988203625 0.33541194375 0.6917085140625 0.3008858953125 0.6625465265625 0.3096039359375 0.6704013609375 0.3550793125 0.6902856078124999 0.351531790625
0 0.6917085140625 0.3008858953125 0.6949968656250001 0.3148284609375 0.7173799265625 0.3058595 0.7174247484375 0.2778962328125 0.6882930546875 0.28340210312499997 0.6917085140625 0.3008858953125
0 0.727812928125 0.328389528125 0.7222368375 0.30359621875 0.6949968656250001 0.3148284609375 0.6988203625 0.33541194375 0.727812928125 0.328389528125
0 0.7174247484375 0.2778962328125 0.7173799265625 0.3058595 0.7222368375 0.30359621875 0.750840428125 0.29404413125 0.7477548296875 0.26938925937499997 0.7174247484375 0.2778962328125
0 0.7577273765625 0.3244885625 0.750840428125 0.29404413125 0.726427603125 0.3023916875 0.7309809796875 0.32932766562500004 0.7577273765625 0.3244885625
0 0.9316643734375001 0.2911237625 0.9442843890624999 0.27493574375 0.9421804625 0.2588316296875 0.9322271343749999 0.2303597 0.880573734375 0.2470170578125 0.8915340921875 0.2986697859375 0.9316643734375001 0.2911237625
0 0.9421804625 0.2588316296875 0.9676936390625 0.24849583593750002 0.9634311437499999 0.22549070625 0.9322271343749999 0.2303597 0.9421804625 0.2588316296875
0 0.9442843890624999 0.27493574375 0.97899941875 0.2684306421875 0.975790109375 0.2457113078125 0.9676936390625 0.24849583593750002 0.9421804625 0.2588316296875 0.9442843890624999 0.27493574375