0 0.4194273125 0.34698715625 0.42178414062499997 0.227788421875 0.3846916296875 0.230383075 0.387070484375 0.34717540156250004 0.4194273125 0.34698715625
0 0.48160792968750005 0.2821320078125 0.48817180625 0.23715989999999998 0.45145374374999997 0.2313382765625 0.45145374374999997 0.2790255015625 0.48160792968750005 0.2821320078125
0 0.4503524234375 0.273547328125 0.4503524234375 0.2351772828125 0.4229515421875 0.237539340625 0.42680616718750003 0.2709310109375 0.4503524234375 0.273547328125
0 0.4574889875 0.3151577890625 0.4558370046875 0.2718634359375 0.42680616718750003 0.2764155921875 0.42733480156250003 0.31753586562499997 0.4574889875 0.3151577890625
0 0.570528634375 0.28084375625 0.570528634375 0.23809045312500002 0.51068281875 0.23449589531249998 0.5067180609374999 0.28317534843750003 0.570528634375 0.28084375625
0 0.512643171875 0.319969071875 0.5133039640625 0.38639694375 0.566585903125 0.386747753125 0.566585903125 0.3183556828125 0.512643171875 0.319969071875
0 0.4858810578125 0.38109393125 0.48533039687499996 0.354797575 0.4573788546875 0.3516562296875 0.44806167343750003 0.3802126359375 0.4858810578125 0.38109393125
0 0.420903084375 0.37446755781249996 0.420154184375 0.353921253125 0.3892070484375 0.35346253125 0.38854625625 0.3765941296875 0.420903084375 0.37446755781249996
0 0.37022026406249997 0.372846121875 0.368325990625 0.34400251718749997 0.3372466953125 0.34323619375000003 0.34008810624999997 0.3742989578125 0.37022026406249997 0.372846121875
0 0.3430616734375 0.317387384375 0.3430616734375 0.2970349625 0.315044053125 0.29851955 0.315044053125 0.3183433375 0.3430616734375 0.317387384375
0 0.2749779734375 0.20018436562500003 0.2727092515625 0.23449271875000002 0.2864096921875 0.2389504578125 0.2845814984375 0.28878488125 0.3348237890625 0.2889110828125 0.33898678437499996 0.23547276718750002 0.2982819390625 0.23161266406249997 0.297356828125 0.20604535781250002 0.2749779734375 0.20018436562500003
0 0.27354625625 0.2346860875 0.27546255468749997 0.20295687812500002 0.2361233484375 0.1993751734375 0.2281938328125 0.23431117499999998 0.27354625625 0.2346860875
0 0.2770484578125 0.3041150515625 0.28052863437500003 0.23717850624999998 0.13462555 0.22756478906250002 0.1317621140625 0.2840351921875 0.1720484578125 0.27904310468750004 0.171101321875 0.30189002343750004 0.2770484578125 0.3041150515625
0 0.1290088109375 0.2781481265625 0.130925109375 0.22611054687499998 0.0998237890625 0.22153377968750002 0.09665198281250001 0.2719927609375 0.1290088109375 0.2781481265625
0 0.09603524218750001 0.270718815625 0.1017400875 0.22185302812500002 0.06240088125 0.221134759375 0.063039646875 0.2642587953125 0.09603524218750001 0.270718815625
0 0 0.28577007656250003 0.053193832812499994 0.2878182796875 0.058898678125000006 0.223071434375 0.026563876562499998 0.22444898124999998 0.0283920703125 0.204856846875 0.0151321578125 0.20088112656249998 0.014383259374999999 0.2237048671875 0 0.2240513875 0 0.28577007656250003
0 0.3040308375 0.366447059375 0.305396475 0.3043245765625 0.27662995625 0.30039501875 0.2725110125 0.36801810156250003 0.3040308375 0.366447059375
0 0.27207048437500003 0.369386303125 0.275330396875 0.31954355 0.2451101328125 0.32295725000000003 0.249229075 0.3667658875 0.27207048437500003 0.369386303125
0 0.2442070484375 0.3667951046875 0.2464757703125 0.3334559125 0.2099339203125 0.335034146875 0.2090308375 0.36609666875 0.2442070484375 0.3667951046875
0 0.1213436125 0.36477862499999997 0.125440528125 0.33460060468749997 0.0875330390625 0.3320898671875 0.0848017625 0.36499121875 0.1213436125 0.36477862499999997
0 0 0.366271553125 0.0089647578125 0.3670183296875 0.06764317187499999 0.370487521875 0.06605726875 0.3562236203125 0.06255506562499999 0.355935625 0.0619383265625 0.3419744546875 0.035925109375 0.343403328125 0.017841409375 0.3546098578125 0.018788546875 0.3298466390625 0 0.32927185937500003 0 0.366271553125
0 0.2505506609375 0.5842692109375001 0.25603524218749996 0.51025051875 0.17337004375 0.5130001734375 0.1756387671875 0.5856081203125 0.2003083703125 0.5877553453125001 0.20259911874999997 0.583623075 0.2505506609375 0.5842692109375001
0 0.1982378859375 0.4977453640625 0.20145374375 0.47138304218749993 0.16171806093750002 0.47434549531250003 0.1623348015625 0.49509080625 0.1982378859375 0.4977453640625
0 0.2628193828125 0.50609210625 0.26568281875 0.474026990625 0.21493392031249997 0.47211959531250003 0.2142951546875 0.5025638406249999 0.2628193828125 0.50609210625
0 0.2525770921875 0.7676715187500001 0.266784140625 0.621729834375 0.0801982375 0.6180796765625 0.1038766515625 0.773272315625 0.2525770921875 0.7676715187500001
0 0.6560352421875 0.8817339593750001 0.6540528640625001 0.9580450515625 0.671145375 0.9526812937500001 0.6757488984375 0.9710686078125 0.694185021875 0.9722829359375 0.6935242296874999 0.8762735640624999 0.6560352421875 0.8817339593750001
0 0.5724889875 0.9374843343749999 0.574471365625 0.8736622281249999 0.5067180609374999 0.8845850390625 0.521145375 0.9476288578125001 0.5724889875 0.9374843343749999
0 0.6057709250000001 0.9513655953125 0.60540273125 0.9964778703125001 0.6415388421875 0.9962676359374999 0.6399779734375 0.9465630609375 0.6057709250000001 0.9513655953125
0 0.5682819390625 0.9890726875 0.5702643171874999 0.9476294359375 0.5413215859375 0.9425335015625 0.5383504390625 0.9968679687499999 0.6070431703125 0.9964683265625001 0.6070925109374999 0.9941112109375 0.5682819390625 0.9890726875
0 0.51568281875 0.96371790625 0.5077753296874999 0.990085496875 0.45451541874999996 0.9870913890624999 0.4540671953125 0.9973583140625 0.538700440625 0.9968659328125 0.538700440625 0.9734518359375001 0.51568281875 0.96371790625
0 0.3991189421875 0.9492198437500001 0.39962665468749997 0.997675040625 0.43602308437500004 0.9974632921875 0.43477973593749997 0.9536599515624999 0.3991189421875 0.9492198437500001
0 0.33546255468749997 0.9568809343750001 0.33042567031250003 0.9980776390624999 0.396263559375 0.99769460625 0.3955947140625 0.957610390625 0.33546255468749997 0.9568809343750001
0 0.394603525 0.9505677 0.394603525 0.9007659374999999 0.36125550624999997 0.9023255890625 0.36125550624999997 0.9507617125 0.394603525 0.9505677
0 0.3245814984375 0.9126931390624999 0.3306607921875 0.87763574375 0.2941189421875 0.8759540640625 0.2922246703125 0.9082998859375 0.3245814984375 0.9126931390624999
0 0.3188766515625 0.9709642125 0.316211453125 0.9070369875000001 0.3002202640625 0.9082533703125 0.3005947140625 0.9710705734375 0.3188766515625 0.9709642125
0 0.2808370046875 0.9486304546875 0.281387665625 0.8707858421875001 0.24850220312500002 0.867695225 0.2452202640625 0.949388328125 0.2808370046875 0.9486304546875
0 0.9727533046874999 0.9496050046875 0.9690488859374999 0.9943622390625 0.9950115734375 0.9942111921875 0.9964977968750001 0.9544888890625 0.9727533046874999 0.9496050046875
0 0.9371145375 0.9447903171875 0.9358379093750001 0.9945554546875 0.96968656875 0.994358528125 0.9718281937500001 0.9487073015625 0.9371145375 0.9447903171875
0 0.9042290749999999 0.9367657796875 0.90159246875 0.9947546890625001 0.934679009375 0.994562196875 0.9376651984375 0.9396990078125 0.9042290749999999 0.9367657796875
0 0.8535462562499999 0.9493954453125 0.8512829203125 0.99504738125 0.8938916125 0.9947994906250001 0.8922907484374999 0.9511964703125001 0.8535462562499999 0.9493954453125
0 0.954955946875 0.8864045812500001 0.9557488984375 0.9128316859375 0.9911674015624999 0.9216124109375 0.9932819390625 0.8877675109375 0.954955946875 0.8864045812500001
0 0.9083039640624999 0.910949121875 0.9094052859374999 0.887594696875 0.8842951546875 0.8859786703125 0.8836343609374999 0.9102115890625001 0.9083039640624999 0.910949121875
0 0.8392070484374999 0.91582248125 0.8447136562500001 0.8893587281249999 0.8044052859375 0.8884919124999999 0.8015418499999999 0.9133984390625001 0.8392070484374999 0.91582248125
0 0.8163497812499999 0 0.8149559468750001 0.015787359375 0.7949779734375 0.029405790625 0.7867621140625001 0.06645799375 0.91068281875 0.0663097328125 0.9476872249999999 0.0801913625 0.9547356828125 0.047264893749999995 0.945925109375 0.025576064062499997 0.9535462562499999 0.0032189500000000004 0.93810526875 0 0.8163497812499999 0
0 0.8156167406250001 0.16221523437500002 0.8198237890625 0.0967722546875 0.7901321578125 0.096636625 0.7881497796875 0.164071065625 0.8156167406250001 0.16221523437500002
0 0.89145374375 0.1373687390625 0.8982599125 0.104025178125 0.8268722468749999 0.1037576796875 0.827312775 0.1374775828125 0.89145374375 0.1373687390625
0 0.9063876656250001 0.0971937515625 0.9046916296875 0.140243265625 0.93528634375 0.1400652703125 0.937555065625 0.09672608125 0.9063876656250001 0.0971937515625
0 0.9256607921875 0.1743943984375 0.9245154187500001 0.13814555625 0.8845814984375 0.1375408796875 0.8848678421875 0.1740590375 0.9256607921875 0.1743943984375
0 0.942731278125 0.1746254828125 0.9430837000000001 0.24361021562500002 0.9746916296875 0.2458051796875 0.9740088109375 0.1764919734375 0.942731278125 0.1746254828125
0 1 0.1008637125 0.9544273125 0.1003063359375 0.9479735687499999 0.17481524843750001 0.9748898671875 0.17428420312499998 0.9737444937499999 0.2520661984375 1 0.2527915578125 1 0.1008637125
0 0.89356828125 0.2476207546875 0.9327312781250001 0.2482078890625 0.9351762109375 0.21026414999999998 0.9310792953125 0.1821382046875 0.88662995625 0.18321178124999998 0.8837885468750001 0.2105631140625 0.8923348015625001 0.21377330625000002 0.89356828125 0.2476207546875
0 0.8801101328125001 0.2101660125 0.8780616734375 0.177556784375 0.8429955953125001 0.17450088125000002 0.8413656390625001 0.2487394390625 0.8903083703125001 0.24722121874999997 0.8923348015625001 0.21214335 0.8801101328125001 0.2101660125
0 0.837687225 0.24876083906250002 0.837687225 0.20184453906250002 0.785903084375 0.2021458109375 0.785903084375 0.2449651953125 0.837687225 0.24876083906250002
0 0.837070484375 0.3175970265625 0.8395374453125 0.2596751859375 0.8183259906250001 0.2557237 0.8146475765625001 0.31935743437499997 0.837070484375 0.3175970265625
0 0.8146475765625001 0.31365258906250004 0.8166960359375001 0.253684725 0.787731278125 0.25017482343749997 0.786497796875 0.27956525781249997 0.7914096921875 0.2933913078125 0.794669603125 0.31500229687500003 0.8146475765625001 0.31365258906250004
0 0.9138105734374999 0.3138466015625 0.9171806171875 0.250390871875 0.8447136562500001 0.2513631328125 0.841872246875 0.308317990625 0.9138105734374999 0.3138466015625
0 0.9337004406249999 0.24280577499999997 0.9302643171874999 0.30170241875000003 0.9707048453124999 0.3052116359375 0.9724229078125 0.2742765296875 0.9622246703125 0.27162661093749996 0.9618722468750001 0.2454392328125 0.9337004406249999 0.24280577499999997
0 0.955770925 0.3694174609375 0.967444934375 0.37199271562499997 0.9733920703125 0.3479493046875 0.9725110125 0.3061042109375 0.925154184375 0.3019744390625 0.923612334375 0.36189530312499996 0.9540088109375 0.359956346875 0.955770925 0.3694174609375
0 0.9541629953124999 0.3947572125 0.9552202640624999 0.3582752890625 0.8909911890625001 0.3578560125 0.893898678125 0.393786234375 0.9541629953124999 0.3947572125
0 0.8923127750000001 0.3994342265625 0.8895814984375001 0.3583487953125 0.92154185 0.35816285625 0.9242951546875 0.3060763515625 0.915154184375 0.3061295328125 0.913325990625 0.3152811390625 0.8402422906250001 0.3088561078125 0.8388766515625001 0.317542465625 0.820616740625 0.32128306093750003 0.8133039640625 0.314475384375 0.790925109375 0.3150681359375 0.7781277531249999 0.3343276109375 0.8119383265625 0.3359591 0.8083700437499999 0.3963983625 0.8923127750000001 0.3994342265625
0 0.8078193828125 0.392943415625 0.8123788546874999 0.33901821249999997 0.783612334375 0.3346260984375 0.783612334375 0.39262169375 0.8078193828125 0.392943415625
0 0.7082378859375 0.4031923671875 0.7071365640625 0.336899215625 0.6824889875 0.33483996875 0.677555065625 0.40174091875 0.7082378859375 0.4031923671875
0 0.6836784140625001 0.29525155000000003 0.685330396875 0.2738763 0.6590308375 0.2756812890625 0.65462555 0.2970725578125 0.6836784140625001 0.29525155000000003
0 0.62394273125 0.36412331249999996 0.6162775328125 0.3915687859375 0.64585903125 0.3985112234375 0.655726871875 0.3858546953125 0.652444934375 0.36450815 0.62394273125 0.36412331249999996
0 0.813414096875 0.5355980921875 0.8127533046875 0.48956669374999995 0.7792070484375 0.48910106718749996 0.7733039640625 0.53254950625 0.813414096875 0.5355980921875
0 0.8377533046875 0.4973067109375 0.8443392078124999 0.5334357953125 0.8699779734374999 0.537912184375 0.8706387671875 0.49317265781249997 0.8377533046875 0.4973067109375
0 0.95220264375 0.5393941671875 0.9581057265625 0.49464616875 0.9270925109375 0.49614818281249995 0.9212775328125 0.53298818125 0.95220264375 0.5393941671875
0 0.9575110125 0.6385703328125001 0.9564096921875 0.6073432609375 0.9317400875 0.6063854625 0.9344933921875 0.63762495 0.9575110125 0.6385703328125001
0 1 0.4996667515625 0.9843612328125 0.499757734375 0.9805286343749999 0.52993421875 1 0.5298209375 1 0.4996667515625
0 0.9101101328125001 0.6309826671875001 0.907841409375 0.5917888171875 0.8770044046875001 0.591197296875 0.8751101328124999 0.629269990625 0.9101101328125001 0.6309826671875001
0 0.944757709375 0.642565234375 0.808502203125 0.6361332765625 0.8096475765625 0.6718975375 0.9116519828125 0.6655992484375 0.91240088125 0.699845990625 0.9474229078124999 0.7019329890625 0.944757709375 0.642565234375
0 0.8124229078124999 0.703004740625 0.8069603531249999 0.6306796921875 0.775154184375 0.6303140734375 0.77297356875 0.7026835890625 0.8124229078124999 0.703004740625
0 0.8441189421875 0.77676306875 0.8265638765625001 0.75712951875 0.7640969156249999 0.7503563765625 0.7635462562499999 0.8232670687500001 0.9153524234375 0.825665825 0.9131718062499999 0.77964326875 0.8441189421875 0.77676306875
0 0.66971365625 0.49198477812499997 0.667731278125 0.5617099671875 0.70720264375 0.5542336328124999 0.70720264375 0.4950486109375 0.66971365625 0.49198477812499997
0 0.5550660796875 0.5698544203125 0.5590088109375 0.49223236249999996 0.526784140625 0.48845508281249994 0.527444934375 0.566733178125 0.5550660796875 0.5698544203125
0 0.5529735687499999 0.636166153125 0.555154184375 0.5681799 0.45431718125 0.5605506921875001 0.4433480171875 0.6329713375 0.5529735687499999 0.636166153125
0 0.546982378125 0.709747265625 0.5502202640625 0.6339795296874999 0.448325990625 0.63360316875 0.44394273125000006 0.7070647937500001 0.546982378125 0.709747265625
0 0.4440528640625 0.531293228125 0.44625550625 0.48194120625 0.405154184375 0.4832816484375 0.4078854625 0.5336842609375 0.4440528640625 0.531293228125
0 0.43638766562500003 0.5784743859375 0.43859030781249997 0.5516113515625001 0.410616740625 0.5539547140625001 0.4139207046875 0.581887034375 0.43638766562500003 0.5784743859375
0 0.4013656390625 0.5961671265625 0.4013656390625 0.5523125 0.3662775328125 0.5497853593750001 0.3706607921875 0.5957951 0.4013656390625 0.5961671265625
0 0.6296475765625 0.7421958484375 0.637555065625 0.6855859671875 0.5901982375 0.6832403359375 0.5895374453125 0.74441158125 0.6296475765625 0.7421958484375
0 0.6339207046875 0.7075454375 0.6286343609375 0.7498669421875 0.6605726875 0.7512229796875001 0.657268721875 0.7065285453125 0.6339207046875 0.7075454375
0 0.6717180609375 0.64047531875 0.6733039640625 0.61509164375 0.635242290625 0.6139914937500001 0.6365638765625 0.6393582531249999 0.6717180609375 0.64047531875
0 0.5477533046875 0.7766590796874999 0.545528634375 0.710702859375 0.47766519843750005 0.7088730078125 0.47268722500000004 0.7730209109375 0.5477533046875 0.7766590796874999
0 0.3587224671875 0.68126103125 0.3039207046875 0.679377215625 0.31048458125 0.7237443140625001 0.32255506562499997 0.72968730625 0.33898678437499996 0.7559132953125001 0.3598237890625 0.7700431703125 0.39654185000000003 0.7731114890625 0.39927312812500004 0.664020709375 0.3888766515625 0.662979871875 0.3587224671875 0.68126103125
0 0.1647797359375 0.11232327812500001 0.165440528125 0.082715909375 0.1361674015625 0.0836791671875 0.1302643171875 0.1514668140625 0.16354625625000002 0.1554141546875 0.17070484531250002 0.12676017343749998 0.1647797359375 0.11232327812500001
0 0.13024229062499998 0.15265636875 0.1361894265625 0.0836570125 0.1052202640625 0.08529093125000001 0.1060352421875 0.1473126203125 0.13024229062499998 0.15265636875
0 0.265242290625 0.1362762484375 0.273986784375 0.139639471875 0.2808370046875 0.1183000578125 0.27894273125 0.083289053125 0.24850220312500002 0.0842150484375 0.2519163 0.125318534375 0.26068281875 0.1248710578125 0.265242290625 0.1362762484375
0 0.1902643171875 0.2231001234375 0.1951982375 0.1888203171875 0.13354625625 0.1830997015625 0.1301321578125 0.22003586406250003 0.1902643171875 0.2231001234375
0 0.22973568281249998 0.225535684375 0.24030837031250002 0.184725275 0.20707048437500003 0.1750948578125 0.19590308437499998 0.2264593875 0.22973568281249998 0.225535684375
0 0.4600220265625 0.1701210265625 0.45590308437499993 0.140343228125 0.3915198234375 0.1330966546875 0.3892951546875 0.16641356093749998 0.4600220265625 0.1701210265625
0 0.3197797359375 0.128359840625 0.331674009375 0.09630826249999999 0.28462555 0.0897317625 0.291013215625 0.12623645 0.3197797359375 0.128359840625
0 0.5739207046875 0.16018525625 0.57356828125 0.103491271875 0.5383039640625 0.1014717640625 0.5428634359375 0.1603659421875 0.5739207046875 0.16018525625
0 0.3595374453125 0.2372474796875 0.3595374453125 0.1983267734375 0.2976211453125 0.18992047343750001 0.297070484375 0.2310249984375 0.3595374453125 0.2372474796875