0 0.4131885140625 0.9650785859375001 0.4271783453125 0.9664667375 0.4391674671875 0.9743934390625 0.4369793203125 0.98963328125 0.4354944234375 0.99286574375 0.4796139390625 0.997243534375 0.4949118203125 0.997154534375 0.5178211328125 0.9478816515625 0.473245878125 0.929331065625 0.462920075 0.93166375 0.44886382343750003 0.9309449687500001 0.43698301562499997 0.9216996265624999 0.4351890765625 0.9127566687499999 0.355209975 0.877917459375 0.34245475625 0.9183585703125001 0.3683822046875 0.9216072000000001 0.384960784375 0.9239281828125 0.39949676093750003 0.9334369859375 0.40089440156249995 0.9463738515625 0.3973234078125 0.9621524390625 0.4131885140625 0.9650785859375001
0 0.877250709375 0.2941342828125 0.8682755156249999 0.2917115359375 0.8470283640625 0.36641490625 0.88429583125 0.37777368437500003 0.9209446140624999 0.2718370015625 0.9487541796875 0.279733725 0.9583966984375 0.25045254843750003 0.89741949375 0.23007168125000002 0.877250709375 0.2941342828125
0 0.2515236140625 0.13304038437500001 0.292215753125 0.1589341453125 0.328062446875 0.11262771406250001 0.28502429375 0.088123471875 0.2515236140625 0.13304038437500001
0 0.276067084375 0.6155202875 0.2238757984375 0.7348084125 0.22198972343749998 0.74246240625 0.29809353125000004 0.7832035187499999 0.30235491875 0.77454595625 0.3786494078125 0.8079154875000001 0.37616141718749996 0.8161857187500001 0.42019522499999995 0.8356514531249999 0.4237944015625 0.827536546875 0.455557053125 0.8407825609374999 0.50799205 0.719265415625 0.276067084375 0.6155202875
0 0.7181340625 0.585885275 0.757401646875 0.5986592453124999 0.7693365265625001 0.5678480312499999 0.7450180921875 0.5622354703125 0.733652765625 0.576406975 0.7200971046875 0.5767743390625 0.7181340625 0.585885275
0 0.4686052125 0.2628467921875 0.4332013640625 0.24655816874999997 0.34580645468750004 0.421567321875 0.3818578765625 0.4385961640625 0.4686052125 0.2628467921875
0 0.7388123156249999 0.8720657859375001 0.7230644671875 0.923137978125 0.823910921875 0.964080996875 0.854028446875 0.9005774578124999 0.75355324375 0.85498461875 0.7388123156249999 0.8720657859375001
0 0.533408571875 0.2219597234375 0.4962993421875 0.195835646875 0.4559800421875 0.24884093125 0.49107589999999995 0.27663538593750003 0.533408571875 0.2219597234375
0 0.5895503234375 0.21227625625000002 0.6035668265624999 0.1757006125 0.5620028734375 0.1563222234375 0.547141925 0.1943687875 0.5895503234375 0.21227625625000002
0 0.6303871375 0.2289913109375 0.634446221875 0.2241891828125 0.63872895 0.22008520312500002 0.647966740625 0.218726096875 0.6562473484375 0.220201175 0.663378125 0.22349991249999998 0.6714997640625 0.20386925156250002 0.6335722359375 0.1871274234375 0.61785404375 0.2245030953125 0.6303871375 0.2289913109375
0 0.9154827578125 0.3879658140625 0.8845519921875 0.37723580156250003 0.8722397031250001 0.4104880859375 0.9056691046875001 0.42101538906249997 0.9154827578125 0.3879658140625
0 0.7847818390625 0.4655530828125 0.754360521875 0.45581996562500005 0.7441802921875 0.48507032031249997 0.7751572062500001 0.4948811 0.7847818390625 0.4655530828125
0 0.73259379375 0.443565803125 0.7198153609375 0.44790832812500003 0.7096621359374999 0.45417870625 0.697738353125 0.4558120609375 0.6888580453125 0.45493090625 0.6709652625 0.5164929734375 0.6995541421875 0.5165357546875 0.7111681437499999 0.5182514625 0.716433603125 0.5271783734375 0.7357182484375 0.47974679531250003 0.72233590625 0.4733717515625 0.73259379375 0.443565803125
0 0.923275075 0.517892515625 0.8999143453125 0.51012178125 0.8922151812499999 0.536621565625 0.9157509875000001 0.542854959375 0.923275075 0.517892515625
0 0.990493090625 0.5389602296875 0.9550991671875 0.5268860765625 0.9437474859374999 0.5588592265625001 0.9787621015625 0.5708957406249999 0.990493090625 0.5389602296875
0 0.8403644828125 0.4773998078125 0.8165682328124999 0.46902255937500004 0.8053353375000001 0.5075192484375 0.870306134375 0.5307974359375 0.8964291375 0.45736649687500003 0.8600619828125 0.4446550046875 0.8552760578124999 0.4588259265625 0.84724361875 0.45802890312500005 0.8403644828125 0.4773998078125
0 0.6616474140624999 0.5647557875 0.661689696875 0.5529757421875 0.6398678578125 0.5474081187500001 0.631995553125 0.5808756453125 0.6685527625 0.5912176015624999 0.6729711046875 0.5748471312500001 0.6666849453125 0.5703028109375 0.6616474140624999 0.5647557875
0 0.67233094375 0.5983295656250001 0.6278741625 0.5888035421875 0.6085758140624999 0.6765660640625 0.65346590625 0.6867209171875001 0.67233094375 0.5983295656250001
0 0.19391292031250001 0.96889464375 0.21982854999999998 0.9209268328125001 0.1304394671875 0.872378259375 0.1092125171875 0.9094101078125 0.0915538515625 0.9009433734375 0.07748253125 0.924219690625 0.09060106875 0.9327992281249999 0.0744778328125 0.9570436093750001 0.19391292031250001 0.96889464375
0 0.6676489796875 0.8703221078125001 0.6656195796875 0.8860058093750001 0.6581837187499999 0.8950919374999999 0.6509700515625 0.8971701265625001 0.7010024515625 0.9156763671875 0.7073254921875 0.9130366343749999 0.720910384375 0.8751338359374999 0.6572661890625 0.8477963265625 0.6575934953125 0.8585765750000001 0.6676489796875 0.8703221078125001
0 0.6581778859375 0.8438310281250001 0.71046788125 0.8591138812500001 0.744610084375 0.7750323906250001 0.6791346125 0.75116335625 0.6593488765625 0.8143176203125 0.665245725 0.8232395859375 0.6643092203125 0.8326777015625 0.6581778859375 0.8438310281250001
0 0.8717230234375 0.6386861203125 0.7583977109375 0.59997480625 0.741784375 0.6599964593750001 0.8258593359375 0.68852754375 0.8353798046875 0.6659262640625 0.861327934375 0.6757788265625 0.8717230234375 0.6386861203125
0 0.8733315125000001 0.3824539359375 0.7415482296875 0.3374272484375 0.739526996875 0.3521203515625 0.7538646875 0.35908589375 0.7501216984375 0.3775061921875 0.7527006828125 0.38898303749999996 0.748500109375 0.398390190625 0.7529210921875 0.405836321875 0.7547251921875 0.425122484375 0.7478808984375 0.437556984375 0.7412833234375 0.44296344843749996 0.8401682718749999 0.4775605953125 0.8733315125000001 0.3824539359375