0 0.0181872640625 0.2435059515625 0.0192404546875 0.28406182812499997 0.0195421828125 0.320636975 0.0800259890625 0.3130860125 0.0803684125 0.2392899859375 0.0181872640625 0.2435059515625
0 0.285744721875 0.2544890984375 0.271355909375 0.2548008859375 0.26310747343749996 0.243774684375 0.254501325 0.24632187343749998 0.2606697515625 0.289964109375 0.2857730578125 0.287422753125 0.285744721875 0.2544890984375
0 0.28933321093750003 0.18380533906250002 0.265519915625 0.1811750078125 0.25658981718749996 0.214443378125 0.2843432359375 0.21659018125 0.28933321093750003 0.18380533906250002
0 0.6949176375 0.048996759375 0.6575249359375 0.05408261875 0.65502450625 0.07823806718750001 0.7031615062500001 0.0656550875 0.6949176375 0.048996759375
0 0.5216550453125001 0.07081657031250001 0.505460309375 0.0666409984375 0.4993764875 0.050920476562500004 0.4860436828125 0.0456290453125 0.4774993078125 0.10425856874999999 0.5126611343749999 0.10790257343750001 0.5216550453125001 0.07081657031250001
0 0.9615834703124999 0.6466303234375 0.9366444015625 0.6509651765625 0.9412143203125 0.7093421 0.96875640625 0.708291590625 0.9615834703124999 0.6466303234375
0 0.9962144234375 0.6448676390625 0.9653345249999999 0.647684815625 0.970392834375 0.678982096875 0.996025071875 0.6774142828125 0.9962144234375 0.6448676390625
0 0.9960143 0.67926568125 0.9691988453124999 0.6811993921874999 0.97110218125 0.7132145484375 0.9958267749999999 0.7114984890625 0.9960143 0.67926568125
0 0.9291254531250001 0.66192658125 0.8611141796874999 0.6636557296875 0.8668106468750001 0.70641395 0.9294347640625 0.704544521875 0.9291254531250001 0.66192658125
0 0.9502457453125001 0.542013259375 0.9308569296875 0.5468906171875 0.9327858703125 0.578117934375 0.9625947921875 0.5785709125 0.9502457453125001 0.542013259375
0 0.9595289078125001 0.580684209375 0.9324926234375001 0.5870691046875 0.9357153234375 0.6224948421875001 0.9674273359375001 0.614674865625 0.9595289078125001 0.580684209375
0 0.791133928125 0.5533718265625 0.7625669421875 0.5531488234374999 0.7647088859375 0.5960090671875 0.791172946875 0.5913257749999999 0.791133928125 0.5533718265625
0 0.9935066578124999 0.45465579062500006 0.99513564375 0.43419536562500005 0.987096178125 0.3916080234375 0.9635709312499999 0.39084987187500003 0.96846879375 0.4569666375 0.9935066578124999 0.45465579062500006
0 0.8932403828125001 0.43754894375 0.8662206937500001 0.4241669265625 0.8691698015625 0.4653003296875 0.9002564640624999 0.4568226875 0.8932403828125001 0.43754894375
0 0.8924844343749999 0.3593197453125 0.8710061078125 0.353243815625 0.8683600296874999 0.42545675000000005 0.8923504890625 0.4328349171875 0.8924844343749999 0.3593197453125
0 0.8081040312500001 0.34590668125 0.8028430312499999 0.32034637187500004 0.7892308046875 0.3104580015625 0.7668902703125 0.3334062921875 0.7719345953125 0.3588577359375 0.8007210640625001 0.3690164828125 0.8081040312500001 0.34590668125
0 0.877436428125 0.34332630625 0.8981247546875 0.3432549984375 0.89749210625 0.303310771875 0.8979817625000001 0.280970659375 0.8787683968750001 0.2773117609375 0.875086984375 0.2827442390625 0.8760499046874999 0.304467746875 0.877436428125 0.34332630625
0 0.9686566234375 0.29392845 0.937390578125 0.293375403125 0.9392557890625 0.30452573906249997 0.9398846484375 0.307856984375 0.9296968328125 0.312068475 0.91670013125 0.3212553171875 0.9163365078125001 0.3260243296875 0.9187687640625001 0.335561065625 0.9775914875 0.34125897968749996 0.9686566234375 0.29392845
0 0.9336540859375001 0.175693234375 0.9143327515624999 0.1764260953125 0.9124025031249999 0.20279393125 0.9359445703124999 0.20121704375 0.9336540859375001 0.175693234375
0 0.60155665 0.3144612171875 0.5809699312500001 0.3151862140625 0.5766805374999999 0.3363293765625 0.5981865484375 0.34255196718750003 0.60155665 0.3144612171875
0 0.5740796390625 0.3724196015625 0.57471249375 0.3470286984375 0.5194020234375001 0.35808924375 0.5168515218749999 0.385211634375 0.5740796390625 0.3724196015625
0 0.903863390625 0.170257665625 0.8844970390625001 0.17052119999999998 0.881997178125 0.19537228281250002 0.9068164124999999 0.19536633750000001 0.903863390625 0.170257665625
0 0.9086733484374999 0.1404440078125 0.88481793125 0.14567100625 0.8870934125 0.1673059734375 0.9035572984375 0.163557075 0.9086733484374999 0.1404440078125
0 0.94467960625 0.17337972968749998 0.9455230609375 0.1713833890625 0.93976390625 0.1408755078125 0.91549020625 0.1408854234375 0.907257465625 0.171383540625 0.94467960625 0.17337972968749998
0 0.8935552640625 0 0.8893134421875001 0.0557815078125 0.92256540625 0.04977015625 0.913169996875 0 0.8935552640625 0
0 0.572013390625 0.9800903859375 0.5708146875 0.9911141875 0.59493433125 0.9862909343749999 0.59377460625 0.977391153125 0.572013390625 0.9800903859375
0 0.5493333687499999 0.978037890625 0.5483838343749999 0.9955997296874999 0.5708036843750001 0.9911163875 0.5713889765625 0.97897595 0.5493333687499999 0.978037890625
0 0.6009058328125 0.9722254640625 0.6021913109375 0.9848397421874999 0.62575231875 0.9801282 0.6237559640625 0.9688301515625 0.6009058328125 0.9722254640625
0 0.406548840625 0.9976009203125 0.40617572031250004 0.9851407078125 0.33393959687499997 0.9906933765625 0.33453324218749997 0.9980198953125001 0.406548840625 0.9976009203125
0 0.4500145 0.9973480453124999 0.4471167453125 0.9819978203125 0.4138087546875 0.9804399640625 0.41426327343749997 0.9975560390625 0.4500145 0.9973480453124999
0 0.327488840625 0.998060878125 0.32537198125 0.98420988125 0.28176481875000003 0.9919299531249999 0.2812115734375 0.9983301125 0.327488840625 0.998060878125
0 0.3809099359375 0.780077246875 0.356909325 0.78592031875 0.36335493125 0.8474226390625 0.385311090625 0.847141284375 0.3809099359375 0.780077246875
0 0.391837034375 0.5842350125 0.370276709375 0.5918077937499999 0.372215559375 0.6143145359375 0.3956596453125 0.606908609375 0.391837034375 0.5842350125
0 0.408300996875 0.7581410125 0.3829440359375 0.763494340625 0.38985528281250004 0.7909858296875 0.41434840624999997 0.7886752031250001 0.408300996875 0.7581410125
0 0.4150366734375 0.7908204921875 0.3891217984375 0.7977203703125 0.3943970265625 0.8246258453124999 0.41779923906249994 0.8205765796875 0.4150366734375 0.7908204921875
0 0.42242611874999997 0.8219994843749999 0.3909281296875 0.8282981984375001 0.39418292187500004 0.8612389171875 0.42377003281250003 0.8553223234375 0.42242611874999997 0.8219994843749999
0 0.41287483125 0.755704421875 0.415006703125 0.7878912984374999 0.45356501250000003 0.7875947796875 0.4514070046875 0.7603485953125 0.43383031250000004 0.7564711187500001 0.41287483125 0.755704421875
0 0.311282903125 0.8954929484375 0.2921001171875 0.9003073640625001 0.2952209671875 0.9283828890624999 0.31484362187500003 0.926937509375 0.311282903125 0.8954929484375
0 0.3516850625 0.7843342265625 0.3541229875 0.76238723125 0.31976514218749996 0.7595391078125 0.30778612031249997 0.7628042609375 0.3080493984375 0.7733182859375 0.31328393593750004 0.7874257890624999 0.3516850625 0.7843342265625
0 0.348634628125 0.7876837375 0.3198758421875 0.788868840625 0.32949444843750003 0.8652170437500001 0.3606770921875 0.860133721875 0.348634628125 0.7876837375
0 0.195880059375 0.9016331687499999 0.17755593593750002 0.9146900796875 0.18489694375000001 0.9300287468749999 0.26340359375 0.926179075 0.2631564625 0.8985507671875 0.2229830078125 0.9061060062499999 0.2229399921875 0.8744798140625001 0.2044261484375 0.8786821343750001 0.195880059375 0.9016331687499999
0 0.3406084484375 0.8923464265625001 0.314447178125 0.8917075734375001 0.317321096875 0.9275944171875 0.3445029859375 0.9242895296875 0.3406084484375 0.8923464265625001
0 0.37577276249999997 0.9006210046875 0.36485598750000003 0.9010864265625 0.36784016249999996 0.92416685 0.38014566250000004 0.9220539703125 0.37577276249999997 0.9006210046875
0 0.4360661125 0.8865202640625001 0.40707907499999996 0.8878814671875 0.41293990156250004 0.92458425 0.4369582484375 0.9227599234375001 0.4360661125 0.8865202640625001
0 0.662961646875 0.8440609562500001 0.6109323515625 0.8450292749999999 0.6128725828125 0.9092154000000001 0.671351528125 0.9010869578125 0.662961646875 0.8440609562500001
0 0.5275085484375001 0.8856280390625001 0.5262600453124999 0.8997926656249999 0.5964192171875 0.89859065 0.592847121875 0.858081896875 0.5237557015625 0.8615924796875 0.5275085484375001 0.8856280390625001
0 0.63510503125 0.79773304375 0.6134251578125001 0.7987853515625 0.6143498328125 0.8298873609375 0.6368338515625 0.8266304874999999 0.63510503125 0.79773304375
0 0.5886431156249999 0.67454935 0.5528511640625 0.6740317671875 0.5599030843749999 0.711387790625 0.5938282734375 0.7068648859375 0.5886431156249999 0.67454935
0 0.5889176078125 0.6411420359375 0.5431405296875 0.6502961703125 0.5485335140625 0.6719382453125 0.589922525 0.6740543406249999 0.5889176078125 0.6411420359375
0 0.6514789375000001 0.5627528796875 0.6152304375 0.5689362 0.62381265 0.6315984343750001 0.6533564593750001 0.6272994171875 0.6514789375000001 0.5627528796875
0 0.6120019875 0.5776916125 0.5812065343749999 0.581132075 0.5824609890625 0.6366062890624999 0.6183573203125 0.63155875625 0.6120019875 0.5776916125
0 0.660144528125 0.68703736875 0.647545334375 0.6895568546875 0.6456793875 0.714302915625 0.6600007578125 0.7117869156250001 0.660144528125 0.68703736875
0 0.6371437359375001 0.7579721109374999 0.5691075078125001 0.7596845078125 0.5721362078125 0.8034327906250001 0.6357103625 0.7915894265625 0.6371437359375001 0.7579721109374999
0 0.0761866859375 0.7147785765625 0.028044403125 0.7135968109374999 0.0497598234375 0.8286295796875001 0.0802288625 0.8242680609375 0.0761866859375 0.7147785765625
0 0.20580924843749998 0.7901977453125 0.20939736562500003 0.8774271234375 0.239573459375 0.8694359578125 0.24236012499999998 0.8421793718749999 0.2811645484375 0.8378765734375 0.30880869375 0.8348271203125 0.3084432765625 0.783023478125 0.20580924843749998 0.7901977453125
0 0.23261928125 0.6856489078125 0.177858853125 0.68877229375 0.184802271875 0.7682645156250001 0.301149403125 0.7627399234375 0.29587221874999997 0.6822622375 0.26104653125 0.6867477984375 0.265031834375 0.7061275421875 0.2381604796875 0.7071526375 0.23261928125 0.6856489078125
0 0.46650068125 0.686429209375 0.442052125 0.6918617890625 0.434546059375 0.7009290499999999 0.42105880625000003 0.704169678125 0.41063205468749997 0.7035369703125001 0.39290172343749996 0.704386515625 0.3801820796875 0.6944935921875001 0.364264565625 0.6906322 0.35715556249999997 0.6844875421875 0.3123276640625 0.6826242875 0.32232078125 0.749874615625 0.469953878125 0.7420072890625 0.46650068125 0.686429209375
0 0.505285775 0.6905662203125 0.47975275 0.698911684375 0.4803646875 0.7280107328125001 0.5113884734374999 0.7228939515625 0.505285775 0.6905662203125
0 0.505561815625 0.729429425 0.48330058437499995 0.7322503890625 0.48486720468750005 0.7778347375 0.5114803359375 0.774056546875 0.505561815625 0.729429425
0 0.507341565625 0.655628621875 0.49999227968750004 0.6525976531250001 0.5017872375 0.64051970625 0.47691340625 0.642776009375 0.48381433906250004 0.6864891859375 0.5082136 0.6865672234375 0.507341565625 0.655628621875
0 0.5074649906250001 0.5740927078125 0.473413890625 0.5771405859375001 0.4820145328125 0.63666826875 0.51384841875 0.631802590625 0.5074649906250001 0.5740927078125
0 0.4716114703125 0.6089183921875 0.44453168125 0.615072825 0.4518746875 0.64404340625 0.4784083484375 0.6409986 0.4716114703125 0.6089183921875
0 0.36884121875 0.552458953125 0.3378935984375 0.5560168140624999 0.3378701515625 0.5898305109375 0.3696199625 0.5864818484375001 0.36884121875 0.552458953125
0 0.067027921875 0.8900905 0.06156827031249999 0.8911822781250001 0.06902796562499999 0.9306984078125 0.0769437734375 0.928765384375 0.067027921875 0.8900905
0 0.1677694609375 0.8641181234375 0.14544906875000002 0.8636243703125001 0.1454471109375 0.8996297249999999 0.172208290625 0.89871363125 0.1677694609375 0.8641181234375
0 0.170876446875 0.9008932703125 0.13834544375 0.9040285296875 0.14258464531249998 0.938490021875 0.1768080546875 0.9342770953124999 0.170876446875 0.9008932703125
0 0.1347672734375 0.9025046250000001 0.109319425 0.905875853125 0.11635560625000001 0.9416478515625 0.13826189687499998 0.9349842828125 0.1347672734375 0.9025046250000001
0 0.1553415578125 0.8226407765625 0.15062786875 0.7890134 0.1260970734375 0.79020096875 0.12792350624999999 0.826079859375 0.1553415578125 0.8226407765625
0 0.24052505468750002 0.595816684375 0.2219633 0.6024202171875 0.22029441562500002 0.6241699421875 0.24319591875 0.6273957078125 0.24052505468750002 0.595816684375
0 0.30013869843749996 0.623596746875 0.27249455624999996 0.6266461999999999 0.27781614375 0.657260309375 0.3050033328125 0.6572156812500001 0.30013869843749996 0.623596746875
0 0.2970298390625 0.58773514375 0.274620965625 0.591390090625 0.2762993484375 0.6244068828125 0.30047541093749996 0.62122475 0.2970298390625 0.58773514375
0 0.19430773750000002 0.6027541875 0.1593262140625 0.6076840109375 0.16561875625 0.6410174015625001 0.1962619984375 0.6328458515625 0.19430773750000002 0.6027541875
0 0.118153184375 0.6016328875 0.085259375 0.6057321250000001 0.0906847328125 0.6476313890625 0.1221827234375 0.6413326734375 0.118153184375 0.6016328875
0 0.066767384375 0.610973696875 0.0222513265625 0.6164186640625 0.022439578125 0.6410800734375 0.07132849531249999 0.6298251953125 0.066767384375 0.610973696875
0 0.26011399375 0.5036916375 0.240600040625 0.5096376421875 0.24458240625 0.5270394406250001 0.2613597640625 0.522988690625 0.26011399375 0.5036916375
0 0.29872005156250003 0.459205571875 0.262205134375 0.4622460765625 0.2625545671875 0.51696635625 0.3004963328125 0.5107488203125 0.29872005156250003 0.459205571875
0 0.2848738234375 0.3705053046875 0.24416500624999998 0.37349304375000003 0.247364509375 0.3934430265625 0.283511928125 0.39365036249999996 0.2848738234375 0.3705053046875
0 0.23845280156249998 0.3739395765625 0.1622881328125 0.379690809375 0.1685476078125 0.4223147 0.2464632375 0.41325639687500004 0.23845280156249998 0.3739395765625
0 0.157844490625 0.3888196796875 0.128324859375 0.390591775 0.1254702640625 0.44703987968750003 0.1561462484375 0.44677591406249995 0.157844490625 0.3888196796875
0 0.1970466609375 0.47412361406250003 0.1578199015625 0.477228084375 0.1530978109375 0.5309405109374999 0.19539791875 0.5284172734375 0.1970466609375 0.47412361406250003
0 0.04746595 0.4695960375 0.0026187265625 0.47617259375 0.006451815625 0.53561003125 0.0467069796875 0.53645265625 0.04746595 0.4695960375
0 0 0.5436546375 0.005552134375 0.54296484375 0 0.47084875625 0 0.5436546375
0 0.117340396875 0.460536825 0.0545845359375 0.4618238203125 0.052759037499999994 0.5374601109375 0.117550340625 0.5340267140625 0.117340396875 0.460536825
0 0 0.45386615937499997 0.10527403906249999 0.44694755468749997 0.10991099374999999 0.358269071875 0 0.367208125 0 0.45386615937499997
0 0.14589254375 0.3530957875 0.11808163437500001 0.3560698765625 0.12145780937499999 0.3785718421875 0.1495073296875 0.375245646875 0.14589254375 0.3530957875
0 0.2301699921875 0.340221465625 0.20679412031250002 0.3411780828125 0.2076940875 0.367762671875 0.23184915 0.36458473593749996 0.2301699921875 0.340221465625
0 0.260017975 0.34988529375 0.2518093359375 0.3457651296875 0.24911343437500003 0.3380639671875 0.2344917609375 0.3393354921875 0.23382302500000002 0.3641900171875 0.262039025 0.36059136875000003 0.260017975 0.34988529375
0 0.322107384375 0.3090521921875 0.303006475 0.3080668296875 0.302609578125 0.3314754984375 0.28938294999999997 0.332402825 0.2924564609375 0.35237800468749997 0.3172085375 0.3505156640625 0.322107384375 0.3090521921875
0 0.10149355468750001 0.1924727234375 0.08087258593749999 0.196248465625 0.07988801250000001 0.2201225296875 0.10334322968750001 0.21508426875 0.10149355468750001 0.1924727234375
0 0.1733521890625 0.22278307968750002 0.14884928125000002 0.22596534531249998 0.14644373125000001 0.256972334375 0.16785449531250002 0.257495790625 0.1733521890625 0.22278307968750002
0 0.221079859375 0.266441865625 0.22589907031249998 0.28469819687500003 0.2481318796875 0.2840353890625 0.2507851734375 0.2526092421875 0.22934113906250003 0.24833105 0.221079859375 0.266441865625
0 0.2476362734375 0.21434227031250003 0.183382984375 0.21277609687500001 0.1857337328125 0.249354596875 0.2465141703125 0.2433749765625 0.2476362734375 0.21434227031250003
0 0.32968606718750004 0.246115159375 0.303693928125 0.24683398125 0.2980451234375 0.2733583890625 0.32260005937499997 0.2759926078125 0.32968606718750004 0.246115159375
0 0.1603084765625 0.18427709375 0.1289625734375 0.1919586375 0.13294330625 0.22816770000000003 0.16569844375 0.21663864375 0.1603084765625 0.18427709375
0 0 0.1302827328125 0.0134460546875 0.12835110624999999 0.0111421546875 0.09767709531249999 0 0.0983293203125 0 0.1302827328125
0 0.1130347890625 0.0748010765625 0.06980042187499999 0.07377149375 0.0478760984375 0.07815574374999999 0.05057670156250001 0.090247875 0.1145982296875 0.0893165625 0.1130347890625 0.0748010765625
0 0.261209034375 0.1441405375 0.20475277187500002 0.1441677859375 0.20492116875000002 0.1702246640625 0.26317703593749997 0.1733815109375 0.261209034375 0.1441405375
0 0.2607313234375 0.176240475 0.20438580625 0.1768543609375 0.20194103124999999 0.20165094374999998 0.2526226609375 0.20277845781249998 0.2607313234375 0.176240475
0 0.2808286765625 0.0750342640625 0.2184724015625 0.0705883984375 0.2175494796875 0.10240774999999999 0.2740690234375 0.10271572031250001 0.2808286765625 0.0750342640625
0 0.17600952187500002 0.1338916859375 0.11384415156250001 0.1445401640625 0.10914860468750001 0.1858107859375 0.1796016375 0.18120172031249998 0.17600952187500002 0.1338916859375
0 0.0345210015625 0.11474410625 0.0457616453125 0.15224089999999998 0.049512209375 0.18469112031249998 0.0940404984375 0.1781566 0.095769975 0.1054747 0.0345210015625 0.11474410625
0 0.901745109375 0.87288671875 0.8971250812499999 0.8462198375 0.8587302749999999 0.8506146625 0.8631458656250001 0.8760831250000001 0.901745109375 0.87288671875
0 0.8102716484375 0.8343666750000001 0.7812979828125 0.8360295921875001 0.7845976671875 0.8884857625 0.8114494062500001 0.8843554671874999 0.8102716484375 0.8343666750000001
0 0.8323537578125 0.8180144437499999 0.810095178125 0.8224655359374999 0.816437140625 0.86483376875 0.8287401109375001 0.8644390203125001 0.8318611640625001 0.8831653906250001 0.857935953125 0.8791904640625001 0.8537885765625 0.8462543 0.836071253125 0.8485579671875 0.8323537578125 0.8180144437499999
0 0.9294660796875001 0.710713021875 0.86400763125 0.7153451921875 0.866581575 0.7887754484375 0.933968515625 0.784431640625 0.9294660796875001 0.710713021875
0 0.91687234375 0.83666146875 0.8994010906250001 0.8413075640625 0.90331638125 0.8665499406249999 0.9224255296875 0.8615763125000001 0.91687234375 0.83666146875
0 0.9483194046874999 0.8434834390624999 0.926114975 0.8483368046875001 0.9282892515625001 0.8730141671875 0.9503201499999999 0.8694348046875 0.9483194046874999 0.8434834390624999
0 0.9950501218750001 0.8449939109375 0.9562345140625 0.845009765625 0.9556996375000001 0.87622970625 0.99489701875 0.8713100062500001 0.9950501218750001 0.8449939109375
0 0.98662821875 0.7918819125 0.9856865828125001 0.78169921875 0.9518949687499999 0.7810425296875 0.9524995265625 0.794749628125 0.956030521875 0.8187643250000001 0.9835365640625 0.820177884375 0.98662821875 0.7918819125
0 0.9515465937500001 0.8411856906249999 0.950404959375 0.7984298015625 0.9168391124999999 0.8041636359375 0.9225655078124999 0.8450025625 0.9515465937500001 0.8411856906249999
0 0.8702564203125001 0.7977375703125 0.8422519562499999 0.8063815765625 0.8432664140625 0.8429229062499999 0.878203290625 0.8363713515625 0.8702564203125001 0.7977375703125
0 0.799996290625 0.8310728953125001 0.79657611875 0.8173418031249999 0.8184062843750001 0.8170856421874999 0.8167316124999999 0.7885904703125 0.7773344171875001 0.791946446875 0.7800586546875 0.8325812609375 0.799996290625 0.8310728953125001
0 0.8260948140625001 0.7712377 0.8300880234375001 0.8018565421874999 0.862313628125 0.7960645875 0.8555341203125 0.713169559375 0.7969774625 0.7177695749999999 0.805687703125 0.776492625 0.8260948140625001 0.7712377
0 0.9618714125000001 0.72399645625 0.9391445859375 0.7320851515625 0.9492166828125 0.7628146578125 0.9955418140625 0.76047925 0.995748215625 0.72500181875 0.9618714125000001 0.72399645625
0 0.9623138578124999 0.6185238953125001 0.9354565734375001 0.6238945984375001 0.936133421875 0.6457187953125 0.9662379156249999 0.6448516234375 0.9623138578124999 0.6185238953125001
0 0.9293943609375 0.5801224109375 0.9033737187499999 0.584499609375 0.902928628125 0.6323560671874999 0.9278544453125 0.6310677640625 0.9293943609375 0.5801224109375
0 0.9221535765625 0.5461524421874999 0.8972547109375 0.5498922171875 0.9057156609374999 0.581552684375 0.9313914765625 0.5776575421875 0.9221535765625 0.5461524421874999
0 0.78887705625 0.1001084421875 0.740496225 0.097085853125 0.7358181328125 0.1196330140625 0.7804931671875 0.1175697703125 0.78887705625 0.1001084421875
0 0.7813792703125 0.1528539828125 0.8166131859375 0.15156984843750002 0.8147612656250001 0.1198270609375 0.8152085187500001 0.09379926562499999 0.7982434375 0.0914301421875 0.79497245625 0.11554400312499999 0.7853701156249999 0.1150073421875 0.7813792703125 0.1528539828125
0 0.8213376421874999 0.043153759375 0.7893743796875 0.048719315624999995 0.7876115109375 0.09190382968750001 0.8144842499999999 0.087769334375 0.8213376421874999 0.043153759375
0 0.8239769921875 0.021927459375 0.79366230625 0.0209885828125 0.7940594859375001 0.0427165109375 0.8223103484375001 0.041611232812499996 0.8239769921875 0.021927459375
0 0.7917153828125 0.023834771875 0.7559826375 0.0202831953125 0.7563627734375 0.0420362734375 0.7882229187500001 0.0467753625 0.7917153828125 0.023834771875
0 0.7805145765625 0.0540784796875 0.7398670828125 0.0486180109375 0.7444163703125 0.0946495328125 0.7776974109375 0.09375592031249999 0.7805145765625 0.0540784796875
0 0.7043981031250001 0.06897350937499999 0.6996986015625 0.11022318125 0.7376320484375001 0.10026766406250001 0.7370210109374999 0.043468965625 0.7023218890625 0.0486249640625 0.7043981031250001 0.06897350937499999
0 0.7604021734375 0 0.7634550609375 0.0198108 0.8210913671875 0.0165689015625 0.8254674625 0 0.7604021734375 0
0 0.646696234375 0.046703262499999995 0.61721285 0.047859328125 0.628018434375 0.08305148749999999 0.6543507546875 0.0777857625 0.646696234375 0.046703262499999995
0 0.6047785890624999 0.0450190125 0.5553166734375 0.044234628124999995 0.5476545671874999 0.0854896984375 0.6052196390625 0.0882193875 0.6047785890624999 0.0450190125
0 0.5937253 0.0934748640625 0.5634113078125 0.09657988437500001 0.5615650953125 0.127779409375 0.5909336171875 0.129016203125 0.5937253 0.0934748640625
0 0.5607981359374999 0.09531959062499999 0.53594665 0.0896138078125 0.5356864703124999 0.1228660640625 0.5564455421875001 0.12582450625 0.5607981359374999 0.09531959062499999
0 0.4752847046875 0.0768280203125 0.43094234374999996 0.07799853906250001 0.4250853890625 0.1100001015625 0.47421491250000003 0.11202503125 0.4752847046875 0.0768280203125
0 0.45208844531250003 0.0263285921875 0.42462378906250003 0.019362515625 0.41699075468749996 0.05765484375 0.44356413124999994 0.063016296875 0.45208844531250003 0.0263285921875
0 0.43870954375000004 0 0.41029194999999996 0.0056827234375 0.4063420296875 0.0200614265625 0.4379468078125 0.014328390625000001 0.44038066562499995 0 0.43870954375000004 0
0 0.5452206187499999 0 0.5441957828125 0.0263035421875 0.5663814984375 0.0242369109375 0.5696828593750001 0 0.5452206187499999 0
0 0.57365031875 0 0.5714429109375 0.0321173 0.6148397984375 0.0352885984375 0.6154547796875 0 0.57365031875 0
0 0.1820424609375 0.055609426562499994 0.16504997187499998 0.054724251562500006 0.1217412890625 0.063384775 0.1184885265625 0.0872993109375 0.18148956249999998 0.093660003125 0.1820424609375 0.055609426562499994
0 0.2198188859375 0.0510556140625 0.183418871875 0.05655174375000001 0.1821050453125 0.14147831093750002 0.20993136875 0.134891946875 0.2198188859375 0.0510556140625
0 0.280073825 0.0493338234375 0.22365491249999997 0.0452878265625 0.222660634375 0.06853330937499999 0.2788261390625 0.070890609375 0.280073825 0.0493338234375
0 0.3196686953125 0.048525634375 0.28544145 0.056065873437500004 0.27650613125 0.1069681484375 0.312585171875 0.105428046875 0.3196686953125 0.048525634375
0 0.32804773125 0.047545809375 0.32818365781250003 0.02210208125 0.28621490625 0.0304946578125 0.2870738015625 0.045781553125 0.32804773125 0.047545809375
0 0.7660879953124999 0.4354720703125 0.7693783828125 0.46860134999999997 0.7993720109375 0.4637992796875 0.7967334390625 0.40918888750000004 0.7677773484375 0.406673803125 0.7660879953124999 0.4354720703125
0 0.7599138578125 0.4408594703125 0.7398220546875 0.42885332187499997 0.7379846515625 0.46598668749999994 0.76014525 0.46690375 0.7599138578125 0.4408594703125
0 0.7255955671875001 0.43822086093749996 0.654732428125 0.44054204375 0.653792053125 0.4798876609375 0.733329228125 0.46337367343749997 0.7255955671875001 0.43822086093749996
0 0.6383360640625 0.4449949328125 0.592968153125 0.4344993296875 0.5634637734375 0.435659596875 0.555419696875 0.449726425 0.55313430625 0.48160081093749996 0.637324415625 0.47426645624999997 0.6383360640625 0.4449949328125
0 0.640643715625 0.40665868125 0.603138396875 0.40087425625 0.6022446687499999 0.421881934375 0.6378006578125001 0.4243817515625 0.640643715625 0.40665868125
0 0.5293234234375 0.283551765625 0.5300418234375 0.2632314109375 0.45826138906249997 0.2722369265625 0.4550408484375 0.2922314375 0.5293234234375 0.283551765625
0 0.5970813234375 0.3969543578125 0.5773739390625 0.3895241515625 0.5727751515625 0.4255355734375 0.599046309375 0.42571760937500003 0.5970813234375 0.3969543578125
0 0.509428065625 0.3861743078125 0.474892325 0.39208034999999997 0.47911635781250006 0.4144562546875 0.5097754203125 0.4063685078125 0.509428065625 0.3861743078125
0 0.5044481640625 0.3624493515625 0.4470506703125 0.378384378125 0.4519827875 0.396661615625 0.505144340625 0.3870309328125 0.5044481640625 0.3624493515625
0 0.4901378375 0.492002384375 0.484451809375 0.45876513281250003 0.4362015375 0.46128241562500005 0.44041875937499997 0.5025535890625 0.4901378375 0.492002384375
0 0.3945511671875 0.44139004374999996 0.3642308546875 0.44319179999999997 0.3532000328125 0.50942821875 0.38750951875 0.5061329921875 0.3945511671875 0.44139004374999996
0 0.43411610781250004 0.386515171875 0.40352412031249996 0.37556514218750003 0.399755978125 0.4928564625 0.43227005781249994 0.49309461718750003 0.43411610781250004 0.386515171875
0 0.4015484921875 0.3802216703125 0.37073338906250003 0.37570844375 0.364302453125 0.4360678078125 0.40133548750000003 0.4357719125 0.4015484921875 0.3802216703125
0 0.40979481093750003 0.32947891406249996 0.37748823125 0.3245681921875 0.37692799374999997 0.374469696875 0.4069469 0.37488068281250003 0.40979481093750003 0.32947891406249996
0 0.4458202765625 0.24985180625 0.389683153125 0.2516850609375 0.3910712234375 0.3180253609375 0.43787417812499996 0.3257336515625 0.4458202765625 0.24985180625
0 0.517795159375 0.285857096875 0.4564002140625 0.2931989015625 0.452373284375 0.31746393125 0.5181458578125 0.31172532343750003 0.517795159375 0.285857096875
0 0.5516924171875 0.27449100625 0.542326934375 0.3114556328125 0.5770844859375 0.3119191578125 0.6003178921875 0.3117085234375 0.6044376671875 0.2758146328125 0.5516924171875 0.27449100625
0 0.6430657828124999 0.279004640625 0.6090052218750001 0.27692326562499997 0.6043592984374999 0.317879578125 0.6378391953125 0.31457630625 0.6430657828124999 0.279004640625
0 0.6739095515625 0.2880562375 0.6714286921875 0.2768768171875 0.672787815625 0.2711477578125 0.652946609375 0.2733978140625 0.647461309375 0.3152177234375 0.7042944875 0.32342059375 0.706117171875 0.2827462046875 0.69494715 0.28971968124999997 0.6869782609375 0.2978358734375 0.6739095515625 0.2880562375
0 0.7437941921875 0.25942707343750004 0.71487133125 0.25581823593749997 0.7122555890625 0.3186107625 0.754781178125 0.32213023125 0.7437941921875 0.25942707343750004
0 0.6211427359374999 0.20766080625 0.5803372437500001 0.21440752500000002 0.5796358453125 0.2522486328125 0.6268526578125 0.24922052031250003 0.6211427359374999 0.20766080625
0 0.5590605421875 0.244491915625 0.5802883140625 0.1963713453125 0.5208654921875 0.19638304374999999 0.49813083437500005 0.23652120000000001 0.5590605421875 0.244491915625
0 0.5242230343750001 0.2425659125 0.453680259375 0.2465841453125 0.457624825 0.27071182031249996 0.5229622578125 0.2641688015625 0.5242230343750001 0.2425659125
0 0.4667808546875 0.20724194218749997 0.432577503125 0.21190744218750002 0.43604493125 0.2464362984375 0.46496159531250003 0.2408929390625 0.4667808546875 0.20724194218749997
0 0.4257219515625 0.20110276875 0.3888317921875 0.2043487640625 0.38852190625 0.23941555625 0.42899505 0.227560671875 0.4257219515625 0.20110276875
0 0.4672652515625 0.17529286093750002 0.4333185734375 0.177624109375 0.44095572499999997 0.20353545781250001 0.46891028125 0.1948579453125 0.4672652515625 0.17529286093750002
0 0.5016826671875 0.173954584375 0.4738429296875 0.1753907484375 0.471017528125 0.1986327875 0.4968766234375 0.19894070625 0.5016826671875 0.173954584375
0 0.42414599218750004 0.1761318234375 0.394112853125 0.174375671875 0.39194163125000003 0.1998133 0.42333890937499996 0.198752834375 0.42414599218750004 0.1761318234375
0 0.516712734375 0.15048965 0.4723203015625 0.154627109375 0.472199734375 0.17245802187499998 0.510462553125 0.17198143125 0.516712734375 0.15048965
0 0.5121991234375 0.11434366250000001 0.4867060171875 0.110549040625 0.48458808593749997 0.1465426859375 0.5118251828125 0.1465315625 0.5121991234375 0.11434366250000001
0 0.66649605 0.1731748703125 0.668275021875 0.1976051484375 0.6970955828125 0.1965164015625 0.691418521875 0.17740973437500002 0.68130035 0.165713803125 0.66649605 0.1731748703125
0 0.586755046875 0.13804858281250001 0.52798285625 0.1327338046875 0.527912234375 0.18903829218749998 0.587563678125 0.187698090625 0.586755046875 0.13804858281250001
0 0.5886394203124999 0.1325623609375 0.5894815296875 0.1542230578125 0.6218497203125 0.1510333875 0.6190263171875 0.12072416875 0.5966948359375001 0.1227112359375 0.5886394203124999 0.1325623609375
0 0.6612516859375 0.155090525 0.659803390625 0.1273328 0.6326563234375 0.128282575 0.633007021875 0.154150803125 0.6612516859375 0.155090525
0 0.681002453125 0.20419171249999998 0.6655220374999999 0.1987209640625 0.660531490625 0.21961297968750002 0.6806290828125 0.22587804843749998 0.681002453125 0.20419171249999998
0 0.7097605031249999 0.20531141874999997 0.6839111531250001 0.210480565625 0.6878587390625001 0.2350859625 0.7155764 0.22884745781250002 0.7097605031249999 0.20531141874999997
0 0.8072673125 0.1916396796875 0.7868832390625 0.192976415625 0.7828723328125 0.21917328593750002 0.8079961890625 0.21928036093749997 0.8072673125 0.1916396796875
0 0.7194909593750001 0.1220283046875 0.6859858234375 0.12496700624999998 0.689597265625 0.17503442656249998 0.7194363609375001 0.16906744375 0.7194909593750001 0.1220283046875
0 0.667955846875 0.0789787078125 0.6177536781249999 0.0862782265625 0.6233836828125 0.1088295578125 0.669494496875 0.10167419062500001 0.667955846875 0.0789787078125
0 0.6993337578125 0.07031237031250001 0.67077529375 0.0756753890625 0.6727985046875 0.1082101265625 0.69696543125 0.10509504375 0.6993337578125 0.07031237031250001