0 0.6748550875 0.9773278624999999 0.673928596875 0.9920904343749999 0.7008509593750001 0.9917771640625 0.70317368125 0.9838158171875 0.6748550875 0.9773278624999999
0 0.668623684375 0.7278204265625 0.6247213656249999 0.8517355312499999 0.6778015125 0.8666457718749999 0.7243816546875 0.7415498796875 0.668623684375 0.7278204265625
0 0.5851186890625 0.9931238312499999 0.62844295 0.9926197078125 0.6321556187499999 0.9811590640625001 0.5798949328125 0.9675273609374999 0.5728034531249999 0.9901951531250001 0.5851186890625 0.9931238312499999
0 0.9555492750000001 0.059062131250000004 0.9387050203125 0.054791395312500005 0.9347599765625001 0.0808112421875 0.947406009375 0.08521991718750001 0.9555492750000001 0.059062131250000004
0 0.8660803781249999 0.099810025 0.8779588171875 0.07503105 0.86943000625 0.0685039140625 0.8839375578125 0.033129221874999996 0.83594519375 0.0277911296875 0.83506555625 0.030583354687499998 0.8229206 0.027843471874999998 0.81575629375 0.0538637046875 0.8272633687500001 0.056174178124999995 0.81701933125 0.0870270890625 0.8660803781249999 0.099810025
0 0.8346513703125 0.25820262031249996 0.7970843296875 0.24905051718750001 0.7906896062500001 0.26960025625 0.831500365625 0.27960603281249996 0.8346513703125 0.25820262031249996
0 0.839403690625 0.3550666703125 0.7836164734375 0.34104271875 0.756125671875 0.43360351562500005 0.8063860406250001 0.4440106484375 0.839403690625 0.3550666703125
0 0.773019615625 0.2430357109375 0.7308901890625 0.22501960156249998 0.7192084796875 0.2555781828125 0.7620093625 0.27236956874999996 0.773019615625 0.2430357109375
0 0.7257065875 0.2081108203125 0.685312796875 0.19485809375000002 0.6802226203124999 0.21517207656249998 0.7191193593749999 0.2270260875 0.7257065875 0.2081108203125
0 0.5996293968749999 0.43539663749999996 0.572285159375 0.42776245468749996 0.564147 0.45858075625000005 0.5934080953125 0.46434461093749996 0.5996293968749999 0.43539663749999996
0 0.49749764531249996 0.6499545859375 0.544175553125 0.656401075 0.5664809734375 0.592903475 0.562798965625 0.5632572390624999 0.5806747421875 0.518063553125 0.5387538515625 0.5071277703125 0.5099133078125 0.598709509375 0.5131175875 0.60282971875 0.49749764531249996 0.6499545859375
0 0.5338386546875 0.6688279015624999 0.5035204796875 0.663461753125 0.49743453437499996 0.6953596531249999 0.52650558125 0.702603409375 0.5338386546875 0.6688279015624999
0 0.36854628125 0.8695051234375001 0.3810000421875 0.8729738625 0.42939920000000004 0.7297093484375 0.38036229375 0.7125603984375 0.373713296875 0.7189003781250001 0.3291527546875 0.85177091875 0.3459082765625 0.860736540625 0.36854628125 0.8695051234375001
0 0.366252578125 0.8969408421875 0.33331453125 0.8874298734374999 0.3230985890625 0.9151045984374999 0.357267053125 0.9280905609375001 0.366252578125 0.8969408421875
0 0.33396614062499996 0.8628583953125 0.3138977921875 0.856884834375 0.30054811875 0.895905678125 0.320193825 0.9051703640625 0.33396614062499996 0.8628583953125
0 0.0454664390625 0.20134015 0.018099153125 0.3072139859375 0.009460790625 0.37448105625 0.0417747828125 0.3843253671875 0.0539142140625 0.3832784265625 0.096309996875 0.21660651718750001 0.0454664390625 0.20134015
0 0 0.46758563437499995 0.032881375000000004 0.47655753125 0.049749875 0.41048367499999994 0.0061392171875 0.4003462 0 0.44815236875000003 0 0.46758563437499995
0 0.105451046875 0.6361672265625 0.13864024218749998 0.64407066875 0.157586190625 0.6464244296875 0.18069356718750001 0.6534529296875 0.289621525 0.295797421875 0.2615423140625 0.2886639859375 0.25647344375 0.304634040625 0.2011176109375 0.2879472328125 0.17095065781250002 0.40169541718749996 0.150647128125 0.4710165828125 0.15074413125 0.48906226718749995 0.105451046875 0.6361672265625
0 0.3669036296875 0.71030169375 0.379817434375 0.7032247046875 0.47045118124999996 0.4452018875 0.411991390625 0.4331882375 0.32165249687499997 0.69274489375 0.3669036296875 0.71030169375
0 0.3246855171875 0.233046825 0.3015386125 0.3081455046875 0.360924996875 0.3207774984375 0.38269996875 0.248528303125 0.3739451625 0.2465463625 0.3246855171875 0.233046825
0 0.250522696875 0.1636584328125 0.1890670390625 0.14781660000000002 0.1773469609375 0.1805888671875 0.240301396875 0.19659740781249999 0.250522696875 0.1636584328125
0 0.4529201890625 0.13101304062500002 0.42629632500000003 0.1238622515625 0.421624921875 0.1442228109375 0.4463197015625 0.1528169 0.4529201890625 0.13101304062500002
0 0.5535502421875 0.3779813546875 0.6001181 0.2373135953125 0.556026809375 0.21838476093749998 0.5475860546875 0.21796119531249997 0.5041873953125 0.35344776875 0.5196696921874999 0.3691944828125 0.5535502421875 0.3779813546875
0 0.7169104578125001 0.058305360937499995 0.75114055 0.06419623906250001 0.758328471875 0.0407774484375 0.7752726156249999 0.0418331796875 0.7800035750000001 0.0215688578125 0.7163854578125 0.01449274375 0.7050951875 0.0528241046875 0.7169104578125001 0.058305360937499995
0 0.1269827703125 0.8309418296875 0.0785709515625 0.81849995 0.0730335515625 0.834462696875 0.120592521875 0.8457119390625 0.1269827703125 0.8309418296875
0 0.073529003125 0.8149370625 0.015508876562500001 0.799499759375 0.013316387499999999 0.8127428578125 0.06892670937499999 0.8314518906249999 0.073529003125 0.8149370625
0 0.9430498890625 0.8079906625 0.8888220578125001 0.989589921875 0.9365448031250001 0.9890346187500001 0.95913335625 0.8131372140625001 0.9430498890625 0.8079906625
0 0.94424456875 0.74245860625 0.8225810265625 0.708718175 0.807590603125 0.752507715625 0.9299796203125 0.7913920515624999 0.94424456875 0.74245860625
0 0.8113894984375 0.706039534375 0.7674270078125 0.6895894203124999 0.6707149234374999 0.966046425 0.7192549968749999 0.9750524171875 0.8113894984375 0.706039534375