0 0.9217624843750001 0.042562937499999995 0.8842983437499999 0.0569141625 0.8986775609375 0.10776165156249999 0.932767840625 0.0974731015625 0.9217624843750001 0.042562937499999995
0 0.48684960468750005 0.9301669890625 0.506858778125 0.9970850296875 0.5387643468750001 0.9968994078125 0.535364875 0.9881693296874999 0.56808811875 0.9791803671875 0.5597271046875 0.95143079375 0.5821820734375 0.9445866484375 0.5712212812499999 0.9062476828125 0.48684960468750005 0.9301669890625
0 1 0.4825441 0.9611862265625 0.48774471875 0.9601961640625 0.505433428125 0.9555866375000001 0.49856695625 0.9499848203125 0.48350142968750004 0.9370268906250001 0.4899828359375 0.9387731421875 0.5051918140625 0.94612710625 0.5192551671875 0.9499961156250001 0.541807325 1 0.5362004046875 1 0.4825441
0 0.1725431921875 0.823076428125 0.20815736875000002 0.8121626453124999 0.2225956609375 0.8033230281250001 0.21717808593750002 0.7898263796875 0.202762621875 0.793258096875 0.1980776265625 0.7752963046875 0.18354377187499998 0.7647117875 0.1582154796875 0.7757340312500001 0.1725431921875 0.823076428125
0 0.32775608125 0.166592821875 0.348408640625 0.1602835265625 0.3411807953125 0.1382960609375 0.32344936875 0.14510489531249998 0.32775608125 0.166592821875
0 0.3512304296875 0.029929690624999998 0.3471544359375 0.0183558671875 0.3041241703125 0.026980196875 0.3199187078125 0.0825567453125 0.38602673906249996 0.0598675125 0.373548303125 0.02456693125 0.3512304296875 0.029929690624999998
0 0.5228507812500001 0 0.524595953125 0.00970030625 0.5582101109375001 0 0.5228507812500001 0
0 0.7317221671875 0.068593428125 0.7390934031249999 0.073864778125 0.7450467749999999 0.0812648140625 0.757169953125 0.0742997078125 0.75356746875 0.0606562703125 0.7667783734375 0.05034834375 0.7790401265625 0.0353047265625 0.769687928125 0.0020683828125 0.7160268078125 0.023738551562499998 0.7120791484375 0.0333833984375 0.7239267593750001 0.0566583609375 0.7317221671875 0.068593428125
0 0.4183648265625 0.323639165625 0.45188664999999995 0.31852636875 0.441488678125 0.25852640312499997 0.406706575 0.273591734375 0.4183648265625 0.323639165625
0 0.4294409078125 0.14363035 0.450420315625 0.1406841609375 0.4443813125 0.107521575 0.42328963281250004 0.11142336875 0.4294409078125 0.14363035
0 0.10958906718750001 0.312786759375 0.1372095546875 0.30508091875 0.1089136046875 0.201687440625 0.08193588125 0.20978525937499998 0.10958906718750001 0.312786759375
0 0.91376515625 0.26857345625 0.96387318125 0.2526701703125 0.9523505812499999 0.19517927968749998 0.9374961921875 0.198478175 0.9230745796875001 0.2072927484375 0.9254684859375001 0.22465043125 0.944785871875 0.2186087390625 0.9449929703125 0.22505555937500002 0.9053298078124999 0.242726684375 0.91376515625 0.26857345625
0 0.6037830843750001 0.1750467515625 0.611154246875 0.20056430937499997 0.6454618546875001 0.1884367890625 0.6368735703125 0.16615778750000001 0.6037830843750001 0.1750467515625
0 0.5517082359375001 0.1982435 0.5873224125000001 0.18732971874999998 0.5971743453125 0.1772610109375 0.6454511328125 0.1621818234375 0.6333927874999999 0.1235637296875 0.5379868531249999 0.1540345953125 0.5517082359375001 0.1982435
0 0.3964518546875 0.5643451234375 0.4030132671875 0.5892871734375 0.4192935109375 0.5847656031249999 0.42272574843750005 0.5800197796875 0.4166374859375 0.55906251875 0.3964518546875 0.5643451234375
0 0.5982022796875001 0.48727957499999996 0.6175787796875001 0.482940340625 0.613151740625 0.46312573593749995 0.6166079140625 0.4556843046875 0.6082913875 0.42447549687499997 0.5893991609375 0.42939037031250005 0.5982022796875001 0.48727957499999996
0 0.3847218421875 0.972032221875 0.3914336296875 0.9977565531250001 0.42634894218749997 0.997553421875 0.4189807375 0.96323458125 0.3847218421875 0.972032221875
0 0.6918214046875 0.68966166875 0.7200683765625 0.6833492718749999 0.7122108593750001 0.6521569671874999 0.6849410203125 0.6602048296875 0.6918214046875 0.68966166875
0 0.52558258125 0.504655375 0.5520847921875001 0.497000065625 0.5442972296875 0.4736274734375 0.5600097515625 0.468546984375 0.5531799390625001 0.44031691562499997 0.515378675 0.4498462359375 0.513724290625 0.45523393749999996 0.486262734375 0.46384102968749996 0.4926226921875 0.4859373390625 0.5207046281250001 0.4842150421875 0.52558258125 0.504655375
0 0.49291519062500005 0.241730925 0.500970575 0.26698114687499996 0.5146350953125001 0.2639169375 0.5032030578125 0.22625832343750002 0.51064530625 0.221489996875 0.4983364234375 0.1926654625 0.5315862421875 0.1856541703125 0.523221046875 0.1578837328125 0.50935018125 0.1563454796875 0.5027246265625 0.1582593078125 0.4944449625 0.13557124843749999 0.459625184375 0.15034033125 0.46694519375 0.1732207265625 0.44644502187499996 0.1848377046875 0.45693779531249995 0.2113137203125 0.4611278203125 0.21273074531249997 0.46688230468749997 0.22357755625000003 0.47312100625 0.2450688671875 0.49291519062500005 0.241730925
0 0.2536398015625 0.5961581140625001 0.2790905921875 0.5887786359375 0.27373499687499997 0.5635732109375 0.247758075 0.5700599359375 0.2536398015625 0.5961581140625001
0 0.27231119375 0.6635488234375 0.40834037343749996 0.626476759375 0.40114402812499994 0.5998825609375 0.26539401875 0.6359655656250001 0.27231119375 0.6635488234375
0 0.7607418765625 0.4013420703125 0.750769028125 0.391210521875 0.7348740109375 0.3887759515625 0.7223726984375001 0.38941531875 0.733006228125 0.4335921 0.7409950265624999 0.4286274328125 0.7486566156250001 0.4500722625 0.7539314687500001 0.4512718609375 0.757168928125 0.4702398828125 0.7360502375 0.47952871406249997 0.7386377203125 0.5008838156250001 0.7920017328125 0.48736733125000004 0.786832909375 0.46991480937499996 0.77668845 0.4584939515625 0.7607418765625 0.4013420703125
0 0.7474254734375 0.12269095156250001 0.77843309375 0.1121796359375 0.7660493640625 0.073778659375 0.7349839593749999 0.0858422625 0.7474254734375 0.12269095156250001
0 0.7964338609375 0.24378513750000003 0.8553878671874999 0.267470653125 0.8561872328125 0.2528364765625 0.8493449953125 0.23504664531250002 0.8428752156250001 0.20969562968750002 0.8273087968749999 0.1740374515625 0.822295446875 0.1490238359375 0.8299209609375 0.1434375765625 0.8956830984374999 0.121837575 0.8986775609375 0.10776165156249999 0.8842983437499999 0.0569141625 0.878865578125 0.0573086203125 0.8756067375000001 0.057506070312500004 0.8693192640625 0.049413493749999995 0.8502746796875 0.0593065296875 0.8543183421875 0.0701707296875 0.8502771875 0.0756678984375 0.853343365625 0.0839287 0.845601084375 0.0896902640625 0.8220724859375 0.10373702031250001 0.820570225 0.11378145625 0.791060490625 0.12397085625 0.7663006718750001 0.1680369125 0.7964338609375 0.24378513750000003
0 0.4831323171875 0.12460152499999999 0.49227279843750005 0.11964473125 0.50935018125 0.1563454796875 0.5247791265624999 0.1516907296875 0.506954890625 0.11516136875 0.5340367484375 0.106608678125 0.5250491609375 0.0772486765625 0.474802225 0.0908348234375 0.4831323171875 0.12460152499999999
0 0.07366373125 0.7776421328125 0.0797489203125 0.8012908187500001 0.0984991171875 0.795992109375 0.11515336875 0.7877065625 0.107959859375 0.768055825 0.07366373125 0.7776421328125
0 0.1712478515625 0.8391337156249999 0.16832194843749998 0.8167397375000001 0.162917759375 0.8053670140625 0.15557899687500001 0.7978757453124999 0.1569114671875 0.79099015625 0.1479260796875 0.77723208125 0.1410537421875 0.7776980640625 0.1333329171875 0.7746884875 0.1182752171875 0.77903013125 0.11412168593750001 0.7954432703125 0.1093619578125 0.80904839375 0.10944315625 0.8239617859375 0.1153057359375 0.8338321296875 0.12037382968749999 0.8396301906250001 0.12306524062499999 0.8498106109375 0.1712478515625 0.8391337156249999
0 0.26060315 0.706149084375 0.28943764375000003 0.6977876265625 0.2803689296875 0.6639085625 0.25172259375 0.6732088140625 0.26060315 0.706149084375
0 0.026872515625 0.6498539390625 0.071658878125 0.6400964375 0.06798114375 0.615900134375 0.084441315625 0.612601109375 0.0760367578125 0.5804117390625 0.017043328125 0.5930166890625 0.026872515625 0.6498539390625
0 0.407520803125 0.47925396249999996 0.417444890625 0.523247434375 0.479774965625 0.506827225 0.46746379843749997 0.462183778125 0.4384490671875 0.46856325156249995 0.407520803125 0.47925396249999996
0 0.067367203125 0.8683553640625 0.1168381484375 0.8567441 0.0984991171875 0.795992109375 0.0768076359375 0.8025313296875 0.0720554015625 0.7731904593750001 0.08166009375 0.7707663390625 0.073116596875 0.72532435625 0.0401034875 0.732325709375 0.067367203125 0.8683553640625
0 0.61977425625 0.6376777062500001 0.6476657734375 0.6294835421875 0.6397858703125 0.6047840515625 0.61358378125 0.6116631078125 0.61977425625 0.6376777062500001
0 0.58415235625 0.7216355609375 0.6125154734375 0.7136289796875 0.6000032656250001 0.656938871875 0.5706466453125 0.6639944703125 0.58415235625 0.7216355609375
0 0.3863221671875 0.0169506109375 0.3949705671875 0.053604728125 0.4274731359375 0.045788403125 0.41923699687499993 0.007076946874999999 0.41990077187499997 0.0037756968750000002 0.3523259671875 0.017319362499999998 0.35515063593749996 0.024586965625000002 0.3863221671875 0.0169506109375
0 0.319143765625 0.4328431265625 0.35170753125 0.4318283640625 0.340598309375 0.387660121875 0.3083871484375 0.393790534375 0.319143765625 0.4328431265625
0 0.0913969734375 0.32574224687500003 0.09530024687500001 0.3402368015625 0.07305345468749999 0.34595421718749997 0.0776187421875 0.36710821875 0.1065416625 0.3607037453125 0.1068716 0.351198075 0.125521490625 0.34550716718749996 0.1175447078125 0.31859198437499997 0.0913969734375 0.32574224687500003
0 0.0061474640625 0.3662861671875 0.028677962499999998 0.360468490625 0.022013675 0.3288417328125 0.0019350562500000002 0.3326079328125 0.0022418375 0.38533921875 0.010777657812499999 0.3828918390625 0.0061474640625 0.3662861671875
0 0.0046485859375 0.2620138140625 0.00153001875 0.2629877796875 0.001748721875 0.3005798171875 0.0150611 0.2963179484375 0.0046485859375 0.2620138140625
0 0.0575796578125 0.0773269359375 0.068235940625 0.1363420265625 0.10731348593750001 0.1253851015625 0.0963061203125 0.0686320890625 0.0651855859375 0.0748694140625 0.0575796578125 0.0773269359375
0 0.1839443875 0.928250225 0.1502938734375 0.934994621875 0.1593562515625 0.9533593874999999 0.13811553906250001 0.9397356734375 0.11938348593749999 0.9485895624999999 0.10927290468749999 0.9485978656249999 0.0844470484375 0.9535735828125 0.09364963750000001 0.999489009375 0.20322868593750001 0.998851496875 0.201176975 0.9873794671875 0.189770396875 0.9405366078125 0.1839443875 0.928250225
0 0.49018066562499996 0.9126817875000001 0.5012381375 0.9118761015624999 0.5080698734375 0.9039534234375 0.5104896671875 0.8927485890625 0.5260472593750001 0.886353746875 0.5182999609375 0.8593925703125 0.4961837171875 0.86803503125 0.48449684375 0.8296462890624999 0.45807372031250004 0.8368300468750001 0.476439746875 0.9023723499999999 0.4835531640625 0.909821984375 0.49018066562499996 0.9126817875000001
0 0.41190051875 0.720353940625 0.40957151718749996 0.7290884671875 0.4277451484375 0.7730994328125 0.45209971875 0.768695575 0.43806977968750005 0.7148268718749999 0.41190051875 0.720353940625
0 0.2738829421875 0.7623381484375 0.289915671875 0.7954507546875 0.31756115937499996 0.787653103125 0.29864514999999997 0.7547711765625 0.2738829421875 0.7623381484375
0 0.2464129796875 0.7707950234375 0.304903371875 0.7525403703125 0.29284569375 0.7155496515624999 0.23527469375 0.7372005515625 0.2464129796875 0.7707950234375
0 0.149150434375 0.69975604375 0.14256399687500002 0.664619965625 0.1331343421875 0.6665099015625 0.12697799999999998 0.632112228125 0.084090084375 0.6414892328125 0.029055953125 0.6525194375 0.0368145953125 0.7072544640625 0.094978834375 0.6975499171874999 0.10341393125000001 0.712568390625 0.1058245203125 0.6992604906250001 0.149150434375 0.69975604375
0 0.1356410453125 0.6331101515625 0.150157696875 0.6935215375 0.2102768796875 0.6787379515625 0.199058253125 0.622114078125 0.1964320859375 0.6184306078125 0.1356410453125 0.6331101515625
0 0.5582865531250001 0.3054472265625 0.5630480953125 0.3269307953125 0.5168792203125 0.343649015625 0.5246995484375 0.375738478125 0.634407615625 0.340187703125 0.626428378125 0.31748282968749997 0.607249628125 0.30537715625 0.5883141421875 0.296325840625 0.5582865531250001 0.3054472265625
0 0.49291519062500005 0.241730925 0.46781785937500003 0.24611005000000002 0.44543014531249997 0.2541559203125 0.4527163953125 0.276109978125 0.45601811249999996 0.278724946875 0.4829558859375 0.3873599578125 0.52157156875 0.3796204171875 0.497935675 0.2842116890625 0.5058006734375 0.2826353484375 0.49291519062500005 0.241730925
0 0.3125136171875 0.2191674109375 0.32223986875 0.27938880625 0.34677363125 0.2641857875 0.399060778125 0.249952028125 0.39022481249999996 0.2035921609375 0.3125136171875 0.2191674109375
0 0.23882738906249998 0.3122082078125 0.2994641203125 0.29773319374999996 0.2827183484375 0.23518626562499997 0.22082174999999998 0.2504128921875 0.23882738906249998 0.3122082078125
0 0.2423126296875 0.3759372671875 0.33179003125 0.358003778125 0.3181697390625 0.29567673125 0.233008909375 0.3183653984375 0.2423126296875 0.3759372671875
0 0.14357266562499998 0.2735990578125 0.1565346203125 0.3382714609375 0.1955710609375 0.328841784375 0.22360664843750003 0.32602206875 0.20784362500000003 0.2585258546875 0.14357266562499998 0.2735990578125
0 0.4604941125 0.6738329140625 0.4886028359375 0.6661811203125 0.47474983125000003 0.677724446875 0.4822748296875 0.69166671875 0.46361459531250004 0.7128969703125 0.48037043125 0.769430953125 0.4984633984375 0.7691898875 0.5116696765625 0.7577761828125 0.4937904234375 0.6887077046875001 0.5018117265625001 0.6918089578125 0.5178763046875 0.7518233000000001 0.5526685 0.7410308640625 0.5470310328125 0.7101965109374999 0.562138196875 0.7043693484375 0.5585696921875 0.69219470625 0.5683853234375 0.6851929890624999 0.5469352328125 0.588022465625 0.5216884390625001 0.5942543546875 0.47807168125 0.6070324515625 0.4827644609375 0.6236255796875 0.45081849218750003 0.6354099671875 0.4604941125 0.6738329140625
0 0.5498068109375 0.5897905390625 0.6237758203125 0.5761154203125 0.609467259375 0.5143603234375 0.59208208125 0.5209478578125 0.5931349640625 0.52425225 0.5378724593750001 0.5380407375 0.5498068109375 0.5897905390625
0 0.45524809062499993 0.9782083015625 0.4896317578125 0.9684091515625 0.4796884921875 0.9285425406250001 0.44593135000000006 0.9398436296874999 0.45524809062499993 0.9782083015625
0 0.292829328125 0.9104632015625 0.27658210781250003 0.9038894031250001 0.26599979687499997 0.9033846499999999 0.25239733124999997 0.905134415625 0.2507100890625 0.9015882640624999 0.19248214375 0.9187704125 0.2011100796875 0.9564051359375 0.2583341484375 0.9435255078125 0.26624525781249997 0.952681471875 0.27199144375 0.9534177046875 0.292829328125 0.9104632015625
0 0.21180888593749997 0.986724175 0.21444455156250003 0.9987862453125 0.2450998046875 0.9986078984375 0.2398926109375 0.9791641921875 0.21180888593749997 0.986724175
0 0.6376353296875 0.97895584375 0.6400756671875001 0.9795517453125001 0.6551106578125 0.9765383609375 0.6730204234375 0.96906448125 0.65414079375 0.912869359375 0.6238089437500001 0.9228546312500001 0.6376353296875 0.97895584375
0 0.377820178125 0.9517804890624999 0.428125696875 0.9385949015625 0.41255129999999995 0.8834082375 0.360898421875 0.8976667718750001 0.377820178125 0.9517804890624999
0 0.9346445875 0.112791821875 0.907816634375 0.11979631718749999 0.9304581890625 0.181552184375 0.949058040625 0.178751465625 0.937444228125 0.1208054734375 0.9346445875 0.112791821875
0 0.8579956187500001 0 0.878865578125 0.0573086203125 0.8842983437499999 0.0569141625 0.90940155625 0.046501231250000004 0.9093076625000001 0.041377128125 0.9210530046875001 0.03902306875 0.9132318140625 0 0.8579956187500001 0
0 1 0.4329214125 0.988905878125 0.37756836875 0.966088796875 0.38455466562499996 0.9690623468749999 0.4010149671875 0.966431140625 0.40542664375 0.971463003125 0.424686025 0.9773892484375001 0.42697027343749994 0.9821760546875 0.4490129828125 1 0.44403247968750004 1 0.4329214125
0 0.97220584375 0.3738240140625 0.9870867046875 0.3684917765625 0.9754902640625 0.310632471875 0.9646582328125 0.31472837187499997 0.9262879875 0.3308383578125 0.9460005046875001 0.38296053125 0.97220584375 0.3738240140625
0 0.851048034375 0.20575738437500002 0.9240224484375 0.17824164375 0.9136745578125 0.148915578125 0.9052539375 0.148910671875 0.8956830984374999 0.121837575 0.8299209609375 0.1434375765625 0.851048034375 0.20575738437500002
0 0.20793737656250003 0.4369903625 0.1826825296875 0.4439399671875 0.1893413953125 0.4725080984375 0.24208750937499998 0.4581823546875 0.2327021140625 0.40496687500000006 0.2018642859375 0.41231934375 0.20793737656250003 0.4369903625
0 0.034090075 0.4525422859375 0.06869095 0.4432855015625 0.0550020609375 0.38667933125 0.0181731265625 0.396404371875 0.034090075 0.4525422859375
0 0.07104988749999999 0.4363243828125 0.12445557812500001 0.422691046875 0.1088200734375 0.3609197984375 0.0571038109375 0.373238028125 0.07104988749999999 0.4363243828125