0 0.936280759375 0.197057653125 0.8862591453125 0.1853991796875 0.7965054015625 0.5486698171875 0.844015290625 0.564725190625 0.9321114078124999 0.20924348125 0.936280759375 0.197057653125
0 0.958418225 0.051793325 0.8833136312500001 0.0364567515625 0.865378184375 0.11167133124999999 0.9374698312499999 0.1296720890625 0.958418225 0.051793325
0 0.5839020968749999 0.0037132140625 0.5816606359375001 0.01350611875 0.61724323125 0.020863281249999997 0.62121300625 0.0056697890625 0.5839020968749999 0.0037132140625
0 0.852350365625 0.083969609375 0.8703981187500001 0.018736995312499997 0.8278631093750001 0.0165064703125 0.8179309124999999 0.0403570140625 0.8264138875 0.05060291875 0.8409542984374999 0.0683422515625 0.852350365625 0.083969609375
0 0.5788899359374999 0.34626870625 0.6205049921875 0.3553642390625 0.6330297609375 0.3021589578125 0.5912280703125 0.2922223 0.5788899359374999 0.34626870625
0 0.0170710640625 0.131888621875 0.023942892187500002 0.1338350890625 0.0320363109375 0.10953808281249999 0.0183316828125 0.1122049375 0.0170710640625 0.131888621875
0 0 0.7127136265625 0.025728371875 0.7204609078125 0.0484455265625 0.6463721734375001 0 0.6327982484375 0 0.7127136265625
0 0.02745415 0.5692475421875 0.060929699999999996 0.474655071875 0.0428790921875 0.47519616249999996 0.0268699640625 0.468099721875 0.0015418453125 0.5576938546875 0.02745415 0.5692475421875
0 0.5346477296875001 0.0251954296875 0.575765525 0.0352274890625 0.5816606359375001 0.01350611875 0.5837484046875 0.0037051546875 0.540178778125 0.0014203734375000002 0.5346477296875001 0.0251954296875
0 0.12245604375000001 0.8010101984375 0.13251113125 0.7307204484375001 0.0839077125 0.7249119703125 0.0725264015625 0.792353746875 0.12245604375000001 0.8010101984375
0 0.1750220703125 0.3660006484375 0.2143491875 0.3800955046875 0.225325159375 0.34253883125 0.18912374062499998 0.3199225734375 0.1750220703125 0.3660006484375
0 0.1393704171875 0.5130065625 0.179247240625 0.52227346875 0.190982478125 0.48173753750000003 0.1479426078125 0.47099211875 0.1393704171875 0.5130065625
0 0.2143491875 0.3800955046875 0.24815584687499997 0.3882127546875 0.2580009703125 0.3526094984375 0.225325159375 0.34253883125 0.2143491875 0.3800955046875
0 0.3701562859375 0.8340829609375 0.3821742796875 0.780938615625 0.349781265625 0.7746456875 0.3399010484375 0.8299148546874999 0.3701562859375 0.8340829609375
0 0.3809122359375 0.6743296609375 0.4173061234375 0.5532873484375 0.377529225 0.5393876796875 0.34281723125 0.6648936625 0.3809122359375 0.6743296609375
0 0.294771596875 0.824485446875 0.33945126718749996 0.830110040625 0.35130369687499996 0.7679435390625 0.307488903125 0.7597390125000001 0.294771596875 0.824485446875
0 0.3380908078125 0.6908986500000001 0.344516690625 0.6677174531250001 0.342884259375 0.6638470640625 0.3176346765625 0.655259696875 0.30207582187500004 0.715897315625 0.3193789546875 0.7212239171875 0.32258869687499997 0.7103660421875 0.32757415 0.7014827390625 0.3380908078125 0.6908986500000001
0 0.4743255890625 0.8752494359374999 0.4847033890625 0.8784408078125001 0.48784497499999996 0.8823028265625 0.5047926640625 0.8832790671874999 0.5041656718749999 0.8930691265625 0.5371400234375 0.8977954921875 0.5396928812499999 0.8681761437500001 0.4795542140625 0.85813111875 0.4743255890625 0.8752494359374999
0 0.547989290625 0.8239813796875 0.49268796249999997 0.8169246906250001 0.48649789062500004 0.8555417984375 0.542663903125 0.8644596515625 0.547989290625 0.8239813796875
0 0.4677203234375 0.8541195593750001 0.4838344078125 0.8568460328124999 0.4906094203125 0.8152405234375 0.47523037968750004 0.8136683421875001 0.4677203234375 0.8541195593750001
0 0.639206325 0.6867369171875 0.627575125 0.6474696734375 0.6004434125 0.6378866359375001 0.562713121875 0.6070518218750001 0.5487876046875 0.603608778125 0.5176827390625001 0.63899415 0.5662538640625 0.6791046453125 0.5743837453125 0.705105615625 0.62281699375 0.7091331046875 0.639206325 0.6867369171875
0 0.7319192140624999 0.7548681015625001 0.6765106734375 0.7225155562500001 0.6648991140625 0.7303950671874999 0.6636197921875 0.7401290406250001 0.66101291875 0.7504497171875 0.6331956203125 0.7973180859375 0.643735925 0.7959237328125 0.644459671875 0.805106425 0.6398698296875 0.8153231156249999 0.6437304968750001 0.8468758328125 0.69040983125 0.86360960625 0.7319192140624999 0.7548681015625001
0 0.641383234375 0.689957659375 0.6376833140625 0.7067623515625 0.666386503125 0.7174122781250001 0.691901940625 0.63513500625 0.6815834671875 0.622823884375 0.6667374406250001 0.620098278125 0.65651711875 0.6267381015625 0.641383234375 0.689957659375
0 0.542386403125 0.74589165 0.480786753125 0.756269103125 0.4891012953125 0.796456290625 0.4981456640625 0.7996433671875 0.54998301875 0.788753984375 0.5760598421875 0.7987630046875001 0.6072462921875 0.778149134375 0.6105938453124999 0.7429489765625 0.62254573125 0.7092720203125 0.5743678328125 0.7056954703125 0.542386403125 0.74589165
0 0.7318582515625 0.9231018515624999 0.760607128125 0.9272347203125 0.7654996 0.9064890078125 0.736305390625 0.9014576906249999 0.7318582515625 0.9231018515624999
0 0.7542618484375 0.8293289203124999 0.7782536328125 0.8339999140625001 0.7851536109375 0.7969295734374999 0.7616649671875 0.79191305 0.7542618484375 0.8293289203124999
0 0.07392020625 0.08029668749999999 0.099827284375 0.096028678125 0.1085370828125 0.07644575 0.0819762796875 0.060679478125 0.07392020625 0.08029668749999999
0 0.1408878671875 0.537107484375 0.1173077390625 0.5970181875 0.123086184375 0.6095506546875 0.1882926109375 0.633666053125 0.17397360312500001 0.651729703125 0.1969183890625 0.6604587359375 0.186311090625 0.6646061249999999 0.17091089843750001 0.7101348046875 0.261453159375 0.7391010640625 0.2817333875 0.6798486546875 0.27245561406249996 0.67006425 0.285191325 0.6463388453125 0.29517322031250004 0.6475186140625 0.307660225 0.6061688859375 0.2954264984375 0.5991829171874999 0.3124200453125 0.5451618640625 0.32165743125 0.51836519375 0.2192109421875 0.48853402968750004 0.198789528125 0.513803484375 0.21859933437499998 0.5421233828124999 0.20348714218750003 0.54321235625 0.191065878125 0.5463238953125 0.1408878671875 0.537107484375
0 0.7661393609375 0.9067413296875 0.7771649765624999 0.8506571328125 0.7494961265625 0.84570580625 0.736115409375 0.90101018125 0.7661393609375 0.9067413296875
0 0.620895390625 0.2045183921875 0.63422869375 0.1533682296875 0.6027771375000001 0.14603080156249998 0.5895360625 0.1991547640625 0.620895390625 0.2045183921875
0 0.6327367828125 0.14935206875 0.6412381140625001 0.1125407203125 0.6157465921874999 0.10363438437500001 0.6051237890625 0.1435285765625 0.6327367828125 0.14935206875
0 0.703319534375 0.523087184375 0.7530464703125 0.53763989375 0.76256946875 0.5016040765625001 0.71425225 0.48791287656250004 0.703319534375 0.523087184375
0 0.5394450546875 0.19609045625 0.5676503984375 0.2063204859375 0.5814682343750001 0.16057756406249998 0.5541026984374999 0.1515729515625 0.5394450546875 0.19609045625
0 0.7595689296875 0.21047775781250003 0.7991418859375 0.2241479578125 0.8159113843749999 0.1705527046875 0.774354359375 0.1574785359375 0.7595689296875 0.21047775781250003
0 0.47753098437499997 0.2141084984375 0.470963103125 0.20468497343749997 0.4664523984375 0.20444843281249997 0.46711990312499996 0.22338548125000002 0.5225998796875 0.23721164374999998 0.5564191421875 0.1328142578125 0.52266401875 0.11706451250000001 0.521153075 0.11129716249999999 0.49879615624999996 0.10636186562500001 0.489943353125 0.1561718140625 0.49204940625000004 0.164595653125 0.5020743046875 0.17910099375 0.5014947890625 0.1881497109375 0.4974921671875 0.1973908359375 0.4895889140625 0.2030145453125 0.47753098437499997 0.2141084984375
0 0.7134449171874999 0.49027705 0.681845271875 0.48183798906249997 0.6714421921875 0.5145460515625 0.703319534375 0.523087184375 0.7134449171874999 0.49027705
0 0.5657883531250001 0.4180395 0.5725920624999999 0.41524594375 0.5844612828125 0.41153664531249995 0.5956157265625001 0.41454996875 0.6055363546875 0.3828885984375 0.5682593671875 0.374676875 0.5541390234375 0.42309485 0.5597828515625001 0.42339081093750003 0.5657883531250001 0.4180395
0 0.628623021875 0.5037684515625 0.6714421921875 0.5145460515625 0.681845271875 0.48183798906249997 0.6396155234374999 0.4686847890625 0.628623021875 0.5037684515625
0 0.5835848296874999 0.20809680937500002 0.583077928125 0.2160117109375 0.5859703984375 0.224104875 0.5873102343750001 0.237323434375 0.57874231875 0.2550323484375 0.5681128875 0.28444693593750003 0.60146131875 0.289477325 0.624638775 0.21024966875 0.5848292734375 0.2006143765625 0.5835848296874999 0.20809680937500002
0 0.271946990625 0.31886209375 0.2580009703125 0.3526094984375 0.2503459703125 0.3813268453125 0.290796075 0.391542665625 0.30900974375 0.3290534234375 0.271946990625 0.31886209375
0 0.273887490625 0.2759310734375 0.268463678125 0.26912719531249996 0.264048834375 0.2564693390625 0.269728634375 0.239134028125 0.27918471562499997 0.22394383125 0.290642465625 0.2082241578125 0.290530553125 0.199729871875 0.2437777921875 0.18550814531249998 0.20926629531250002 0.3065179046875 0.2592399125 0.3209741640625 0.273887490625 0.2759310734375
0 0.27506595312500004 0.1660372296875 0.3151448046875 0.17761185468750001 0.3235862890625 0.151976703125 0.2817501734375 0.1388222671875 0.27506595312500004 0.1660372296875
0 0.3779922203125 0.058306798437499995 0.3859471484375 0.06655605 0.387324621875 0.0757730234375 0.42391131875 0.0855455953125 0.43649598125000005 0.0522299828125 0.376372215625 0.032734714062499996 0.367088646875 0.055131609375 0.3779922203125 0.058306798437499995
0 0.2822182203125 0.044117815625 0.3289681875 0.058383149999999995 0.3415559359375 0.0257021421875 0.29442120156249996 0.0075443359375000005 0.2822182203125 0.044117815625
0 0.5428515453125 0.08896061250000001 0.537088921875 0.0853986921875 0.5294707984375 0.085546134375 0.5236287453124999 0.091759234375 0.521153075 0.11129716249999999 0.52266401875 0.11706451250000001 0.55262441875 0.13027438593750001 0.5637007046875 0.09388247499999999 0.5513148359375 0.092686028125 0.5428515453125 0.08896061250000001
0 0.40903369375 0.3810068328125 0.40377849687499995 0.38215328125000003 0.39625784531249997 0.40945564375 0.460516546875 0.428227021875 0.47265960781249994 0.384737153125 0.429548484375 0.3733973078125 0.42118038125 0.38013426250000004 0.40903369375 0.3810068328125
0 0.9910685906250001 0.5593274171875 0.9795260625 0.5552045453125001 0.9695032765624999 0.6058719890625001 0.9877022828124999 0.611889975 0.9910685906250001 0.5593274171875
0 0.4618859609375 0.311254921875 0.468990559375 0.32322249062499997 0.45848647187499997 0.33361034218749996 0.43503648281249996 0.348132334375 0.431005678125 0.373517478125 0.47265960781249994 0.384737153125 0.5142527984374999 0.2617141234375 0.5182061234375 0.2457321828125 0.47970010937499996 0.23349620624999998 0.48360755937500005 0.243152134375 0.48162083125 0.2506175203125 0.48606574374999995 0.2580263859375 0.47768127812500005 0.2708225125 0.473998275 0.281218021875 0.4655725265625 0.2830514234375 0.46176400468749995 0.289261775 0.460298375 0.3005392703125 0.4618859609375 0.311254921875
0 0.3146964875 0.1811981109375 0.30893290156250003 0.19984166875 0.3163583859375 0.206116071875 0.343142290625 0.21600903124999998 0.344269803125 0.2291289453125 0.34705861250000003 0.236450965625 0.3490479171875 0.24635634374999998 0.3907602375 0.2576884671875 0.40190434531249997 0.24652471562499997 0.40298796875000004 0.2296047046875 0.4078696609375 0.2148309484375 0.415838353125 0.21262354062500002 0.4371164 0.134718309375 0.3945820328125 0.1160797921875 0.3835105953125 0.1148428890625 0.364908978125 0.110673328125 0.3527267265625 0.1073217 0.33006299375000003 0.184672965625 0.3146964875 0.1811981109375
0 0 0.5589611015625 0.0015418453125 0.5576938546875 0.0268699640625 0.468099721875 0.0230716609375 0.4540084109375 0.0237209953125 0.44386948750000005 0.0241720390625 0.4368267515625 0 0.428976003125 0 0.5589611015625
0 0.9716962578125001 0.86181295625 0.9684466734375 0.8613442203125 0.9625469234375 0.88860031875 0.9699394375000001 0.8892444734374999 0.9716962578125001 0.86181295625
0 0.9940296234374999 0.5130929625 0.994128184375 0.50462266875 0.9870651421875 0.49893751406250003 0.9795260625 0.5552045453125001 0.9910759125 0.559213096875 0.9940296234374999 0.5130929625