0 0.2261805890625 0.970000334375 0.22846014375 0.9522198359375 0.15074548593749998 0.9426753031249999 0.1506382890625 0.9602992765625 0.2261805890625 0.970000334375
0 0.128276425 0.9524193421874999 0.1277272109375 0.957357059375 0.14403511093750002 0.9594513015624999 0.14778169375 0.9257674828125 0.1001415796875 0.9187350421874999 0.09559845 0.9480051234375001 0.128276425 0.9524193421874999
0 0.127552665625 0.9573346453125 0.12795134531250002 0.952595346875 0.093399184375 0.9475702703125 0.092532390625 0.952837378125 0.127552665625 0.9573346453125
0 0.605028971875 1 0.6136381953125001 0.91334286875 0.571341 0.9084990328125 0.55530096875 0.9075279390625001 0.547752884375 1 0.605028971875 1
0 0.7126763765625 0.5294952140625 0.6967019328124999 0.6770379421875 0.717618871875 0.681248321875 0.7726717984375 0.6885359078125 0.789315553125 0.5408613828125 0.7373484265625 0.5313352984375 0.7126763765625 0.5294952140625
0 0.6424829640625 0.3277506578125 0.6265085218750001 0.4752933875 0.647425459375 0.4795037671875 0.7024783859375 0.4867913546875 0.7191221390625 0.33911682656250003 0.6671574031249999 0.329569275 0.6424829640625 0.3277506578125
0 0.8750941765625001 0.5785513390625 0.878852709375 0.5847826015625001 0.881119796875 0.5926514328125 0.8816077703125 0.5953270953125 0.8777070921875 0.5997908703125 0.8748671937499999 0.599426175 0.87228546875 0.5990946328125 0.8614829828125 0.6985691203125 0.9168562140625 0.705723640625 0.9134899984375 0.7018509078124999 0.9135467437499999 0.6966321984375 0.9144063796875 0.688903596875 0.9164695093749999 0.670354953125 0.9197105703125 0.6671129703124999 0.9246442203124999 0.6651335453125 0.9299796 0.6642509109375 0.944185284375 0.5581148140625001 0.8845282828125001 0.550235975 0.8793373015625001 0.55923745 0.87575266875 0.5679226078124999 0.8745483328124999 0.5716874468750001 0.8750941765625001 0.5785513390625
0 0.18135504687499998 0.6419741078125 0.1800665296875 0.6614061234374999 0.2059792984375 0.6638628140625 0.2080806328125 0.644970678125 0.18135504687499998 0.6419741078125
0 0.91627615625 0.0537060953125 0.8929212359375001 0.0517956296875 0.8903651078125 0.0855670015625 0.9103045828124999 0.0916987046875 0.939839021875 0.0953390609375 0.9440584046874999 0.0574045109375 0.91627615625 0.0537060953125
0 0.8445293859375 0.0552492953125 0.8428683625 0.078030371875 0.848366584375 0.07960744843749999 0.86612776875 0.0807995703125 0.86887898125 0.059203692187500004 0.86054310625 0.056064584375000004 0.8445293859375 0.0552492953125
0 0.5972679984375 0.03150945 0.5973405031250001 0.038116581249999996 0.5984331015625 0.039476290625 0.6024300921875 0.0408170296875 0.6040894890625 0.0443399265625 0.6045918343750001 0.047278734375 0.6044561703125 0.05222600937500001 0.6024151375 0.05566564843750001 0.5994391328125 0.056524648437500005 0.5960998625 0.05809912187500001 0.68572861875 0.0684333 0.6902578187499999 0.042623653125 0.5972679984375 0.03150945
0 0.5140709625000001 0.012986381250000002 0.5081809984375 0.053776671875 0.5613071125 0.0601417953125 0.568932625 0.0200316578125 0.5140709625000001 0.012986381250000002
0 0.945924284375 0.2481970203125 0.9421411796875001 0.2763235296875 0.97893291875 0.2790667609375 0.9826826390625 0.2516327640625 0.945924284375 0.2481970203125
0 0.8859806875 0.24250242656249998 0.840735953125 0.236692146875 0.8393901984375001 0.2572273375 0.8390435859375 0.2772158125 0.88274165 0.2826097203125 0.8859806875 0.24250242656249998
0 0.813665771875 0.35038701875 0.7947034281249999 0.4992880421875 0.799412946875 0.50207033125 0.8635016765625 0.5085585375 0.8807331796875 0.35834649218750003 0.813665771875 0.35038701875
0 0.896026459375 0.5312222984375 0.8919271625 0.53394034375 0.8924056312499999 0.5370938359374999 0.922788659375 0.5405600921875 0.930392071875 0.4955477453125 0.90090309375 0.49228340312499996 0.889651075 0.49083843125 0.885324890625 0.5152152234375 0.8905410609375 0.516973828125 0.89353181875 0.5195136234375 0.896026459375 0.5312222984375
0 0.95607495 0.6742869671875 0.9625541999999999 0.7037313578125 0.96284565 0.742114534375 0.979989753125 0.7404184375 0.9834835703125 0.740397321875 0.9938716875000001 0.6470024984375 0.9563398796874999 0.6509128796875 0.95607495 0.6742869671875
0 0.552791803125 0.7745089562499999 0.5438827546875 0.8956096328125 0.5978263921875 0.901883765625 0.6073952921875 0.7815210765625 0.552791803125 0.7745089562499999
0 0.5972547375 0.6794442046875 0.5954127015624999 0.7077764328125 0.628728990625 0.7127299 0.6321508203125 0.681965775 0.5972547375 0.6794442046875
0 0.712414490625 0.21892852031249999 0.7105958671875 0.2431265078125 0.7492096078125 0.2498925671875 0.75079609375 0.22346549375000002 0.712414490625 0.21892852031249999
0 0.356779046875 0.1699484046875 0.355514603125 0.2107447734375 0.397919440625 0.2161903578125 0.40380491875 0.1978059515625 0.4175488328125 0.1880301875 0.428520696875 0.185519684375 0.441740684375 0.1922256296875 0.44812406562499996 0.199577871875 0.45175857031250005 0.2081013546875 0.45735301093749997 0.21469903281249997 0.5055690953124999 0.2206731390625 0.5109678140625 0.18979270937499998 0.356779046875 0.1699484046875
0 0.3612956546875 0.318467671875 0.4206145375 0.31741889375 0.4260412890625 0.24116299375 0.3681583921875 0.236560484375 0.3573581734375 0.23517353124999998 0.3547200203125 0.28263083437500003 0.3636484859375 0.28377741875 0.3612956546875 0.318467671875
0 0.3606797484375 0.3253783484375 0.36170454687500003 0.3195000546875 0.363870840625 0.28413259687500003 0.3529223859375 0.2825088578125 0.3451535671875 0.2836886953125 0.34207484374999997 0.3251012984375 0.3482901375 0.3261172109375 0.3606797484375 0.3253783484375
0 0.24233473437500003 0.236951334375 0.24057028281249998 0.27439546875 0.3147038421875 0.282195396875 0.3102952421875 0.27710005312499997 0.30748034375 0.26591639843750003 0.3109910484375 0.2586806703125 0.317140903125 0.252241134375 0.32283656875 0.24576504375 0.24233473437500003 0.236951334375
0 0.24854542343750002 0.27940445 0.246238103125 0.3148626734375 0.3338562125 0.32287002343750004 0.33861642812500004 0.2898825234375 0.24854542343750002 0.27940445
0 0.20226458749999998 0.3048824203125 0.19109377968750002 0.3029035015625 0.18776507656250002 0.3328303640625 0.20162756874999999 0.33513316875 0.2420694953125 0.33762657812499997 0.2441433890625 0.3091717015625 0.20226458749999998 0.3048824203125
0 0.494755928125 0.2908153515625 0.492022546875 0.2816454640625 0.492571759375 0.276707746875 0.49326424375 0.270481928125 0.46803258437500006 0.2666102328125 0.46608754062499996 0.29312190781249997 0.4957535046875 0.29714932968749996 0.494755928125 0.2908153515625
0 0.4672078375 0.306200115625 0.46470585625 0.33301044687500003 0.45846200625 0.3330360671875 0.45092642187500004 0.40549360781250005 0.48491894999999996 0.408291090625 0.4949469171875 0.3087171390625 0.4672078375 0.306200115625
0 0.42869686875 0.29929483125 0.42509200468749997 0.2987447984375 0.42072077812500003 0.32627318125000004 0.42488496875 0.3265030921875 0.46120133125 0.33195069843749997 0.4648151828125 0.327711390625 0.467393528125 0.2998221171875 0.43179437500000006 0.2949892125 0.42869686875 0.29929483125
0 0.4441131875 0.4416361328125 0.44249107031249996 0.4699530515625 0.44671992187500004 0.471171140625 0.48459435468749995 0.4724202875 0.48680716874999996 0.44624784999999995 0.44988863749999997 0.44268265937500006 0.4441131875 0.4416361328125
0 0.263129175 0.45591266093750005 0.22837860937499999 0.45090565781249997 0.2293386 0.42285210781250004 0.21163945625 0.42070985156249996 0.1971293078125 0.41971747343750004 0.1911120859375 0.475777459375 0.25818928125 0.485610840625 0.263129175 0.45591266093750005
0 0.2571621046875 0.5315330234375 0.2563257609375 0.5341474953125 0.252865178125 0.5407364109375 0.24918434843749998 0.5445969453124999 0.24442780000000003 0.5483193375 0.2378971203125 0.5485694234375 0.2296089796875 0.544804971875 0.22646303437499998 0.543856596875 0.22753280625 0.534238784375 0.2295589 0.525832528125 0.2225882421875 0.5249373640624999 0.2179689328125 0.556854209375 0.3209222046875 0.5684422328125 0.3317191921875 0.4829465796875 0.26982942187500003 0.47434551249999996 0.269932896875 0.4800856234375 0.2700539859375 0.5131338265625 0.267987321875 0.5221010203125 0.26167986718749997 0.5299574671875 0.2571621046875 0.5315330234375
0 0.1938611515625 0.47617404218750004 0.18658430312500002 0.553368203125 0.2108811765625 0.5562270812500001 0.2192720421875 0.47961148124999997 0.1938611515625 0.47617404218750004
0 0.18975967656249998 0.5605262265625 0.1884011671875 0.5943207453125 0.32480185 0.6079176765625001 0.3277862296875 0.5771626984375 0.18975967656249998 0.5605262265625
0 0.4225677109375 0.578446940625 0.4211134515625 0.6111404140625 0.439281746875 0.6184818125 0.4705728734375 0.6196694375 0.47343715625 0.5841085406250001 0.46115190781250004 0.578023459375 0.4225677109375 0.578446940625
0 0.0430676796875 0.2039146296875 0.041820737499999996 0.21120154375000003 0.082219303125 0.21094573906249997 0.086301875 0.16835554531250002 0.0389810609375 0.1680656890625 0.0366360390625 0.189148721875 0.039796390625 0.19428371718749998 0.0430676796875 0.2039146296875
0 0.0750034515625 0.2385443171875 0.096948115625 0.2413624265625 0.1004110109375 0.214152896875 0.07942250468749999 0.2111745015625 0.0750034515625 0.2385443171875
0 0.0407887265625 0.2167522859375 0.0329619984375 0.22218034375 0.0247098828125 0.2963713578125 0.064418628125 0.2991784078125 0.07039143125 0.2115389890625 0.0417323390625 0.21160391875 0.0407887265625 0.2167522859375
0 0.8641091812499999 1 0.87081808125 0.9214808218749999 0.8430401875 0.9142118671875 0.8132791796875001 0.9149627390624999 0.8060843375 1 0.8641091812499999 1
0 0.41548317968750004 0.8244001609374999 0.42100931093750005 0.839459534375 0.4155001125 0.8460248953124999 0.411150653125 0.855700584375 0.458601909375 0.8626652234375 0.46390487968749994 0.830683746875 0.41548317968750004 0.8244001609374999
0 0.42233284531250004 0.8928911156250001 0.420244084375 0.9169673109375 0.4460613390625 0.920282734375 0.447313075 0.8931376515625 0.42233284531250004 0.8928911156250001
0 0.417841415625 0.9546561140625001 0.41637546875 0.969601471875 0.4466629828125 0.9739264609375 0.450771309375 0.9467998171875 0.4213565453125 0.9444377812500001 0.4109243171875 0.941900459375 0.4087858984375 0.950531815625 0.417841415625 0.9546561140625001
0 0.2940469515625 0.8128120484375 0.293865471875 0.8144436421875 0.28966597968749996 0.8188472703125 0.2836733265625 0.8205382734375 0.2717716375 0.8235608421875 0.27127540625 0.8317498359375 0.274545590625 0.8321697890624999 0.2809307265625 0.8342091609375 0.28735884375 0.835862103125 0.29174309374999996 0.8372525734374999 0.29721755625 0.8400242203125 0.299942859375 0.8416153749999999 0.30146853125 0.846340496875 0.30178984531249997 0.8546344781249999 0.29902245 0.8608769140625 0.2956405046875 0.86538553125 0.2911472796875 0.8722337859374999 0.2866751234375 0.875361221875 0.27992941718750003 0.8765635703125 0.279615109375 0.8868445515625 0.30139985625 0.8916889734375 0.3064612703125 0.8387289390625 0.327880225 0.8431344390625 0.32941190625 0.8181810265625 0.2940469515625 0.8128120484375
0 0.2569808078125 0.7742790515625 0.249432059375 0.816641871875 0.274087725 0.8213759234375001 0.28046991875 0.778906846875 0.2569808078125 0.7742790515625
0 0.2315617515625 0.7026413093749999 0.22886344687500002 0.72690053125 0.25477160468750004 0.7307720015625 0.257472296875 0.706491315625 0.2315617515625 0.7026413093749999
0 0.1475552375 0.6515695640625 0.1419889 0.6800332203125 0.165224425 0.6830171015625 0.1699543046875 0.6561880265625 0.1475552375 0.6515695640625
0 0.196865021875 0.7479632109375001 0.19514485625 0.755973253125 0.1909944578125 0.771118253125 0.1852290984375 0.77449334375 0.1741449578125 0.777620903125 0.17492369218749998 0.7929851718750001 0.212038334375 0.7973376703125 0.2204120234375 0.7369640000000001 0.1937033640625 0.7355809515625 0.1916108484375 0.7283006890625 0.174098146875 0.7260517265625 0.172284853125 0.7348990359375 0.1755339703125 0.73903980625 0.181555703125 0.7406187828124999 0.188528703125 0.741100521875 0.1973158859375 0.7401821156249999 0.196865021875 0.7479632109375001
0 0.107826034375 0.8518056906249999 0.131013803125 0.8552189406249999 0.150616978125 0.7478380078125 0.12798595937499999 0.742558284375 0.107826034375 0.8518056906249999
0 0.0077188734375 0.66335839375 0.0158669359375 0.6646642234375 0.04559980625 0.6684824875 0.0480393265625 0.6390946875 0.022006884375 0.63535968125 0.008196993750000001 0.6331725031250001 0.007417732812499999 0.6374783984375 0.0077188734375 0.66335839375
0 0.0378262078125 0.7495541296875 0.0097069171875 0.74594308125 0.0089772765625 0.7413201828125 0.008625625000000001 0.7412843953125 0.0090721984375 0.7796628906249999 0.034645999999999996 0.7818735328125 0.0378262078125 0.7495541296875
0 0.3278100859375 0.8363098593749999 0.327813246875 0.8427556624999999 0.30651867187500004 0.8389976125 0.30389247343750003 0.8665323390624999 0.3378877671875 0.8724440015624999 0.34058255625 0.8387993125 0.3278100859375 0.8363098593749999
0 0.273661165625 0.9323300187499999 0.2980513046875 0.9355275000000001 0.3016005796875 0.8910615 0.278914734375 0.8870594578125001 0.273661165625 0.9323300187499999
0 0.3029370109375 0.9324096203125001 0.3026266140625 0.95540769375 0.32782451562500003 0.9568362562500001 0.32766159375 0.9337774 0.3029370109375 0.9324096203125001
0 0.35993898125 0.9865241953125 0.356756765625 0.9621630531250001 0.294484934375 0.9569969203124999 0.291673821875 0.97841090625 0.35982909375 0.9871633328125 0.35993898125 0.9865241953125