0 0.7765568171874999 0.955397553125 0.755568321875 0.968208971875 0.714539871875 0.9864503296875 0.715059315625 0.9874062531250001 0.7879302015625 0.9806034640625001 0.7765568171874999 0.955397553125
0 0.44057714531250003 0.8882424906249999 0.45256131875000005 0.962585934375 0.5308811359375001 0.9532001265625001 0.5173994875 0.8733411796875 0.44057714531250003 0.8882424906249999
0 0.7211975484375001 0.38438012499999996 0.7174536625 0.38918399843749996 0.7198539546875 0.3952484421875 0.743371471875 0.43104611249999997 0.7522378296875 0.42825324374999996 0.757044996875 0.423612128125 0.7560820046875001 0.4161034015625 0.734774409375 0.39228342656250004 0.7368212359374999 0.3889480875 0.730233584375 0.380130296875 0.7211975484375001 0.38438012499999996
0 0.7191889359375 0.40753819687500004 0.7128131609375 0.40005440156249994 0.7091332593749999 0.4003979359375 0.70162925625 0.406557246875 0.7003016953125 0.41104820625 0.717965828125 0.4388766140625 0.7292997515625 0.42930284687500003 0.7173476140624999 0.4112037125 0.7191889359375 0.40753819687500004
0 0.11314559843750001 0.5140953859375 0.13486373125 0.600085325 0.11499893750000001 0.603883109375 0.1292076796875 0.6442836015625 0.2657791828125 0.6079521625 0.25747253125 0.5720664375 0.24233821562500002 0.5753134375 0.22260076406249998 0.58211258125 0.19999793593749998 0.49249326250000003 0.2365867953125 0.48680669062500004 0.226936040625 0.45102460781250003 0.0838456265625 0.480911865625 0.0906396609375 0.5188384578125 0.11314559843750001 0.5140953859375
0 0 0.5917922625 0.007385500000000001 0.670905090625 0.0193162890625 0.669128271875 0.0270974875 0.6547112390625001 0.0316533578125 0.6405953015625 0.0373939921875 0.6394043375 0.0529299640625 0.6451377500000001 0.0612580671875 0.6573958609375 0.0727898484375 0.669354896875 0.109753409375 0.66721430625 0.07977399843750001 0.562431315625 0.0657321109375 0.565685509375 0.05598888125 0.5242349234375 0 0.5371107484375 0 0.5917922625
0 0.15893649062499998 0.872218290625 0.16421579687500001 0.8796516000000001 0.21461196249999998 0.8738114890625001 0.21644489218750002 0.86912050625 0.2230375140625 0.8669984328125 0.22094439375000002 0.8366246515625001 0.21794122031250002 0.8327563359375001 0.1633087515625 0.8416339718750001 0.154376490625 0.8537784328125 0.15893649062499998 0.872218290625
0 0.688444553125 0.5920765968749999 0.6825134187499999 0.5926302921875 0.654950628125 0.600509325 0.664860759375 0.64585281875 0.6962175375 0.6416591 0.6957391328125 0.6196939484375 0.688444553125 0.5920765968749999
0 0.5103269828125 1 0.5016087546875 0.9565660390625 0.45256131875000005 0.962585934375 0.3345525 0.9881883968749999 0.3366320046875 1 0.5103269828125 1
0 0.9414757734375 0.8784266359374999 0.9394302453125001 0.888792765625 0.9651451812499999 0.9460239156249999 0.9892230874999999 0.9378016375 0.9898420765625 0.8846058390625 0.9797644343749999 0.864284034375 0.9414757734375 0.8784266359374999
0 0.78578589375 0.28707969843750003 0.7895482234375 0.323171303125 0.8885075499999999 0.3129068015625 0.8862778734375001 0.280602440625 0.78578589375 0.28707969843750003
0 0.9031295390625 0.40685212656249997 0.9224131203124999 0.5051223312500001 0.955376090625 0.50176125 0.9346548328125 0.40072118593750006 0.9240482921875 0.3287383390625 0.8902118953124999 0.3290585375 0.8930440078125 0.36547716874999997 0.9031295390625 0.40685212656249997
0 0.65675798125 0.657526809375 0.571532246875 0.6762040234375 0.5609519765625001 0.6889390343749999 0.5658582171875 0.7162334687499999 0.66468424375 0.694015759375 0.65675798125 0.657526809375
0 0.7544508125 0.5754556203125001 0.7751449499999999 0.6628730953125 0.8169503375 0.657398265625 0.7977440203125 0.569077665625 0.792522765625 0.5636696078125001 0.786382975 0.5650288437500001 0.77925614375 0.5684453890625 0.7544508125 0.5754556203125001
0 0.6877114234375 0.491834446875 0.6935765171875 0.507881615625 0.699791453125 0.5115374421875 0.7311408046875 0.496972728125 0.725402165625 0.48274790625 0.72719231875 0.4750258328125 0.722155025 0.474862865625 0.6877114234375 0.491834446875
0 0.3897464828125 0.550045171875 0.3823795203125 0.553462296875 0.381791190625 0.5616617234375 0.3873609375 0.5874094296875 0.3993980921875 0.5853686375 0.40982907187500006 0.6393320515625 0.46990313281249996 0.6276974 0.463244184375 0.5902822421875 0.4452776046875 0.59195949375 0.431419975 0.530761015625 0.448849128125 0.5282386921875 0.44295009375000005 0.5038755078125 0.4305412140625 0.5068462421875 0.3809065453125 0.5182705640624999 0.3837519921875 0.5293373625 0.3891203203125 0.52883620625 0.3897464828125 0.550045171875