0 0.5377663703125 0.1484135234375 0.49623877343749995 0.156684434375 0.5005706328125 0.186258428125 0.542099 0.17812025468749998 0.5377663703125 0.1484135234375
0 0.25488965 0.0056845890625 0.26917234218749997 0.072311578125 0.3344042859375 0.053808946875 0.32412722656250004 0.00487901875 0.25488965 0.0056845890625
0 0.35963625625 0.036125703125000005 0.34016958750000004 0.036927425 0.3411824203125 0.0626904140625 0.3611993703125 0.057590181250000004 0.35963625625 0.036125703125000005
0 0.2494040390625 0.009863526562499999 0.24877199375 0.0057557671875 0.1863673421875 0.0064818375 0.200728284375 0.0901657265625 0.25156370625 0.0844193078125 0.2614700203125 0.0757198328125 0.2494040390625 0.009863526562499999
0 0.1334440953125 0.0070975921875 0.13662181874999998 0.02449454375 0.17644501875000002 0.01611071875 0.1752660265625 0.0066110000000000006 0.1334440953125 0.0070975921875
0 0.11350959062499999 0.07184389531249999 0.11854471562499999 0.10820185468750002 0.193390128125 0.0953175625 0.197837371875 0.09148256875 0.19213643593750002 0.054778364062499994 0.166678634375 0.05266301875 0.164111 0.025878278124999998 0.1115979515625 0.0361133171875 0.11694500156250001 0.069038390625 0.11350959062499999 0.07184389531249999
0 0.078711284375 0.0653902453125 0.044070717187500004 0.06703224062499999 0.04711739375 0.09628932500000001 0.08625755 0.0884001796875 0.078711284375 0.0653902453125
0 0.0617801765625 0.0152102765625 0.03459279375 0.020062075 0.041750334374999996 0.044713728125000005 0.0652039796875 0.037029218749999995 0.0617801765625 0.0152102765625
0 0.36529953437499996 0.1804427875 0.330196671875 0.186293775 0.333331334375 0.2154613359375 0.3689401109375 0.20909560312500003 0.36529953437499996 0.1804427875
0 0.3165307375 0.21813472812499998 0.316363659375 0.1894193703125 0.2896366390625 0.1897303359375 0.2584999484375 0.1965307703125 0.25964039687499996 0.225212675 0.3165307375 0.21813472812499998
0 0.23736053125 0.19885640468750002 0.202309240625 0.2021625015625 0.20872010937500002 0.23919031093749998 0.24334394375 0.23467235312499998 0.23736053125 0.19885640468750002
0 0.1395138703125 0.251544384375 0.15258236875 0.303362240625 0.15780469218749998 0.3490765890625 0.22455750000000002 0.3371714234375 0.22017774218750003 0.29556238281249997 0.18961982187499998 0.21549620468750003 0.1364932109375 0.23056147343750003 0.1395138703125 0.251544384375
0 0.13454225 0.23750907031250001 0.1355677625 0.21601447343750002 0.1123702046875 0.21827555625 0.11712049218750001 0.24370744531250002 0.13454225 0.23750907031250001
0 0.11441641250000001 0.292345925 0.0914464265625 0.299493825 0.09811129375 0.3231334953125 0.119399665625 0.31978840937499997 0.11441641250000001 0.292345925
0 0.25692855468750003 0.2953339109375 0.225327865625 0.2984449890625 0.2308310390625 0.35439960625 0.263101640625 0.348537325 0.25692855468750003 0.2953339109375
0 0.25855587343750003 0.3544531453125 0.104440028125 0.3764678453125 0.11166231093750001 0.412247253125 0.26079345 0.3853568375 0.25855587343750003 0.3544531453125
0 0.2028739796875 0.44373081562500005 0.169575715625 0.4479014875 0.172515128125 0.48154042343750003 0.21511001875 0.4779695640625 0.21126858906249998 0.46803621250000005 0.2342867015625 0.46535685468750004 0.2385420015625 0.4893785484375 0.2766415078125 0.4813687671875 0.2627220734375 0.389781378125 0.1995165921875 0.39910098125000004 0.2028739796875 0.44373081562500005
0 0.1480772515625 0.475983946875 0.12438523593749999 0.48072870312499993 0.1307081875 0.5026466593750001 0.15198664687500002 0.49759812031250006 0.1480772515625 0.475983946875
0 0.42057320468750004 0.30621775156250003 0.39686316875 0.3078653203125 0.40016057031249996 0.34218594375 0.4197112203125 0.3368035203125 0.42057320468750004 0.30621775156250003
0 0.2193046296875 0.575223290625 0.21581363593749997 0.5418562625 0.2021557921875 0.5370593343750001 0.13583301718750002 0.5506188187500001 0.1418211921875 0.5872533078125 0.2193046296875 0.575223290625
0 0.177794340625 0.6016801484375 0.1506045109375 0.6061116125 0.1552938296875 0.6324734296875001 0.1820583921875 0.6272061921875001 0.177794340625 0.6016801484375
0 0.2190767328125 0.5854916046875001 0.22943444687499998 0.6163450687500001 0.29657584843749996 0.602776059375 0.2761634109375 0.490467403125 0.1992831421875 0.50348599375 0.2051573296875 0.5357412046875 0.21466826874999997 0.5389491875 0.2484781140625 0.5352371734375 0.25571970624999996 0.574334996875 0.2190767328125 0.5854916046875001
0 0.390127375 0.637108553125 0.3704028734375 0.5251458828125 0.30497049062500003 0.53581885 0.305174509375 0.5708834421875 0.30972931875 0.5741269625000001 0.3169276609375 0.6057915375 0.31365021249999997 0.609126184375 0.3213193890625 0.64945799375 0.390127375 0.637108553125
0 0.4426767265625 0.4353654265625 0.3804769140625 0.446399021875 0.392104971875 0.53206164375 0.4567706875 0.5189196765624999 0.4426767265625 0.4353654265625
0 0.44059039687499996 0.43045598749999997 0.43223863125 0.37548585624999997 0.40233165781249997 0.37687366093749997 0.40257403593749996 0.4185308375 0.41216877500000004 0.43614074374999995 0.44059039687499996 0.43045598749999997
0 0.46307044062499997 0.529244784375 0.4234930484375 0.5342407375 0.4278175828125 0.5663591078125 0.4397459140625 0.5629238062499999 0.4427834375 0.5868048 0.4654376390625 0.5824261078124999 0.46307044062499997 0.529244784375
0 0.47132502499999995 0.6017384671875 0.4136578953125 0.61601584375 0.42044601562499995 0.6456276328125 0.47604781406249996 0.6338522046875 0.47132502499999995 0.6017384671875
0 0.28037057656250003 0.6735410203125001 0.279167584375 0.6379128234375 0.24158671874999998 0.643792640625 0.2442951296875 0.6833635703125001 0.28037057656250003 0.6735410203125001
0 0.21831890937499998 0.641585440625 0.1554877375 0.646785575 0.16616285625 0.694162175 0.22104456875 0.6841208203125 0.21831890937499998 0.641585440625
0 0.2172955484375 0.7204924890625 0.21572085 0.6970369609375 0.20594078906250002 0.6894072546875 0.16674982031250002 0.6961686546875 0.1729206296875 0.726163740625 0.2172955484375 0.7204924890625
0 0.30509760468749997 0.774427603125 0.30642134374999996 0.7661598515625 0.302804034375 0.73390050625 0.2396267296875 0.7442596234375001 0.24157826875000002 0.7868482578125 0.30509760468749997 0.774427603125
0 0 0.6285329140625 0.0166243484375 0.624418528125 0.0139999921875 0.5992937671874999 0 0.6005198421875 0 0.6285329140625
0 0.033911346875 0.6977363375000001 0.0030090203125 0.7029853453125 0.0057000078124999996 0.7281535781249999 0.040352003125 0.7208697578125001 0.033911346875 0.6977363375000001
0 0 0.75343299375 0.0056305625 0.7656550203125 0.046864229687499995 0.756303440625 0.0438046796875 0.7248340796875 0 0.736751359375 0 0.75343299375
0 0 0.859448384375 0.032386740625 0.8540177828125 0.03666875 0.8331932734375 0.031146418749999998 0.8119739796875001 0 0.820981109375 0 0.859448384375
0 0.057712284375 0.78396530625 0.038914640625000003 0.7856663390625 0.0415538015625 0.8133352171875 0.0603313609375 0.8081830312499999 0.057712284375 0.78396530625
0 0.3396295453125 0.3586205703125 0.33874567187500004 0.3512192234375 0.279876553125 0.356660875 0.2630708203125 0.3622547296875 0.26466003437499996 0.38059938125000004 0.28476475625000003 0.5198811015625 0.3802063703125 0.5063810609375 0.3784879234375 0.465825146875 0.32063309375000004 0.47446301718750006 0.31398655781249996 0.43496003281249995 0.34993223125 0.42945322656249996 0.34392243125 0.3891021125 0.36782271093749996 0.38592575625 0.3706419265625 0.3722865296875 0.36477371718749996 0.35627046406249996 0.3396295453125 0.3586205703125
0 0.219054225 0.752751334375 0.188149453125 0.757580009375 0.19624798593749998 0.7918447703125 0.2202678875 0.7864103484375 0.219054225 0.752751334375
0 0.3295852359375 0.7733240953125 0.29210922031250003 0.7820124765625 0.2972446734375 0.8165993296874999 0.33392600625 0.8120353093749999 0.3295852359375 0.7733240953125
0 0.2509401421875 0.7948589390625 0.21672897343750003 0.8018500140624999 0.22310392812500002 0.8327055703124999 0.253192134375 0.82824038125 0.2509401421875 0.7948589390625
0 0.5097106375 0.798817321875 0.5037680296875 0.77001429375 0.43167306875 0.7840612984375 0.43340439999999997 0.7964086203125 0.36912483281249997 0.8074664125 0.38504615000000003 0.919871571875 0.45632442968750003 0.9099713078124999 0.4446676671875 0.819375309375 0.47308208125 0.8124516796875 0.473053246875 0.807496178125 0.5097106375 0.798817321875
0 0.5215406421875 0.9153851968750001 0.518479178125 0.8873893687500001 0.4686231765625 0.89414210625 0.46960501875 0.9221842578125001 0.5215406421875 0.9153851968750001
0 0.3436799609375 0.9216581937500001 0.31996956718749997 0.9308501421875001 0.32458568906249996 0.9560402234375 0.3760052296875 0.948008209375 0.369258825 0.8951433296875001 0.365289821875 0.8937071828125 0.340582884375 0.8989504796875 0.3436799609375 0.9216581937500001
0 0.3065903828125 0.9359173937499999 0.279889234375 0.9406750374999999 0.281523228125 0.9629130390625 0.3087111265625 0.9581497328124999 0.3065903828125 0.9359173937499999
0 0.24379285468749998 0.8594343406249999 0.23773669062499997 0.837734521875 0.21891883750000002 0.8359622812499999 0.20209045312499999 0.837662528125 0.210183953125 0.867259128125 0.24379285468749998 0.8594343406249999
0 0.26782428281250004 0.9738690671875 0.2608075890625 0.9468042265625 0.2525389953125 0.944157021875 0.22336977187499998 0.9544523249999999 0.22765710781249998 0.9801772140624999 0.26782428281250004 0.9738690671875
0 0.0860147453125 1 0.0833387109375 0.982387321875 0.044611721874999996 0.9890327015624999 0.0396868703125 0.9944440734375 0.0195433296875 1 0.0860147453125 1
0 0.0788202140625 0.954961553125 0.0589949109375 0.9549709765625 0.0485270890625 0.9584335312500001 0.0517356765625 0.97748944375 0.05581506093750001 0.9826854328125 0.0818103984375 0.9783121140625 0.0788202140625 0.954961553125
0 0.035848965625 0.9318770484375 0.0505309796875 0.9339629015625001 0.0532389171875 0.950635215625 0.0763899078125 0.9479764375 0.066425759375 0.8706795546875 0.0375506828125 0.870683646875 0.025546595312499996 0.87631013125 0.035848965625 0.9318770484375
0 0 0.9464474078125 0.0015700343750000001 0.9462362921875 0.006307659375000001 0.9238577859375001 0.02343496875 0.916490246875 0.0177956609375 0.8827721015625001 0 0.8813380609375001 0 0.9464474078125
0 0 0.9870647171875 0.00129483125 0.9978111640625 0.0361952203125 0.9913873000000001 0.0314503234375 0.9630791953125 0 0.965037434375 0 0.9870647171875
0 0.987520753125 0.9716902859375001 0.9887647906250001 0.9713693781250001 0.989270046875 0.9279477578125 0.9829756968750001 0.9282911046875 0.987520753125 0.9716902859375001
0 0.9878681 0.68152646875 0.9921463062500001 0.6807625984375 0.992519634375 0.6486788984375 0.9856896890625 0.649383128125 0.9878681 0.68152646875
0 0.965343715625 0.5599059421875 0.993568759375 0.55851725625 0.993842253125 0.5350133375 0.9631492609375 0.5364133765625 0.965343715625 0.5599059421875
0 0.9930940109374999 0.3057423359375 0.9485511578124999 0.3129732453125 0.9559615562499999 0.36206927499999997 0.9933646796875 0.352261446875 0.9930940109374999 0.3057423359375
0 0.9774124093750001 0.23073340781249999 0.97266575 0.1793054609375 0.9578026156250001 0.1765137421875 0.90092294375 0.1816225078125 0.901772553125 0.24398093437499999 0.9774124093750001 0.23073340781249999
0 0.925419809375 0.140274846875 0.904658834375 0.142994315625 0.9077790796875 0.169684128125 0.9280533046875 0.166970321875 0.925419809375 0.140274846875
0 0.9251059921874999 0.0863395328125 0.89541421875 0.0866849921875 0.8985286718750001 0.11237927968750001 0.9247689421875 0.1120739765625 0.9251059921874999 0.0863395328125
0 0.8189526359375 0.0956057234375 0.7649833265625 0.10654355625 0.7709642921875 0.141939171875 0.7837548703125 0.142188590625 0.7896782984375 0.16769532812500001 0.8300815265624999 0.1639287234375 0.8189526359375 0.0956057234375
0 0.83217275 0.1696788265625 0.8086874515625 0.1757265109375 0.81049318125 0.20086079375 0.8360480765625 0.19684658906250002 0.83217275 0.1696788265625
0 0.8440147171874999 0.21985163281250003 0.7677463359375001 0.22775240000000002 0.7708749921875 0.26729631249999997 0.7811828046875 0.26675602187499997 0.78502221875 0.28775153124999997 0.84596861875 0.2742546 0.8440147171874999 0.21985163281250003
0 0.7463555703125 0.16406214218749998 0.6833510453125 0.181299896875 0.6877206484375 0.2249666109375 0.7145241999999999 0.2225971984375 0.7229854859375 0.258362190625 0.763774990625 0.2525335375 0.7463555703125 0.16406214218749998
0 0.6586542093750001 0.2034902671875 0.59762669375 0.229665346875 0.6182418249999999 0.30075413281249996 0.679930190625 0.289284003125 0.6586542093750001 0.2034902671875
0 0.5825458921875 0.1894640203125 0.5689400671875 0.19741006562500002 0.5750488781249999 0.22815809531250003 0.6450340953125 0.20898068281249998 0.6358306687499999 0.159750646875 0.6654777765625 0.1517285859375 0.658770946875 0.1208768921875 0.6291210078125 0.1284122515625 0.5745239578125 0.1379414375 0.5825458921875 0.1894640203125
0 0.57339665625 0.2484210234375 0.5128940453124999 0.262134034375 0.5197456859375 0.31787384531249996 0.57906049375 0.305369365625 0.57339665625 0.2484210234375
0 0.5375144781250001 0.20779799062499998 0.5155896453125 0.21584082656249998 0.5175579875 0.2461060484375 0.541253209375 0.23810898749999998 0.5375144781250001 0.20779799062499998
0 0.8148835515625 0.49147834687499997 0.8001997109375001 0.4168249171875 0.735392734375 0.4247029515625 0.74436831875 0.49942279687499996 0.8148835515625 0.49147834687499997
0 0.8686668703124999 0.418152240625 0.859415303125 0.3606482859375 0.8042431359375 0.3702062875 0.8141389453125001 0.4395613546875 0.8686668703124999 0.418152240625
0 0.7923343265625 0.365588128125 0.8189922234375 0.3533972328125 0.8008188531249999 0.291262490625 0.7135826578125 0.30415820625 0.7185779250000001 0.34507423125000003 0.722758153125 0.3485876015625 0.732664390625 0.4197346125 0.7961522203125 0.40950462656250003 0.7923343265625 0.365588128125
0 0.7059622828125 0.4091158984375 0.6860050890625 0.2989922484375 0.6261923296874999 0.309577709375 0.6426989375 0.42370175000000004 0.7059622828125 0.4091158984375
0 0.64821660625 0.436513878125 0.6603606 0.485355715625 0.66679898125 0.4852808046875 0.6879305234374999 0.54244741875 0.70426161875 0.542744140625 0.7058534062499999 0.56153125 0.7365293484375 0.559205278125 0.74183965 0.536377621875 0.7148968296875 0.41593684218750004 0.65951395 0.42350611093749996 0.6615656999999999 0.4338806453125 0.64821660625 0.436513878125
0 0.7527971140624999 0.5486176 0.7554306093750001 0.5753130765625001 0.7999251453125 0.56738375625 0.7972973171875 0.5416616828125 0.7527971140624999 0.5486176
0 0.568844559375 0.314094565625 0.5219588468749999 0.321764090625 0.5262738421875001 0.348440003125 0.57315955625 0.340770478125 0.568844559375 0.314094565625
0 0.561489134375 0.3771236890625 0.5631431453125 0.35336510468750004 0.5554076140624999 0.3510656859375 0.5334464953125 0.3566752734375 0.5347897890625 0.38219105 0.561489134375 0.3771236890625
0 0.6553888484375 0.471298278125 0.64216916875 0.44293390468749994 0.6219794546874999 0.44496087500000003 0.606133890625 0.3950116453125 0.5384935093750001 0.406484653125 0.553871521875 0.49776745624999996 0.5961573203125 0.4981161875 0.6028029953125 0.51465419375 0.6348172203125 0.5065603421875 0.631103075 0.48047479531250004 0.6553888484375 0.471298278125
0 0.592115209375 0.5183405515625 0.568399265625 0.5227758453125 0.572127184375 0.5512285296874999 0.595846603125 0.54739055 0.592115209375 0.5183405515625
0 0.6825913640625 0.58693506875 0.6788675640624999 0.5591903140625 0.5663728531250001 0.5776012359375 0.5795701531249999 0.6401478625 0.60663881875 0.6377089921875 0.6152537312499999 0.6504408328125 0.5846809921875 0.6628985187499999 0.5934092921875 0.6913151484375 0.686655240625 0.673128184375 0.74291538125 0.660415878125 0.74169560625 0.576269353125 0.6825913640625 0.58693506875
0 0.5942948171875 0.759845828125 0.633504465625 0.7600976046875 0.6430526249999999 0.8077306828124999 0.6729242 0.8002591171875 0.6539205453125 0.71711598125 0.5962626671875 0.7291808203125 0.5942948171875 0.759845828125
0 0.6365618421875 0.794996253125 0.61375095 0.7952616531250001 0.6153575828125 0.8280090031249999 0.6431356484374999 0.821999871875 0.6365618421875 0.794996253125
0 0.691920128125 0.71474905 0.6598562296875 0.718108884375 0.66597365 0.7465337671875 0.6926764703125 0.7420637203125 0.691920128125 0.71474905
0 0.81610711875 0.7245875265625 0.7745515890625 0.7280577953125 0.7666709890625001 0.7008260140625 0.6948503828125 0.7087856515625 0.6986025015624999 0.7413974156250001 0.739560784375 0.7379562203125001 0.743299128125 0.7682008484375 0.7670337218750001 0.76316798125 0.7754979234375 0.7880256765625 0.817628703125 0.7845487140625 0.81610711875 0.7245875265625
0 0.8654325187499999 0.588613109375 0.8274494156250001 0.5938117546874999 0.8311497875 0.6175301671875 0.8661681390625 0.6123660140625 0.8654325187499999 0.588613109375
0 0.802314503125 0.6624018140625 0.7541905171875001 0.6588023671875 0.7310912703125 0.6703545015625 0.7359345187499999 0.6851435359375 0.76679684375 0.6806250921875 0.77162144375 0.6960117 0.80961845 0.6932023109375 0.802314503125 0.6624018140625
0 0.8741013531249999 0.739908615625 0.865255478125 0.7102986437500001 0.8273639765624999 0.7198325828125001 0.834968278125 0.7490145140625 0.8741013531249999 0.739908615625
0 0.9244261093749999 0.70343753125 0.8906059828125 0.7091850984375 0.899135703125 0.7453032828125 0.9287895046875001 0.7384316046875 0.9244261093749999 0.70343753125
0 0.9359802671875 0.7725963078125 0.9159482609375 0.775108178125 0.9175147203125 0.797147846875 0.9378360265625 0.794920228125 0.9359802671875 0.7725963078125
0 0.95094255 0.834259553125 0.9462630140625 0.8095790671875 0.9017565031249999 0.8154509687499999 0.903982109375 0.84429724375 0.95094255 0.834259553125
0 0.83384675 0.8566842515624999 0.8587245078124999 0.8503769999999999 0.8550985750000001 0.8166354312499999 0.8170143578125 0.8196670765625 0.778691153125 0.8272590984375 0.782332146875 0.8635890328125001 0.7874872749999999 0.8635290546875 0.7904285296875 0.8746675890625 0.8353448609375 0.86697673125 0.83384675 0.8566842515624999
0 0.7813760515625 0.8741976828125001 0.7768133734375 0.8315730562500001 0.7410385234375 0.8360159078124999 0.7446349640625 0.8608859890625 0.7503818203125 0.8636510328125 0.753899628125 0.8788094765625001 0.7813760515625 0.8741976828125001
0 0.7065516125 0.822235503125 0.742368253125 0.8135664281249999 0.740930121875 0.77935691875 0.73058626875 0.773702834375 0.6963708390625001 0.7761584828125 0.7065516125 0.822235503125
0 0.7449261515625001 1 0.7750962234375 0.999648975 0.7744512359375 0.9884173515624999 0.7501184796875 0.98951905625 0.7329035703125 1 0.7449261515625001 1
0 0.6564281546874999 0.8552749828125 0.6227932515625 0.8586309734375 0.62650011875 0.89867701875 0.6611278171875 0.89482274375 0.6564281546874999 0.8552749828125