0 0.0362437859375 0.082252128125 0.064211665625 0.13842434374999998 0.0893624265625 0.127530590625 0.066217615625 0.07589067656250001 0.042008114062500004 0.080324853125 0.0362437859375 0.082252128125
0 0.72309473125 0.976465859375 0.719524434375 0.962843959375 0.66528700625 0.979853671875 0.6667133125 0.9867925968750001 0.72309473125 0.976465859375
0 0.5121871765625 0.0059598375000000006 0.5009175156250001 0.005828703125 0.48435300468750003 0.0166109078125 0.49462996718749996 0.0398772953125 0.523020925 0.029572809375 0.5121871765625 0.0059598375000000006
0 0.708855721875 0.06631298906250001 0.73896625 0.1196442875 0.7820846046875001 0.09647497499999999 0.7503632640625 0.046260676562500005 0.708855721875 0.06631298906250001
0 0.3722192109375 0.0692075359375 0.381677853125 0.098039490625 0.4312124328125 0.073425246875 0.4241226796875 0.044159409375 0.3722192109375 0.0692075359375
0 0.8763119625 0.8993711531249999 0.90487178125 0.8925009453125 0.90065451875 0.871984128125 0.87168430625 0.8769582734375 0.8763119625 0.8993711531249999
0 0.05725880625 0.65217520625 0.0933077765625 0.6401360953124999 0.08932658906249999 0.60760343125 0.022356934375 0.6205542359375 0.026757040625 0.6472866296875 0.031366621875 0.6697120625 0.06225461718750001 0.6600995765625 0.05725880625 0.65217520625
0 0.001519915625 0.13062119375 0.0015575296875 0.133853815625 0.01128410625 0.15135543906249999 0.0430021234375 0.138947590625 0.0332615203125 0.116682703125 0.001519915625 0.13062119375
0 0.5946041765625 1 0.6275051484375 0.9939739062499999 0.6262808546875 0.9855455 0.53591058125 1 0.5946041765625 1
0 0.141317065625 0.062135571875 0.157628275 0.0999835484375 0.2056452921875 0.0787389703125 0.19467211874999998 0.052363139062499994 0.141317065625 0.062135571875
0 0.3070808046875 0.2450197375 0.31905495156249997 0.275839428125 0.34242216718749996 0.2640066109375 0.36021560468749997 0.29801414843749996 0.33737676250000004 0.31020668125 0.3609495671875 0.35635251874999996 0.40215232343749996 0.3398419890625 0.3587892734375 0.2270622421875 0.3070808046875 0.2450197375
0 0.46215881562499994 0.1739336359375 0.51726395625 0.14968932968749998 0.48442057812500006 0.097232071875 0.4403801625 0.122748990625 0.46215881562499994 0.1739336359375
0 0.264098025 0.18242624062499999 0.23382351406250002 0.13412566875 0.2104617421875 0.139151565625 0.23227309375 0.201348340625 0.24431967187499998 0.1983534171875 0.264098025 0.18242624062499999
0 0.465520946875 0.18898389531249998 0.4648640265625 0.18910421718749998 0.5131179390625 0.292314765625 0.597197715625 0.26060553125 0.582972196875 0.2177276 0.5477971562499999 0.22417020937499998 0.5172676453125 0.161163265625 0.465520946875 0.18898389531249998
0 0.3113415734375 0.1592276046875 0.284907009375 0.10669625468749999 0.23382351406250002 0.13412566875 0.264098025 0.18242624062499999 0.31149776875 0.1599874875 0.3113415734375 0.1592276046875
0 0.3838574921875 0.21315414375000002 0.4128487890625 0.276214575 0.44465753125 0.2444513421875 0.472254259375 0.23781978593750003 0.47179793437499995 0.23750912031250002 0.4532004734375 0.18511931875 0.3838574921875 0.21315414375000002
0 0.34660027968749996 0.213587196875 0.320735840625 0.1617191640625 0.24431967187499998 0.1983534171875 0.26595544375 0.25155621093749997 0.3472487375 0.2140286703125 0.34660027968749996 0.213587196875
0 0.3340159859375 0.158394553125 0.3572635484375 0.2111983828125 0.4431390046875 0.174055815625 0.41891102187499996 0.121908803125 0.3340159859375 0.158394553125
0 0.678834615625 0.00789895625 0.60800548125 0.0070747843749999996 0.6402424265625 0.0924711859375 0.699529590625 0.070282871875 0.6991555453125 0.0684631546875 0.678834615625 0.00789895625
0 1 0.9188463453125 0.984416234375 0.922336171875 0.9855709296875 0.92839110625 1 0.9257482984375001 1 0.9188463453125
0 0.9281751500000001 0.669426596875 0.9200224875 0.6774974953124999 0.905249653125 0.6785847859375 0.8910890703125001 0.676219228125 0.7981800734375 0.691202825 0.81460960625 0.7513351140625 0.983821078125 0.719865346875 0.9663522234374999 0.6618116453125 0.9281751500000001 0.669426596875