0 0.711183753125 0.378662828125 0.7079375625 0.4016291703125 0.7350296359375 0.4051599515625 0.7355014343749999 0.3811526828125 0.711183753125 0.378662828125
0 0.0750817421875 0.8542232484375001 0.1066484328125 0.8583473484375 0.1090097046875 0.8188070328125001 0.0759000984375 0.8157456875 0.0750817421875 0.8542232484375001
0 0.072411196875 0.886435034375 0.07155076875000001 0.9075471796875 0.0934155890625 0.90856534375 0.0939737515625 0.8859195671875 0.072411196875 0.886435034375
0 0.09655926406250001 0.987607059375 0.1031099421875 0.916330903125 0.0685297796875 0.9160375796875 0.063194465625 0.9860533859375 0.09655926406250001 0.987607059375
0 0.36380508906250003 1 0.3637685109375 0.976203109375 0.328599996875 0.9739373609375 0.328127446875 0.9983903296875001 0.36269472187499996 1 0.36380508906250003 1
0 0.3786787859375 0.9658755828125001 0.37977585468749997 0.9464155734374999 0.372487696875 0.9397751031249999 0.35612619687499997 0.9399654625 0.353840678125 0.9647189640624999 0.3786787859375 0.9658755828125001
0 0.133769915625 0.95264761875 0.131659840625 0.9775713765624999 0.15460799375 0.9753780078125001 0.1548802765625 0.9552717718749999 0.133769915625 0.95264761875
0 0.17550007343750001 0.88987803125 0.1722755171875 0.9152969296875 0.19126615 0.91672829375 0.191693375 0.8928202531249999 0.17550007343750001 0.88987803125
0 0.22662164062499998 0.9936635812500001 0.22504546875 0.9819199984375 0.20253096718750002 0.9873955406249999 0.202989215625 0.9925631078125001 0.22662164062499998 0.9936635812500001
0 0.2456833734375 0.9692860718749999 0.2453443328125 0.99103031875 0.2692317984375 0.9921426703125 0.27177755000000003 0.9699541406250001 0.2456833734375 0.9692860718749999
0 0.2220236828125 0.949159490625 0.22577568124999997 0.964002984375 0.297614446875 0.9630124500000001 0.3041760234375 0.9089179093749999 0.2238142171875 0.9057227984375 0.2245471828125 0.927516965625 0.204942475 0.92822490625 0.20950026875 0.9496501421874999 0.2220236828125 0.949159490625
0 0.19997733281250002 0.8899440249999999 0.2406050390625 0.89400380625 0.25014152031250003 0.8335440953125 0.20411739999999998 0.82813894375 0.19997733281250002 0.8899440249999999
0 0.309541009375 0.8439078875 0.3048445359375 0.971574990625 0.3332769828125 0.9700624796874999 0.3339960171875 0.8445198875000001 0.309541009375 0.8439078875
0 0.34630810156249997 0.8442422640625 0.34436546875 0.867046440625 0.41777462343750005 0.880230509375 0.41908010156250003 0.8481982859375 0.34630810156249997 0.8442422640625
0 0.432770096875 0.8782543734375 0.47232700312500003 0.8817375140625 0.478964165625 0.8521417265625001 0.434600640625 0.8462668624999999 0.432770096875 0.8782543734375
0 0.4523791359375 0.9162243906249999 0.3742573890625 0.9112696046875 0.3756188171875 0.9420077625 0.4592252 0.940673728125 0.4523791359375 0.9162243906249999
0 0.465527809375 1 0.4592252 0.940673728125 0.40021695468749996 0.947063528125 0.39850735937500004 0.9731000156249999 0.4277092015625 0.9770734734375001 0.43085004062500004 1 0.465527809375 1
0 0.59781468125 1 0.5985946421875 0.9882119093749999 0.534560853125 0.9841562734375 0.5344984937499999 1 0.59781468125 1
0 0.5407663921875 0.95073136875 0.5398598109375 0.9729759671875 0.5706068656250001 0.9793108453125001 0.601509690625 0.98182369375 0.605277984375 0.9162125421875 0.5743100546875 0.9152972578125 0.570818090625 0.9477747046875 0.5407663921875 0.95073136875
0 0.621146871875 0.9136895171875 0.6170958171875001 0.9733105828124999 0.6453979078125001 0.973007646875 0.6492066578125 0.91933195625 0.621146871875 0.9136895171875
0 0.673083075 0.9873447593750001 0.70350571875 0.9882143890625 0.7062048609375 0.9219861500000001 0.6617523249999999 0.9182952999999999 0.6595014578125 0.9605962187499999 0.6708889625000001 0.9611264921875 0.673083075 0.9873447593750001
0 0.8903132250000001 1 0.8907330109375 0.9896997828125 0.8528156546875 0.9857662140624999 0.8518802140625 1 0.8903132250000001 1
0 0.88014025 0.7827090421875 0.9105628921875001 0.7835786703125 0.9095949015624999 0.7536287421875 0.8840670656249999 0.7529870453124999 0.88014025 0.7827090421875
0 0.946811203125 0.761338684375 0.9453119734375001 0.78519680625 0.9691549328125 0.7874011656250001 0.971222528125 0.76302246875 0.946811203125 0.761338684375
0 0.967608921875 0.7318552640625 0.978312490625 0.65568704375 0.95068718125 0.65330655625 0.9430973796875 0.66600104375 0.9361385562500001 0.7298427640625 0.967608921875 0.7318552640625
0 0.9838447171875 0.60944625625 0.9933916125 0.6098908203125 0.9952659484374999 0.5639006796875 0.981177871875 0.56399879375 0.9744031375000001 0.5740973406250001 0.9852873875 0.585484196875 0.9838447171875 0.60944625625
0 0.941195109375 0.532677828125 0.9379995078125001 0.58871205625 0.9687821046874999 0.5896997500000001 0.9750428250000001 0.536523190625 0.941195109375 0.532677828125
0 0.9078283296875 0.517529103125 0.9007352671875 0.58018945 0.9354548156250001 0.5845211484374999 0.937701559375 0.518454190625 0.9078283296875 0.517529103125
0 0.718153378125 0.667095121875 0.7138983046875 0.707357678125 0.7398173124999999 0.711826609375 0.745519796875 0.6683694734375 0.718153378125 0.667095121875
0 0.6293711921875 0.5328869046875 0.6254782359375 0.5508389874999999 0.6399220328124999 0.5519573171875 0.6433160609375 0.53580546875 0.6293711921875 0.5328869046875
0 0.67338288125 0.631924534375 0.6743232546875 0.6088508187499999 0.65664868125 0.6089395125 0.6575685171875 0.5754305578125 0.630611609375 0.5805168875 0.6278230781249999 0.637502065625 0.6527589546875 0.637751503125 0.653536075 0.6296226125 0.67338288125 0.631924534375
0 0.7223701234375 0.5979389609375 0.7184638453125001 0.6380961968750001 0.7641925374999999 0.6393138781250001 0.76566696875 0.6031360703125 0.7223701234375 0.5979389609375
0 0.6810321874999999 0.566554890625 0.6774504968749999 0.632559684375 0.712707334375 0.6346472015625 0.71864796875 0.566949046875 0.6810321874999999 0.566554890625
0 0.704091146875 0.5014773406249999 0.702704521875 0.5240642765625 0.7284932765625001 0.5252651625 0.7285618140625 0.5017051140625 0.704091146875 0.5014773406249999
0 0.6363607234375 0.4951424484375 0.6367021734375 0.5200790609375 0.669750134375 0.5211722437499999 0.6698907546874999 0.495346346875 0.6363607234375 0.4951424484375
0 0.5457775781249999 0.4921399734375 0.5454107578125 0.5120797203125 0.57480191875 0.5138940937500001 0.5743871171875 0.490757271875 0.5457775781249999 0.4921399734375
0 0.5447752890625 0.741482765625 0.5448724078125 0.7609781203125 0.568416021875 0.762074459375 0.5705640421875 0.74268365 0.5447752890625 0.741482765625
0 0.58686313125 0.634135940625 0.5831745671874999 0.6709400296875 0.612436196875 0.6739437546875 0.616540209375 0.6398739499999999 0.58686313125 0.634135940625
0 0.6154691875 0.7730587124999999 0.61986498125 0.6786254859375 0.5900786640625 0.675070546875 0.5888468437500001 0.691870121875 0.5818588671875 0.769852484375 0.6154691875 0.7730587124999999
0 0.47776454062499996 0.7617432187500001 0.5102401515625 0.765443646875 0.5169850015625 0.6934268828125 0.48402920624999995 0.688083234375 0.47776454062499996 0.7617432187500001
0 0.504518365625 0.5721936421875 0.50222653125 0.6130136203125 0.5370063125 0.616861865625 0.5355149734375 0.5758859828125 0.526901134375 0.548072084375 0.512673821875 0.5495977328125 0.504518365625 0.5721936421875
0 0.43784473281249997 0.566779175 0.43642881562499997 0.6015211953125 0.4569938859375 0.6040996921875 0.4585424921875 0.566101875 0.43784473281249997 0.566779175
0 0.49332503125000005 0.63352845625 0.48905917499999996 0.6849947000000001 0.543804959375 0.6897119078125 0.5482257578125 0.6344438578125 0.49332503125000005 0.63352845625
0 0.475713315625 0.48638526875 0.4735124796875 0.5180111046875 0.501584728125 0.5188725890625 0.5081872781250001 0.49012614374999997 0.475713315625 0.48638526875
0 0.372452671875 0.5060517812499999 0.369423996875 0.5584873703125 0.3974208015625 0.5607028109375001 0.399541378125 0.5086706703125 0.372452671875 0.5060517812499999
0 0.37105335156249997 0.60751319375 0.4026715203125 0.60987700625 0.40391302500000004 0.6017900015625 0.43317726562500003 0.60671861875 0.4315297109375 0.5690784828125001 0.3764441984375 0.564244153125 0.37105335156249997 0.60751319375
0 0.35581077968749997 0.480801853125 0.3536446265625 0.500637553125 0.378971090625 0.5022423875 0.38291761874999997 0.48297585156249995 0.35581077968749997 0.480801853125
0 0.217526540625 0.736799853125 0.22278750625 0.6539555375 0.1998205 0.6521364000000001 0.188674346875 0.7033633 0.1870455546875 0.7338811734374999 0.217526540625 0.736799853125
0 0.17074220625 0.596402503125 0.1651213453125 0.632387228125 0.21748198593749998 0.63596006875 0.2207764921875 0.6013663109375 0.17074220625 0.596402503125
0 0.096875190625 0.582021990625 0.0933356734375 0.6489810046875 0.1189886796875 0.6510265203125 0.1258540265625 0.5845060265625001 0.096875190625 0.582021990625
0 0.133954834375 0.7024765953125 0.1302853984375 0.7233971546875 0.1624989609375 0.728057896875 0.16353960781250002 0.7104795109375 0.1510432515625 0.7083172656250001 0.15120973437500002 0.704232346875 0.133954834375 0.7024765953125
0 0.0888778890625 0.688747865625 0.08521360624999999 0.72445900625 0.1105818609375 0.727524559375 0.11523552343750001 0.6909072359375 0.0888778890625 0.688747865625
0 0.30453457500000003 0.477968375 0.3025138515625 0.4937384390625 0.3264472296875 0.4962103953125 0.32807609375 0.4786188796875 0.30453457500000003 0.477968375
0 0.26221534687500003 0.582042446875 0.2647990390625 0.5295861359375 0.2412756515625 0.5284907390625 0.2311396140625 0.532557146875 0.22995573125000002 0.5501693828125 0.230181109375 0.55607575625 0.2387402734375 0.55738605625 0.23822675000000001 0.5809253875 0.26221534687500003 0.582042446875
0 0.2123516140625 0.47096081874999995 0.20876415312500002 0.5251735921875 0.2344976875 0.527729378125 0.23931175312500003 0.47673439687499997 0.2123516140625 0.47096081874999995
0 0.48721064375 0.290796678125 0.48820788437499996 0.2663276203125 0.3998181953125 0.262211640625 0.3968460453125 0.3202215671875 0.48366974531249995 0.325966525 0.48721064375 0.290796678125
0 0.15876694687499998 0.45963189687500006 0.15737328281250001 0.4938279109375 0.18176235624999998 0.4960577 0.18433846250000002 0.45920180625 0.15876694687499998 0.45963189687500006
0 0.101661059375 0.4993986796875 0.128214365625 0.5017292484375 0.132235065625 0.4567755453125 0.105617028125 0.4555360421875 0.101661059375 0.4993986796875
0 0.1326012890625 0.11862056406249999 0.1551580671875 0.1215552 0.1562020421875 0.0864919484375 0.1321641671875 0.083103390625 0.1326012890625 0.11862056406249999
0 0.19514848125 0.11440137343750001 0.19341254531250002 0.147548153125 0.2284234390625 0.1506980359375 0.230712971875 0.09452031250000001 0.1786702546875 0.0920968765625 0.17719990624999998 0.109776815625 0.19514848125 0.11440137343750001
0 0.150396371875 0.1836960265625 0.148583790625 0.21872348593750002 0.1794585234375 0.220931115625 0.182804575 0.1855698484375 0.150396371875 0.1836960265625
0 0.1921721390625 0.1595860546875 0.1879095796875 0.199037834375 0.2173188734375 0.2004073140625 0.22078233281249998 0.16166797187499998 0.1921721390625 0.1595860546875
0 0.232438315625 0.2003617234375 0.2311171796875 0.232778171875 0.25567324999999996 0.23240210156250002 0.2565075109375 0.20298183125000002 0.232438315625 0.2003617234375
0 0.2298899453125 0.16095747968750002 0.22910183750000002 0.189245296875 0.2600124578125 0.19106964375 0.261944340625 0.16206517812500001 0.2298899453125 0.16095747968750002
0 0.23111661562500002 0.153234475 0.2857842078125 0.1553951875 0.29040009218749996 0.09782650000000001 0.23386170781249999 0.094829021875 0.23111661562500002 0.153234475
0 0.353072284375 0.0984959671875 0.35109483125 0.11917114375 0.3717705453125 0.122018184375 0.37454253125000003 0.10024540312500001 0.353072284375 0.0984959671875
0 0.24928564843749998 0.33095681250000003 0.24706908749999998 0.3739076703125 0.2719657828125 0.37462128125 0.274127125 0.3330253203125 0.24928564843749998 0.33095681250000003
0 0.25543898125000003 0.23516691406249998 0.2515766953125 0.2966202375 0.27731022968749997 0.29917602187500003 0.278361040625 0.273392509375 0.30908841875 0.2757351015625 0.31054471875 0.24000218750000002 0.25543898125000003 0.23516691406249998
0 0.32575759843749996 0.20037145625 0.32382228281250003 0.227471253125 0.34717372968750004 0.23129384375 0.349727240625 0.2019536328125 0.32575759843749996 0.20037145625
0 0.3318963203125 0.239193246875 0.33090395781250004 0.27448176874999997 0.384654525 0.27925393593750003 0.39246948593750003 0.2098195953125 0.35860281562499996 0.20643934531250002 0.35807483906250004 0.2417697515625 0.3318963203125 0.239193246875
0 0.3240155578125 0.276430203125 0.321443090625 0.3062355296875 0.34541355625 0.30779748125 0.3488772578125 0.278499653125 0.3240155578125 0.276430203125
0 0.31788035625 0.371775209375 0.34268556875 0.374733503125 0.3431417765625 0.3521032359375 0.3205656671875 0.3501402171875 0.31788035625 0.371775209375
0 0.35912663125 0.34922092031249996 0.355944346875 0.3830499953125 0.40798497031250003 0.3850275984375 0.4110770421875 0.353909259375 0.35912663125 0.34922092031249996
0 0.43270669531249994 0.35671967968749996 0.43031884218750005 0.3819951953125 0.459783353125 0.382009778125 0.4616710046875 0.3580684390625 0.43270669531249994 0.35671967968749996
0 0.5132376562500001 0.3229468125 0.489174884375 0.3236497671875 0.488331315625 0.3557845421875 0.5044656562500001 0.35967627343749997 0.5136548609375 0.356963765625 0.5132376562500001 0.3229468125
0 0.44188207031250004 0.190259215625 0.4369443109375 0.23136119375000003 0.4699891140625 0.23452082812500002 0.4755174953125 0.19235227187499998 0.44188207031250004 0.190259215625
0 0.406177596875 0.13202860156250001 0.4058114328125 0.16736654374999999 0.43678018906249994 0.1682616046875 0.4353975734375 0.135557165625 0.406177596875 0.13202860156250001
0 0.455582421875 0.107686325 0.45274986093749997 0.13691223749999998 0.47871255 0.1403093828125 0.4811547625 0.10723601406250001 0.455582421875 0.107686325
0 0.6230675328124999 0.2584452765625 0.6289419921875 0.2067905453125 0.62339798125 0.196138621875 0.5608903140625 0.1929239609375 0.5568549875000001 0.2531535828125 0.6230675328124999 0.2584452765625
0 0.6401093312499999 0.1336627734375 0.6397159296875 0.1512712984375 0.658819303125 0.15341703906249998 0.6617789234375 0.1349960171875 0.6401093312499999 0.1336627734375
0 0.5874927515625 0.1239390078125 0.5876752734374999 0.14283051875 0.605550153125 0.14429096875 0.6088210375 0.126188353125 0.5874927515625 0.1239390078125
0 0.6588644078125 0.262199059375 0.654939996875 0.30280118749999996 0.7114190421875 0.3072546734375 0.710870346875 0.2759667984375 0.6969275765625 0.2734940671875 0.692357353125 0.2633129640625 0.6588644078125 0.262199059375
0 0.66255330625 0.1826245578125 0.6842031875 0.1854359203125 0.684885596875 0.168691803125 0.6943718125 0.169133540625 0.6991165140625 0.1417188328125 0.66577109375 0.13698512499999999 0.66255330625 0.1826245578125
0 0.7149538421875 0.14245631875 0.7141057749999999 0.1632651296875 0.73527149375 0.1665199421875 0.737513915625 0.1453100625 0.7149538421875 0.14245631875
0 0.7704493453125 0.1486672109375 0.7701982875 0.177202903125 0.79502163125 0.179716303125 0.7954223093749999 0.148006640625 0.7704493453125 0.1486672109375
0 0.7002827546875 0.191168828125 0.6969601625 0.261258096875 0.6993033796875 0.27088975937500004 0.7824619671875 0.27656535312499997 0.7874182328125 0.2106448265625 0.7837952875 0.19959610156250002 0.7002827546875 0.191168828125
0 0.9295952312500001 0.22559264687499997 0.9620696421874999 0.22981979687499998 0.965457075 0.20189615156250001 0.9988810109375 0.2039739109375 0.9990986078124999 0.1665723140625 0.9358151890625 0.1619799078125 0.9295952312500001 0.22559264687499997
0 0.8622326203125 0.0223809984375 0.8587714375 0.058972810937499995 0.9294083625 0.0606209890625 0.9320924390625001 0.0256341109375 0.8622326203125 0.0223809984375
0 0.9413736453125001 0.026066301562499998 0.9404617015625 0.0698478203125 0.9773972671875001 0.07102073125 0.9802066390625 0.0278746109375 0.9413736453125001 0.026066301562499998
0 0.7753028890625 0.0183330046875 0.7748095968750001 0.05958116249999999 0.8037031296875 0.0581914296875 0.8012986921874999 0.0195435328125 0.7753028890625 0.0183330046875
0 0.6436487921875 0.0122023625 0.6422076171875 0.039912728125000005 0.66924110625 0.0438865171875 0.67062773125 0.021299578125 0.7063316453125 0.02385365 0.708006909375 0.038438349999999996 0.72880099375 0.0398726515625 0.7272145531249999 0.016093709375 0.6436487921875 0.0122023625
0 0.49390900000000004 0.01854084375 0.494818034375 0.0057577296875 0.46700332343750006 0.005434075 0.46633657343749996 0.016851684375000002 0.49390900000000004 0.01854084375
0 0.428314546875 0.015486353125 0.42919744687500005 0.0049941640625 0.3795740140625 0.0044167437499999995 0.37953886875 0.010966109375 0.428314546875 0.015486353125
0 0.296195221875 0.0093340484375 0.296201034375 0.0034466109374999996 0.266469715625 0.00310065625 0.26713987499999997 0.010716248437500001 0.296195221875 0.0093340484375