0 0.8169345578125 0.268709934375 0.8135162125000001 0.248641496875 0.784762140625 0.2571196109375 0.7896048515625 0.27854378281250003 0.8169345578125 0.268709934375
0 0.2759271828125 0.034009904687499995 0.2881635828125 0.0658106765625 0.3188687578125 0.0562756328125 0.30699759531250004 0.028078204687500004 0.27848094687499997 0.0329355703125 0.2759271828125 0.034009904687499995
0 0.894378640625 0.06689176718749999 0.8909673515625001 0.0468647484375 0.862739465625 0.0556794625 0.8668674171875 0.0732827828125 0.894378640625 0.06689176718749999
0 0.79714864375 0.0937467640625 0.8265989218750001 0.0887303671875 0.820925815625 0.058177203125 0.7882351546875 0.0649389859375 0.79714864375 0.0937467640625
0 0.74062815 0.0186615265625 0.7456312453125 0.051161590624999996 0.7571307843749999 0.0487339734375 0.7545574296875001 0.0196134609375 0.765879115625 0.0186439984375 0.7620003265624999 0.0044331875 0.7061860546875 0.004108470312499999 0.7020421906250001 0.005201371875 0.7051994859375 0.0237372359375 0.7116627546875 0.0250231890625 0.74062815 0.0186615265625
0 0.6945673171875 0.0088614703125 0.6699079921875 0.014979823437500001 0.6716436234375001 0.025169373437499996 0.660697934375 0.03084853125 0.6643885703125 0.0468853671875 0.6982728109375 0.0387481546875 0.6945673171875 0.0088614703125
0 0 0.167419515625 0.123728140625 0.1302621015625 0.1059166015625 0.0653554296875 0.0732880703125 0.0721066265625 0.0803003171875 0.10626773281249999 0.06042943125 0.11084586406250001 0.063847778125 0.1309143015625 0 0.15142472499999998 0 0.167419515625
0 0 0.25409019375 0.0166293359375 0.2478156125 0.012948015625 0.2285804890625 0.0656210671875 0.21364127656249998 0.072103278125 0.22604853125000002 0.10258586875 0.216082553125 0.101117515625 0.20045570625 0.1302427703125 0.1895274953125 0.11477793124999999 0.13376858593750002 0 0.169089075 0 0.25409019375
0 0.1677839921875 0.2780536953125 0.1502873328125 0.21524583437499997 0.11712205 0.2254769640625 0.137012821875 0.2884524296875 0.1677839921875 0.2780536953125
0 0 0.3338717640625 0.039356125 0.321560403125 0.0168372875 0.25867029218750004 0 0.262939171875 0 0.3338717640625
0 0.943247584375 0.14447475 0.9268869499999999 0.14651464375 0.9252468828125 0.1805511859375 0.9495530125 0.1814926734375 0.943247584375 0.14447475
0 0.7357108625000001 0.23489294218749998 0.74503955625 0.257130034375 0.7707093734375 0.251564146875 0.7648377234375 0.22635132812499997 0.7357108625000001 0.23489294218749998
0 0.7875254796875 0.201026290625 0.78456605625 0.178897728125 0.758633265625 0.1852969296875 0.7645033109375 0.20812314999999998 0.7875254796875 0.201026290625
0 0.7396895406249999 0.2571249390625 0.7292991890625 0.2190212328125 0.71242004375 0.22089470156250002 0.7175457656249999 0.2432296765625 0.7103709828125 0.2506533921875 0.693314321875 0.253111190625 0.6898748640625 0.24455447656249998 0.6682515375 0.2458508015625 0.6795349515625 0.2864449953125 0.6941309328124999 0.2835538828125 0.7396895406249999 0.2571249390625
0 0.8873533453125001 0.2876379625 0.870471084375 0.25571215468749997 0.8522697984375001 0.263586203125 0.864573440625 0.2939050359375 0.8873533453125001 0.2876379625
0 0.95286925 0.290543840625 0.9432595718749999 0.26215300625000004 0.920672578125 0.2750576734375 0.934428078125 0.297009578125 0.95286925 0.290543840625
0 0.8208054718750001 0.26653747656250004 0.8270161203124999 0.292864678125 0.82336198125 0.2948084078125 0.8321524406249999 0.3191404484375 0.8475101875 0.32259823125 0.8644208093750001 0.31115060625 0.84497000625 0.2572640796875 0.8208054718750001 0.26653747656250004
0 0.8151907609375 0.338545903125 0.8106889734375 0.315870225 0.7799536359375 0.323726809375 0.7773925390625 0.3125696765625 0.7577797312500001 0.31591041249999996 0.7712322578124999 0.35072204687499997 0.8151907609375 0.338545903125
0 0.840976465625 0.39258943749999997 0.8273086624999999 0.33712114843749996 0.7707918874999999 0.35314130625 0.7867130312499999 0.40707496093750006 0.840976465625 0.39258943749999997
0 0.9752017609375001 0.3320714578125 0.944817534375 0.338736365625 0.9519622296874999 0.3712978703125 0.9810397203125 0.3663449734375 0.9752017609375001 0.3320714578125
0 0.8923943828124999 0.3801656453125 0.9477883531250001 0.364059690625 0.9306523109375 0.302618265625 0.8713111843749999 0.320824415625 0.8923943828124999 0.3801656453125
0 0.847766646875 0.38966399375 0.8678923015625 0.38195231875 0.8776306359375001 0.4251113203125 0.9008056453125001 0.42116381875000003 0.8833556359375001 0.3578791625 0.870018175 0.3272462640625 0.843848690625 0.3331316890625 0.8461552546875 0.3494255890625 0.8368164390624999 0.3534031828125 0.847766646875 0.38966399375
0 0.9578760515625 0.48483905937499994 0.9504137437500001 0.449412 0.913916575 0.45897460468749995 0.9198325359374999 0.49370605 0.9578760515625 0.48483905937499994
0 0.9115033015625 0.497980528125 0.896845578125 0.43707597031249995 0.864571740625 0.44353232656249997 0.8693022906250001 0.47418210624999996 0.8399225875 0.483491375 0.846736353125 0.5123584484375 0.9115033015625 0.497980528125
0 0.8099715546875 0.5243535140625 0.795586509375 0.47017951875 0.7406540609375 0.48011181406250003 0.7560797765625 0.54039539375 0.8099715546875 0.5243535140625
0 0.445578246875 0.3386138359375 0.43571486718749997 0.2739516703125 0.358548159375 0.29110235156250003 0.37638916718750004 0.3555564640625 0.445578246875 0.3386138359375
0 0.43480002500000003 0.460006421875 0.4257860375 0.4272305375 0.40179969531250004 0.43417195937499997 0.4094995734375 0.46261105 0.43480002500000003 0.460006421875
0 0.558517759375 0.4206265828125 0.55012071875 0.3545638375 0.5083440890625 0.3645355546875 0.509783309375 0.3797411359375 0.473399603125 0.39109587968750004 0.47914380625 0.441584359375 0.558517759375 0.4206265828125
0 0.40268929531250003 0.42600736093749997 0.437428471875 0.41838517499999994 0.44635598906249996 0.45403150937500003 0.47154716875 0.4440291421875 0.4554107453125 0.3694388359375 0.3943567765625 0.3838449609375 0.40268929531250003 0.42600736093749997
0 0.316006684375 0.34325164531249996 0.30678231875 0.31637221875 0.284651040625 0.32244356406249997 0.2917273234375 0.350349534375 0.316006684375 0.34325164531249996
0 0.3801577203125 0.38956680781249997 0.3720085578125 0.355237065625 0.353404875 0.35874689531250004 0.3639243640625 0.393354853125 0.3801577203125 0.38956680781249997
0 0.40507470625 0.4644090140625 0.396045340625 0.42828986875 0.3629378515625 0.4353570734375 0.3730372234375 0.472252971875 0.40507470625 0.4644090140625
0 0.20847057812499997 0.5115367296875 0.2349660765625 0.5050629890625 0.22709364375000002 0.466977934375 0.22076177656249998 0.4589565234375 0.1952503703125 0.46632820468749997 0.20847057812499997 0.5115367296875
0 0.169956065625 0.4948677015625 0.115164503125 0.5075038515625 0.11916162968749999 0.53297203125 0.1217789328125 0.542457303125 0.1478891375 0.53835081875 0.1481148578125 0.5280403 0.1750185234375 0.5188331171875 0.169956065625 0.4948677015625
0 0.100219340625 0.54612964375 0.0872481140625 0.5010065796875 0.061300420312500006 0.5080689703125 0.0729875984375 0.5534107546875 0.100219340625 0.54612964375
0 0.1683439125 0.3885642359375 0.18328506718749998 0.44275006250000004 0.20929943125 0.43307632968750004 0.22508413749999998 0.46231205624999994 0.2578719546875 0.4498649078125 0.2605343515625 0.4419737453125 0.3001695 0.4329422015625 0.280766903125 0.3693294875 0.24083407656250003 0.3801166453125 0.22250726406250002 0.3363320453125 0.1364136890625 0.3606294765625 0.14697232031250002 0.3945914265625 0.1683439125 0.3885642359375
0 0.0774230609375 0.406416746875 0.07101682031249999 0.3843212 0.04747495 0.389993475 0.054064175000000006 0.41303817656249997 0.0774230609375 0.406416746875
0 0 0.42022160468749997 0.0048819109375 0.4383368234375 0.036173898437500004 0.42386415 0.0271669640625 0.3911296875 0 0.39669958125 0 0.42022160468749997
0 0.047693975 0.5317832140625 0.0180061546875 0.5253958765625 0.0099996015625 0.545577590625 0.0321013640625 0.55447184375 0.047693975 0.5317832140625
0 0.059464821875 0.5841221796875 0.05038191875 0.5610760124999999 0.023715620312499998 0.569049328125 0.0309392578125 0.594692509375 0.059464821875 0.5841221796875
0 0.4313803046875 0.536393396875 0.575047359375 0.49990235 0.5547791265625001 0.43471086249999996 0.4168736796875 0.47137132187499997 0.4313803046875 0.536393396875
0 0.6195363265625 0.576418940625 0.597571828125 0.5246654921875 0.561292146875 0.5400090515625 0.5523786562499999 0.511201271875 0.42732572968750004 0.5393643453125 0.43428470625 0.5702099515625 0.40992967656249996 0.5783649859375 0.4226407 0.6328454359375 0.6195363265625 0.576418940625
0 0.34252661406249996 0.5508675859375 0.35377370468749997 0.5861188171875 0.3249101578125 0.5929532921875 0.34264359375 0.64951921875 0.36389590156249996 0.637161565625 0.3852042390625 0.5843454218749999 0.4261271640625 0.5693617718749999 0.42176167031249995 0.54035471875 0.42619686406249996 0.532736996875 0.40965278437499997 0.4726439125 0.268824646875 0.5071596 0.25697300625 0.47961949531250003 0.2349663265625 0.48479585 0.259868815625 0.574942078125 0.34252661406249996 0.5508675859375
0 0.22257506562499998 0.52965708125 0.1519776734375 0.54683959375 0.1632634953125 0.6152233796875 0.1749316703125 0.6116588484375 0.1834703953125 0.6312600265625 0.26166363125 0.6123787625 0.25701406250000003 0.5734463843750001 0.23913902656250002 0.508166925 0.219876371875 0.513813578125 0.22257506562499998 0.52965708125
0 0.0786319546875 0.56815579375 0.088855153125 0.6087813984375 0.1539576546875 0.5887414343749999 0.1473323875 0.547843959375 0.095807390625 0.5602646796874999 0.0786319546875 0.56815579375
0 0.12711439375 0.642969215625 0.1187222734375 0.6073382406250001 0.090097125 0.614196046875 0.099462871875 0.6516644453125 0.12711439375 0.642969215625
0 0.145884671875 0.714255165625 0.130772603125 0.6605673015625 0.1029550453125 0.6662859125 0.12062131875 0.7175780609375 0.145884671875 0.714255165625
0 0.09063387656250001 0.6852845328125 0.0839351796875 0.6867452203125 0.0820907546875 0.6993134171875 0.0894422015625 0.72883480625 0.1167094390625 0.7198853625 0.1079645859375 0.6899406703125 0.09205554218749999 0.6936308484375 0.09063387656250001 0.6852845328125
0 0.9208465828125 0.7964315671875 0.9459476625000001 0.7921559890625 0.93565200625 0.757360728125 0.9099186921875001 0.7625538265625 0.90081243125 0.7581377578125 0.8824294078125 0.764444409375 0.8999983640625 0.834933353125 0.9267660703124999 0.831183725 0.9208465828125 0.7964315671875
0 0.8246868421875 0.6808083671875 0.821904259375 0.6598431171875 0.7982240140625 0.6654537171875 0.8039207484374999 0.687137334375 0.8246868421875 0.6808083671875
0 0.8587435781250001 0.6445321015625 0.8543868640625 0.6189546781249999 0.8751340703125001 0.6131404015624999 0.8636007625 0.5722051687499999 0.7765313984375 0.5950278359375 0.7977190968750001 0.6623643312499999 0.8587435781250001 0.6445321015625
0 0.9254914968750001 0.5909874671875001 0.9186704718750001 0.56783306875 0.8826289359375 0.5773180671875 0.8930759953124999 0.5993646640625 0.9254914968750001 0.5909874671875001
0 0.9765379 0.6080366203125 0.966833184375 0.5510621390625 0.9288501953124999 0.5575319484375 0.9451147953125 0.6167349390625 0.9765379 0.6080366203125
0 0.8813112406249999 0.6843123875 0.8989101703125 0.7399635250000001 0.9525214359374999 0.7217743578125 0.9959131578125 0.7082863171875 0.996233959375 0.65314518125 0.972629321875 0.6606594609374999 0.9671390015625001 0.63680955 0.9340108031250001 0.643880284375 0.936725921875 0.6682029078125 0.8813112406249999 0.6843123875
0 0.41652822343749996 0.7473482375 0.4349768046875 0.7439287625000001 0.4391055796875 0.742394346875 0.4294781078125 0.7051410203125 0.4069717609375 0.7106369109374999 0.41652822343749996 0.7473482375
0 0.2502358703125 0.7821308874999999 0.2448387546875 0.7602044343750001 0.20971973593749998 0.767848696875 0.2153353328125 0.7890559734375 0.2502358703125 0.7821308874999999
0 0.2744094734375 0.7899263375000001 0.27847004375 0.8041313171875 0.3241928203125 0.7946808703125 0.3053235984375 0.7363264515625 0.254736496875 0.7502497015625 0.2668502734375 0.7922155625 0.2744094734375 0.7899263375000001
0 0.377340471875 0.7723936453125 0.363970596875 0.7210516328125001 0.31400786406250003 0.7308833124999999 0.3298541328125 0.785128078125 0.377340471875 0.7723936453125
0 0.43154755468749995 0.8515384906250001 0.41214590468749995 0.7959386828125 0.39039914531250003 0.80426746875 0.40593475625000003 0.8585651500000001 0.43154755468749995 0.8515384906250001
0 0.496382553125 0.8126622328125 0.4834431125 0.7754828875 0.452193421875 0.7824467578125 0.44147329218750003 0.74290743125 0.41161724531250005 0.7522978375 0.43425380156250004 0.8268891390625001 0.496382553125 0.8126622328125
0 0.5975616953125 0.6961383546875 0.6474187140625001 0.686686978125 0.64953555 0.6710887921875 0.6355097296875 0.6362895625 0.5852032765625 0.657240378125 0.5975616953125 0.6961383546875
0 0.5792540390625 0.7845874312500001 0.5467345671875 0.677623990625 0.49001342187499997 0.6944461671875 0.51904146875 0.8005551484375 0.5792540390625 0.7845874312500001
0 0.650797575 0.7566946390625 0.6687949671875 0.7536290640625001 0.665457521875 0.7320337390625 0.6607730046875 0.7142907984375 0.641195690625 0.7159632031250001 0.650797575 0.7566946390625
0 0.684153940625 0.8010093328125001 0.6648937421875 0.7715131484375 0.6140599734375 0.7937472203125 0.624970565625 0.8266475859375 0.684153940625 0.8010093328125001
0 0.5774561515625 0.9448140578125 0.5668381421875 0.9155080968749999 0.5423045656250001 0.9229902687499999 0.549638828125 0.95253589375 0.5774561515625 0.9448140578125
0 0.587424103125 0.90999833125 0.5967438125 0.9084108640625 0.6146240625 0.8947735031249999 0.5949472499999999 0.8375582781249999 0.5693276328125 0.8465467421874999 0.587424103125 0.90999833125
0 0.667052784375 0.9265690781249999 0.653027303125 0.8908960265625 0.6240494171875001 0.9034401109375001 0.63323194375 0.9379561296875 0.667052784375 0.9265690781249999
0 0.7056927234375 0.97458705 0.6999676406249999 0.9487738609375 0.6453947984374999 0.9626940562499999 0.65021431875 0.9840369328125 0.7056927234375 0.97458705
0 0.534564025 0.886054871875 0.514274659375 0.8284964499999999 0.485866740625 0.8352533171875001 0.5047043515625 0.8983016171875 0.534564025 0.886054871875
0 0.46216992343749996 0.8497748859375 0.43338045625 0.8570442828125 0.357386415625 0.878577159375 0.37218953125 0.9318274843750001 0.4550836875 0.9091405953124999 0.44810754375000006 0.8821978874999999 0.4685316890625 0.87586323125 0.46216992343749996 0.8497748859375
0 0.4513750484375 0.986834153125 0.535445696875 0.9599190171875 0.5377481875 0.9566711031249999 0.52362780625 0.89729468125 0.38988936406249997 0.9315191359374999 0.40184193125 0.9815468359375 0.4513750484375 0.986834153125
0 0.12329441562500001 0.833738459375 0.1480003953125 0.827143309375 0.14718658906249998 0.8129820109375 0.13774784375 0.787971875 0.11389236250000001 0.794805759375 0.12329441562500001 0.833738459375
0 0.1803381359375 0.9586883828125 0.1786942265625 0.9490373062499999 0.19250000312499999 0.94150705 0.1767769171875 0.9004969609375 0.1043619015625 0.9183939921875 0.118514115625 0.9712010953125001 0.1803381359375 0.9586883828125
0 0.3414059296875 0.9116252390625 0.343726940625 0.927128159375 0.29487916406250003 0.9377502421875 0.29173961406250004 0.9425899093749999 0.296092765625 0.9603892937499999 0.2886396328125 0.9653030593749999 0.2887631203125 0.9699065890625 0.301645265625 0.9697155828125 0.3572269953125 0.953961253125 0.3594667796875 0.94959451875 0.370712559375 0.947678975 0.365886478125 0.9289798250000001 0.3617384609375 0.9280240890625 0.357279240625 0.9076001625 0.3414059296875 0.9116252390625
0 0.264770765625 0.9073740265625 0.30846300625 0.8980137140625001 0.3360500796875 0.880932790625 0.32186506875 0.8228034359375 0.2524796875 0.837968034375 0.264770765625 0.9073740265625
0 0.20471631875 0.986076740625 0.28818124843750004 0.9607352640625001 0.2774234625 0.9232269296875 0.19207556406249998 0.9445203125000001 0.20471631875 0.986076740625
0 0.29997865 1 0.292669784375 0.9719476921875 0.2652654046875 0.976338553125 0.2639316125 0.973262484375 0.22443380781250002 0.981098509375 0.2284635265625 1 0.29997865 1
0 0.0805659671875 0.981628884375 0.1147270734375 0.974616634375 0.09981338437500001 0.9290998515625001 0.0696572640625 0.938605303125 0.0805659671875 0.981628884375
0 0.6442734046874999 0.0037482734375 0.564829184375 0.0032860796875 0.576243065625 0.0468750765625 0.6088614703124999 0.0401895359375 0.603672134375 0.016480159375 0.6442734046874999 0.0037482734375
0 0.69554301875 0.065511340625 0.68639435625 0.04533209375 0.6108310312499999 0.068517821875 0.6354141875 0.1524102828125 0.7946172453125 0.10641066562499998 0.7810683515625 0.0503893375 0.7691883749999999 0.047830964062499995 0.69554301875 0.065511340625
0 0.46209035312499996 0.053702890625 0.45730865625000006 0.0116176265625 0.425666278125 0.0217811578125 0.43483378124999994 0.0559587515625 0.46209035312499996 0.053702890625
0 0.36910578125 0.08171014531250001 0.3588175703125 0.057718468749999995 0.3375065046875 0.06134847812500001 0.34416152499999997 0.08928358125 0.36910578125 0.08171014531250001
0 0.4311812328125 0.20554725624999998 0.42925631875 0.1858637765625 0.40433640156250006 0.190577346875 0.40578850156249996 0.2103626734375 0.4311812328125 0.20554725624999998
0 0.36984165625 0.22315611093749999 0.36075176249999996 0.189434146875 0.327185015625 0.1994353 0.3361765875 0.2327051625 0.36984165625 0.22315611093749999
0 0.34322677968750004 0.1293376515625 0.32738364531249997 0.06435142968749999 0.2975069890625 0.0708683125 0.313569396875 0.134389325 0.34322677968750004 0.1293376515625
0 0.28513963593749997 0.06820115624999999 0.2728891703125 0.0338880421875 0.2499332734375 0.0377982234375 0.2508328390625 0.0430793890625 0.243435575 0.04719511875 0.25504360625 0.0790603 0.28513963593749997 0.06820115624999999
0 0.111234178125 0.0630431140625 0.12300502499999999 0.11538208125 0.1551976265625 0.11132643281250001 0.1348144328125 0.057406921875 0.1242575875 0.0592051171875 0.111234178125 0.0630431140625
0 0.218947425 0.13326581875000001 0.218489846875 0.105681625 0.1916283765625 0.11025705781249999 0.193553190625 0.132817590625 0.218947425 0.13326581875000001
0 0.2119858703125 0.184980828125 0.21045944374999997 0.136608325 0.1777490828125 0.1407521640625 0.18821356718749999 0.1909267796875 0.2119858703125 0.184980828125
0 0.31553778593750004 0.20499953125 0.2821391703125 0.0791121765625 0.2400708890625 0.0896237375 0.26482445781249997 0.18740348125 0.272100665625 0.1880821140625 0.2782504125 0.20992299375 0.31553778593750004 0.20499953125
0 0.20201693125000003 0.25244571250000003 0.19176596562499998 0.2117822140625 0.168727071875 0.2190311015625 0.179140409375 0.25777023125 0.20201693125000003 0.25244571250000003
0 0.2237016 0.20346544375 0.25157980625 0.1963512671875 0.2486853296875 0.16822315000000002 0.2350115125 0.1662686890625 0.215481125 0.1772248515625 0.2237016 0.20346544375