0 0.3365500703125 0.692243078125 0.339254725 0.6546823515625 0.2838702375 0.6517446859375 0.2798473890625 0.6464984375 0.2642711140625 0.6507128953125 0.2644551703125 0.657559984375 0.252687884375 0.6652962578125 0.2476510109375 0.7180124218749999 0.400346553125 0.7345252109375 0.40162015 0.7028572718749999 0.3365500703125 0.692243078125
0 0.416087215625 0.3528361578125 0.33820504218749997 0.3399591359375 0.33216770625 0.33735318125 0.320169790625 0.34121753906249996 0.31876757968749997 0.3499654546875 0.3096566015625 0.3582402859375 0.3164161359375 0.3631509921875 0.3152952515625 0.3790221546875 0.32922915625 0.3780006921875 0.34804959375 0.38121101562500004 0.41016676875 0.3898161234375 0.416087215625 0.3528361578125
0 0.6795673953125 0.6914260390625 0.6753042687499999 0.6816220921875 0.6529347015625 0.6784258828125 0.635779084375 0.8095902421875 0.6707588671875 0.8148302718749999 0.6808402234375001 0.7677669390624999 0.7018090828125 0.7671460578125 0.7100890578125 0.6900992578125 0.6875616640625 0.6844847781250001 0.6795673953125 0.6914260390625
0 0.371549815625 0.530747425 0.3909326640625 0.38767588750000004 0.32922915625 0.3780006921875 0.3067560859375 0.5282099765625 0.371549815625 0.530747425
0 0.24840065781249998 0.531686309375 0.249190315625 0.5597550859375 0.23398180000000002 0.56029018125 0.2348412109375 0.5949763 0.2500132765625 0.594113271875 0.25599705781250004 0.5970360343750001 0.265732084375 0.5981692484375001 0.2757891671875 0.5303226375000001 0.26204041875 0.5290167375 0.24840065781249998 0.531686309375
0 0.7760340640625001 0.26034977187499997 0.7899573640625001 0.185358909375 0.7320748515625 0.1805115109375 0.720007853125 0.2534354765625 0.7760340640625001 0.26034977187499997
0 0.454182828125 0.360552821875 0.416894390625 0.3565044234375 0.4142726171875 0.3926145765625 0.404329590625 0.4017891921875 0.41205214687499997 0.42934033125 0.44270278750000003 0.42757669218750005 0.46452477812500004 0.43283445781249996 0.46823724218749996 0.40953212343749995 0.45369568749999994 0.3861189234375 0.454182828125 0.360552821875
0 0.11969121406250001 0.2026769671875 0.1506987703125 0.206520415625 0.19020984375 0.19642402187500002 0.19360681875000002 0.1668890375 0.189527675 0.164530515625 0.1943604046875 0.130542578125 0.1656954484375 0.12641190625 0.1627670765625 0.1429922078125 0.1348996734375 0.1416445734375 0.135569440625 0.13489223749999998 0.1045200734375 0.1348654703125 0.109018571875 0.14958227968749999 0.117755565625 0.1766766390625 0.1115849828125 0.1898429140625 0.11969121406250001 0.2026769671875
0 0.27742248125 0.5418229546875 0.269588884375 0.6087099796875 0.3076140046875 0.6159920828125001 0.316493390625 0.55092693125 0.31075310625 0.5460020578125 0.3055091546875 0.540351521875 0.28685171249999997 0.5370104125 0.27742248125 0.5418229546875
0 0.33875591875 0.5541584265624999 0.32919146875 0.550566678125 0.316493390625 0.55092693125 0.3108150265625 0.6180372281250001 0.341835115625 0.6187988734375 0.34438326875 0.6083814000000001 0.3449672578125 0.566316246875 0.3470692453125 0.564263546875 0.33875591875 0.5541584265624999
0 0.1564384 0.5217101265624999 0.1633105125 0.48031440312499996 0.0448167125 0.4658351703125 0.038896264062500005 0.5028151375000001 0.1564384 0.5217101265624999
0 0.9521870890624999 0.0883903484375 0.9143690343750001 0.08277158125 0.9013153921875 0.188148228125 0.9644954 0.199127884375 0.9521870890624999 0.0883903484375
0 0.8968295375 0.1897176046875 0.9186724625 0.040427670312500004 0.81511938125 0.0271968328125 0.7865092265625 0.174901034375 0.8968295375 0.1897176046875
0 0.8351526984375001 0.5871882296875001 0.8396282640624999 0.5699528625 0.920196259375 0.580639121875 0.9139339734374999 0.62832005 0.9224862234375 0.6339860015625 0.9400049671874999 0.5378345312499999 0.8111040421875 0.52815478125 0.808449225 0.5761468453125 0.8351526984375001 0.5871882296875001
0 0.894549253125 0.6447906765625 0.8697907468749999 0.6428624203125 0.8602579718750001 0.679487525 0.9249713703125 0.6825001859375 0.9290865703125 0.647846778125 0.894549253125 0.6447906765625
0 0.623898484375 0.42277830625 0.6329007890625 0.3875700125 0.593795071875 0.3847416359375 0.5853689765625 0.4225385015625 0.623898484375 0.42277830625
0 0.7319609828125 0.339214559375 0.7362387484374999 0.30802036875 0.67620400625 0.2981848875 0.670006615625 0.3320742234375 0.7319609828125 0.339214559375
0 0.6871510859375001 0.192423878125 0.7141558703124999 0.04365338125 0.6446835609375 0.026975207812500002 0.6207258765625 0.18339408906250002 0.6871510859375001 0.192423878125
0 0.6577005453125 0.5122606390625 0.65511089375 0.523902009375 0.657908328125 0.5241130218750001 0.6591530624999999 0.5303203796875 0.730916521875 0.5294770125 0.7324370890624999 0.5074184734375 0.66632786875 0.5004329984375 0.6566602140625 0.505496375 0.6577005453125 0.5122606390625
0 0.7296397296875 0.404982515625 0.7341923218749999 0.3742643125 0.6675728328125 0.3624883203125 0.6607040828125 0.39612756718750003 0.7296397296875 0.404982515625
0 0.8569647125 0.3912992140625 0.8662337499999999 0.3225520171875 0.82459591875 0.318106165625 0.81370380625 0.39141792343750004 0.8330352281250001 0.3934354265625 0.8457964609375 0.3938430359375 0.8569647125 0.3912992140625
0 0.901848146875 0.3708379578125 0.8774179265625 0.369866659375 0.88043321875 0.3790258359375 0.874761709375 0.3888955328125 0.858357675 0.39884016718750004 0.8534081406249999 0.43317482968750004 0.863607215625 0.4390820671875 0.8589131671875 0.4525548296875 0.9180169749999999 0.456210959375 0.9276406984375001 0.37108821718749996 0.901848146875 0.3708379578125
0 0.9247654687500001 0.4111074796875 0.922176284375 0.45949038125 0.934010175 0.46433292656249997 0.9474676890625 0.4600236875 0.95368664375 0.40855868125 0.9247654687500001 0.4111074796875
0 0.9374263375 0.315174909375 0.930612425 0.35809255 0.9441566781249999 0.360753134375 0.9600556593749999 0.36343524843749997 0.9685937593749999 0.3653800234375 0.9721940890624999 0.34406369375 0.9672965984375 0.3297503671875 0.9702122937500001 0.3174485359375 0.9374263375 0.315174909375
0 0.9728203109375 0.31495706874999996 0.975837928125 0.30117629375 0.97019251875 0.2503846953125 0.9660221531250001 0.2466064890625 0.9493395093749999 0.24705640468749998 0.9367649359374999 0.3130178234375 0.9728203109375 0.31495706874999996
0 0.818650596875 0.8066916015625001 0.8221448671875 0.777233328125 0.79848139375 0.7721791859375 0.8067670359375001 0.70876020625 0.86985505 0.71531834375 0.8733934906249999 0.6826635859375 0.7563523078125 0.6650811078125 0.7388219515625 0.7972664625 0.818650596875 0.8066916015625001
0 0.7734644687500001 0.632756503125 0.781746228125 0.5611165703125 0.7447027390625001 0.56326515 0.73976870625 0.63068306875 0.7734644687500001 0.632756503125
0 0.8561273546875 0.2943181078125 0.8691486375 0.21540468906250002 0.8332588109374999 0.21235929687500002 0.8211864500000001 0.289427875 0.8561273546875 0.2943181078125
0 0.624318696875 0.529583196875 0.630463546875 0.5281649765624999 0.64995539375 0.5312264984375 0.6547804968750001 0.49996519843750004 0.5953922890625 0.49454896406250004 0.5843317390625 0.511838265625 0.584740946875 0.5276991046874999 0.624318696875 0.529583196875
0 0.69161285625 0.45299028906250005 0.69524684375 0.434971703125 0.646291846875 0.4303814765625 0.64394714375 0.44821982499999996 0.69161285625 0.45299028906250005
0 0.7328177078125 0.436968896875 0.7360053718749999 0.4083459828125 0.6573978796875 0.3989262390625 0.653553265625 0.42882635156250004 0.7328177078125 0.436968896875
0 0.6286566625 0.2393733765625 0.625566771875 0.24371890000000002 0.6206707 0.27853453125 0.6666627390625 0.28382044687499997 0.67138914375 0.2438844546875 0.6286566625 0.2393733765625
0 0.772824171875 0.29176759375 0.7760340640625001 0.26034977187499997 0.720007853125 0.2534354765625 0.715396778125 0.285025096875 0.772824171875 0.29176759375
0 0.6818333078125 0.620568028125 0.680206228125 0.6382740703125 0.6873620125000001 0.645352209375 0.7013298171875 0.6456340421875 0.71137911875 0.6428063703125 0.71269959375 0.6259356875 0.7190296218750001 0.621990659375 0.7258469265625 0.550751884375 0.6917400687499999 0.5485737328125 0.6818333078125 0.620568028125
0 0.8484088359375 0.8426210546874999 0.887685128125 0.8429908953125 0.8867735359375001 0.8377842203125001 0.8930226171875001 0.8191347546875001 0.8854603859375001 0.8137906234375001 0.815872290625 0.8092482671875001 0.8117460718749999 0.81405325625 0.7501055984375 0.806143146875 0.742108040625 0.820242553125 0.74814435 0.831424625 0.7608861671875 0.8314578921875 0.7645175296875 0.8353782078125 0.846032690625 0.8386133156250001 0.8484088359375 0.8426210546874999
0 0.9898763046875001 0.8700282859374999 0.9738780546875001 0.86714784375 0.9612796343750001 0.92910119375 0.9592712859375 0.9460118953125001 0.9855258046875001 0.9427928453125001 0.9860862375 0.9356550328125 0.9891043515625 0.93636974375 0.9898763046875001 0.8700282859374999
0 0 0.586127471875 0.009302706249999999 0.6698236609375 0.02610676875 0.5352967078125 0 0.5320640375 0 0.586127471875
0 0.168265596875 0.7043889828125 0.1708404828125 0.673846784375 0.0670954140625 0.659088275 0.06483615625 0.69466645625 0.168265596875 0.7043889828125
0 0.208089165625 0.6645596281249999 0.2256164953125 0.537338525 0.165795325 0.5316208140625001 0.1484381171875 0.660172828125 0.208089165625 0.6645596281249999
0 0.379007025 0.5802696828125 0.36869461718749996 0.5863206812499999 0.3576363421875 0.5642975328125 0.3449672578125 0.566316246875 0.34438326875 0.6083814000000001 0.3758724828125 0.612165790625 0.4173606375 0.6070789546875 0.42898731718749994 0.514021046875 0.39363036406249996 0.50978015 0.379007025 0.5802696828125
0 0.23656490937500002 0.33914721875 0.25150126093749997 0.3768939734375 0.22732634375 0.39718731093750004 0.22035961406250001 0.41616852812499994 0.19248453906250002 0.417946421875 0.181609484375 0.49101232499999997 0.20388856875 0.49818630312499995 0.20686460156250003 0.510186796875 0.28316589375 0.5206205875000001 0.304291746875 0.346510525 0.23656490937500002 0.33914721875
0 0 0.49034312656249995 0.036138546875 0.49597335937500003 0.056505465624999994 0.3216239453125 0 0.315712096875 0 0.49034312656249995
0 0.3969546515625 0.234010096875 0.38532225625 0.23257767187499997 0.384444390625 0.250435615625 0.398202409375 0.25561841093750004 0.396707928125 0.28330243906249997 0.39952670625 0.2880979921875 0.3983353765625 0.30313570625 0.4541596859375 0.3100304359375 0.4651487421875 0.3006832484375 0.4826634109375 0.2995329953125 0.48801680000000003 0.2444733625 0.46941691875 0.2276739625 0.47513760625 0.19308962968750001 0.47008434374999997 0.159205796875 0.453730459375 0.15662377968750002 0.4424832375 0.148274471875 0.4169609875 0.1456642515625 0.4098537890625 0.1797537796875 0.391371234375 0.1785850859375 0.38111229999999996 0.22564803125 0.400353625 0.2284521859375 0.3969546515625 0.234010096875
0 0.26516108437499997 0.2675871296875 0.26937426875 0.22722653906249998 0.29540950312500003 0.23225580468749998 0.29878575 0.21331592968750002 0.2713542890625 0.207704409375 0.2740744703125 0.182662284375 0.30778190781250003 0.188833921875 0.31522939375000003 0.1570073296875 0.2153519390625 0.14370255 0.201644190625 0.22662248906250002 0.21111846875 0.231599225 0.20591676875 0.2590729859375 0.26516108437499997 0.2675871296875
0 0.008444473437499999 0.164351228125 0.0031399515625 0.197289003125 0.0599300046875 0.20408748437500002 0.06538422031249999 0.11958676406249999 0.042857471875000004 0.1085872796875 0.0105406640625 0.1091369546875 0.0020331875 0.15618459843750002 0.008444473437499999 0.164351228125
0 0.404219225 0.0232402734375 0.4608968546875 0.034418096875 0.45850384375 0.0290606546875 0.4655109515625 0.00047912500000000006 0.40959929375000004 0.00733441875 0.404219225 0.0232402734375
0 0.26856185 0.14544426562499999 0.34929055781249996 0.154781209375 0.3721492046875 0.0146296953125 0.404219225 0.0232402734375 0.40959929375000004 0.00733441875 0.277819 0.0234919203125 0.2579196625 0.142738103125 0.26856185 0.14544426562499999
0 0.437818259375 0.14244215 0.4608968546875 0.034418096875 0.404219225 0.0232402734375 0.3808479125 0.138014753125 0.437818259375 0.14244215
0 0.65617 0.96309783125 0.6559484999999999 0.84230765625 0.59641175625 0.8381506046875 0.5933217875000001 0.9650862828125 0.65617 0.96309783125
0 0.249190125 0.825500053125 0.236010484375 0.8251215843749999 0.2303774234375 0.8389310796875 0.22373993125 0.850891471875 0.2062691203125 0.851438025 0.20758474218749998 0.89541980625 0.2547185578125 0.8932085484375 0.253074484375 0.8496659203125001 0.2492677359375 0.8477615234375 0.249190125 0.825500053125
0 0.29618474687499996 0.8887227281250001 0.295338278125 0.8271990375 0.257704140625 0.8254312031250001 0.26113623124999996 0.88865445 0.29618474687499996 0.8887227281250001
0 0.11081658125 0.8376128671874999 0.0973599609375 0.9767002453125 0.150998259375 0.9763063796875 0.1980082640625 0.9719829234375 0.20228103125 0.8403150640625 0.11081658125 0.8376128671874999
0 0.13092885625 0.12848075781249998 0.1363378609375 0.11684827187499999 0.13914726093750002 0.098398940625 0.1476949578125 0.0394463484375 0.1212245453125 0.042691870312500005 0.11716073125 0.0655054390625 0.1038108265625 0.064992725 0.09956489375000001 0.0741114671875 0.1053182765625 0.09153308125000001 0.10353146093750001 0.1227764203125 0.13092885625 0.12848075781249998
0 0.09173626093750001 0.0463074109375 0.083357953125 0.06326784375 0.11716073125 0.0655054390625 0.12070905000000001 0.042755075 0.09173626093750001 0.0463074109375
0 0.165338803125 0.5249179296875 0.08751209062500001 0.5161337421875001 0.0826216890625 0.5442119812499999 0.0782130421875 0.5510681765625 0.0721039390625 0.599328646875 0.12396795625000001 0.60673110625 0.1242097109375 0.6192884515625 0.0912735515625 0.6118699171875 0.075494378125 0.6040762703125 0.06601610625 0.6527719921874999 0.140804078125 0.6653635875 0.165338803125 0.5249179296875
0 0.37062233437500003 1 0.38608612343750004 0.8418226359375 0.3099208640625 0.8330120203125 0.30774202812499996 0.8876824203125 0.3484922109375 0.8901318890625 0.3479363890625 0.9001056406249999 0.3008660890625 0.9000930921875 0.3073224234375 1 0.37062233437500003 1