0 0 0.17987876875 0.010776471875 0.1732946890625 0 0.15106964843749998 0 0.17987876875
0 0 0.20552571249999999 0.027362646875 0.1913205890625 0.017339698437500002 0.1727316734375 0.010776471875 0.1732946890625 0 0.17987876875 0 0.20552571249999999
0 0.1652027421875 0.8272302 0.14439646718750002 0.8027876140625001 0.12597195625 0.81790726875 0.14350746718750002 0.8449830765625 0.15701763124999998 0.8367847453125 0.1652027421875 0.8272302
0 0.1759211203125 0.854325771875 0.19456023125 0.88140113125 0.21778621562499997 0.8659823687499999 0.19463624375 0.8395880484375 0.1759211203125 0.854325771875
0 0.1531910625 0.3914115078125 0.16748910156250002 0.4102024359375 0.187671365625 0.3945556875 0.1752778984375 0.3745923671875 0.1531910625 0.3914115078125
0 0.2583892828125 0.3604990421875 0.2504929546875 0.3433992453125 0.2548546171875 0.33080260781250004 0.22023443281250002 0.35005924374999997 0.23360893124999998 0.37273046249999997 0.2583892828125 0.3604990421875
0 0.2736867796875 0.2710977625 0.2313069625 0.2288775234375 0.21243273281250002 0.250708675 0.2313558015625 0.27257957187500004 0.2422457375 0.2903573453125 0.2556487125 0.2924319109375 0.2736867796875 0.2710977625
0 0.0861747921875 0.27702818281249997 0.11879908593749999 0.33228449531250004 0.1691764515625 0.299254953125 0.1415938859375 0.244047521875 0.0861747921875 0.27702818281249997
0 0.04268366875 0.81498678125 0.042363996875 0.8145666593750001 0.0562179359375 0.8902914531249999 0.08784323125 0.871677021875 0.0738200609375 0.84497758125 0.103869859375 0.827403825 0.0685236375 0.77271320625 0.0382261078125 0.7919492015625 0.0390591734375 0.7965026953125001 0.046501625000000005 0.810880325 0.04268366875 0.81498678125
0 0 0.3085628921875 0.040216596874999996 0.28462424375 0.01134118125 0.234294821875 0 0.24070118593749998 0 0.3085628921875
0 0.09622380781249999 0.14168562812500002 0.0273706421875 0.1801435546875 0.0483596609375 0.217770971875 0.02551286875 0.2326080203125 0.045179725 0.26288791875 0.156606296875 0.196523084375 0.1114762671875 0.12913548125000002 0.0994038984375 0.1319208734375 0.09622380781249999 0.14168562812500002
0 0.5769756203124999 0.6577764515625 0.58099306875 0.681062771875 0.5709791234375 0.7000461671875 0.5698393875 0.7091393796875 0.5855771828125 0.7186671765625 0.6343397093750001 0.6932198281249999 0.600595846875 0.6408930078124999 0.5769756203124999 0.6577764515625
0 0.4710760828125 0.8824852703125 0.429093053125 0.941248696875 0.4658101 0.9882298703125001 0.5190253953124999 0.9114716328125001 0.47770101875000004 0.8658507328124999 0.4710760828125 0.8824852703125
0 0.3572437421875 0.9622439984375 0.34063714843750004 0.93819448125 0.3118264421875 0.9518029203125 0.33112795156249997 0.9793619359375001 0.3501928125 0.971000028125 0.3572437421875 0.9622439984375
0 0.3271936890625 0.8819667234375 0.30479918281249996 0.85632345625 0.2642128125 0.8814575796874999 0.2852860078125 0.9131504828124999 0.3038645203125 0.90792156875 0.3101963296875 0.8975272734375 0.3271936890625 0.8819667234375
0 0.0691398796875 0.9295522281249999 0.08113369687500001 0.95179526875 0.10432193593750001 0.9383419453125 0.0922435390625 0.9173257390625 0.0691398796875 0.9295522281249999