0 0.8209541140625 0.2966875265625 0.8420351703125 0.298744009375 0.84016304375 0.2674320609375 0.8173371078124999 0.26810975 0.8209541140625 0.2966875265625
0 0.23599478281250003 0.28950823125 0.1967504109375 0.2870995 0.19829955625 0.3562535078125 0.25354774999999996 0.3657531078125 0.26206036093749996 0.359591840625 0.26413068281249996 0.3283870375 0.23564557812500003 0.32486676875 0.23599478281250003 0.28950823125
0 0.061028059375 1 0.061059634375000005 0.9893053328124999 0.0331442109375 0.9918303515625 0.033715023437500005 1 0.061028059375 1
0 0.07481359374999999 0.9404032390625 0.0615755125 0.94157503125 0.06139738593750001 0.9616131937500001 0.08997439375 0.9607266265625001 0.0867189578125 0.9255782078125 0.072972778125 0.9252001390625001 0.07481359374999999 0.9404032390625
0 0.027741346875 0.888602484375 0.030405242187499997 0.8939016671875001 0.0542419609375 0.8929334015625001 0.0575499171875 0.9119680875 0.08760258125 0.9102162953124999 0.0875569328125 0.88667420625 0.0830441859375 0.8585277171874999 0.0528902609375 0.8579267265625001 0.053611273437499996 0.868246071875 0.030082904687500002 0.8682065578125 0.027741346875 0.888602484375
0 0.065444590625 0.8355244890625 0.08710776406250001 0.8356727265625 0.08439439843749999 0.8103907687499999 0.063213240625 0.8102144359375 0.065444590625 0.8355244890625
0 0.0538645359375 0.63665880625 0.08323951874999999 0.639663890625 0.08127285625 0.61151640625 0.0511189296875 0.6109154125 0.0538645359375 0.63665880625
0 0 0.49705270312499994 0.0114096078125 0.49794928125000004 0.00809910625 0.450568384375 0 0.4497465046875 0 0.49705270312499994
0 0.0415164953125 0.4969735375 0.0750605015625 0.49971454687500005 0.07747213593749999 0.4724911921875 0.040384729687499996 0.47505317968750005 0.0415164953125 0.4969735375
0 0.0342134171875 0.36082706249999996 0.068052740625 0.3602655421875 0.06902240625 0.3404128984375 0.034075875 0.3386802703125 0.0342134171875 0.36082706249999996
0 0.04672985625 0.3177042859375 0.0692169609375 0.3163934953125 0.06756818125 0.28586879375 0.044467167187500004 0.285319996875 0.04672985625 0.3177042859375
0 0 0.25669357812500004 0.0703871015625 0.254536115625 0.07082187031250001 0.227027859375 0 0.22599285937500002 0 0.25669357812500004
0 0.0404206734375 0.0563420546875 0.0356519453125 0.058262684375 0.0347187453125 0.0867687390625 0.0714532484375 0.0839746078125 0.07036846718749999 0.03562158125 0.0450555171875 0.033832839062499995 0.0404206734375 0.0563420546875
0 0.162401596875 0.037627796875 0.16257075625 0.0242660828125 0.13651925781250002 0.0257846453125 0.1362523984375 0.0395311296875 0.162401596875 0.037627796875
0 0.1829633375 0.06266962968749999 0.23834037812500003 0.0640747921875 0.248651334375 0.06347375937500001 0.255361671875 0.0423598609375 0.26021442031249997 0.026282212500000002 0.2608849875 0.0185352734375 0.1815686078125 0.0231586859375 0.180664815625 0.053263565624999995 0.1829633375 0.06266962968749999
0 0.3196919015625 0.071315721875 0.33030125312499997 0.0222810375 0.308071259375 0.01578475 0.3066982640625 0.0158647828125 0.2987922609375 0.0299933765625 0.29389965625 0.043693601562500003 0.2939993640625 0.07312925625 0.3196919015625 0.071315721875
0 0.381912228125 0.0447758953125 0.4018041515625 0.04426923125 0.401794278125 0.015818146875 0.38029216250000003 0.017071521875000002 0.381912228125 0.0447758953125
0 0.1538496359375 0.1121932765625 0.1675958140625 0.1125713421875 0.168346703125 0.083865315625 0.12863804375000001 0.082641934375 0.1261721859375 0.1090892421875 0.1362122984375 0.1124421609375 0.1364587359375 0.132834646875 0.155620528125 0.13211782656249998 0.1538496359375 0.1121932765625
0 0.2700296671875 0.1360418625 0.273119028125 0.13508257343750002 0.2730297609375 0.09465314375 0.23449470625000002 0.0933613515625 0.2355113796875 0.1301986890625 0.2399995875 0.132695890625 0.24292003437499998 0.1576288234375 0.2695827515625 0.157654109375 0.2700296671875 0.1360418625
0 0.15630640625 0.1759662671875 0.1571604828125 0.1433160625 0.1374920578125 0.1425039984375 0.13723735937499998 0.183732684375 0.1560551875 0.1838151234375 0.15630640625 0.1759662671875
0 0.1630692828125 0.267939915625 0.1757817015625 0.2589434953125 0.17309384218749999 0.23161725937500002 0.150330634375 0.231385725 0.149447009375 0.2467476375 0.14368743125 0.2486417859375 0.144289978125 0.2741310234375 0.160355521875 0.273973759375 0.1630692828125 0.267939915625
0 0.16958678437500002 0.1925664 0.1331106625 0.19273406875000001 0.1295358640625 0.20903206093749999 0.13276321875 0.2269131640625 0.1989689984375 0.2257917390625 0.198924978125 0.19715310625 0.170155990625 0.19529204218750001 0.16958678437500002 0.1925664
0 0.23590297031250002 0.220732590625 0.210182734375 0.22305316875 0.2135836734375 0.266006259375 0.241014921875 0.2655866140625 0.24089975312499998 0.2585172671875 0.2693961625 0.256477115625 0.273617121875 0.1934099765625 0.2359605078125 0.193246321875 0.23590297031250002 0.220732590625
0 0.1686585765625 0.30788026562500004 0.1690776453125 0.2858695078125 0.1385516140625 0.2868696828125 0.1367512640625 0.3116987203125 0.1649300859375 0.3108353640625 0.1686585765625 0.30788026562500004
0 0.131557653125 0.366567153125 0.1697922859375 0.3635592171875 0.17002084374999998 0.3388218015625 0.132706728125 0.33783791406249997 0.131557653125 0.366567153125
0 0.2746099234375 0.2702621421875 0.29911360625 0.27070811875 0.3049489390625 0.27321103281250003 0.333697265625 0.27387289843749996 0.3346409640625 0.2623824703125 0.40579571562499994 0.26493179218749996 0.40847327812499995 0.2580787296875 0.40789873749999994 0.227870484375 0.3276766828125 0.2280609734375 0.3272919515625 0.23610714375000003 0.271559375 0.23322746562500002 0.2746099234375 0.2702621421875
0 0.29567048906250004 0.30906900312499996 0.3309026640625 0.30796298125 0.3310531296875 0.2763857125 0.2966995484375 0.2765138984375 0.29567048906250004 0.30906900312499996
0 0.30717425781249996 0.395711971875 0.3087074515625 0.36736047968749996 0.2642432640625 0.36523495625 0.2651726125 0.39540145937500004 0.30296009375 0.39713696249999997 0.30717425781249996 0.395711971875
0 0.3346646734375 0.3627095171875 0.3388581953125 0.400140884375 0.40967779374999996 0.3975922328125 0.4087954671875 0.3289469109375 0.3676722625 0.3297645359375 0.36902764062500004 0.3603063390625 0.3346646734375 0.3627095171875
0 0.3917065375 0.41896240625000003 0.391013425 0.4370509734375 0.3983133984375 0.44606019999999996 0.41346723750000003 0.44399752656249997 0.41107454062500004 0.41547474375000004 0.39506321875 0.4164080546875 0.3917065375 0.41896240625000003
0 0.41401148125000004 0.46142429687500003 0.375127040625 0.46055300624999995 0.37515156875 0.4892138328125 0.37709540937499997 0.5055902734375 0.4164058796875 0.506836865625 0.41401148125000004 0.46142429687500003
0 0.3049097515625 0.4717220859375 0.275213359375 0.47345311093750003 0.2760116765625 0.5071652796875 0.34048678906249996 0.509282634375 0.351508290625 0.4929507046875 0.34849905312499996 0.4613259625 0.305957509375 0.45870929218749995 0.3049097515625 0.4717220859375
0 0.37558229062500004 0.6697546234375 0.37862261406250003 0.6515292359375 0.3549531203125 0.649771053125 0.35653559218750003 0.6555544671875 0.3622411875 0.6697530781250001 0.37558229062500004 0.6697546234375
0 0.4151348265625 0.639229075 0.39503495 0.6376629515625 0.393245040625 0.6514982125000001 0.39471033125 0.6836130859375 0.41584752343750003 0.6831601921875 0.4151348265625 0.639229075
0 0.32207836875 0.75509049375 0.3515128625 0.7553332859374999 0.3500796296875 0.734820440625 0.32232625625 0.7354484 0.32207836875 0.75509049375
0 0.2950617921875 0.73343645625 0.3538179390625 0.7323070234375 0.363550771875 0.72192586875 0.3597764328125 0.6724239171875 0.3573679984375 0.66144478125 0.29267641875 0.66195145 0.2950617921875 0.73343645625
0 0.3979830921875 0.7542460984375 0.40128062656249996 0.7782514843749999 0.4290030734375 0.7792890421875 0.4209621390625 0.720221971875 0.3680974640625 0.7213449421875 0.3668988484375 0.7511721703124999 0.3945110875 0.7518370796875 0.3979830921875 0.7542460984375
0 0.40608164999999996 0.8048016890625 0.423641315625 0.8034411671875 0.42245356562499997 0.7819242078124999 0.4061453265625 0.782221975 0.40608164999999996 0.8048016890625
0 0.398860303125 0.818300703125 0.3960893734375 0.7834609953125 0.3872394171875 0.7829870609375 0.3615937765625 0.7854717703125 0.35577118125 0.7864640234375 0.3563092578125 0.8080188546875 0.366503990625 0.809067253125 0.36687254375 0.8188595921875 0.398860303125 0.818300703125
0 0.3300478140625 0.7598276953124999 0.3252729484375 0.756841771875 0.2947882359375 0.7602403453125001 0.29520990625 0.794585203125 0.3231398859375 0.7919673375 0.3219426515625 0.802840753125 0.353501746875 0.80066419375 0.353858740625 0.7590925875 0.3300478140625 0.7598276953124999
0 0.158256253125 0.780308228125 0.1785289234375 0.7804322203125 0.1778091296875 0.756276578125 0.156642328125 0.75751040625 0.158256253125 0.780308228125
0 0.29072418125 0.74935771875 0.192187990625 0.75396424375 0.1955237203125 0.794478209375 0.25603279218749997 0.7952472687500001 0.2577764265625 0.8153840062500001 0.29019329374999997 0.8161479249999999 0.2911704609375 0.788271096875 0.29072418125 0.74935771875
0 0.1495559171875 0.8289578609375001 0.1889641546875 0.825881515625 0.1835865875 0.79951233125 0.14780760937499998 0.8039355421875 0.1495559171875 0.8289578609375001
0 0.192182934375 0.8665286562500001 0.1976318890625 0.8881973625 0.2556433921875 0.8875535890625 0.2642305984375 0.8815564515625001 0.26525553125 0.856772615625 0.2322723796875 0.8563365421875 0.2324243671875 0.8527896515625001 0.26818618125000004 0.8538429640625 0.270609959375 0.8325156171874999 0.162909165625 0.8348554140625 0.1623712109375 0.8663078499999999 0.192182934375 0.8665286562500001
0 0.1830408484375 0.9263235609375 0.1591304140625 0.9265379749999999 0.1601137453125 0.940611715625 0.1658683046875 0.9500901015625001 0.17782959375000001 0.9529308984375 0.1789051953125 0.9403166171875 0.1835717703125 0.939644465625 0.1830408484375 0.9263235609375
0 0.2899093671875 1 0.28986900000000004 0.9870873843749999 0.2478808421875 0.9857652187499999 0.24810983437499998 1 0.2899093671875 1
0 0.2933611171875 0.8888930234375 0.2554848046875 0.8925118640624999 0.257318675 0.9253844625 0.3302074640625 0.9244420921875 0.32866815312500003 0.895785325 0.2957187078125 0.8958316578125001 0.2933611171875 0.8888930234375
0 0.38104778281249996 0.9247638859375 0.381073471875 0.9115790125000001 0.3732022625 0.8931893984375 0.3525144046875 0.8934476218749999 0.34811929375 0.924808996875 0.38104778281249996 0.9247638859375
0 0.3493133890625 0.8879902124999999 0.4245583046875 0.8939655015625 0.427156534375 0.8570648656250001 0.34960703125000003 0.8587632859375001 0.3493133890625 0.8879902124999999
0 0.4127963140625 0.9861344703125001 0.43053564843750003 0.9867430890625 0.42894268125 0.9639440453124999 0.4115710453125 0.9646828749999999 0.4127963140625 0.9861344703125001
0 0.4331874015625 1 0.4328242109375 0.9948019109375 0.39419227968750004 0.99423179375 0.3941515296875 1 0.4331874015625 1
0 0.7158360609375001 0.00832950625 0.7174494671875 0.0241852484375 0.7355254312499999 0.0269012734375 0.7364256218749999 0.0085690875 0.7158360609375001 0.00832950625
0 0.6554034359375 0.0833363984375 0.6597426453125 0.0713532078125 0.6605961671875 0.029057689062499996 0.6357281546875 0.0270113546875 0.6365530578125 0.007406965625 0.5964782640624999 0.006940653125 0.6004669265625 0.08462225625 0.6554034359375 0.0833363984375
0 0.65600926875 0.0895979359375 0.6022270171875 0.0917431375 0.6056659546875001 0.122289846875 0.625198090625 0.12115130468749999 0.626748034375 0.12466216562500002 0.6495040703125 0.12268284843749999 0.65771654375 0.11403297187500001 0.65600926875 0.0895979359375
0 0.6297241312499999 0.16243827187499998 0.6782191562500001 0.1596114609375 0.676277128125 0.1269978828125 0.62726506875 0.12724343124999998 0.6297241312499999 0.16243827187499998
0 0.6124520312499999 0.2007418125 0.64663691875 0.20331910468749997 0.6462131484375 0.1834002671875 0.611335340625 0.18475941093749998 0.6124520312499999 0.2007418125
0 0.705390659375 0.2208276515625 0.742865696875 0.21929605156249998 0.74353361875 0.196028265625 0.7049373015625 0.1956666703125 0.705390659375 0.2208276515625
0 0.6733243171875001 0.229899240625 0.70421175625 0.2274459359375 0.6992290140625 0.19829491875 0.6719018140624999 0.2002037375 0.6733243171875001 0.229899240625
0 0.454514821875 0.126172590625 0.49908263750000004 0.1240590703125 0.4942104203125 0.08805720781250001 0.4526824171875 0.0933209671875 0.454514821875 0.126172590625
0 0.5741900171875 0.1509546671875 0.5764885390625001 0.16036072968749998 0.5831395953125 0.161889465625 0.6065030921875 0.16107514375 0.6029824984375 0.1380936265625 0.5804744359375 0.1394056390625 0.5741900171875 0.1509546671875
0 0.5742753281249999 0.19102630781250002 0.6032557921875 0.19260127031250002 0.6020815484375001 0.1640495796875 0.5771214890625 0.165504521875 0.5742753281249999 0.19102630781250002
0 0.5687784015624999 0.2295069125 0.6010734906249999 0.22762440781249998 0.5975115953125 0.1962214171875 0.568579625 0.1992557046875 0.5687784015624999 0.2295069125
0 0.49604147656249997 0.21997375625 0.4963103203125 0.20033044218749999 0.45820393125000003 0.20065631874999998 0.45826935 0.2289988671875 0.4919247515625 0.22731084375 0.49604147656249997 0.21997375625
0 0.47784763124999996 0.279116953125 0.4661744546875 0.27979739062500003 0.46826701562500006 0.305831565625 0.5005811546875 0.3042217265625 0.4987085484375 0.28525079062500003 0.47815098437500003 0.283458628125 0.47784763124999996 0.279116953125
0 0.5076476734375001 0.3562695359375 0.5052331015625 0.3403838484375 0.46838428906249996 0.3415419875 0.4694418890625 0.36601489531250003 0.4996367140625 0.36328606875 0.5076476734375001 0.3562695359375
0 0.52651205 0.2380569046875 0.5364551625 0.2352028640625 0.5362448828125 0.2276757484375 0.48438864531250003 0.22907688906249998 0.4609594890625 0.2307584890625 0.4654068640625 0.2615833703125 0.5235353171875 0.260806421875 0.5268918546875 0.25734651406250003 0.52651205 0.2380569046875
0 0.472813415625 0.3955967859375 0.4946997921875 0.3956267140625 0.49458175156250006 0.370446190625 0.4707253953125 0.3705310921875 0.472813415625 0.3955967859375
0 0.526121409375 0.261076871875 0.525359196875 0.3013663953125 0.5295020859374999 0.360660684375 0.594280878125 0.3568846796875 0.59358911875 0.3189754171875 0.5775717921875 0.31891927343750004 0.5770720671875 0.31176704375000003 0.5874643609375 0.3108243140625 0.5891319562499999 0.2786742390625 0.5941231578124999 0.27511904375 0.5908781328125 0.2380114640625 0.532212846875 0.24044130312499998 0.526121409375 0.261076871875
0 0.6128229546874999 0.2470094203125 0.6153142578125 0.282665696875 0.6602771859375001 0.2795814578125 0.6588939921875 0.2396065296875 0.6128229546874999 0.2470094203125
0 0.633831240625 0.3187988234375 0.6790227828125001 0.318986575 0.6857039046875 0.313416440625 0.684754278125 0.29982510625000003 0.6777022671874999 0.29316011249999996 0.6352530484375001 0.2918648234375 0.633831240625 0.3187988234375
0 0.6954412249999999 0.36514008750000004 0.748169159375 0.365372909375 0.7478698515625 0.33428517343749997 0.69210266875 0.3375358859375 0.6954412249999999 0.36514008750000004
0 0.6898150296875001 0.4059869140625 0.6895470609375 0.3819734125 0.6794904093749999 0.3726615609375 0.616583409375 0.37491745781249997 0.6175827734375 0.4163257609375 0.645246315625 0.41471323125000004 0.6457372484375 0.42173961562500006 0.6817596484374999 0.41869215625 0.6898150296875001 0.4059869140625
0 0.7480328640625 0.5016581984374999 0.746859884375 0.4442125203125 0.7218404781250001 0.4433122359375 0.7210245625 0.4584385421875 0.708862628125 0.45965290468750003 0.7120982671875 0.49903547968749995 0.7480328640625 0.5016581984374999
0 0.6255526734375 0.5069022875 0.6841490828125 0.503486659375 0.679855603125 0.468841 0.6240015156250001 0.471149090625 0.6255526734375 0.5069022875
0 0.6094180546875 0.4310801671875 0.6082422703125 0.380521175 0.5621016375 0.38241048125 0.5620719421875 0.41029525937500005 0.55590875625 0.411833859375 0.5578197312500001 0.4391843203125 0.6022996171874999 0.43581234531249996 0.6027746140625 0.43146741874999994 0.6094180546875 0.4310801671875
0 0.6125539234375 0.50517495 0.6118585859375 0.441615175 0.5870242703125 0.4430627859375 0.5880815640625 0.4717476515625 0.58351520625 0.4804798296875 0.58348625 0.506869325 0.6125539234375 0.50517495
0 0.5346761578125 0.5021751296875 0.5639402046875001 0.5032913078125001 0.56249818125 0.4826526140625 0.5347364531250001 0.48285986718749996 0.5346761578125 0.5021751296875
0 0.47480840625000004 0.5009474921875 0.5117094015625 0.49692219375 0.51097800625 0.47952739062500005 0.5193368656249999 0.478092459375 0.5193545390625001 0.45124030781249996 0.4727716125 0.45161803437500003 0.47480840625000004 0.5009474921875
0 0.504089409375 0.7872110703125 0.509067090625 0.750635046875 0.48646083906250004 0.7505417828125001 0.4852667453125 0.7873605703125001 0.504089409375 0.7872110703125
0 0.48652061093750004 0.8477709515624999 0.5056267171875 0.8462571078125001 0.5078811062499999 0.8170843640625 0.48487652499999995 0.8161087531250001 0.48652061093750004 0.8477709515624999
0 0.48794068749999997 0.9482061406250001 0.5476803578125 0.9469983171875 0.54923460625 0.8885302203125001 0.5199383171874999 0.886952609375 0.5078603546875 0.88906764375 0.504852428125 0.8595698546874999 0.48602976406250004 0.85971935625 0.48475843906250005 0.8951316453124999 0.48794068749999997 0.9482061406250001
0 0.6267045734375001 0.827869265625 0.555221384375 0.8287507609375 0.5554308765625 0.8989094828124999 0.6192253859375 0.9027302265625 0.6195254203125 0.84618849375 0.6316033812499999 0.8440734593749999 0.631563125 0.8299447437499999 0.6267045734375001 0.827869265625
0 0.627165934375 0.915787696875 0.585442890625 0.9143447796874999 0.5855938890625 0.9445145328125 0.5896159140624999 0.945459428125 0.6256674703125 0.9449374328125 0.627165934375 0.915787696875
0 0.6207562984375 1 0.6263400781249999 0.9996745171875 0.6262995671875 0.9877149656249999 0.6020119015625001 0.9879513687499999 0.6031975546874999 1 0.6207562984375 1
0 0.551088784375 1 0.5512877671874999 0.9980262984375001 0.5739689078125 0.997083271875 0.5739182406250001 0.9849137171875 0.5448609765625 0.9846489328124999 0.5442339921875 0.9925407500000001 0.507516928125 0.9946810156250001 0.5082860890625 1 0.551088784375 1
0 0.6270269734375 0.7433378828125 0.682036171875 0.742490040625 0.6788930703125 0.6842536359375 0.62496120625 0.680342365625 0.6270269734375 0.7433378828125
0 0.6170809453125 0.650981171875 0.685921165625 0.6538338859375 0.6839264109375 0.6114306203125001 0.6146636625 0.6118667890625 0.6170809453125 0.650981171875
0 0.7311079281249999 0.636184346875 0.758456671875 0.634885003125 0.7554439078125 0.6056191531249999 0.73015805625 0.6087357421874999 0.7311079281249999 0.636184346875
0 0.7391067796875 0.6573042828125 0.75841395 0.6574634953125 0.7554134671875 0.638010753125 0.740359146875 0.63758258125 0.7391067796875 0.6573042828125
0 0.7613785046875 0.730009846875 0.7586856281250001 0.6679775125 0.7262911953125 0.6642218062499999 0.723804984375 0.68525795625 0.6949181656250001 0.684119790625 0.6947858203124999 0.7316171375 0.7613785046875 0.730009846875
0 0.636261375 0.823100253125 0.66097360625 0.8232181765625001 0.659885384375 0.7961988296875 0.6348291890625 0.796880165625 0.636261375 0.823100253125
0 0.6308438203125 0.7904365515625 0.667560884375 0.788296284375 0.663879253125 0.75789008125 0.629886628125 0.7598715359375 0.6308438203125 0.7904365515625
0 0.63697236875 0.8501415874999999 0.661548309375 0.8483089015624999 0.660788353125 0.8259877953125001 0.6349621625 0.8270930890624999 0.63697236875 0.8501415874999999
0 0.6274036578125 0.9119620328125 0.6631291296875 0.9112905671875 0.6602370640624999 0.856345903125 0.623173403125 0.8580430609375 0.6274036578125 0.9119620328125
0 0.75001593125 0.8944534953125001 0.7498195578125 0.8916429421875 0.769715725 0.8933051796875 0.7711985375 0.85459525 0.739685465625 0.8550211703124999 0.7184465703125 0.853416140625 0.7157412203125 0.8418014640625 0.690636378125 0.8399795296875 0.6903283296875 0.8828539828125 0.69223503125 0.9170701593749999 0.7149775703125 0.9191140296875 0.7184787953125 0.9490463765625 0.7243545765625 0.9515258734375 0.7519439640625001 0.9494543562500001 0.749397096875 0.919929690625 0.7687130625 0.9202147484375001 0.7708874125 0.8965221953125001 0.75001593125 0.8944534953125001
0 0.647451934375 0.9630846484375001 0.69127158125 0.9638156812500001 0.6870446109375 0.9367476390625 0.662091153125 0.9367911937500001 0.66008988125 0.9147741015624999 0.63380644375 0.9153584968749999 0.632856978125 0.9427282765625 0.64323388125 0.9430710859375001 0.647451934375 0.9630846484375001
0 0.745546796875 0.9753516109374999 0.7648192375 0.9747125796875 0.763375746875 0.9540529125000001 0.7464842218750001 0.95503753125 0.745546796875 0.9753516109374999
0 0.86329295 0.8496481906250001 0.8198001015624999 0.8535944203125 0.8210892937500001 0.91240220625 0.8633743796875001 0.911348375 0.8619347218750001 0.884117859375 0.884344596875 0.8814005703125 0.8839447359375001 0.8554993828124999 0.86329295 0.8496481906250001
0 0.9134930359375 0.875742259375 0.9671067499999999 0.87419655625 0.9683326343750001 0.8411455999999999 0.9114390484375001 0.840923940625 0.9134930359375 0.875742259375
0 0.9294680171874999 0.919162803125 0.970619065625 0.9187436890624999 0.9672746765625 0.882020975 0.9262140437499999 0.8840353562500001 0.9294680171874999 0.919162803125
0 1 0.8805135249999999 0.9708023765625 0.8822154765624999 0.9728789499999999 0.9119360328124999 0.9739443484375 0.9271843343749999 1 0.92689055625 1 0.8805135249999999
0 0.82740409375 0.797385084375 0.8552335281250001 0.796942228125 0.8535130640625 0.772318421875 0.8268015453125 0.7718958453125 0.82740409375 0.797385084375
0 0.970842171875 0.7674377734375 0.96892973125 0.7400663375 0.935281071875 0.741248534375 0.9371725546875 0.7686211921874999 0.970842171875 0.7674377734375
0 1 0.8430914765624999 0.9741991828125001 0.8437941140625 0.974119059375 0.8763781453125 1 0.8756413765625 1 0.8430914765624999
0 0.9030574546875 0.62218099375 0.9264851453125 0.620478421875 0.9268238906249999 0.6021367328125 0.8994736828125 0.603415103125 0.9030574546875 0.62218099375
0 0.923230221875 0.6531000984374999 0.911593825 0.6552104515625 0.913085940625 0.7304750953125 0.9682270328125 0.731514940625 0.9650291078125001 0.6318362328125 0.928874815625 0.632996009375 0.923230221875 0.6531000984374999
0 0.842562584375 0.6710067093750001 0.833229309375 0.6654223796875 0.8158654406249999 0.6659712171875001 0.8168320171874999 0.7403398703125 0.8472828703124999 0.738564865625 0.842562584375 0.6710067093750001
0 0.8130580734375 0.659522115625 0.8432329562499999 0.660121884375 0.8428868406250001 0.6012591296875 0.8089283734375 0.60041659375 0.8130580734375 0.659522115625
0 0.8494234781250001 0.4099087109375 0.84254033125 0.392409184375 0.8166002734375001 0.3915836234375 0.8183368578125 0.4164381453125 0.840461090625 0.41655950781250006 0.8494234781250001 0.4099087109375
0 0.819406353125 0.4790284234375 0.8377342546875 0.4784233890625 0.845832259375 0.4732550375 0.851075540625 0.46728434218750003 0.8493052499999999 0.4419474109375 0.8196460906249999 0.44180195156249996 0.819406353125 0.4790284234375
0 0.9481388468749999 0.4687025078125 0.93035744375 0.4702023140625 0.9313487921875 0.4979433359375 0.9934085359375 0.5037395124999999 0.9930021218749999 0.464192021875 0.9483375859375001 0.4649212359375 0.9481388468749999 0.4687025078125
0 0.991547896875 0.4096479171875 0.9878858062500001 0.364161825 0.9606060953125001 0.36434098125 0.9606150281250001 0.4114510171875 0.991547896875 0.4096479171875
0 0.8894283312500001 0.45331847343750004 0.9553972796875 0.4524214515625 0.95179495625 0.415018803125 0.8853115984375 0.417588465625 0.8894283312500001 0.45331847343750004
0 0.8160583375 0.3856342578125 0.8465686781249999 0.387120040625 0.8485447984375 0.39191176250000004 0.8860887140625 0.39136595625 0.8845987984375 0.3607056375 0.8157866984375 0.3630740890625 0.8160583375 0.3856342578125
0 0.9434284953125 0.365447575 0.9021917 0.369157 0.9063098984375 0.4049079796875 0.94667716875 0.407124896875 0.9473353031249999 0.3743808140625 0.9434284953125 0.365447575
0 0.814909875 0.359860946875 0.8556542421875 0.358138778125 0.853085815625 0.3340277140625 0.8132934593750001 0.336726315625 0.814909875 0.359860946875
0 0.8520973484375001 0.32138633125 0.8841060671875001 0.32082622031249997 0.88237534375 0.296055596875 0.850679959375 0.296281546875 0.8520973484375001 0.32138633125
0 0.8802365390625001 0.29495880625000004 0.9411105328125 0.294927384375 0.943354225 0.21982405312500003 0.87754516875 0.220901290625 0.8802365390625001 0.29495880625000004
0 0.9025614140625 0.337103640625 0.94253153125 0.336648065625 0.9408851171875 0.2995315375 0.8991592765625 0.3019637703125 0.9025614140625 0.337103640625
0 0.96256760625 0.35386526875 0.99030875 0.3554715625 0.985835115625 0.2914435546875 0.9591299453125 0.291413034375 0.96256760625 0.35386526875
0 0.9541908796874999 0.2610801265625 0.983723209375 0.261217321875 0.9816072828125 0.2309335296875 0.9531013453125 0.23193382499999998 0.9541908796874999 0.2610801265625
0 0.8715667843749999 0.0416736828125 0.9040679203125 0.042137853125 0.9014190359375001 0.0177787625 0.8712988140625001 0.0176601796875 0.8715667843749999 0.0416736828125
0 0.9035695031250001 0.08319120937499999 0.938097484375 0.082547428125 0.939205978125 0.0499245109375 0.8985066093749999 0.049580204687500004 0.9035695031250001 0.08319120937499999
0 0.9720391078124999 0.1707887140625 0.9774496359375 0.1714280375 0.9749809875000001 0.1360960078125 0.9730054499999999 0.13613129375 0.9720391078124999 0.1707887140625
0 0.9497275546875 0.13274974687500002 0.9745658328125 0.1301541796875 0.971776075 0.0902263125 0.9469416921875 0.09287763906249999 0.9497275546875 0.13274974687500002
0 0.953730284375 0.0734860734375 0.970586603125 0.07320223125 0.9682255156249999 0.03940964375 0.9513708734374999 0.039717482812499996 0.953730284375 0.0734860734375
0 0.9487163953125 0.0110393140625 0.950756840625 0.0309292609375 0.9676684874999999 0.0314372953125 0.9662575421874999 0.011243425 0.9487163953125 0.0110393140625
0 0.5405663015625 0.7304348734375 0.614802934375 0.7340260125 0.6123710203125 0.642600178125 0.530569546875 0.6439778359375 0.5405663015625 0.7304348734375